time [us];ch 1;ch 2;ch 3;ch 4;ch 5;ch 6;ch 7;ch 8;ch 9;ch 10;ch 11;ch 12;ch 13;ch 14
0;-0.005;-0.002;-0.005;0.002;-0.005;-0.002;0.002;0.002;0.024;0.02;0.012;0.037;0.012;0.029
1;-0.005;0;0.002;0.002;-0.002;-0.005;0.002;0.005;0.024;0.012;0.007;0.029;0.01;0.02
2;-0.005;-0.002;0;0.002;-0.005;-0.005;-0.002;0.007;0.02;0.015;0.007;0.034;0.012;0.02
3;-0.005;0;-0.005;0.005;-0.005;-0.002;0;0.005;0.037;0.024;0.022;0.044;-0.007;0.005
4;-0.002;0;-0.002;0.002;-0.002;-0.005;-0.002;0.005;0.032;0.024;0.017;0.042;0.02;0.024
5;-0.005;0;-0.002;0.002;-0.005;-0.002;0;0.005;0.017;0.007;0.005;0.029;0.005;0.02
6;-0.007;-0.002;0.002;0.005;-0.005;-0.002;0;0.005;0.027;0.02;0.012;0.037;0.015;0.024
7;-0.002;0;-0.002;0.002;-0.002;-0.002;0;0.005;0.032;0.022;0.02;0.039;-0.002;0.012
8;-0.002;-0.002;0.002;0.005;-0.005;-0.002;0;0.005;0.024;0.007;0.01;0.032;0.01;0.02
9;-0.005;0;0;0.005;-0.005;-0.005;0;0.005;0.017;0.005;0.002;0.027;0.012;0.024
10;-0.005;0;-0.005;0;-0.005;-0.005;0;0.005;0.015;0.002;0.002;0.024;-0.005;0.007
11;-0.002;-0.002;0;0.002;-0.002;-0.002;0.002;0.005;0.015;0.005;0;0.024;0.024;0.032
12;-0.002;-0.002;-0.002;0.005;-0.005;-0.005;0;0.007;0.02;0.015;0.007;0.032;0.017;0.027
13;-0.005;-0.002;-0.002;0.005;-0.005;-0.005;0.002;0.005;0.02;0.01;0.007;0.032;0.012;0.024
14;-0.007;0;-0.002;0.002;-0.005;-0.002;0;0.002;0.02;0.01;0.007;0.029;0.022;0.032
15;-0.005;-0.002;0;0.002;-0.005;-0.002;0.002;0.007;0.007;-0.005;-0.005;0.02;0.007;0.022
16;-0.005;-0.002;-0.002;0;-0.002;-0.005;0;0.005;0.01;0.002;-0.002;0.022;-0.015;-0.002
17;-0.005;0;-0.002;0.002;-0.002;-0.002;0;0.005;0.022;0.015;0.01;0.037;0.015;0.024
18;-0.002;-0.002;0;0.007;-0.005;-0.005;-0.005;0.005;0.015;0.007;0.005;0.029;0.022;0.024
19;-0.005;-0.002;-0.005;0.002;-0.005;-0.005;0;0.005;0.015;0.007;0.005;0.029;-0.005;0.012
20;-0.005;-0.002;-0.002;0.002;-0.002;-0.002;0;0.005;0.02;0.01;0.005;0.029;0.007;0.017
21;-0.005;-0.002;0;0;-0.005;-0.005;0;0.002;0.032;0.017;0.015;0.039;-0.005;0.01
22;-0.007;-0.005;0.002;0.005;-0.005;-0.005;0.002;0.005;0.017;0.005;0;0.027;-0.015;0
23;-0.005;-0.002;-0.002;0.002;-0.005;-0.002;0;0.007;0.027;0.02;0.015;0.042;-0.005;0.007
24;-0.005;-0.005;-0.002;0.005;-0.005;-0.005;0;0.005;0.039;0.027;0.022;0.049;0.017;0.027
25;-0.005;-0.002;-0.002;0.002;-0.005;-0.002;0;0.007;0.029;0.022;0.015;0.039;0.01;0.022
26;-0.005;-0.002;-0.002;0;-0.005;-0.005;0.002;0.005;0.029;0.02;0.017;0.044;0.002;0.017
27;-0.002;-0.002;-0.002;0.002;-0.007;-0.005;0;0.005;0.027;0.012;0.01;0.037;0.032;0.039
28;-0.005;-0.002;0;0.002;-0.005;-0.005;0.002;0.005;0.002;-0.005;-0.01;0.017;-0.002;0.007
29;-0.005;-0.002;-0.002;0.002;-0.005;-0.002;-0.002;0.002;0.027;0.015;0.015;0.037;0.015;0.024
30;-0.002;-0.005;-0.002;0.005;-0.007;-0.005;0;0.002;0.029;0.02;0.015;0.039;0.01;0.017
31;-0.005;-0.005;0.002;0.002;-0.005;-0.002;0.002;0.005;0.015;0.002;-0.005;0.027;0.029;0.029
32;-0.005;-0.002;-0.007;0;-0.005;-0.005;0;0.005;0.012;0.002;-0.002;0.022;-0.005;0.012
33;-0.005;-0.005;0;0.005;-0.005;-0.002;0.002;0.002;0.015;0.002;0;0.027;-0.005;0.007
34;-0.007;-0.002;0;0;-0.007;-0.005;-0.002;0.005;0.032;0.02;0.012;0.039;0.01;0.017
35;-0.005;-0.005;0;0.002;-0.005;-0.002;0;0.002;0.022;0.012;0.005;0.032;-0.002;0.012
36;-0.005;-0.002;-0.007;0;-0.005;-0.005;0;0.007;0.024;0.017;0.012;0.037;0.017;0.029
37;-0.005;-0.002;-0.005;0;-0.005;-0.002;0;0.005;0.027;0.017;0.01;0.034;0.01;0.02
38;-0.005;-0.005;0;0.002;-0.005;-0.002;0.002;0.005;0.015;0;-0.005;0.024;0.017;0.027
39;-0.007;0;-0.002;0.002;-0.002;0;0.002;0.007;0.01;-0.002;-0.005;0.02;0.005;0.02
40;-0.002;-0.005;-0.002;0.002;-0.005;-0.005;0;0.002;0.022;0.015;0.005;0.032;0.005;0.015
41;-0.005;-0.002;-0.002;0;-0.002;-0.002;0.002;0.005;0.037;0.029;0.022;0.046;0.02;0.024
42;-0.005;-0.002;0.002;0.002;-0.002;-0.002;0.002;0.005;0.017;0.012;0.005;0.032;0.012;0.024
43;-0.005;-0.002;-0.005;0;-0.005;-0.002;0;0.005;0.017;0.01;0.007;0.032;-0.005;0.012
44;-0.005;-0.002;-0.002;0.002;-0.005;-0.002;0.002;0.005;0.022;0.012;0.01;0.034;0.002;0.012
45;-0.005;-0.002;0;0.002;-0.002;-0.002;0.002;0.005;0.022;0.01;0.005;0.029;-0.002;0.01
46;-0.002;-0.002;0;0.002;-0.005;-0.002;0;0.005;0.022;0.01;0.01;0.034;0.017;0.029
47;-0.005;-0.002;-0.002;0;-0.005;0;0.002;0.002;0.022;0.012;0.01;0.032;0.012;0.024
48;-0.005;-0.002;-0.002;0.002;-0.005;-0.002;0.002;0.005;0.017;0.007;0.002;0.029;0.007;0.015
49;-0.005;-0.002;-0.002;0.002;-0.005;-0.007;0;0.005;0.022;0.015;0.007;0.034;-0.007;0.005
50;-0.005;-0.005;0;0.005;-0.005;-0.002;0;0.005;0.022;0.015;0.007;0.029;-0.02;-0.005
51;-0.007;-0.002;-0.002;0;-0.002;-0.002;0.002;0.002;0.017;0.01;0.005;0.029;0.015;0.024
52;-0.005;-0.005;-0.002;0.002;-0.002;-0.002;0;0.005;0.027;0.02;0.015;0.037;0.012;0.022
53;-0.007;-0.005;-0.002;0;-0.005;-0.002;0.002;0.007;0.01;0.002;-0.002;0.022;0.017;0.024
54;-0.005;-0.002;-0.002;0;-0.005;-0.005;0;0.005;0.027;0.02;0.012;0.039;-0.002;0.015
55;-0.005;-0.002;0;0.005;-0.005;0;0;0.007;0.034;0.024;0.02;0.046;0;0.012
56;-0.005;-0.002;-0.002;0.002;-0.002;-0.002;0;0.007;0.029;0.02;0.017;0.042;0.02;0.029
57;-0.005;0;-0.005;0;-0.005;-0.005;0;0.002;0.017;0.005;0.002;0.027;0.027;0.042
58;-0.005;-0.002;0;0.005;-0.005;-0.005;0.002;0.005;0.015;0.007;0.005;0.029;0.017;0.024
59;-0.002;0;-0.002;0.002;-0.005;-0.005;0;0.005;0.02;0.015;0.01;0.032;0;0.015
60;-0.007;-0.002;0;0.002;-0.005;-0.002;0.002;0.005;0.032;0.027;0.022;0.046;0.02;0.029
61;-0.002;-0.002;-0.002;0.002;-0.002;-0.002;0;0.007;0.015;0.01;0;0.032;0.015;0.027
62;-0.005;-0.002;-0.002;0.002;-0.007;-0.002;0.002;0.007;0.007;-0.002;-0.005;0.022;0.007;0.02
63;-0.005;0;0.002;0.002;-0.005;-0.002;-0.002;0.005;0.015;0.007;0;0.027;0.01;0.02
64;-0.002;-0.002;-0.002;0.002;-0.007;-0.002;0;0.005;0.012;0.005;0;0.027;-0.015;0.005
65;-0.002;-0.002;0;0.005;-0.005;-0.005;0.002;0.005;0.032;0.024;0.02;0.046;0.01;0.02
66;-0.002;0;-0.005;0;-0.005;-0.007;0;0.005;0.02;0.007;0.005;0.029;0.024;0.037
67;-0.007;-0.002;0.005;0.005;-0.005;-0.005;0;0.005;0.01;-0.002;-0.007;0.02;0;0.022
68;-0.002;0;0;0.005;-0.005;-0.005;0;0.005;0.012;0.002;0;0.024;0.005;0.015
69;-0.005;0;0;0.005;-0.005;0;0;0.005;0.029;0.017;0.015;0.037;0.017;0.029
70;-0.002;-0.002;0;0.005;-0.002;-0.002;0;0.007;0.024;0.017;0.01;0.034;0.02;0.029
71;-0.002;0;-0.005;0;-0.005;-0.005;0;0.007;0.017;0.01;0.005;0.029;0.005;0.017
72;-0.002;-0.005;0;0.005;-0.005;-0.002;0;0.005;0.017;0.01;0.007;0.029;0.005;0.017
73;-0.005;0;0;0.002;-0.002;-0.002;0;0.005;0.032;0.02;0.017;0.042;0.002;0.02
74;-0.005;-0.002;0;0.002;-0.002;-0.002;0;0.005;0.042;0.029;0.027;0.049;-0.005;0.012
75;-0.005;-0.002;0;0.002;-0.005;-0.005;0;0.002;0.027;0.02;0.017;0.042;0.012;0.022
76;-0.002;0;-0.002;0.002;-0.002;-0.002;0.002;0.005;0.02;0.007;0.002;0.027;0.007;0.022
77;-0.005;-0.002;0;0;-0.005;-0.005;0;0.005;0.027;0.02;0.015;0.039;-0.005;0.015
78;-0.005;-0.002;-0.002;0.002;-0.005;-0.002;0;0.005;0.032;0.024;0.017;0.042;-0.012;-0.002
79;-0.002;-0.002;0;0.002;-0.002;0;0;0.007;0.024;0.02;0.012;0.039;-0.012;0.005
80;-0.005;-0.002;0;0;-0.002;-0.002;0;0.005;0.037;0.029;0.024;0.049;0.012;0.017
81;-0.007;-0.002;-0.005;0.002;-0.002;-0.005;0;0.005;0.032;0.024;0.02;0.044;0.002;0.02
82;-0.005;-0.002;-0.002;0.002;-0.005;-0.007;0;0.005;0.029;0.02;0.015;0.037;0.022;0.027
83;-0.005;-0.002;0;0.002;-0.007;-0.002;0;0.007;0.015;0.002;0.002;0.024;0.017;0.027
84;-0.002;-0.002;0;0.002;-0.005;-0.002;0;0.005;0.015;0.007;-0.002;0.022;-0.005;0.01
85;-0.007;-0.005;0;0.005;-0.005;0;0;0.005;0.01;0.005;-0.002;0.022;0.01;0.024
86;-0.005;-0.002;-0.005;0;-0.005;-0.005;0;0.002;0.024;0.017;0.01;0.032;0.015;0.02
87;-0.005;-0.002;0.002;0.002;-0.005;-0.005;0;0.005;0.007;-0.002;-0.002;0.02;0;0.012
88;-0.005;-0.005;-0.002;0.005;-0.005;-0.005;0;0.002;0.01;0.002;0;0.02;0.002;0.012
89;-0.005;-0.002;-0.002;0.002;-0.005;-0.002;0.002;0.007;0.022;0.015;0.01;0.032;-0.002;0.02
90;-0.005;-0.002;0;0.002;-0.005;-0.002;0.002;0.007;0.034;0.027;0.02;0.042;0.032;0.037
91;-0.002;-0.002;-0.005;0;-0.005;-0.005;0;0.005;0.024;0.012;0.007;0.029;0.022;0.037
92;-0.007;-0.005;-0.002;0;-0.002;0;0;0.007;0.017;0.01;0.005;0.027;0.005;0.017
93;-0.005;-0.002;0;0;-0.002;-0.002;0;0.002;0.022;0.01;0.01;0.032;0.007;0.015
94;-0.002;-0.005;0;0.002;-0.002;-0.002;0;0.005;0.032;0.02;0.017;0.039;-0.005;0.015
95;-0.007;-0.002;-0.002;0.002;-0.005;-0.002;0;0.005;0.017;0.012;0.005;0.034;0.012;0.02
96;-0.007;-0.002;-0.002;0;-0.005;-0.002;0;0.005;0.017;0.01;0.007;0.032;0.002;0.01
97;-0.005;-0.002;-0.005;0;-0.002;-0.002;0;0.005;0.015;-0.002;-0.002;0.022;-0.005;0.01
98;-0.005;-0.002;0;0;-0.005;-0.002;0;0.005;0.017;0.007;0.002;0.029;0.01;0.024
99;-0.007;-0.002;-0.005;0;-0.005;-0.005;0;0.007;0.012;0.005;-0.002;0.024;-0.002;0.007
100;-0.005;-0.002;0;0.005;-0.005;-0.002;0.002;0.005;0.012;0.007;0;0.027;0.015;0.022
101;-0.002;-0.002;-0.005;0;-0.005;-0.002;0;0.005;0.02;0.015;0.007;0.034;0.015;0.024
102;-0.005;-0.005;-0.002;0.002;-0.005;-0.002;0;0.005;0.005;-0.002;-0.007;0.02;0.012;0.024
103;-0.007;-0.002;-0.007;0;-0.005;-0.005;0.002;0.005;0.022;0.012;0.007;0.034;0.02;0.029
104;-0.005;-0.002;0;0;-0.005;-0.005;0;0.005;0.02;0.01;0.007;0.029;-0.017;-0.002
105;-0.005;-0.002;0.005;0.005;-0.005;-0.005;0;0.005;0.022;0.015;0.01;0.037;0.005;0.012
106;-0.005;-0.002;-0.002;0;-0.005;-0.002;0.002;0.005;0.02;0.01;0.005;0.032;0.005;0.017
107;-0.005;-0.002;-0.005;0.002;-0.002;-0.002;0.002;0.002;0.017;0.007;0.005;0.029;0.027;0.037
108;-0.005;-0.002;-0.005;0.002;-0.005;-0.005;0;0.005;0.007;-0.002;-0.005;0.02;0.007;0.024
109;-0.005;-0.002;-0.005;0.002;-0.005;-0.002;0;0.005;0.017;0.007;0.002;0.027;-0.005;0.015
110;-0.007;-0.005;-0.002;0.002;-0.005;-0.002;0.002;0.005;0.02;0.015;0.01;0.034;0.002;0.012
111;-0.005;-0.002;0.002;0.005;-0.005;-0.002;0.002;0.005;0.022;0.015;0.007;0.037;0.02;0.029
112;-0.002;-0.002;-0.005;0.002;-0.002;-0.005;0.002;0.005;0.012;0.002;-0.002;0.02;0.005;0.017
113;-0.002;-0.002;-0.002;0.002;-0.002;-0.002;0.002;0.005;0.024;0.017;0.01;0.037;0.005;0.017
114;-0.007;-0.002;-0.002;0.002;-0.005;-0.002;0.002;0.005;0.032;0.022;0.017;0.042;0.022;0.032
115;-0.005;0;0;0.005;-0.005;-0.002;0;0.005;0.02;0.01;0.007;0.032;0.01;0.024
116;-0.005;-0.002;-0.005;0.002;-0.005;-0.005;0;0.005;0.027;0.024;0.015;0.037;0.01;0.024
117;-0.005;-0.002;-0.002;0.005;-0.005;-0.002;0;0.007;0.024;0.015;0.015;0.039;0.022;0.032
118;-0.007;-0.002;-0.002;0.002;-0.005;-0.002;0.002;0.005;0.012;0.002;0;0.024;0.024;0.032
119;-0.005;0;0;0.002;-0.002;-0.002;0.002;0.005;0.017;0.007;0.002;0.027;-0.005;0.015
120;-0.007;0;-0.005;0;-0.005;-0.002;0;0.005;0.027;0.017;0.012;0.039;0.005;0.017
121;-0.005;-0.002;-0.002;0.002;-0.005;-0.002;0;0.005;0.032;0.02;0.017;0.039;0.01;0.024
122;-0.005;-0.002;0;0.002;-0.005;-0.005;0;0.002;0.027;0.017;0.012;0.037;0.024;0.029
123;-0.002;-0.002;-0.002;0.002;-0.005;-0.002;0;0.005;0.02;0.012;0.007;0.032;0.015;0.029
124;-0.005;-0.002;-0.005;0.002;-0.002;-0.002;0.002;0.002;0.015;0.002;0;0.024;-0.01;0.005
125;-0.005;-0.002;0;0.002;-0.005;-0.002;0;0.007;0.012;0.002;-0.002;0.022;0.005;0.015
126;-0.002;-0.002;0;0.002;-0.007;-0.002;0;0.007;0.027;0.015;0.012;0.037;-0.002;0.015
127;-0.005;0;-0.002;0.002;-0.002;-0.005;0;0.007;0.027;0.02;0.015;0.037;0.002;0.017
128;-0.005;-0.002;0;0.002;-0.005;-0.002;0;0.005;0.022;0.012;0.007;0.027;0.029;0.032
129;-0.005;-0.002;-0.002;0.002;-0.002;-0.002;0;0.007;0.015;0.007;0.005;0.027;0.005;0.015
130;-0.002;-0.002;-0.002;0.005;-0.005;-0.005;-0.002;0.002;0.02;0.012;0.007;0.032;-0.012;0
131;-0.005;0;0;0.005;0;0;0.002;0.005;0.024;0.015;0.007;0.032;0.012;0.022
132;-0.005;0;-0.002;0.002;-0.002;-0.002;0.002;0.007;0.024;0.015;0.012;0.034;0.012;0.024
133;-0.005;0;-0.005;0.002;-0.005;-0.002;0;0.005;0.022;0.012;0.01;0.032;0.007;0.02
134;-0.005;-0.002;0.005;0.005;-0.002;-0.002;0;0.005;0.022;0.007;0.005;0.037;0.022;0.024
135;-0.005;0.002;0;0.002;-0.007;-0.002;0;0.007;0.012;0.005;0;0.024;-0.002;0.015
136;-0.005;0;0;0.002;-0.005;-0.002;0.002;0.005;0.022;0.01;0.007;0.029;0.007;0.012
137;-0.005;-0.002;-0.002;0.002;-0.005;-0.005;0;0.005;0.029;0.022;0.017;0.044;0;0.012
138;-0.005;-0.002;-0.002;0.002;-0.002;-0.005;0.002;0.005;0.032;0.02;0.017;0.039;0;0.01
139;-0.005;0;0.002;0.002;-0.002;-0.002;0;0.002;0.024;0.015;0.012;0.034;0.015;0.02
140;-0.005;0;0;0.005;-0.002;-0.002;0;0.007;0.029;0.02;0.015;0.042;-0.012;0.005
141;-0.007;0;-0.002;0.005;-0.002;0;0;0.005;0.017;0.01;0.002;0.027;0;0.01
142;-0.005;-0.005;-0.002;0;-0.002;-0.005;0;0.002;0.022;0.012;0.007;0.032;0.01;0.012
143;-0.005;-0.002;-0.002;0.002;-0.005;-0.002;0;0.005;0.029;0.02;0.015;0.039;0.022;0.032
144;-0.005;-0.002;0;0.002;-0.005;-0.005;0;0.002;0.027;0.02;0.017;0.039;0.012;0.027
145;-0.007;-0.002;-0.002;0.005;-0.005;-0.002;0;0.002;0.01;0.002;-0.002;0.02;0.002;0.012
146;-0.007;0;-0.005;0.002;-0.005;-0.005;0.002;0.005;0.022;0.012;0.007;0.029;0.015;0.027
147;-0.005;-0.002;0;0.005;-0.002;-0.005;0;0.007;0.02;0.01;0.005;0.029;0.02;0.027
148;-0.005;-0.002;-0.002;0.002;-0.002;-0.005;0;0.002;0.02;0.012;0.005;0.029;-0.002;0.012
149;-0.007;-0.002;-0.005;0.002;-0.005;-0.002;0;0.005;0.027;0.015;0.01;0.034;0.012;0.02
150;-0.005;0;-0.005;-0.002;-0.005;-0.005;0;0.005;0.029;0.02;0.015;0.037;0.012;0.024
151;-0.002;-0.002;-0.002;0.002;-0.002;-0.002;0;0.005;0.012;0.002;-0.002;0.024;-0.005;0.01
152;-0.005;-0.002;-0.002;0.005;-0.002;-0.005;0.002;0.007;0.01;0.007;0;0.024;0.01;0.02
153;-0.005;-0.002;-0.005;0;-0.005;-0.002;0;0.005;0.015;0.007;0.002;0.024;-0.007;0.007
154;-0.007;-0.002;-0.002;0;-0.005;-0.005;0;0.007;0.024;0.017;0.01;0.034;0.002;0.012
155;-0.007;-0.002;-0.007;0;-0.002;-0.002;0;0.007;0.022;0.015;0.007;0.032;0.01;0.024
156;-0.007;-0.005;-0.005;0.005;-0.005;-0.002;0.002;0.005;0.022;0.005;0.002;0.027;0.012;0.022
157;-0.005;-0.002;-0.002;0.002;-0.005;-0.002;0;0.002;0.024;0.015;0.012;0.034;-0.007;0.007
158;-0.005;-0.005;-0.002;0.002;-0.005;-0.005;0;0.007;0.022;0.01;0.007;0.029;-0.002;0.01
159;-0.007;0;-0.002;0.002;-0.005;-0.007;0;0.007;0.017;0.01;0.005;0.029;-0.007;0.007
160;-0.007;-0.002;0;0.002;-0.005;-0.002;0;0.005;0.022;0.012;0.01;0.032;0.015;0.027
161;-0.005;-0.005;-0.005;0;-0.002;-0.005;0.002;0.005;0.017;0.01;0.005;0.029;-0.005;0.005
162;-0.005;-0.002;-0.002;0.002;-0.005;-0.005;0;0.005;0.022;0.01;0.007;0.034;0;0.01
163;-0.005;-0.002;-0.002;0.002;-0.005;-0.005;0;0.002;0.022;0.017;0.01;0.032;0.005;0.015
164;-0.005;-0.002;-0.002;0;-0.005;-0.002;0.002;0.007;0.042;0.029;0.024;0.051;0.002;0.017
165;-0.007;-0.002;-0.002;0;-0.002;-0.002;0.002;0.005;0.017;0.007;0.005;0.029;0.017;0.027
166;-0.005;-0.002;-0.002;0.002;-0.005;-0.002;0;0.007;0.01;-0.002;-0.002;0.02;0.005;0.015
167;-0.007;0;-0.005;0.002;-0.005;-0.002;0;0.002;0.029;0.02;0.015;0.039;0.007;0.017
168;-0.005;-0.002;-0.002;0.002;-0.002;-0.005;0;0.005;0.022;0.017;0.012;0.037;-0.007;0.002
169;-0.007;-0.005;0;0.005;-0.007;-0.002;0;0.005;0.029;0.02;0.015;0.042;0.015;0.024
170;-0.002;0;-0.005;0;-0.005;0;0;0.005;0.037;0.029;0.02;0.044;0.02;0.032
171;-0.007;-0.002;0;0.005;-0.005;-0.005;0.002;0.005;0.029;0.017;0.012;0.039;0.002;0.017
172;-0.005;-0.005;-0.005;0.002;-0.005;-0.002;-0.002;0.005;0.012;0.005;-0.002;0.024;0.017;0.024
173;-0.005;-0.005;0;0.005;-0.002;-0.002;0;0.005;0.017;0.007;0.002;0.027;0;0.015
174;-0.005;0;-0.002;0.002;-0.002;0;-0.002;0.007;0.02;0.015;0.007;0.034;0.01;0.022
175;-0.005;0;-0.002;0.002;-0.005;-0.002;0.002;0.005;0.027;0.02;0.015;0.039;0.022;0.037
176;-0.005;-0.002;0;0;-0.005;-0.002;0.002;0.005;0.012;0;-0.005;0.022;0.01;0.017
177;-0.005;0;-0.005;0.002;-0.002;-0.005;0.002;0.005;0.01;0;-0.002;0.022;-0.02;-0.002
178;-0.005;-0.005;0;0.002;-0.005;-0.002;0;0.005;0.027;0.015;0.01;0.034;-0.002;0.01
179;-0.005;-0.005;-0.002;0.002;-0.005;-0.005;0;0.005;0.022;0.007;0.007;0.029;0.017;0.029
180;-0.005;-0.002;-0.002;0.002;-0.002;-0.005;0;0.007;0.024;0.012;0.007;0.034;0.01;0.022
181;-0.002;-0.002;-0.005;0.002;-0.005;-0.005;0;0.007;0.02;0.012;0.007;0.029;0.002;0.015
182;-0.002;0;0;0.005;-0.005;0;0;0.005;0.024;0.015;0.01;0.034;-0.007;0.01
183;-0.002;-0.002;-0.002;0;-0.005;-0.005;0;0.005;0.02;0.015;0.01;0.032;0.007;0.022
184;-0.005;-0.002;-0.002;0.002;-0.005;-0.002;0;0.005;0.037;0.022;0.02;0.046;0.02;0.029
185;-0.007;-0.002;0;0.005;-0.005;-0.002;0.002;0.005;0.015;0.005;-0.002;0.022;0.029;0.034
186;-0.005;0;0;0;-0.005;-0.002;0;0.005;0.017;0.007;0.002;0.032;-0.007;0.012
187;-0.005;0;-0.002;0.002;-0.005;-0.002;0;0.005;0.032;0.022;0.015;0.039;0.012;0.024
188;-0.005;-0.002;0.002;0.005;-0.002;-0.005;0.002;0.007;0.02;0.01;0.005;0.029;0.02;0.022
189;-0.005;0;-0.002;0.002;-0.002;0;0;0.005;0.015;0.005;0;0.027;0.005;0.017
190;-0.005;0;-0.002;0.005;-0.005;-0.005;0.002;0.005;0.02;0.007;0.005;0.029;0.012;0.029
191;-0.005;-0.002;-0.002;0.007;-0.007;-0.005;0;0.005;0.027;0.015;0.012;0.037;0.007;0.02
192;-0.005;-0.002;0.002;0.002;-0.002;-0.002;-0.002;0.007;0.017;0.007;0.002;0.029;0;0.012
193;-0.005;0;-0.002;0.002;-0.005;-0.002;0;0.005;0.022;0.015;0.01;0.034;-0.005;0.007
194;-0.005;-0.002;0;0.005;-0.005;-0.002;0;0.005;0.015;0.007;0.005;0.029;-0.007;0.01
195;-0.005;0;-0.002;0;-0.002;-0.002;0.002;0.005;0.027;0.017;0.012;0.037;0.02;0.029
196;-0.005;-0.002;0;0.005;-0.002;-0.005;0.002;0.002;0.02;0.007;0.005;0.029;0.012;0.02
197;-0.005;0;-0.002;0.002;-0.002;-0.005;0;0.005;0.022;0.015;0.007;0.032;0.012;0.02
198;-0.002;0;0;0.005;-0.005;-0.005;-0.002;0.002;0.02;0.012;0.005;0.029;0.002;0.015
199;-0.005;-0.002;-0.005;0;-0.002;-0.002;0;0.005;0.027;0.017;0.015;0.037;0.012;0.024
200;-0.007;-0.002;-0.002;0.005;-0.005;-0.002;0;0.005;0.029;0.02;0.015;0.037;0;0.012
201;-0.002;-0.002;-0.005;0.002;-0.005;-0.002;0;0.005;0.027;0.015;0.01;0.034;0.017;0.027
202;-0.005;-0.002;0;0.005;-0.005;-0.002;0;0.005;0.024;0.015;0.007;0.034;-0.007;0.01
203;-0.005;-0.002;-0.002;0.002;-0.002;-0.002;-0.002;0.005;0.027;0.017;0.012;0.037;0.01;0.022
204;-0.005;-0.002;-0.002;0.002;-0.005;-0.002;-0.002;0.005;0.017;0.01;0.005;0.027;0.002;0.012
205;-0.007;-0.002;0;0;-0.002;-0.002;0;0.005;0.027;0.017;0.015;0.037;0.015;0.02
206;-0.005;-0.002;0;0;-0.002;0;0;0.007;0.032;0.022;0.02;0.042;0.002;0.017
207;-0.005;-0.005;-0.002;0;-0.002;-0.002;0;0.005;0.029;0.017;0.012;0.037;0.012;0.024
208;-0.007;-0.002;0;0.002;-0.002;-0.005;0;0.002;0.012;0.007;0;0.029;0.024;0.027
209;-0.005;-0.005;-0.002;0.002;-0.005;-0.005;0.002;0.005;0.012;0.005;0;0.022;0.002;0.012
210;-0.005;-0.005;-0.002;0.002;-0.002;-0.005;0.002;0.007;0.02;0.01;0.005;0.034;0.005;0.017
211;-0.005;0;0;0.002;-0.005;-0.005;0.002;0.007;0.022;0.01;0.005;0.032;0.012;0.02
212;-0.005;-0.002;-0.005;0;-0.002;-0.002;0.005;0.005;0.02;0.01;0.005;0.029;0.002;0.017
213;-0.005;-0.002;-0.002;0;-0.005;-0.002;0.002;0.005;0.022;0.015;0.007;0.032;0.012;0.024
214;-0.007;-0.005;-0.005;0.002;-0.005;-0.005;0.002;0.005;0.024;0.015;0.01;0.032;0.02;0.024
215;-0.007;0;-0.005;0;-0.005;-0.005;0;0.002;0.027;0.015;0.01;0.037;-0.007;0.012
216;-0.005;-0.002;0.002;0.002;-0.002;0;0.002;0.007;0.024;0.015;0.01;0.032;0.002;0.012
217;-0.007;-0.005;-0.002;0;-0.005;-0.002;0;0.007;0.024;0.02;0.012;0.039;0.015;0.024
218;-0.007;-0.005;-0.002;0;-0.007;-0.005;0;0.007;0.027;0.017;0.01;0.032;0.02;0.027
219;-0.005;-0.002;-0.002;0;-0.005;-0.002;0.002;0.005;0.024;0.012;0.012;0.037;0.012;0.022
220;-0.007;0;-0.002;0;-0.005;-0.002;0.002;0.005;0.022;0.012;0.007;0.032;-0.002;0.012
221;-0.005;-0.005;-0.002;0;-0.005;-0.005;0;0.002;0.029;0.017;0.015;0.042;0.01;0.022
222;-0.005;-0.002;-0.005;0.002;-0.002;-0.005;0;0.005;0.012;0.005;0;0.024;0.01;0.024
223;-0.005;-0.005;-0.005;0.002;-0.005;-0.007;0.002;0.005;0.02;0.01;0.007;0.029;0.015;0.027
224;-0.005;-0.002;-0.002;0.002;-0.002;-0.002;0;0.002;0.017;0.01;0.007;0.027;0.015;0.027
225;-0.005;-0.002;-0.002;0;-0.005;-0.002;-0.002;0.007;0.027;0.015;0.01;0.034;0.002;0.015
226;-0.005;-0.002;0;0.005;-0.005;-0.002;0.002;0.005;0.002;-0.01;-0.007;0.015;0.007;0.02
227;-0.005;-0.002;0;0;-0.002;-0.002;0;0.005;0.02;0.012;0.007;0.029;0.002;0.015
228;-0.005;0;-0.002;0;-0.005;-0.002;0.002;0.007;0.037;0.027;0.024;0.046;0.005;0.017
229;-0.005;-0.002;0.005;0.005;-0.002;-0.002;0;0.005;0.029;0.02;0.015;0.042;0.015;0.017
230;-0.005;-0.002;-0.005;0;-0.005;-0.002;0;0.005;0.032;0.024;0.02;0.044;0.002;0.02
231;-0.005;-0.002;-0.002;0.002;0;0;0;0.007;0.027;0.015;0.012;0.034;-0.01;0.005
232;-0.007;-0.002;-0.005;0;-0.005;-0.002;0;0.007;0.015;0.005;0.002;0.027;-0.005;0.012
233;-0.007;-0.002;-0.002;0.002;-0.005;-0.002;0;0.002;0.012;0.002;0;0.024;0;0.017
234;-0.002;-0.005;0;0.005;-0.005;-0.005;0;0.005;0.007;0;-0.005;0.022;0.015;0.027
235;0;-0.002;-0.002;0.005;-0.002;-0.002;0.005;0.005;0.012;0.005;0.005;0.027;0.012;0.027
236;-0.007;-0.002;-0.002;0;-0.005;-0.005;0;0.002;0.017;0.005;0.002;0.029;0.017;0.032
237;-0.005;-0.002;-0.002;0.005;-0.005;-0.002;0;0.007;0.027;0.022;0.015;0.042;0.012;0.022
238;-0.002;-0.005;-0.005;0;-0.005;-0.002;0;0.005;0.02;0.007;0.002;0.027;0.012;0.029
239;-0.005;-0.002;0;0.002;-0.002;-0.005;0;0.005;0.02;0.007;0.005;0.029;-0.01;0.005
240;-0.005;-0.002;0;0.005;-0.005;-0.005;0;0.002;0.007;0;-0.005;0.02;0;0.017
241;-0.005;0;0;0.002;-0.005;-0.002;0;0.007;0.044;0.032;0.029;0.051;0.012;0.02
242;-0.005;-0.002;-0.002;0.002;-0.005;-0.002;0.002;0.005;0.022;0.01;0.007;0.034;0.029;0.037
243;-0.005;0;0;0.005;-0.005;-0.002;0;0.005;0.012;0.007;0.005;0.024;0;0.01
244;-0.007;0;-0.002;0.002;-0.005;-0.002;0;0.005;0.017;0.007;0.005;0.029;0.002;0.01
245;-0.002;-0.002;0;0.002;-0.005;-0.005;0;0.005;0.024;0.015;0.01;0.034;-0.007;0.015
246;-0.002;0;0;0.005;-0.005;-0.002;0.002;0.005;0.027;0.02;0.012;0.039;0.029;0.037
247;-0.002;0;-0.002;0.002;-0.002;-0.002;0;0.005;0.005;-0.005;-0.01;0.017;0.01;0.027
248;-0.002;0;0;0.002;-0.005;-0.005;0;0.005;0.015;0.005;0;0.024;-0.007;0.01
249;-0.005;-0.002;-0.005;0.002;-0.005;-0.002;0;0.005;0.032;0.022;0.017;0.044;0.017;0.027
250;-0.007;-0.002;0;0.002;-0.002;-0.002;0;0.005;0.029;0.022;0.017;0.042;0.015;0.024
251;-0.002;0;-0.002;0;-0.002;-0.005;0;0.007;0.029;0.017;0.015;0.039;0.02;0.027
252;-0.005;-0.002;-0.002;0.002;-0.005;-0.005;0;0.005;0.02;0.012;0.007;0.032;0.002;0.02
253;-0.002;0;-0.002;0.005;-0.002;-0.002;0;0.005;0.022;0.01;0.005;0.032;0.017;0.024
254;-0.005;-0.005;0;0.002;-0.007;-0.005;-0.002;0.007;0.024;0.012;0.007;0.032;-0.002;0.012
255;-0.002;-0.002;0.002;0.002;-0.002;-0.002;-0.002;0.005;0.012;0.002;-0.002;0.02;0.002;0.017
256;-0.005;-0.002;-0.002;0.002;-0.005;-0.002;0;0.007;0.022;0.015;0.01;0.034;0.012;0.017
257;-0.007;-0.002;-0.005;0.005;-0.002;-0.002;0;0.005;0.024;0.015;0.01;0.032;0.017;0.029
258;-0.005;-0.002;0.002;0.007;-0.005;-0.005;0;0.002;0.027;0.017;0.01;0.034;0.012;0.024
259;-0.005;-0.002;-0.002;0.005;-0.002;-0.005;0.002;0.005;0.017;0.007;0;0.027;0.007;0.022
260;-0.005;-0.005;-0.002;0.002;-0.005;-0.002;0;0.005;0.017;0.005;0;0.022;0.002;0.012
261;-0.005;-0.002;0;0.002;-0.005;-0.002;0;0.005;0.02;0.012;0.007;0.029;0.01;0.017
262;-0.005;-0.002;0;0.002;-0.002;-0.005;0;0.005;0.032;0.022;0.017;0.039;-0.005;0.01
263;-0.005;0;0;0.002;-0.005;0;0.002;0.005;0.029;0.022;0.017;0.042;0.01;0.02
264;-0.007;-0.002;-0.005;0.002;-0.005;-0.005;0;0.005;0.022;0.012;0.007;0.032;0.022;0.032
265;-0.005;0;0;0.002;-0.002;-0.002;0;0.005;0.012;0.005;-0.002;0.027;0.01;0.02
266;-0.005;-0.005;0;0.005;-0.002;-0.002;0;0.005;0.02;0.01;0.005;0.029;0.012;0.022
267;-0.005;-0.002;-0.002;0;-0.005;-0.005;0.002;0.005;0.022;0.012;0.01;0.032;0.002;0.02
268;-0.005;-0.002;0;0;-0.002;-0.002;0;0.005;0.022;0.012;0.007;0.032;0.017;0.02
269;-0.005;0;-0.005;0.002;-0.005;-0.005;0.002;0.005;0.02;0.01;0.007;0.029;-0.005;0.01
270;-0.005;-0.002;0;0.002;-0.005;-0.005;0;0.005;0.022;0.017;0.01;0.034;0;0.017
271;-0.007;-0.002;-0.002;0.002;-0.002;-0.005;-0.002;0.005;0.02;0.012;0.007;0.029;0.02;0.027
272;-0.005;-0.002;-0.002;0;-0.002;-0.002;0;0.005;0.017;0.007;0.002;0.029;0.002;0.015
273;-0.007;-0.005;-0.002;0.002;-0.005;-0.002;0;0.005;0.022;0.012;0.007;0.029;0.017;0.032
274;-0.005;0;-0.005;0;-0.005;-0.005;0;0.005;0.029;0.017;0.015;0.042;0.007;0.022
275;-0.007;-0.002;-0.002;0.002;-0.002;-0.002;0.002;0.002;0.02;0.005;0.002;0.027;0.012;0.024
276;-0.007;-0.007;-0.002;0;-0.005;-0.005;0;0.005;0.012;-0.002;-0.002;0.022;0.012;0.024
277;-0.007;-0.002;-0.002;0.002;-0.002;-0.005;0;0.007;0.022;0.015;0.007;0.034;0.02;0.029
278;-0.007;-0.002;-0.002;0;-0.002;-0.005;0;0.005;0.022;0.015;0.01;0.034;0.017;0.032
279;-0.007;-0.002;0;0.002;-0.002;-0.005;0.002;0.007;0.022;0.017;0.007;0.032;0.017;0.022
280;-0.005;-0.002;-0.005;-0.002;-0.005;-0.002;0;0.005;0.022;0.02;0.01;0.034;-0.002;0.012
281;-0.007;-0.005;-0.002;0.002;-0.002;-0.002;0;0.005;0.024;0.012;0.005;0.029;0.005;0.015
282;-0.005;-0.002;-0.005;0;-0.005;-0.005;0;0.002;0.02;0.012;0.007;0.032;0.02;0.029
283;-0.005;-0.002;-0.005;0.002;-0.005;-0.002;0.002;0.007;0.02;0.007;0.002;0.029;-0.015;0.007
284;-0.007;0;-0.002;0.002;-0.007;-0.002;0;0.005;0.017;0.01;0.007;0.032;0.005;0.012
285;-0.007;-0.002;-0.002;0;0;-0.005;0.002;0.005;0.024;0.015;0.012;0.039;0;0.015
286;-0.005;-0.002;-0.005;0;-0.005;-0.002;0;0.005;0.022;0.012;0.01;0.034;0.012;0.024
287;-0.005;-0.002;-0.002;0.002;-0.002;-0.002;0;0.005;0.017;0.007;0.002;0.029;0.015;0.022
288;-0.005;-0.005;-0.002;0;-0.005;-0.002;0;0.005;0.024;0.01;0.005;0.032;-0.002;0.012
289;-0.005;-0.002;-0.002;0.002;-0.005;-0.005;0.002;0.007;0.02;0.01;0.005;0.032;0.012;0.024
290;-0.005;-0.002;-0.002;0.002;-0.002;-0.002;0;0.007;0.02;0.012;0.01;0.034;0.012;0.027
291;-0.005;0;-0.005;0.002;-0.005;-0.002;0;0.005;0.02;0.015;0.005;0.034;0.024;0.037
292;-0.002;0;0;0.002;-0.005;-0.005;0;0.007;0.024;0.015;0.01;0.034;0.007;0.022
293;-0.007;0;-0.002;0.002;-0.002;-0.002;0;0.005;0.022;0.012;0.007;0.037;0.012;0.024
294;-0.005;-0.005;0;0.005;-0.005;-0.002;0;0.005;0.015;0.007;0;0.024;0.015;0.024
295;-0.002;-0.002;-0.005;0.002;-0.005;-0.002;0;0.005;0.02;0.01;0.007;0.029;0.012;0.022
296;-0.005;-0.002;0;0.002;-0.005;-0.002;0.002;0.007;0.024;0.02;0.01;0.037;-0.002;0.012
297;-0.005;-0.002;0;0.002;-0.002;-0.002;0.002;0.007;0.022;0.015;0.01;0.034;0.012;0.027
298;-0.002;0;-0.002;0.005;-0.005;0;-0.002;0.007;0.017;0.01;0.007;0.029;0.002;0.02
299;-0.005;-0.002;-0.002;0.002;-0.002;-0.002;0.002;0.005;0.022;0.015;0.01;0.037;0.01;0.017
300;-0.005;0;0;0.005;-0.005;-0.002;-0.002;0.002;0.024;0.017;0.012;0.037;-0.002;0.012
301;-0.005;-0.002;0;0.002;-0.005;-0.002;0;0.005;0.029;0.022;0.017;0.044;0.02;0.029
302;-0.007;-0.005;0.002;0.005;-0.007;-0.002;0;0.005;0.02;0.015;0.01;0.034;0.01;0.022
303;-0.005;-0.002;-0.002;0.002;-0.002;-0.002;0;0.005;0.01;0.002;0;0.022;0.022;0.029
304;-0.002;-0.002;-0.002;0.005;-0.005;-0.005;0;0.007;0.017;0.01;0.005;0.032;-0.007;0.01
305;-0.002;0;0;0.005;-0.005;-0.005;-0.002;0.002;0.029;0.017;0.012;0.042;0.002;0.02
306;-0.002;0;-0.002;0.002;-0.007;-0.002;0;0.002;0.022;0.015;0.007;0.032;0.005;0.02
307;-0.007;-0.005;-0.002;0.005;-0.005;-0.002;0;0.005;0.017;0.007;0;0.029;0.012;0.024
308;-0.005;0;-0.005;0;-0.005;-0.005;0;0.005;0.015;0.01;0.005;0.029;0.027;0.032
309;-0.005;-0.002;0.002;0.002;-0.002;-0.002;0;0.005;0.012;0.002;-0.002;0.024;-0.002;0.015
310;-0.005;0;-0.002;0.002;-0.002;-0.002;0.002;0.005;0.02;0.012;0.007;0.032;0;0.017
311;-0.007;-0.002;0;0.002;-0.005;-0.002;0.002;0.002;0.02;0.01;0.01;0.032;0.015;0.022
312;-0.005;0;-0.002;0.005;-0.005;-0.005;0.002;0.005;0.015;0.005;0;0.024;0.007;0.02
313;-0.002;0;-0.005;0.002;-0.002;-0.002;0.002;0.005;0.024;0.012;0.007;0.032;-0.002;0.012
314;-0.002;0;-0.002;0;-0.005;-0.002;0;0.007;0.027;0.017;0.012;0.037;0.015;0.027
315;-0.005;-0.002;-0.002;0.002;-0.002;-0.005;0.002;0.007;0.015;0.005;0;0.024;0.007;0.022
316;-0.005;0;0;0.005;-0.005;-0.005;0;0.005;0.022;0.012;0.005;0.032;0.007;0.017
317;-0.005;-0.002;0;0.007;-0.002;-0.002;0.002;0.005;0.015;0.007;0;0.024;0.007;0.022
318;-0.005;0;-0.002;0.002;-0.005;-0.002;0;0.002;0.015;0.01;0.002;0.027;0.002;0.015
319;-0.007;-0.002;-0.002;0.002;-0.005;-0.005;0.002;0.005;0.02;0.01;0.005;0.029;0.012;0.02
320;-0.005;-0.002;-0.005;0;-0.005;-0.002;0;0.005;0.022;0.012;0.01;0.034;-0.002;0.015
321;-0.007;-0.005;-0.002;0.002;-0.005;0;0;0.005;0.027;0.02;0.017;0.042;0;0.012
322;-0.002;-0.002;-0.002;0.005;-0.007;0;0;0.007;0.022;0.015;0.007;0.034;-0.007;0.01
323;-0.002;-0.002;-0.002;0.005;-0.002;-0.002;0.002;0.005;0.027;0.022;0.017;0.039;0;0.012
324;-0.005;-0.002;0;0.002;-0.005;-0.002;0;0.005;0.022;0.01;0.007;0.032;0.002;0.015
325;-0.007;-0.002;-0.002;0.005;-0.005;-0.002;0;0.005;0.024;0.015;0.015;0.039;0.007;0.017
326;-0.007;0;0;0.002;-0.005;-0.002;0;0.005;0.024;0.017;0.01;0.037;0.012;0.024
327;-0.007;-0.002;-0.002;0.002;-0.005;-0.002;0.002;0.007;0.022;0.01;0.005;0.029;0.015;0.022
328;-0.005;-0.002;-0.002;0.002;-0.002;-0.002;0.002;0.007;0.024;0.012;0.01;0.032;0;0.017
329;-0.007;-0.005;-0.005;0.002;-0.005;-0.002;-0.002;0.005;0.024;0.017;0.01;0.034;0.027;0.029
330;-0.005;0;-0.007;0.002;-0.002;-0.005;0.002;0.007;0.024;0.012;0.007;0.032;-0.005;0.017
331;-0.005;-0.002;-0.002;0.002;-0.005;-0.002;0.002;0.005;0.02;0.01;0.007;0.029;0;0.015
332;-0.005;-0.002;-0.002;0.002;-0.002;-0.005;0;0.005;0.017;0.007;0.005;0.029;0.002;0.012
333;-0.005;-0.005;-0.002;0.002;-0.005;-0.005;0.002;0.007;0.015;0.005;0;0.029;0.002;0.01
334;-0.005;-0.002;-0.002;0.002;-0.005;-0.002;0;0.002;0.022;0.01;0.01;0.037;0.002;0.017
335;-0.007;-0.002;-0.002;0;-0.005;-0.002;0;0.005;0.02;0.01;0.005;0.032;0.01;0.024
336;-0.005;-0.002;-0.002;0;-0.005;-0.005;0;0.005;0.022;0.01;0.01;0.034;0.002;0.015
337;-0.005;-0.002;0;0.005;-0.005;-0.002;-0.002;0.007;0.024;0.017;0.01;0.037;0.017;0.032
338;-0.005;-0.005;-0.002;0.002;-0.005;-0.005;0;0.005;0.02;0.012;0.007;0.032;0.015;0.029
339;-0.005;0;-0.005;0.002;-0.005;-0.002;0.002;0.005;0.017;0.015;0.007;0.034;0.007;0.017
340;-0.005;-0.002;-0.005;0;-0.005;-0.002;-0.002;0.002;0.017;0.012;0.005;0.029;0.024;0.034
341;-0.005;-0.005;0;0.002;-0.005;-0.002;0;0.007;0.01;0.002;-0.005;0.024;0.002;0.015
342;-0.007;-0.002;-0.002;0;-0.005;-0.005;0;0.005;0.02;0.01;0.007;0.029;0.01;0.02
343;-0.007;-0.002;-0.01;0.002;-0.005;-0.002;0.002;0.005;0.017;0.012;0.007;0.032;-0.007;0.015
344;-0.007;-0.005;0;0.007;-0.005;-0.002;0;0.007;0.029;0.02;0.015;0.042;0.012;0.02
345;-0.005;-0.002;-0.002;0;-0.002;-0.002;0.002;0.007;0.022;0.012;0.01;0.034;0.002;0.022
346;-0.005;-0.002;-0.005;0.005;-0.002;-0.005;0.002;0.005;0.024;0.015;0.012;0.039;0.012;0.027
347;-0.002;0;-0.002;0;-0.005;0;0.002;0.005;0.017;0.01;0.005;0.029;0.012;0.024
348;-0.005;-0.005;-0.002;0.002;-0.002;-0.002;0.002;0.005;0.017;0.007;0.002;0.029;0;0.015
349;-0.005;-0.002;-0.002;0.002;-0.002;-0.002;0;0.005;0.02;0.01;0.002;0.032;0.005;0.02
350;-0.005;-0.002;0;0.002;-0.005;-0.005;0.002;0.007;0.02;0.007;0.005;0.029;0.012;0.017
351;-0.007;-0.002;-0.002;0.002;-0.002;-0.002;0;0.005;0.02;0.01;0.007;0.034;0.01;0.027
352;-0.005;0;-0.002;0.002;-0.002;0;0.002;0.005;0.02;0.01;0.005;0.029;0.007;0.02
353;-0.005;-0.002;-0.002;0.002;-0.005;-0.002;0;0.002;0.017;0.012;0.007;0.037;0.02;0.032
354;-0.005;-0.002;-0.002;0.002;-0.005;-0.002;0.002;0.005;0.012;0.007;0;0.027;-0.012;0.007
355;-0.005;0;0;0.005;-0.002;-0.002;0;0.007;0.02;0.012;0.01;0.037;0.015;0.024
356;-0.005;-0.002;-0.002;0.005;-0.002;0;0;0.005;0.022;0.015;0.01;0.037;0.015;0.029
357;-0.005;-0.002;-0.005;0.002;-0.005;-0.002;-0.002;0.005;0.024;0.017;0.015;0.037;0.005;0.017
358;-0.005;-0.005;0;0.002;-0.002;-0.002;0;0.002;0.024;0.015;0.007;0.034;0.017;0.027
359;-0.005;-0.002;0;0.005;-0.005;-0.005;0;0.002;0.02;0.007;0.002;0.027;-0.012;0.007
360;-0.002;0;-0.005;0.002;-0.005;-0.002;0;0.005;0.02;0.007;0.002;0.029;0.012;0.029
361;-0.005;-0.002;0;0.005;-0.005;-0.002;0;0.005;0.02;0.01;0.005;0.032;0.015;0.022
362;-0.005;-0.002;-0.002;0.002;-0.002;-0.002;0;0.005;0.017;0.007;0.002;0.027;-0.002;0.012
363;-0.005;0;-0.002;0.002;-0.002;-0.002;0;0.005;0.024;0.015;0.012;0.037;0.007;0.024
364;-0.007;-0.002;0.002;0.005;-0.002;-0.005;0.002;0.005;0.022;0.015;0.007;0.034;0.012;0.027
365;-0.002;-0.002;0;0.005;-0.005;-0.005;0;0.005;0.02;0.01;0.005;0.032;0;0.02
366;-0.002;-0.002;-0.002;0.005;-0.005;-0.005;0.002;0.007;0.02;0.012;0.005;0.032;0.017;0.024
367;-0.005;0;-0.002;0.002;-0.005;-0.002;-0.002;0.007;0.015;0.01;0.002;0.027;0.017;0.029
368;-0.005;-0.002;-0.002;0.002;-0.007;-0.002;0;0.005;0.02;0.01;0.005;0.029;0.007;0.02
369;-0.005;0;0;0.005;-0.002;-0.002;0;0.005;0.022;0.017;0.01;0.032;-0.002;0.017
370;-0.002;0;-0.005;0.002;-0.002;0;0.002;0.005;0.024;0.017;0.01;0.034;0.012;0.024
371;-0.005;-0.002;0.005;0.005;-0.002;0;0.002;0.005;0.02;0.007;0.005;0.029;0.002;0.017
372;-0.002;-0.002;-0.002;0.002;-0.005;-0.005;0.002;0.007;0.015;0.005;-0.002;0.027;0.015;0.022
373;-0.005;-0.002;-0.002;0.005;-0.005;-0.002;0.002;0.007;0.02;0.007;0.002;0.032;-0.005;0.015
374;-0.005;-0.002;-0.002;0.002;-0.002;-0.002;0;0.005;0.024;0.017;0.012;0.037;0.017;0.029
375;-0.005;-0.002;0.002;0.005;-0.005;-0.002;0;0.005;0.022;0.015;0.01;0.037;0.01;0.024
376;-0.005;-0.002;-0.005;0;-0.002;-0.002;0.005;0.005;0.02;0.01;0.007;0.029;0;0.012
377;-0.005;-0.002;0;0.002;-0.002;-0.005;0;0.005;0.017;0.007;0.002;0.024;0.002;0.015
378;-0.007;-0.005;-0.002;0.002;-0.005;-0.002;0.002;0.005;0.02;0.012;0.007;0.032;0.01;0.02
379;-0.005;-0.002;-0.005;0.002;-0.002;-0.005;0;0.005;0.024;0.015;0.01;0.029;0.002;0.02
380;-0.005;-0.002;-0.002;0.002;-0.005;-0.002;0;0.007;0.022;0.012;0.01;0.032;0.012;0.02
381;-0.002;-0.005;-0.002;0;-0.005;-0.002;0.002;0.005;0.022;0.012;0.005;0.032;0;0.017
382;-0.002;-0.002;-0.005;0.002;-0.005;-0.002;0.002;0.005;0.022;0.012;0.007;0.032;0.012;0.022
383;-0.005;-0.002;-0.002;0.002;-0.002;-0.002;0;0.005;0.022;0.012;0.007;0.029;0.002;0.015
384;-0.002;-0.002;-0.005;0.002;-0.005;-0.002;0;0.005;0.024;0.01;0.01;0.029;0.007;0.017
385;-0.005;-0.005;-0.002;0.002;-0.005;-0.002;0.002;0.005;0.02;0.012;0.007;0.032;0.005;0.015
386;-0.005;0;-0.005;0.005;-0.002;-0.005;0.002;0.005;0.02;0.015;0.007;0.032;0.01;0.02
387;-0.005;0;-0.002;0.002;-0.002;-0.005;0;0.005;0.02;0.012;0.007;0.029;0.007;0.017
388;-0.005;-0.005;-0.002;0.002;-0.005;-0.002;0.002;0.005;0.022;0.012;0.007;0.032;0.01;0.02
389;-0.005;-0.002;-0.005;0.002;-0.005;-0.005;0;0.005;0.024;0.015;0.007;0.032;0.01;0.02
390;-0.005;-0.002;-0.005;0.002;-0.007;-0.002;0.002;0.005;0.022;0.012;0.007;0.029;0.005;0.015
391;-0.007;-0.005;-0.002;0.002;-0.002;-0.005;0.002;0.005;0.022;0.012;0.01;0.034;0;0.015
392;-0.007;-0.005;-0.005;0;-0.005;-0.002;0;0.007;0.02;0.01;0.007;0.029;0.005;0.015
393;-0.005;-0.002;0;0;-0.002;-0.002;0;0.007;0.02;0.012;0.005;0.032;0.017;0.027
394;-0.005;-0.002;-0.005;0;-0.005;-0.002;0;0.005;0.017;0.01;0.005;0.029;0.005;0.015
395;-0.005;-0.002;-0.005;0.002;-0.005;-0.002;0;0.007;0.02;0.01;0.002;0.029;0.005;0.015
396;-0.005;-0.002;-0.002;0.002;-0.005;-0.005;-0.002;0.005;0.022;0.01;0.007;0.032;0.017;0.024
397;-0.007;-0.002;-0.002;0.002;-0.005;-0.002;0;0.005;0.015;0.007;0.005;0.029;0;0.015
398;-0.007;-0.002;-0.002;0.002;-0.002;-0.002;0;0.005;0.02;0.012;0.005;0.029;0.005;0.017
399;-0.005;0;-0.005;0;-0.002;-0.005;0;0.005;0.024;0.015;0.01;0.029;0.007;0.017
400;-0.005;-0.005;0.002;0.002;-0.005;-0.002;0;0.005;0.022;0.012;0.007;0.032;0.012;0.022
401;-0.005;-0.002;-0.005;0.002;-0.005;-0.002;0;0.005;0.022;0.012;0.007;0.029;0.01;0.022
402;-0.005;-0.005;-0.005;0.002;-0.002;-0.002;0;0.005;0.02;0.005;0.005;0.027;0.017;0.024
403;-0.005;-0.002;-0.002;0.002;-0.005;-0.002;0;0.005;0.027;0.012;0.012;0.037;0.01;0.02
404;-0.005;-0.002;-0.002;0.002;-0.002;-0.002;0;0.007;0.017;0.01;0.007;0.029;0.002;0.017
405;-0.002;-0.002;-0.005;0.005;-0.005;-0.005;0.002;0.002;0.022;0.01;0.007;0.032;0.007;0.02
406;-0.005;-0.005;-0.002;0.002;-0.005;-0.005;0;0.005;0.022;0.012;0.007;0.034;0.012;0.024
407;-0.005;-0.002;-0.002;0;-0.005;-0.002;0;0.005;0.022;0.015;0.007;0.034;0.012;0.024
408;-0.005;-0.005;0;0.002;-0.007;-0.005;0;0.005;0.015;0.005;0;0.029;0.002;0.017
409;-0.005;-0.005;-0.002;0.002;-0.002;-0.002;0;0.005;0.024;0.017;0.007;0.034;0.01;0.022
410;-0.005;-0.002;-0.005;0.002;-0.005;-0.002;0;0.007;0.024;0.017;0.012;0.037;0.012;0.022
411;-0.005;-0.002;-0.002;0.005;-0.005;-0.002;0.002;0.007;0.022;0.015;0.007;0.034;0.02;0.029
412;-0.007;-0.002;-0.002;0;-0.005;-0.005;0;0.002;0.015;0.007;0.002;0.032;0.002;0.022
413;-0.005;0;0;0.005;-0.002;-0.002;0.005;0.005;0.017;0.005;0.005;0.029;0.01;0.024
414;-0.007;-0.002;0;0.002;-0.005;-0.002;0;0.002;0.02;0.01;0.005;0.029;0.002;0.02
415;-0.005;-0.002;-0.007;0.002;-0.005;-0.002;0;0.005;0.02;0.01;0.005;0.032;0.01;0.02
416;-0.005;0;-0.005;0.002;-0.002;-0.002;0;0.007;0.02;0.01;0.007;0.032;0.017;0.029
417;-0.005;0;0;0.002;-0.002;-0.002;0;0.002;0.02;0.01;0.007;0.029;0.002;0.017
418;-0.005;-0.002;-0.002;0.002;-0.005;-0.005;0;0.005;0.022;0.012;0.007;0.034;0;0.017
419;-0.005;0;-0.002;0.002;-0.002;-0.002;0.002;0.005;0.024;0.015;0.007;0.037;0.015;0.027
420;-0.005;-0.002;-0.002;0.002;-0.002;0;0.002;0.005;0.02;0.01;0.007;0.032;0.017;0.027
421;-0.005;-0.002;-0.002;0.005;-0.007;-0.005;0.002;0.005;0.02;0.01;0.005;0.034;-0.002;0.017
422;-0.005;-0.002;-0.002;0.005;-0.002;-0.005;0;0.005;0.022;0.015;0.01;0.032;0.015;0.024
423;-0.005;-0.002;0;0.005;-0.002;-0.002;0;0.007;0.022;0.012;0.005;0.032;0;0.017
424;-0.005;-0.002;-0.002;0.002;-0.005;-0.005;0;0.005;0.02;0.012;0.007;0.034;0.007;0.022
425;-0.005;0;0;0.002;-0.005;-0.002;0;0.005;0.02;0.01;0.005;0.029;0.007;0.02
426;-0.005;0;-0.005;0.005;-0.005;-0.005;0;0.005;0.02;0.012;0.005;0.032;0.017;0.024
427;-0.005;-0.005;-0.002;0.002;-0.005;-0.005;0.002;0.005;0.017;0.012;0.007;0.032;-0.002;0.012
428;-0.002;0;-0.005;0.002;-0.005;-0.002;-0.002;0.005;0.017;0.01;0.005;0.029;0.017;0.024
429;-0.005;0;-0.002;0;-0.005;0;0;0.002;0.02;0.01;0.007;0.029;0.002;0.02
430;-0.005;0;-0.005;0.005;-0.002;-0.005;0;0.002;0.02;0.012;0.007;0.032;0.005;0.02
431;-0.002;0;-0.002;0.002;-0.005;-0.002;0;0.005;0.02;0.01;0.007;0.032;0.017;0.027
432;-0.007;-0.005;0.005;0.005;-0.005;-0.002;0;0.005;0.017;0.007;0.002;0.024;0.002;0.015
433;-0.007;0;0;0.002;-0.005;-0.002;0.002;0.005;0.017;0.01;0.005;0.029;0.007;0.02
434;-0.005;-0.002;-0.002;0.002;-0.005;0;0;0.007;0.022;0.012;0.01;0.029;0.005;0.017
435;-0.005;-0.002;-0.002;0;-0.005;-0.002;0;0.002;0.017;0.012;0.007;0.029;0.017;0.024
436;-0.005;-0.002;-0.002;0.002;-0.002;-0.002;0;0.007;0.02;0.012;0.01;0.032;0.015;0.024
437;-0.005;-0.005;-0.002;0;-0.007;-0.002;0.002;0.005;0.02;0.01;0.007;0.029;-0.012;0.007
438;-0.005;0;-0.002;0.002;-0.005;-0.002;0.002;0.007;0.017;0.01;0.005;0.029;0.007;0.017
439;-0.002;-0.002;-0.002;0.002;-0.005;-0.005;0.002;0.007;0.024;0.015;0.012;0.032;0.002;0.02
440;-0.005;0;-0.002;0.005;-0.002;0;0;0.005;0.027;0.02;0.012;0.039;0.005;0.012
441;-0.002;-0.002;0;0;-0.005;-0.005;0;0.005;0.024;0.012;0.01;0.034;0.015;0.02
442;-0.01;-0.005;-0.005;0.002;-0.005;-0.005;0;0.007;0.027;0.017;0.012;0.037;0.002;0.015
443;-0.005;-0.002;-0.002;0.005;-0.005;-0.002;0.005;0.007;0.022;0.01;0.007;0.029;0.01;0.015
444;-0.007;0;-0.005;0;-0.005;-0.002;0;0.005;0.022;0.01;0.007;0.029;0.015;0.024
445;-0.005;-0.005;-0.002;0.002;-0.002;-0.005;-0.002;0.002;0.024;0.015;0.01;0.034;0;0.017
446;-0.005;-0.002;-0.005;0.002;-0.005;-0.002;0;0.005;0.024;0.015;0.01;0.032;0.005;0.017
447;-0.005;-0.005;-0.002;0.002;-0.005;-0.005;0;0.005;0.024;0.017;0.01;0.034;0.015;0.022
448;-0.005;-0.002;-0.005;0;-0.005;-0.002;0;0.005;0.022;0.015;0.01;0.032;0.007;0.022
449;-0.005;-0.002;0;0.005;-0.005;-0.005;0.002;0.005;0.022;0.01;0.005;0.032;0.005;0.017
450;-0.005;0;-0.005;0.002;-0.005;-0.002;0;0.005;0.022;0.01;0.007;0.032;0.007;0.017
451;-0.007;-0.005;0;0;-0.005;-0.002;0;0.005;0.022;0.015;0.01;0.034;0.01;0.024
452;-0.005;-0.002;-0.002;0.002;-0.005;-0.005;0;0.005;0.015;0.01;0.002;0.027;0.017;0.024
453;-0.007;-0.002;0;0.002;-0.005;-0.005;0;0.007;0.017;0.007;0.005;0.027;0.01;0.022
454;-0.002;-0.005;-0.005;0.005;-0.002;-0.002;0;0.005;0.02;0.01;0.005;0.029;0.015;0.024
455;-0.007;-0.005;-0.002;0;-0.002;-0.005;0;0.005;0.022;0.012;0.007;0.032;-0.005;0.012
456;-0.005;-0.002;-0.005;0.002;-0.002;-0.002;0.002;0.005;0.024;0.012;0.01;0.032;0.017;0.024
457;-0.007;-0.005;-0.005;0;-0.005;-0.002;0;0.005;0.02;0.01;0.005;0.029;0.002;0.015
458;-0.007;-0.005;-0.002;0.005;-0.002;-0.002;0;0.005;0.017;0.01;0.007;0.029;0.007;0.02
459;-0.005;-0.005;-0.005;0;-0.005;-0.005;0;0.005;0.02;0.01;0.007;0.027;0.002;0.017
460;-0.007;-0.002;-0.005;0.002;-0.005;-0.005;0;0.005;0.024;0.015;0.01;0.032;0.005;0.015
461;-0.007;-0.002;-0.005;0;-0.005;-0.002;0.002;0.002;0.024;0.012;0.01;0.032;0.01;0.022
462;-0.007;-0.002;-0.005;0;-0.002;-0.002;0.002;0.005;0.022;0.012;0.007;0.029;0.01;0.017
463;-0.007;-0.002;-0.005;0.002;-0.005;-0.002;0;0.007;0.02;0.012;0.01;0.032;0.007;0.02
464;-0.005;-0.002;-0.002;0;-0.002;-0.005;0.002;0.005;0.02;0.012;0.005;0.029;0.007;0.017
465;-0.005;-0.002;-0.005;0.002;-0.005;-0.002;0;0.005;0.024;0.015;0.01;0.034;0.01;0.02
466;-0.005;-0.005;-0.005;0;-0.005;-0.005;0;0.005;0.022;0.015;0.01;0.034;0.012;0.022
467;-0.005;-0.002;0;0.002;-0.005;-0.005;0.002;0.005;0.022;0.012;0.007;0.032;0.005;0.015
468;-0.007;-0.002;0;0.002;-0.005;-0.005;0;0.005;0.022;0.01;0.005;0.029;0.01;0.02
469;-0.005;-0.002;-0.002;0.002;-0.002;-0.005;0;0.005;0.022;0.015;0.005;0.032;0.007;0.017
470;-0.005;-0.002;-0.005;0.002;-0.002;-0.002;0;0.005;0.022;0.015;0.007;0.032;0.012;0.022
471;-0.005;-0.002;-0.002;0.005;-0.005;-0.002;0;0.01;0.022;0.015;0.007;0.032;0.007;0.02
472;-0.007;-0.002;-0.002;0.002;-0.005;-0.005;0;0.005;0.022;0.015;0.007;0.032;0.002;0.02
473;-0.005;0;-0.002;0.005;-0.005;-0.005;0.002;0.005;0.022;0.01;0.01;0.032;0.002;0.017
474;-0.005;-0.002;-0.002;0.005;-0.002;-0.005;0.002;0.005;0.022;0.01;0.005;0.034;0.007;0.017
475;-0.005;0;0;0.005;-0.002;-0.002;0;0.005;0.022;0.012;0.01;0.034;0.005;0.02
476;-0.005;-0.002;-0.002;0.002;-0.005;-0.005;0.002;0.005;0.017;0.01;0.002;0.029;0.015;0.024
477;-0.005;0;-0.005;0.002;-0.002;-0.002;0;0.005;0.017;0.012;0.005;0.032;0.002;0.017
478;-0.005;0;-0.002;0.005;-0.002;-0.005;0;0.002;0.02;0.01;0.007;0.032;0.02;0.027
479;-0.005;0;-0.002;0.002;-0.007;-0.002;0;0.005;0.022;0.015;0.007;0.032;-0.005;0.015
480;-0.005;0;-0.002;0.005;-0.005;-0.005;0.002;0.005;0.022;0.012;0.007;0.029;0.012;0.022
481;-0.005;0;-0.002;0.005;-0.005;-0.002;0.002;0.005;0.022;0.015;0.007;0.029;0.01;0.02
482;-0.002;0;0;0.005;-0.002;-0.002;0;0.005;0.02;0.012;0.007;0.032;0.007;0.022
483;-0.002;0.002;-0.002;0.005;-0.005;-0.002;0;0.005;0.02;0.012;0.005;0.032;0.01;0.02
484;-0.005;0;-0.002;0.002;-0.005;-0.005;0;0.007;0.022;0.015;0.01;0.032;0.01;0.02
485;-0.002;-0.002;-0.002;0.002;-0.005;0;0.002;0.007;0.02;0.01;0.005;0.029;0.015;0.022
486;-0.002;0;-0.002;0.002;-0.002;-0.002;0;0.005;0.024;0.012;0.007;0.034;0;0.015
487;-0.005;0;-0.002;0.002;-0.005;-0.002;0;0.005;0.022;0.007;0.007;0.029;0.007;0.017
488;-0.005;-0.002;-0.002;0.002;-0.002;-0.005;0;0.007;0.022;0.01;0.005;0.032;-0.002;0.015
489;-0.007;-0.002;-0.002;0.002;-0.007;-0.002;0.002;0.005;0.022;0.015;0.01;0.029;0.015;0.024
490;-0.005;-0.002;-0.002;0;-0.005;-0.005;0.002;0.005;0.024;0.012;0.007;0.032;0.007;0.02
491;-0.002;-0.002;-0.005;0.005;0;-0.005;-0.002;0.002;0.022;0.012;0.005;0.029;0;0.017
492;-0.007;-0.002;-0.002;0.002;-0.005;-0.002;0;0.005;0.02;0.01;0.007;0.032;0.002;0.017
493;-0.005;-0.002;-0.002;0.005;-0.002;-0.002;0;0.002;0.02;0.01;0.005;0.027;0.007;0.02
494;-0.005;0;-0.002;0.002;-0.005;-0.002;-0.002;0.005;0.024;0.015;0.01;0.034;0.007;0.02
495;-0.005;-0.002;-0.002;0.005;-0.005;-0.002;0;0.005;0.02;0.012;0.007;0.029;0.007;0.017
496;-0.005;0;0;0.005;-0.005;-0.005;0;0.005;0.02;0.012;0.007;0.029;0.007;0.017
497;-0.005;0;-0.007;0.002;-0.005;-0.002;0;0.005;0.02;0.01;0.007;0.032;0.015;0.024
498;-0.005;-0.002;0;0.002;-0.002;-0.002;0;0.002;0.022;0.01;0.005;0.029;0;0.015
499;-0.005;-0.002;-0.002;0.005;-0.002;-0.005;0.002;0.007;0.02;0.01;0.005;0.029;0.024;0.027
500;-0.007;-0.002;0;0.005;-0.002;-0.002;0;0.007;0.022;0.012;0.007;0.029;0;0.015
501;-0.005;-0.002;0;0.002;-0.007;-0.002;-0.002;0.005;0.022;0.01;0.007;0.029;0.007;0.017
502;-0.007;0;0;0;-0.005;-0.005;0;0.002;0.022;0.012;0.007;0.032;0;0.017
503;-0.007;-0.002;-0.002;0.002;-0.005;-0.002;0;0.005;0.022;0.017;0.007;0.034;0.02;0.024
504;-0.007;-0.005;-0.005;0;-0.005;-0.005;0;0.005;0.022;0.015;0.012;0.034;0.012;0.022
505;-0.005;-0.005;0;0.005;-0.005;-0.005;0;0.005;0.02;0.007;0.005;0.029;0.01;0.02
506;-0.007;-0.002;-0.005;0;-0.002;-0.005;0;0.005;0.022;0.007;0.005;0.029;-0.005;0.015
507;-0.005;-0.002;-0.002;0.002;-0.002;-0.002;0.002;0.005;0.022;0.01;0.005;0.032;0.012;0.022
508;-0.007;0;-0.005;0.002;-0.007;-0.002;0;0.005;0.017;0.01;0.007;0.032;0.012;0.022
509;-0.005;0;0;0.002;-0.005;-0.002;0;0.005;0.024;0.012;0.007;0.034;0;0.015
510;-0.005;-0.002;-0.005;0.005;-0.005;0;-0.002;0.005;0.022;0.015;0.01;0.032;0.01;0.02
511;-0.005;-0.002;0;0.002;-0.005;-0.005;0;0.007;0.022;0.01;0.005;0.029;0.017;0.022
512;-0.005;-0.002;-0.005;0.002;-0.005;-0.002;0;0.007;0.022;0.012;0.007;0.032;0.015;0.024
513;-0.007;-0.005;-0.002;0;-0.005;-0.005;0.002;0.007;0.024;0.012;0.01;0.034;-0.007;0.012
514;-0.005;-0.002;-0.002;0.005;-0.005;-0.002;0;0.005;0.022;0.012;0.007;0.032;0.017;0.022
515;-0.005;-0.005;-0.002;0;-0.005;-0.005;0.002;0.005;0.024;0.012;0.005;0.032;0.002;0.017
516;-0.007;-0.005;-0.007;0;-0.007;-0.005;0;0.005;0.027;0.015;0.01;0.034;0.007;0.017
517;-0.005;-0.002;-0.002;0.005;-0.002;0;0;0.005;0.02;0.012;0.007;0.032;0.002;0.017
518;-0.007;-0.002;-0.005;0.002;-0.005;-0.005;-0.002;0.005;0.02;0.01;0.007;0.029;0.01;0.022
519;-0.005;-0.002;-0.002;0.002;-0.002;-0.002;0;0.005;0.022;0.015;0.007;0.032;0.01;0.02
520;-0.005;-0.002;-0.005;0.002;-0.002;0;0;0.007;0.022;0.012;0.005;0.032;0.005;0.02
521;-0.005;0;-0.007;0;-0.005;-0.005;0;0.005;0.022;0.012;0.01;0.032;0.012;0.024
522;-0.005;-0.007;-0.002;0.002;-0.007;-0.002;0;0.005;0.02;0.012;0.005;0.032;0.007;0.017
523;-0.005;-0.005;-0.002;0.002;-0.002;-0.002;-0.002;0.005;0.022;0.015;0.007;0.029;0.01;0.02
524;-0.005;0;-0.002;0.002;-0.005;-0.002;0;0.005;0.017;0.01;0.002;0.027;0.015;0.022
525;-0.005;-0.002;-0.002;0;-0.002;-0.002;0;0.002;0.02;0.01;0.005;0.032;0.002;0.02
526;-0.007;-0.002;-0.005;0.002;-0.005;-0.002;0.002;0.005;0.022;0.015;0.012;0.034;0.012;0.024
527;-0.002;-0.005;0;0.002;-0.005;-0.002;0;0.007;0.02;0.01;0.005;0.029;0.01;0.017
528;-0.007;0;-0.002;0;-0.005;-0.002;0;0.005;0.02;0.01;0.007;0.029;0;0.015
529;-0.005;0;0;0.002;-0.005;-0.005;0;0.005;0.02;0.015;0.007;0.032;0.01;0.02
530;-0.005;-0.002;-0.002;0.002;-0.002;-0.002;0;0.002;0.02;0.012;0.005;0.029;0.017;0.024
531;-0.005;-0.002;-0.002;0.005;-0.002;-0.002;0;0.007;0.022;0.01;0.007;0.029;0.007;0.02
532;-0.005;0;0.002;0.002;-0.005;-0.002;0;0.005;0.02;0.012;0.007;0.032;0.015;0.024
533;-0.002;-0.002;0;0.002;-0.005;-0.005;-0.002;0.002;0.022;0.012;0.007;0.032;-0.007;0.015
534;-0.007;-0.002;-0.005;0.002;-0.005;-0.002;0;0.005;0.022;0.01;0.005;0.029;0.01;0.02
535;-0.005;-0.002;-0.002;0.002;-0.005;-0.002;0;0.005;0.02;0.015;0.007;0.032;0.022;0.029
536;-0.005;0.002;-0.005;0.002;-0.002;-0.002;0;0.007;0.022;0.012;0.01;0.034;0.005;0.022
537;-0.005;-0.002;0.002;0.005;-0.002;-0.002;0;0.005;0.017;0.012;0.007;0.032;-0.002;0.012
538;-0.005;0;-0.002;0.002;-0.005;-0.005;0;0.002;0.02;0.007;0.005;0.029;0.007;0.022
539;-0.002;0;-0.002;0.005;-0.005;-0.002;0.002;0.005;0.02;0.012;0.005;0.032;0.012;0.024
540;-0.007;-0.002;-0.002;0.005;-0.002;0;0;0.005;0.022;0.012;0.007;0.034;0.01;0.024
541;-0.005;0;-0.002;0;-0.005;-0.002;0;0.005;0.02;0.015;0.007;0.034;0.002;0.017
542;-0.005;-0.002;0;0.005;-0.002;-0.005;0;0.005;0.022;0.01;0.007;0.034;0.007;0.022
543;-0.007;-0.002;0;0.007;-0.005;-0.005;0;0.002;0.017;0.007;0.002;0.027;0;0.017
544;-0.005;-0.002;-0.002;0.002;-0.002;0;0.002;0.005;0.022;0.01;0.007;0.034;0.012;0.024
545;-0.005;0;-0.005;0.005;-0.002;-0.002;0.002;0.005;0.017;0.01;0.005;0.027;0.007;0.024
546;-0.002;-0.002;-0.002;0.002;-0.002;-0.005;0;0.005;0.022;0.01;0.007;0.032;0.007;0.022
547;-0.005;-0.002;0;0.005;-0.002;-0.005;0;0.007;0.022;0.01;0.005;0.032;-0.002;0.015
548;-0.002;0;-0.002;0.002;-0.005;0;0.002;0.005;0.022;0.01;0.007;0.034;0.017;0.024
549;-0.007;0;-0.002;0.005;-0.007;-0.005;0;0.002;0.022;0.012;0.005;0.032;0;0.017
550;-0.005;0;-0.002;0.002;-0.002;-0.002;0.002;0.002;0.017;0.007;0.002;0.029;0.02;0.027
551;-0.002;-0.002;0;0.005;-0.005;-0.002;0.002;0.005;0.02;0.01;0.005;0.032;0.005;0.017
552;-0.005;-0.002;-0.005;0.002;-0.005;-0.002;0.002;0.002;0.02;0.017;0.007;0.034;0.01;0.022
553;-0.002;0;-0.002;0.005;-0.005;0;0.002;0.007;0.022;0.01;0.005;0.032;0.01;0.024
554;-0.005;-0.002;0;0.002;-0.005;-0.005;0;0.007;0.022;0.01;0.005;0.032;0.01;0.02
555;-0.005;-0.002;0;0.002;-0.005;-0.005;0;0.005;0.022;0.01;0.007;0.029;0.002;0.017
556;-0.005;-0.002;0;0.002;-0.005;-0.002;0;0.005;0.022;0.01;0.005;0.034;0.007;0.02
557;-0.005;-0.002;-0.005;0.002;-0.005;-0.002;0;0.005;0.022;0.012;0.01;0.034;0.015;0.024
558;-0.005;-0.002;-0.002;0;-0.005;-0.002;0;0.007;0.022;0.012;0.007;0.032;0.007;0.02
559;-0.007;-0.002;-0.002;0.002;-0.005;-0.005;0;0.005;0.022;0.012;0.005;0.032;0.01;0.022
560;-0.005;0;-0.002;0.002;-0.005;-0.002;0;0.005;0.022;0.015;0.007;0.032;0;0.017
561;-0.005;-0.007;0;0.002;-0.002;-0.002;0;0.005;0.022;0.012;0.007;0.032;0.01;0.022
562;-0.005;-0.005;-0.002;0.005;-0.005;-0.005;0;0.005;0.022;0.01;0.007;0.034;0.007;0.017
563;-0.005;-0.005;-0.005;0.002;-0.007;-0.005;0;0.005;0.02;0.01;0.005;0.034;0.012;0.024
564;-0.005;-0.005;-0.002;0.002;-0.002;-0.002;0;0.002;0.022;0.01;0.005;0.032;0.012;0.022
565;-0.005;0;0;0.005;-0.005;-0.005;0;0.005;0.022;0.012;0.007;0.032;0.002;0.017
566;-0.002;-0.002;0.002;0.002;-0.005;-0.002;0.002;0.005;0.02;0.01;0.007;0.032;0.005;0.017
567;-0.005;-0.002;-0.002;0.002;-0.005;-0.002;0.002;0.005;0.02;0.01;0.005;0.029;0.005;0.017
568;-0.007;-0.002;-0.002;0.005;-0.005;-0.002;0;0.007;0.024;0.012;0.007;0.032;0.02;0.027
569;-0.005;-0.002;-0.002;0;-0.002;-0.002;0.002;0.005;0.022;0.015;0.01;0.032;0.005;0.02
570;-0.007;-0.002;-0.002;0.002;-0.005;0;0;0.005;0.022;0.012;0.01;0.032;-0.002;0.015
571;-0.007;-0.002;-0.005;0.002;-0.002;-0.005;0;0.005;0.017;0.012;0.007;0.032;0.01;0.022
572;-0.007;0;-0.005;0;-0.002;-0.002;0.002;0.005;0.02;0.01;0.007;0.029;0.01;0.02
573;-0.007;-0.005;0;0.002;-0.002;-0.002;0;0.005;0.022;0.01;0.007;0.029;0.005;0.017
574;-0.005;-0.005;-0.005;0;-0.005;-0.002;-0.002;0.007;0.022;0.01;0.01;0.032;0.012;0.024
575;-0.005;-0.002;-0.005;0;0;-0.002;0.002;0.005;0.022;0.012;0.007;0.029;0.015;0.022
576;-0.005;-0.005;0;0.005;-0.005;-0.007;-0.002;0.005;0.022;0.01;0.007;0.032;0.01;0.02
577;-0.005;-0.002;-0.005;0.002;-0.002;-0.002;0;0.005;0.022;0.012;0.01;0.034;0.005;0.02
578;-0.01;-0.005;0.002;0.002;-0.005;0;0;0.005;0.02;0.01;0.002;0.027;0.002;0.012
579;-0.005;-0.002;-0.007;0;-0.007;-0.002;0;0.007;0.022;0.015;0.01;0.034;0.017;0.024
580;-0.005;-0.002;-0.002;0.005;-0.005;-0.002;0;0.005;0.02;0.01;0.002;0.032;0;0.01
581;-0.005;-0.005;-0.002;0;-0.005;-0.002;0;0.005;0.024;0.017;0.01;0.034;0.015;0.022
582;-0.005;-0.002;-0.002;0.002;-0.005;-0.002;0;0.007;0.02;0.012;0.01;0.034;0.005;0.02
583;-0.007;-0.002;0;0.002;-0.007;-0.005;0;0.005;0.022;0.012;0.007;0.032;0.005;0.017
584;-0.005;-0.002;-0.002;0.002;-0.002;-0.002;0;0.005;0.022;0.012;0.01;0.032;0.01;0.02
585;-0.005;-0.002;-0.002;0.002;-0.005;-0.005;0.002;0.005;0.022;0.01;0.005;0.032;0.005;0.02
586;-0.007;-0.002;0;0.005;-0.002;-0.002;0;0.002;0.022;0.01;0.007;0.032;0.017;0.024
587;-0.005;0;-0.005;0.005;-0.002;-0.002;0;0.005;0.022;0.01;0.007;0.032;0.002;0.017
588;-0.005;-0.005;-0.002;0.005;-0.005;-0.002;0;0.005;0.022;0.012;0.005;0.032;0.007;0.02
589;-0.005;0;-0.002;0.005;-0.002;-0.002;-0.002;0.002;0.022;0.012;0.01;0.032;0.017;0.027
590;-0.005;0;-0.002;0.005;-0.002;0;0.002;0.005;0.022;0.012;0.007;0.032;0.002;0.017
591;-0.007;-0.002;-0.002;0.002;-0.002;-0.002;0.002;0.005;0.022;0.01;0.007;0.032;0.002;0.017
592;-0.005;0;-0.007;0;-0.005;-0.002;0.002;0.005;0.022;0.012;0.007;0.034;0.012;0.024
593;-0.005;-0.005;0.005;0.002;-0.002;-0.002;0;0.007;0.02;0.007;0;0.027;0.005;0.015
594;-0.005;0;-0.002;0.002;-0.005;0;0.002;0.005;0.02;0.012;0.01;0.032;0.002;0.02
595;-0.005;-0.002;-0.002;0.005;-0.005;-0.002;0.002;0.007;0.02;0.007;0.005;0.027;0.012;0.022
596;-0.007;0;-0.002;0;-0.005;-0.002;0.002;0.007;0.022;0.012;0.007;0.032;0.005;0.02
597;-0.005;-0.002;0;0.005;-0.005;-0.005;0;0.005;0.02;0.01;0.005;0.029;0.005;0.017
598;-0.005;-0.002;-0.005;0.002;-0.005;-0.002;0.002;0.007;0.02;0.015;0.007;0.032;0.002;0.02
599;-0.007;-0.002;0.002;0.002;-0.005;-0.002;0;0.005;0.02;0.01;0.005;0.032;0.015;0.022
600;-0.005;-0.002;0;0;-0.005;-0.005;0;0.007;0.022;0.015;0.01;0.034;0.007;0.017
601;-0.005;0;0;0.005;-0.005;-0.002;0.002;0.005;0.02;0.012;0.007;0.032;0.002;0.02
602;-0.005;0;-0.002;0.005;-0.005;-0.002;-0.002;0.007;0.02;0.012;0.005;0.029;0.015;0.022
603;-0.005;-0.002;-0.005;0.005;-0.005;-0.005;0;0.005;0.022;0.01;0.005;0.029;0.007;0.022
604;-0.005;-0.002;-0.002;0;-0.002;0;-0.002;0.005;0.022;0.015;0.007;0.029;0.015;0.022
605;-0.002;-0.002;-0.002;0.002;-0.002;-0.002;0;0.007;0.022;0.015;0.01;0.034;0;0.022
606;-0.002;-0.005;0.002;0.005;-0.002;-0.002;0;0.007;0.02;0.01;0.005;0.027;0;0.015
607;-0.005;-0.002;-0.005;0.002;-0.002;0;0;0.007;0.024;0.01;0.007;0.034;0.01;0.02
608;-0.005;-0.002;0;0.002;-0.002;-0.002;0.002;0.005;0.022;0.01;0.007;0.032;0.007;0.02
609;-0.005;-0.002;-0.005;0.002;-0.002;-0.005;0;0.007;0.022;0.012;0.007;0.032;0.017;0.027
610;-0.005;0;0;0.005;-0.005;-0.002;0;0.005;0.022;0.01;0.005;0.029;0;0.015
611;-0.005;-0.002;-0.002;0.002;-0.005;-0.002;0;0.005;0.022;0.012;0.007;0.032;0.015;0.027
612;-0.007;-0.002;-0.002;0.005;-0.002;-0.002;0;0.005;0.022;0.012;0.007;0.032;0;0.017
613;-0.005;-0.002;-0.002;0.002;-0.005;-0.002;0;0.005;0.02;0.007;0.005;0.029;0.02;0.027
614;-0.005;-0.002;-0.002;0.002;-0.002;-0.005;0;0.005;0.02;0.01;0.007;0.032;0;0.017
615;-0.005;-0.002;-0.002;0.002;-0.005;-0.005;-0.002;0.005;0.022;0.012;0.007;0.032;0.007;0.02
616;-0.005;-0.002;-0.002;0.005;-0.002;-0.002;0.002;0.005;0.02;0.01;0.01;0.032;0.007;0.02
617;-0.007;-0.002;0;0.002;-0.002;-0.002;0;0.005;0.022;0.012;0.007;0.032;0.01;0.022
618;-0.005;-0.002;-0.005;0.002;-0.005;-0.005;0.002;0.002;0.02;0.015;0.007;0.034;0.01;0.027
619;-0.005;-0.002;0;0.005;-0.007;-0.002;0;0.005;0.02;0.01;0.005;0.029;0.005;0.015
620;-0.007;-0.002;-0.002;0.005;-0.005;-0.005;0;0.002;0.022;0.012;0.007;0.034;0.02;0.027
621;-0.005;-0.002;-0.002;0.002;-0.005;-0.002;0;0.005;0.022;0.012;0.007;0.029;0;0.017
622;-0.007;-0.002;-0.005;0.002;-0.002;-0.005;0;0.002;0.02;0.012;0.005;0.032;0.015;0.024
623;-0.007;-0.005;-0.002;0.002;-0.005;-0.002;0;0.002;0.02;0.012;0.005;0.029;0.005;0.02
624;-0.005;-0.002;-0.005;0.002;-0.002;-0.005;0.002;0.005;0.02;0.012;0.002;0.029;0.005;0.02
625;-0.005;-0.005;0;0.002;-0.005;-0.002;0;0.005;0.02;0.012;0.007;0.029;0.007;0.02
626;-0.007;-0.005;-0.005;0.002;-0.002;-0.002;0.002;0.005;0.017;0.012;0.005;0.032;0.007;0.022
627;-0.005;-0.002;-0.002;0.002;-0.002;-0.002;0;0.005;0.022;0.012;0.007;0.032;0.007;0.022
628;-0.007;-0.005;-0.002;0.005;-0.002;-0.002;0;0.005;0.017;0.01;0.002;0.029;0.015;0.022
629;-0.007;-0.002;-0.007;0.002;-0.002;-0.005;0.002;0.005;0.022;0.01;0.007;0.032;0;0.022
630;-0.007;-0.002;0;0.002;-0.002;-0.002;0;0.005;0.022;0.01;0.007;0.029;0.005;0.02
631;-0.005;-0.002;-0.005;0.002;-0.002;-0.002;-0.002;0.005;0.02;0.01;0.007;0.032;0.007;0.024
632;-0.005;0;-0.002;0.005;-0.007;-0.002;0;0.007;0.022;0.012;0.007;0.032;0.01;0.024
633;-0.007;0;-0.002;0.002;-0.005;-0.005;0;0.005;0.017;0.012;0.007;0.034;0.015;0.024
634;-0.005;-0.002;-0.005;0;-0.002;-0.002;0;0.007;0.022;0.012;0.007;0.032;0.002;0.022
635;-0.01;-0.005;0;0.002;0;-0.002;0;0.005;0.022;0.012;0.007;0.032;0.015;0.02
636;-0.007;-0.002;-0.005;0.002;-0.005;0;0.002;0.002;0.022;0.01;0.007;0.034;0.01;0.024
637;-0.005;0;-0.002;0.002;-0.002;-0.002;0.002;0.005;0.022;0.012;0.007;0.034;0.005;0.02
638;-0.007;-0.005;-0.002;0.005;-0.005;-0.002;0.002;0.005;0.024;0.012;0.007;0.034;0.015;0.022
639;-0.007;-0.002;-0.002;0;-0.005;-0.002;0;0.005;0.022;0.01;0.005;0.034;-0.002;0.017
640;-0.005;-0.002;-0.005;0.002;-0.005;-0.002;-0.002;0.002;0.024;0.017;0.007;0.034;0.017;0.027
641;-0.007;-0.002;-0.005;0.002;-0.005;0;0;0.005;0.022;0.01;0.007;0.032;0.002;0.017
642;-0.005;-0.002;-0.002;0.002;-0.005;-0.002;-0.002;0.005;0.02;0.012;0.005;0.029;0.01;0.02
643;-0.005;-0.002;-0.005;0.002;-0.005;-0.002;0;0.005;0.024;0.015;0.01;0.034;0.01;0.027
644;-0.005;-0.005;0;0.002;-0.002;-0.005;0.002;0.005;0.02;0.01;0.002;0.029;0.007;0.017
645;-0.005;0;-0.007;0;-0.007;0;0;0.005;0.024;0.012;0.007;0.032;0.012;0.022
646;-0.007;-0.005;0.002;0.002;-0.005;-0.002;0.002;0.002;0.017;0.01;0.002;0.029;0.007;0.02
647;-0.005;-0.002;-0.002;0.002;-0.002;-0.005;0;0.007;0.02;0.012;0.007;0.032;0.015;0.022
648;-0.005;-0.005;0;0.005;-0.005;-0.002;0;0.005;0.02;0.012;0.005;0.029;0.007;0.02
649;-0.005;0;-0.002;0;-0.005;-0.002;0.002;0.005;0.022;0.012;0.01;0.032;0.012;0.022
650;-0.007;0;-0.002;0.005;-0.005;-0.002;0.002;0.005;0.02;0.012;0.007;0.032;0.002;0.02
651;-0.005;-0.002;-0.005;0.002;-0.007;-0.005;0;0.005;0.022;0.01;0.007;0.034;0.02;0.024
652;-0.005;0;0;0.005;-0.005;-0.005;0.002;0.005;0.022;0.015;0.007;0.032;0.005;0.02
653;-0.005;0;-0.002;0.005;-0.005;-0.002;0;0.002;0.02;0.015;0.007;0.029;0.007;0.02
654;-0.002;-0.002;-0.002;0.002;-0.002;-0.005;-0.002;0.005;0.022;0.012;0.005;0.029;0.007;0.022
655;-0.005;-0.005;0;0.005;-0.005;-0.002;0;0.002;0.02;0.012;0.007;0.029;0.02;0.024
656;-0.007;0;-0.002;0.002;-0.005;-0.002;0.002;0.005;0.022;0.012;0.005;0.029;-0.002;0.017
657;-0.002;0.002;0;0.005;-0.007;-0.002;0.002;0.005;0.022;0.015;0.01;0.034;0.005;0.02
658;-0.005;-0.002;0;0.005;-0.005;-0.002;0.002;0.002;0.02;0.015;0.002;0.032;0.015;0.022
659;-0.005;-0.002;-0.005;0;-0.005;-0.002;0;0.005;0.02;0.012;0.007;0.032;0.007;0.02
660;-0.005;-0.002;-0.005;0.002;-0.007;-0.005;0;0.005;0.02;0.01;0.005;0.032;0.017;0.024
661;-0.005;0;0;0.005;-0.005;-0.005;-0.002;0.005;0.02;0.012;0.005;0.029;0.005;0.017
662;-0.005;-0.002;0;0.005;-0.002;-0.002;0.002;0.005;0.022;0.012;0.007;0.032;0.002;0.017
663;-0.005;-0.002;-0.005;0.002;-0.005;-0.002;0;0.005;0.022;0.012;0.007;0.032;0.007;0.02
664;-0.002;0;-0.002;0.002;-0.005;-0.002;-0.002;0.005;0.02;0.015;0.007;0.032;0.022;0.027
665;-0.005;-0.002;-0.002;0.002;-0.005;-0.002;0;0.002;0.022;0.01;0.005;0.029;0.005;0.017
666;-0.002;0;0;0.002;-0.002;-0.002;0.002;0.005;0.017;0.01;0.005;0.029;0.002;0.017
667;-0.005;-0.002;-0.005;0.002;-0.005;-0.005;0.002;0.005;0.022;0.012;0.007;0.032;0.012;0.024
668;-0.007;-0.005;0;0.005;-0.002;-0.005;0;0.007;0.022;0.007;0.005;0.029;0;0.012
669;-0.005;-0.002;-0.005;0.002;-0.005;-0.002;0.002;0.005;0.024;0.015;0.007;0.034;0.022;0.024
670;-0.002;0;-0.002;0.005;-0.005;-0.002;0;0.007;0.022;0.015;0.01;0.032;-0.002;0.015
671;-0.007;-0.002;-0.005;0.005;-0.005;-0.005;0;0.005;0.022;0.01;0.007;0.032;0.015;0.022
672;-0.005;-0.002;-0.002;0.002;-0.005;-0.002;0;0.005;0.024;0.012;0.01;0.032;0.002;0.017
673;-0.005;0;0;0.005;-0.005;-0.002;0;0.005;0.022;0.01;0.007;0.032;0.01;0.02
674;-0.005;-0.002;-0.002;0.005;-0.002;-0.005;0.002;0.005;0.022;0.01;0.007;0.029;0.005;0.017
675;-0.007;-0.002;0;0.002;-0.002;-0.002;0.002;0.005;0.022;0.01;0.007;0.032;0.01;0.022
676;-0.005;-0.005;-0.005;0;-0.002;-0.002;0;0.005;0.022;0.01;0.007;0.027;0.022;0.022
677;-0.005;0;-0.002;0.002;-0.002;-0.002;0;0.007;0.022;0.012;0.007;0.032;-0.005;0.012
678;-0.007;-0.002;-0.005;0;-0.005;-0.002;0;0.002;0.02;0.01;0.005;0.029;0.015;0.027
679;-0.005;-0.005;-0.002;0.002;-0.005;-0.005;0;0.005;0.022;0.012;0.007;0.029;0.005;0.017
680;-0.005;-0.002;-0.002;0.002;-0.005;0;0.002;0.005;0.022;0.012;0.007;0.032;0.015;0.022
681;-0.005;-0.002;0;0.002;-0.007;-0.002;0.002;0.005;0.022;0.012;0.007;0.029;0.002;0.017
682;-0.007;-0.002;-0.002;0.002;-0.002;-0.005;-0.002;0.005;0.022;0.01;0.007;0.029;0.01;0.02
683;-0.005;-0.002;0;0.005;-0.002;-0.002;0;0.007;0.017;0.012;0.005;0.029;0.01;0.017
684;-0.007;0;-0.007;0.002;-0.005;-0.005;0.002;0.007;0.024;0.015;0.01;0.032;0.022;0.027
685;-0.005;0;-0.005;0;-0.002;0;0.002;0.002;0.02;0.012;0.007;0.029;0;0.017
686;-0.005;-0.005;0;0.002;-0.002;0;0;0.005;0.02;0.007;0.005;0.029;0.012;0.022
687;-0.007;-0.002;-0.005;0;-0.005;-0.002;0;0.005;0.02;0.012;0.007;0.032;0.007;0.017
688;-0.005;-0.002;-0.002;0.002;-0.002;-0.002;0;0.005;0.022;0.01;0.005;0.032;0.007;0.02
689;-0.005;-0.002;-0.002;0.002;-0.002;-0.002;0;0.007;0.022;0.012;0.007;0.029;0.007;0.02
690;-0.007;-0.002;-0.005;0.002;-0.002;-0.002;0;0.002;0.022;0.012;0.01;0.037;0.005;0.02
691;-0.005;-0.005;-0.005;0;-0.005;-0.002;0;0.005;0.02;0.012;0.007;0.029;0.005;0.017
692;-0.007;-0.005;-0.002;0;-0.005;-0.005;0.002;0.005;0.022;0.012;0.007;0.032;0.01;0.02
693;-0.005;-0.005;-0.005;0.005;-0.002;-0.005;0;0.007;0.022;0.01;0.005;0.034;0.01;0.02
694;-0.007;-0.002;-0.005;0.002;-0.005;-0.002;0.002;0.005;0.022;0.012;0.007;0.029;0.007;0.02
695;-0.007;-0.005;-0.005;0;-0.002;-0.002;0.002;0.005;0.022;0.012;0.007;0.032;0.007;0.017
696;-0.005;-0.002;-0.002;0.002;-0.005;-0.002;0;0.005;0.022;0.012;0.007;0.032;0.007;0.02
697;-0.007;-0.005;-0.005;0;-0.005;-0.002;0;0.002;0.022;0.012;0.007;0.032;0.007;0.02
698;-0.007;-0.002;-0.005;0;-0.002;-0.002;0;0.005;0.022;0.01;0.007;0.032;0.01;0.024
699;-0.005;-0.002;0;0.002;-0.005;-0.002;0.002;0.002;0.022;0.007;0.007;0.032;0.005;0.017
700;-0.007;-0.002;-0.005;0.002;-0.002;-0.005;0;0.002;0.02;0.01;0.005;0.032;0.012;0.02
701;-0.005;-0.002;-0.005;0.005;-0.005;-0.005;0;0.005;0.024;0.012;0.007;0.034;0.007;0.02
702;-0.005;-0.005;-0.005;0.002;-0.005;-0.002;0;0.007;0.022;0.012;0.007;0.032;0.015;0.024
703;-0.005;0;-0.005;0.002;-0.002;-0.002;-0.002;0.005;0.022;0.01;0.005;0.029;-0.002;0.017
704;-0.005;-0.002;-0.002;0.005;-0.002;-0.002;0;0.005;0.022;0.01;0.005;0.029;0.007;0.017
705;-0.007;-0.002;-0.002;0.002;-0.002;-0.002;-0.002;0.005;0.022;0.012;0.007;0.032;0.007;0.024
706;-0.005;0;-0.007;0.002;-0.002;-0.002;0;0.005;0.022;0.015;0.01;0.034;0.015;0.027
707;-0.005;-0.002;0;0.002;-0.005;-0.002;0;0.005;0.022;0.01;0.005;0.029;0.002;0.015
708;-0.005;0;-0.005;0.002;-0.005;-0.005;0;0.005;0.022;0.012;0.01;0.032;0.01;0.027
709;-0.005;-0.002;0;0.005;-0.002;-0.002;0;0.005;0.024;0.012;0.007;0.034;0.01;0.017
710;-0.005;0;-0.007;0.002;-0.005;-0.002;0;0.005;0.022;0.012;0.002;0.032;0.01;0.024
711;-0.005;-0.002;-0.002;0.005;-0.002;-0.002;0.002;0.005;0.024;0.012;0.007;0.034;0.007;0.024
712;-0.005;-0.002;-0.002;0.002;-0.005;-0.002;0;0.005;0.022;0.012;0.007;0.032;0.012;0.024
713;-0.005;0;-0.002;0.002;-0.002;0;0;0.005;0.022;0.012;0.007;0.032;0.007;0.02
714;-0.005;0;-0.005;0.005;-0.002;-0.002;-0.002;0.005;0.022;0.01;0.005;0.034;-0.002;0.015
715;-0.005;-0.002;-0.002;0.002;-0.005;-0.002;-0.002;0.002;0.022;0.012;0.007;0.032;0.007;0.022
716;-0.005;-0.002;0;0.002;-0.005;-0.005;0;0.005;0.022;0.012;0.005;0.032;0.012;0.022
717;-0.005;0;-0.007;0;-0.005;-0.002;0.002;0.005;0.02;0.015;0.007;0.034;0.015;0.027
718;-0.005;0.002;-0.005;0.005;-0.002;-0.005;-0.002;0.002;0.022;0.012;0.007;0.027;0.005;0.02
719;-0.007;-0.005;0.002;0.002;-0.002;-0.002;-0.002;0.005;0.02;0.012;0.002;0.032;0.012;0.02
720;-0.002;-0.005;-0.002;0.002;-0.005;-0.002;0;0.005;0.022;0.012;0.005;0.034;0.007;0.024
721;-0.007;0.002;-0.005;0.002;-0.005;-0.002;-0.002;0.005;0.02;0.015;0.007;0.032;0.007;0.022
722;-0.005;0;-0.002;0.002;-0.005;-0.005;0;0.005;0.022;0.012;0.007;0.034;0.01;0.022
723;-0.002;-0.002;0.002;0.005;-0.002;-0.002;0.002;0.005;0.02;0.01;0.005;0.032;0.002;0.015
724;-0.005;-0.002;-0.005;0.002;-0.005;-0.002;0;0.005;0.022;0.015;0.01;0.034;0.015;0.024
725;-0.002;-0.005;0.002;0.002;-0.002;0;0.002;0.002;0.02;0.01;0.002;0.029;0.007;0.02
726;-0.005;-0.002;-0.002;0.002;-0.007;-0.002;0.002;0.007;0.022;0.012;0.005;0.032;0.01;0.022
727;-0.005;-0.002;-0.002;0.005;-0.002;-0.002;0;0.007;0.02;0.01;0.005;0.032;0;0.017
728;-0.002;-0.002;0;0.002;-0.005;-0.002;0.002;0.007;0.024;0.012;0.005;0.032;0.012;0.022
729;-0.005;-0.002;-0.002;0.005;-0.005;-0.002;0;0.005;0.02;0.012;0.007;0.032;0.002;0.022
730;-0.005;0;-0.002;0.002;-0.005;-0.005;0;0.005;0.022;0.012;0.005;0.032;0.007;0.022
731;-0.007;-0.005;-0.005;0.005;-0.005;-0.002;0;0.002;0.02;0.012;0.007;0.029;0.017;0.027
732;-0.005;-0.002;-0.005;0.002;-0.002;-0.002;0.002;0.005;0.02;0.012;0.007;0.032;0;0.017
733;-0.007;-0.002;-0.002;0.005;-0.002;0;0.002;0.007;0.02;0.01;0.007;0.029;0.015;0.024
734;-0.005;-0.002;-0.002;0.005;-0.005;-0.002;0;0.002;0.022;0.012;0.005;0.029;0.002;0.015
735;-0.005;-0.002;-0.007;0.005;-0.002;-0.002;0;0.007;0.022;0.012;0.005;0.032;0.007;0.022
736;-0.002;-0.002;-0.002;0.002;-0.005;-0.005;0;0.005;0.022;0.01;0.005;0.029;0.005;0.02
737;-0.002;-0.002;0;0;-0.005;-0.002;-0.002;0.007;0.02;0.012;0.007;0.034;0.01;0.022
738;-0.005;0;-0.002;0.002;-0.005;-0.002;0;0.007;0.024;0.012;0.005;0.032;0.01;0.024
739;-0.007;-0.005;-0.005;0.002;-0.005;-0.005;0;0.005;0.02;0.012;0.007;0.029;0.007;0.015
740;-0.005;0;-0.007;0.002;-0.005;-0.005;0;0.005;0.022;0.012;0.007;0.034;0.017;0.027
741;-0.005;-0.005;0;0.002;-0.005;-0.002;0.002;0.007;0.02;0.01;0.005;0.032;0.005;0.017
742;-0.007;-0.002;0;0.002;-0.002;-0.002;0.002;0.005;0.02;0.012;0.007;0.029;0.005;0.015
743;-0.005;-0.002;-0.005;0.002;-0.005;0;0.002;0.005;0.022;0.012;0.01;0.032;0.015;0.022
744;-0.005;-0.002;-0.005;0;-0.007;-0.002;0;0.007;0.024;0.015;0.01;0.032;0.01;0.024
745;-0.005;-0.005;-0.005;0.002;-0.002;-0.002;0.002;0.005;0.022;0.012;0.005;0.029;0.005;0.02
746;-0.005;-0.002;0;0.002;-0.005;-0.005;0.002;0.005;0.02;0.01;0.002;0.029;0.002;0.015
747;-0.007;-0.005;-0.005;0;-0.005;-0.002;0;0.005;0.024;0.012;0.007;0.029;0.01;0.022
748;-0.005;-0.005;-0.005;0;-0.005;-0.002;-0.002;0.005;0.02;0.012;0.007;0.029;0.007;0.02
749;-0.005;-0.005;-0.002;0.005;-0.005;-0.005;0;0.002;0.022;0.01;0.005;0.032;0.017;0.024
750;-0.007;-0.002;-0.005;0.002;-0.002;-0.002;0.002;0.007;0.022;0.012;0.007;0.032;0.005;0.02
751;-0.005;-0.002;-0.005;0.002;-0.005;-0.002;-0.002;0.005;0.024;0.015;0.01;0.034;0.01;0.022
752;-0.007;-0.005;0.002;0.002;-0.005;-0.002;0;0.002;0.022;0.01;0.007;0.029;0.01;0.017
753;-0.005;-0.002;-0.005;0;-0.002;-0.002;0;0.005;0.022;0.012;0.005;0.032;0.012;0.024
754;-0.005;-0.002;-0.005;0.002;-0.002;-0.002;0;0.005;0.024;0.015;0.012;0.034;0.01;0.022
755;-0.007;-0.002;0;0.002;-0.005;-0.005;0;0.005;0.02;0.01;0.002;0.029;0.015;0.02
756;-0.005;-0.002;-0.005;0.002;-0.005;-0.002;0;0.005;0.02;0.012;0.007;0.034;0.002;0.017
757;-0.005;-0.002;-0.005;0.002;-0.005;-0.005;0;0.005;0.022;0.015;0.005;0.032;0.01;0.02
758;-0.005;-0.002;-0.002;0.002;-0.005;-0.005;0.002;0.005;0.02;0.012;0.005;0.029;0.015;0.022
759;-0.007;-0.002;-0.002;0.002;-0.002;-0.005;0;0.005;0.02;0.01;0.005;0.032;0.002;0.015
760;-0.007;-0.002;-0.002;0.002;-0.005;-0.005;-0.002;0.005;0.022;0.012;0.005;0.032;0.01;0.02
761;-0.002;0;-0.002;0.002;-0.005;-0.002;0;0.005;0.022;0.015;0.01;0.029;0.01;0.02
762;-0.005;-0.002;-0.002;0.002;-0.005;-0.005;0;0.005;0.022;0.012;0.005;0.032;0.007;0.02
763;-0.005;-0.002;-0.007;0.002;-0.005;-0.002;0;0.007;0.022;0.012;0.007;0.032;0.012;0.024
764;-0.005;-0.005;0;0.007;-0.002;-0.002;0;0.005;0.022;0.01;0.005;0.029;0.012;0.017
765;-0.005;-0.002;-0.005;0.002;-0.007;-0.005;0;0.002;0.024;0.012;0.005;0.032;0.005;0.022
766;-0.005;0;-0.005;0.005;-0.005;-0.002;0;0.005;0.022;0.015;0.007;0.029;0.01;0.022
767;-0.005;-0.002;0;0.002;-0.007;-0.002;0;0.005;0.022;0.012;0.005;0.032;0.017;0.022
768;-0.005;-0.005;-0.002;0.005;-0.005;-0.002;0;0.005;0.022;0.015;0.01;0.032;0.005;0.02
769;-0.007;-0.002;-0.005;0.005;-0.002;-0.002;0;0.005;0.022;0.012;0.01;0.034;0.017;0.024
770;-0.005;-0.002;-0.002;0.005;-0.005;-0.002;0.002;0.005;0.022;0.015;0.007;0.032;0.01;0.02
771;-0.005;-0.005;-0.002;0.005;-0.005;-0.002;0;0.005;0.024;0.012;0.007;0.029;0.002;0.02
772;-0.005;-0.002;0;0.002;-0.005;-0.005;0;0.005;0.022;0.015;0.005;0.032;0.01;0.022
773;-0.005;-0.002;-0.002;0.002;-0.005;-0.002;0;0.005;0.022;0.012;0.01;0.032;0.007;0.022
774;-0.002;-0.002;-0.002;0.002;-0.002;-0.002;0;0.005;0.022;0.012;0.007;0.029;0.007;0.024
775;-0.005;0;-0.002;0.005;-0.002;-0.005;0;0.005;0.022;0.017;0.005;0.029;0.017;0.027
776;-0.002;0;-0.002;0.002;-0.002;-0.002;0;0.007;0.024;0.015;0.007;0.032;0;0.02
777;-0.002;-0.002;-0.002;0.002;-0.005;-0.002;-0.002;0.005;0.022;0.012;0.007;0.029;0.01;0.022
778;-0.002;0;-0.002;0.005;-0.005;-0.002;0;0.007;0.024;0.012;0.01;0.032;0.02;0.024
779;-0.002;0;-0.002;0.002;-0.005;-0.002;0.002;0.007;0.022;0.012;0.007;0.032;0.01;0.02
780;-0.002;0;-0.007;0.002;-0.005;-0.002;0;0.005;0.024;0.012;0.01;0.032;0.005;0.02
781;-0.005;-0.002;0.002;0.005;-0.005;-0.002;-0.002;0.005;0.022;0.01;0.005;0.029;0.015;0.02
782;-0.005;-0.002;-0.002;0.002;-0.005;-0.005;0;0.005;0.022;0.012;0.007;0.032;0.01;0.022
783;-0.007;0;-0.002;0.005;-0.005;-0.002;0.002;0.005;0.02;0.01;0.007;0.029;0.007;0.02
784;-0.005;0;-0.005;0;-0.002;-0.002;0;0.005;0.024;0.015;0.01;0.034;0.01;0.022
785;-0.01;-0.002;0;0.005;-0.005;-0.005;0;0.005;0.022;0.012;0.007;0.029;0.002;0.015
786;-0.005;0;0;0.002;-0.005;-0.002;0.002;0.005;0.022;0.012;0.007;0.032;0.015;0.022
787;-0.007;-0.002;-0.002;0.005;-0.002;0;0.002;0.005;0.022;0.01;0.005;0.029;0.012;0.022
788;-0.005;-0.002;-0.002;0.002;-0.002;-0.002;0;0.007;0.022;0.012;0.007;0.032;0.012;0.022
789;-0.002;0;-0.005;0.005;-0.005;-0.002;0;0.005;0.024;0.012;0.007;0.032;0.015;0.024
790;-0.007;-0.002;0;0.002;-0.005;-0.002;0;0.005;0.022;0.01;0.005;0.027;-0.005;0.01
791;-0.005;0;-0.002;0.002;-0.007;-0.005;0;0.005;0.022;0.012;0.01;0.032;0.012;0.024
792;-0.005;-0.002;-0.002;0.005;-0.005;-0.002;0;0.005;0.024;0.015;0.007;0.032;0.015;0.024
793;-0.005;-0.002;-0.002;0.005;-0.005;-0.002;0.002;0.005;0.024;0.012;0.007;0.032;0.012;0.02
794;-0.007;-0.005;-0.005;0.002;-0.005;-0.002;0;0.005;0.024;0.012;0.007;0.029;0.005;0.02
795;-0.007;-0.002;-0.002;0.002;-0.005;-0.002;0;0.005;0.022;0.012;0.007;0.029;0.005;0.02
796;-0.005;0;-0.002;0.002;-0.005;-0.005;0.002;0.002;0.022;0.015;0.01;0.032;0.01;0.02
797;-0.005;-0.002;-0.005;0.002;-0.002;0;0.002;0.007;0.024;0.012;0.007;0.032;0.01;0.02
798;-0.005;-0.002;-0.002;0.005;-0.005;-0.002;0.002;0.005;0.022;0.012;0.01;0.032;0.007;0.022
799;-0.005;-0.002;-0.005;0.002;-0.005;-0.005;0;0.005;0.022;0.012;0.007;0.032;0.012;0.022
800;-0.007;-0.002;-0.002;0.002;-0.005;-0.002;0.002;0.007;0.024;0.012;0.007;0.032;0.002;0.02
801;-0.007;-0.002;0;0.002;-0.002;-0.005;0;0.005;0.022;0.015;0.01;0.032;0.012;0.022
802;-0.007;0;-0.005;0.002;-0.005;-0.005;0;0.005;0.02;0.01;0.007;0.029;0.007;0.02
803;-0.005;0;-0.005;0.002;-0.007;-0.002;0;0.007;0.022;0.012;0.007;0.032;0.01;0.02
804;-0.005;0;0;0.005;-0.005;-0.005;0;0.005;0.022;0.012;0.005;0.029;0.017;0.024
805;-0.005;-0.002;-0.005;0.002;-0.002;-0.002;0.002;0.005;0.024;0.012;0.007;0.032;0.005;0.02
806;-0.005;0;-0.005;0.002;-0.005;-0.002;0;0.005;0.022;0.012;0.007;0.032;0.01;0.02
807;-0.007;-0.002;-0.002;0.002;-0.005;-0.002;0;0.005;0.027;0.012;0.007;0.032;0.012;0.022
808;-0.005;-0.002;-0.005;0.002;-0.005;-0.002;0;0.005;0.022;0.012;0.01;0.032;-0.002;0.017
809;-0.005;-0.005;-0.005;0.002;-0.002;-0.005;0;0.005;0.022;0.01;0.007;0.029;0.012;0.02
810;-0.007;-0.002;-0.002;0.005;-0.002;-0.002;0;0.002;0.02;0.01;0.007;0.032;0.002;0.02
811;-0.007;-0.002;0;0.002;-0.002;-0.005;0;0.002;0.024;0.01;0.007;0.032;0.01;0.02
812;-0.007;-0.005;-0.002;0.002;-0.002;-0.002;0;0.007;0.022;0.012;0.007;0.029;0.007;0.02
813;-0.007;-0.002;-0.002;0.002;-0.005;-0.002;0;0.005;0.022;0.01;0.007;0.032;0.01;0.02
814;-0.007;-0.005;-0.002;0.002;-0.005;-0.002;0;0.002;0.02;0.017;0.005;0.032;0.017;0.022
815;-0.005;-0.002;-0.002;0;-0.002;-0.002;0.002;0.005;0.022;0.015;0.01;0.032;0.002;0.02
816;-0.007;-0.002;-0.005;0.002;-0.005;-0.005;0.002;0.002;0.024;0.01;0.007;0.029;0.01;0.02
817;-0.007;-0.002;-0.002;0.002;-0.002;-0.002;0;0.005;0.022;0.012;0.007;0.032;0.012;0.02
818;-0.005;0;-0.005;0;-0.002;-0.005;0;0.007;0.022;0.012;0.007;0.029;0.012;0.02
819;-0.005;-0.002;-0.005;0.005;-0.002;-0.005;0.002;0.002;0.022;0.012;0.007;0.029;0.007;0.02
820;-0.007;-0.005;-0.005;0.005;-0.005;-0.002;0;0.005;0.022;0.012;0.005;0.032;0.01;0.02
821;-0.005;-0.002;-0.005;0.002;-0.005;-0.002;0;0.005;0.022;0.015;0.005;0.029;0.015;0.022
822;-0.005;0;-0.002;0.002;-0.005;-0.005;0;0.005;0.02;0.01;0.002;0.027;0.002;0.017
823;-0.005;-0.002;-0.002;0.002;-0.005;-0.005;0.002;0.005;0.022;0.015;0.007;0.032;0.01;0.02
824;-0.002;-0.005;-0.002;0;-0.005;-0.002;0;0.005;0.022;0.012;0.007;0.032;0.007;0.017
825;-0.005;-0.002;-0.002;0;-0.005;-0.002;-0.002;0.005;0.02;0.012;0.005;0.029;0.012;0.02
826;-0.005;0;-0.002;0.005;-0.005;-0.002;0.002;0.005;0.022;0.015;0.007;0.034;0.002;0.02
827;-0.005;-0.002;0;0.002;-0.005;-0.002;0;0.005;0.022;0.015;0.007;0.032;0.01;0.02
828;-0.002;0;-0.005;0;-0.005;-0.002;0.002;0.002;0.022;0.015;0.01;0.034;0.01;0.02
829;-0.005;-0.005;0.002;0.005;-0.002;-0.005;0;0.002;0.024;0.012;0.005;0.029;0.012;0.02
830;-0.005;0;-0.005;0.002;-0.002;-0.002;0;0.005;0.022;0.01;0.007;0.032;0.012;0.022
831;-0.005;-0.002;0;0.005;-0.005;-0.002;0.002;0.007;0.022;0.012;0.007;0.032;0.007;0.022
832;-0.005;0;-0.002;0.005;-0.002;-0.005;0;0.005;0.02;0.01;0.005;0.032;0.012;0.02
833;-0.005;0;-0.002;0.002;-0.002;-0.005;0;0.002;0.02;0.012;0.005;0.029;0.007;0.02
834;-0.005;0;-0.002;0.005;-0.002;-0.002;0;0.005;0.022;0.012;0.007;0.032;0.01;0.022
835;-0.002;-0.002;-0.002;0.002;-0.002;-0.005;-0.002;0.007;0.022;0.015;0.005;0.032;0.002;0.017
836;-0.002;0;0;0.002;-0.002;-0.005;0.002;0.005;0.02;0.012;0.005;0.032;0.007;0.02
837;-0.005;0;-0.005;0.005;-0.005;-0.002;0;0.005;0.024;0.015;0.007;0.029;0.012;0.022
838;-0.005;-0.002;-0.005;0.002;-0.002;-0.002;0;0.005;0.02;0.017;0.01;0.032;0.005;0.02
839;-0.005;-0.005;0;0.005;-0.002;-0.005;0;0.002;0.022;0.01;0.005;0.029;0.017;0.022
840;-0.005;0;0;0.005;-0.002;-0.002;0;0;0.022;0.012;0.01;0.032;0.005;0.017
841;-0.005;-0.002;-0.002;0.002;-0.005;-0.002;0;0.005;0.02;0.01;0.002;0.029;0.002;0.02
842;-0.005;0;-0.002;0.002;-0.002;-0.005;0;0.005;0.02;0.012;0.005;0.029;0.015;0.022
843;-0.005;-0.002;-0.002;0.002;-0.002;-0.002;0;0.002;0.022;0.012;0.007;0.032;0.015;0.024
844;-0.005;-0.002;0;0.002;-0.005;-0.002;0;0.005;0.022;0.012;0.007;0.032;-0.005;0.01
845;-0.005;0;-0.002;0.002;-0.002;-0.002;0;0.005;0.02;0.012;0.007;0.029;0.012;0.022
846;-0.005;0;-0.005;0.002;-0.005;-0.002;0;0.005;0.022;0.012;0.007;0.032;0.002;0.02
847;-0.007;-0.005;-0.005;0;-0.005;-0.002;0;0.005;0.022;0.012;0.007;0.032;0.02;0.024
848;-0.002;-0.002;-0.002;0.002;-0.002;-0.002;0;0.005;0.022;0.012;0.01;0.029;0.005;0.02
849;-0.005;0;-0.002;0.005;-0.002;-0.002;0;0.002;0.022;0.012;0.005;0.032;0.01;0.022
850;-0.005;0;-0.002;0.002;-0.005;-0.002;0;0.005;0.024;0.012;0.005;0.029;0.002;0.02
851;-0.005;0;-0.002;0;-0.005;-0.002;0;0.005;0.02;0.012;0.002;0.029;0.002;0.02
852;-0.005;-0.002;-0.002;0.002;-0.005;-0.002;-0.002;0.005;0.02;0.01;0.005;0.029;0.02;0.029
853;-0.005;-0.002;-0.005;0.002;-0.005;-0.002;0;0.005;0.02;0.012;0.005;0.032;0.007;0.02
854;-0.007;-0.002;-0.002;0.002;-0.005;-0.002;0.002;0.005;0.022;0.012;0.005;0.032;0.012;0.02
855;-0.005;-0.002;-0.005;0;-0.005;-0.002;0;0.007;0.022;0.012;0.007;0.034;0.005;0.022
856;-0.007;-0.005;0.002;0.002;-0.005;-0.002;0.002;0.005;0.022;0.01;0.005;0.029;0.007;0.02
857;-0.005;-0.002;0;0;-0.002;0;0.002;0.005;0.02;0.01;0.005;0.032;0.007;0.022
858;-0.007;0;-0.002;0.002;-0.005;-0.002;0;0.007;0.022;0.012;0.007;0.032;0.01;0.022
859;-0.005;-0.002;-0.005;0.002;-0.002;-0.002;0.002;0.007;0.02;0.015;0.007;0.032;0.015;0.022
860;-0.007;-0.002;-0.002;0.005;-0.002;-0.002;0;0.002;0.017;0.007;0.002;0.029;0.01;0.02
861;-0.007;0;-0.007;0.002;-0.002;-0.002;0.002;0.005;0.02;0.01;0.007;0.032;0.005;0.024
862;-0.007;-0.002;-0.005;0.002;-0.002;-0.002;0;0.002;0.022;0.012;0.007;0.034;0.002;0.017
863;-0.007;-0.002;-0.005;0.002;-0.005;-0.002;0;0.005;0.024;0.012;0.007;0.034;0.007;0.022
864;-0.005;-0.002;-0.005;0;-0.005;-0.002;0;0.002;0.02;0.012;0.007;0.032;0.015;0.022
865;-0.005;-0.002;-0.002;0;-0.002;-0.002;0;0.005;0.024;0.01;0.007;0.032;0.005;0.017
866;-0.005;-0.005;-0.005;0.002;-0.005;-0.005;0;0.005;0.022;0.01;0.007;0.032;0.007;0.02
867;-0.002;-0.002;-0.005;0;-0.005;-0.005;0;0.005;0.02;0.01;0.005;0.029;0.01;0.02
868;-0.002;-0.002;-0.005;0.002;-0.005;-0.002;0;0.002;0.022;0.012;0.01;0.032;0.007;0.022
869;-0.007;0;-0.002;0;-0.005;-0.002;0;0.005;0.022;0.01;0.007;0.032;0.01;0.022
870;-0.005;-0.002;-0.005;0.002;-0.005;-0.005;0;0.007;0.022;0.015;0.007;0.034;0.01;0.02
871;-0.005;-0.002;-0.002;0.002;-0.002;0;-0.002;0.005;0.022;0.01;0.005;0.032;0.007;0.017
872;-0.005;-0.005;-0.005;0.002;-0.005;-0.002;0;0.005;0.02;0.012;0.007;0.032;0.015;0.024
873;-0.007;-0.002;-0.005;0.002;-0.005;-0.002;0.002;0.005;0.02;0.01;0.007;0.029;0.002;0.022
874;-0.002;-0.005;-0.002;0.002;-0.002;-0.002;0;0.005;0.02;0.015;0.007;0.037;0.007;0.022
875;-0.007;-0.002;-0.005;0.002;-0.005;-0.002;0;0.002;0.02;0.015;0.007;0.029;0.01;0.02
876;-0.007;-0.002;-0.005;0.002;-0.005;-0.002;0;0.005;0.02;0.012;0.007;0.034;0.005;0.022
877;-0.007;-0.002;-0.005;0.002;-0.007;-0.005;0;0.005;0.022;0.012;0.005;0.032;0.01;0.024
878;-0.007;-0.002;-0.002;0.002;-0.002;-0.002;0.002;0.005;0.02;0.015;0.007;0.032;0.007;0.02
879;-0.007;-0.005;-0.002;0.005;-0.005;-0.002;0;0.007;0.024;0.015;0.007;0.034;0.01;0.024
880;-0.005;-0.002;-0.002;0.002;-0.005;0;0;0.005;0.022;0.012;0.007;0.032;0.01;0.022
881;-0.005;-0.002;-0.002;0.002;-0.005;-0.002;0;0.005;0.022;0.012;0.007;0.034;0.007;0.022
882;-0.005;-0.002;-0.005;0.005;-0.005;-0.002;0.002;0.007;0.022;0.012;0.007;0.032;0.01;0.022
883;-0.007;-0.002;-0.002;0.005;-0.005;-0.002;0;0.005;0.022;0.007;0.005;0.032;0.005;0.017
884;-0.005;-0.002;-0.002;0.002;-0.002;-0.002;0.002;0.005;0.02;0.007;0.005;0.032;0.015;0.027
885;-0.005;-0.002;-0.002;0.002;-0.005;-0.002;0;0.005;0.02;0.012;0.007;0.032;0.007;0.024
886;-0.005;-0.002;0;0.007;-0.005;-0.005;0;0.005;0.022;0.012;0.007;0.034;0.007;0.022
887;-0.005;0;-0.002;0.002;-0.002;-0.002;0.002;0.005;0.022;0.012;0.007;0.032;0.007;0.022
888;-0.007;0;0;0.005;-0.002;-0.005;0.002;0.007;0.022;0.012;0.005;0.029;0.01;0.022
889;-0.005;0;-0.005;0.002;-0.005;0;0;0.005;0.022;0.015;0.005;0.032;0.017;0.027
890;-0.005;-0.002;-0.005;0.002;-0.002;-0.002;0.002;0.002;0.022;0.015;0.01;0.034;0.007;0.022
891;-0.005;-0.002;-0.002;0.002;-0.005;0;0.002;0.002;0.022;0.012;0.007;0.032;0.017;0.027
892;-0.005;-0.005;0;0.005;-0.005;-0.005;0;0.005;0.024;0.012;0.002;0.029;-0.002;0.017
893;-0.005;0;-0.002;0.005;-0.002;-0.005;0;0.002;0.022;0.015;0.01;0.034;0.007;0.022
894;-0.002;-0.005;0;0.005;-0.002;-0.002;0.002;0.005;0.024;0.012;0.007;0.032;0.007;0.017
895;-0.002;0;-0.002;0.005;-0.005;-0.002;0;0.005;0.022;0.015;0.01;0.034;0.017;0.027
896;-0.007;0;-0.002;0.005;-0.005;-0.002;0;0.005;0.022;0.012;0.01;0.032;0.007;0.02
897;-0.002;-0.002;-0.002;0.005;-0.005;-0.002;0.002;0.005;0.022;0.012;0.005;0.032;0.012;0.022
898;-0.005;0;0;0.005;-0.002;-0.002;0.005;0.002;0.024;0.015;0.007;0.034;0.005;0.017
899;-0.005;0;-0.002;0.005;-0.005;-0.002;0;0.005;0.022;0.012;0.005;0.032;0.012;0.022
900;-0.005;0;-0.002;0.005;-0.005;-0.002;0.002;0.005;0.022;0.012;0.007;0.032;0;0.02
901;-0.005;-0.002;-0.002;0.005;-0.005;-0.005;0;0.005;0.024;0.012;0.007;0.032;0.022;0.029
902;-0.005;0;0;0.002;-0.005;-0.002;0;0.007;0.027;0.015;0.01;0.037;0;0.015
903;-0.005;-0.002;-0.002;0.002;-0.005;-0.002;0;0.005;0.022;0.012;0.007;0.032;0.007;0.02
904;-0.005;-0.002;-0.002;0.005;-0.005;-0.005;0;0.005;0.02;0.012;0.007;0.029;0.005;0.017
905;-0.002;-0.002;0;0.005;-0.005;-0.002;0;0.005;0.02;0.012;0.007;0.032;0.022;0.029
906;-0.005;-0.002;-0.002;0.002;-0.005;-0.002;0;0.005;0.022;0.012;0.005;0.032;-0.005;0.015
907;-0.005;-0.002;-0.002;0.002;-0.005;-0.005;0;0.005;0.022;0.012;0.005;0.029;0.007;0.02
908;-0.005;-0.002;-0.002;0.002;-0.005;-0.002;-0.002;0.005;0.022;0.015;0.007;0.032;0.02;0.027
909;-0.002;-0.002;-0.002;0.005;-0.005;-0.002;0;0.005;0.022;0.015;0.01;0.029;0;0.017
910;-0.005;-0.005;0;0.002;-0.005;0;0.002;0.005;0.022;0.01;0.01;0.032;0.007;0.022
911;-0.005;0;-0.005;0.002;-0.002;-0.002;0;0.005;0.022;0.015;0.01;0.032;0.015;0.024
912;-0.005;-0.002;0;0.005;-0.002;-0.002;0;0.005;0.022;0.01;0.005;0.032;0.005;0.015
913;-0.005;-0.005;-0.002;0.002;-0.007;-0.002;0;0.005;0.022;0.012;0.007;0.029;0.017;0.024
914;-0.005;-0.002;-0.005;0.002;-0.005;-0.002;0.002;0.005;0.022;0.012;0.01;0.034;0.01;0.022
915;-0.005;-0.002;-0.007;0.005;-0.005;-0.002;0;0.005;0.022;0.012;0.005;0.032;0.01;0.022
916;-0.007;-0.005;-0.005;0.005;-0.005;-0.002;0;0.005;0.02;0.012;0.007;0.029;0.005;0.022
917;-0.005;-0.002;-0.005;0.002;-0.005;-0.002;-0.002;0.005;0.024;0.015;0.01;0.032;0.012;0.024
918;-0.007;-0.005;-0.002;0.002;-0.005;-0.005;0;0.005;0.02;0.012;0.005;0.032;0.01;0.02
919;-0.005;-0.002;-0.005;0.005;-0.002;-0.002;0;0.005;0.024;0.015;0.007;0.032;0.007;0.02
920;-0.005;0;-0.007;0;-0.005;-0.002;0;0.005;0.027;0.017;0.01;0.034;0.007;0.022
921;-0.007;-0.005;0;0.002;-0.005;-0.002;0;0.007;0.022;0.01;0.005;0.029;0.005;0.017
922;-0.007;-0.002;-0.007;0;-0.002;-0.005;0;0.002;0.022;0.012;0.007;0.029;0.01;0.024
923;-0.005;-0.005;-0.002;0.002;-0.002;-0.002;0;0.007;0.022;0.012;0.007;0.032;0.017;0.027
924;-0.005;-0.002;-0.005;0.002;-0.005;-0.002;0;0.005;0.024;0.012;0.007;0.034;0.01;0.022
925;-0.005;-0.005;-0.005;0.002;-0.005;-0.002;0;0.005;0.024;0.015;0.007;0.032;0.002;0.02
926;-0.005;-0.005;-0.005;0.002;-0.005;-0.002;-0.002;0.005;0.022;0.015;0.007;0.034;0.01;0.024
927;-0.007;-0.002;-0.005;0;-0.005;-0.005;0.002;0.005;0.022;0.012;0.007;0.029;0.01;0.02
928;-0.005;-0.002;-0.002;0.002;-0.002;-0.002;0.002;0.005;0.022;0.015;0.007;0.032;0.01;0.02
929;-0.005;-0.002;-0.007;-0.002;-0.002;0;0.002;0.007;0.022;0.012;0.007;0.032;0.01;0.024
930;-0.005;-0.005;-0.002;0.002;-0.005;-0.002;0;0.002;0.02;0.01;0.005;0.027;0.007;0.015
931;-0.005;-0.005;-0.005;0;-0.002;-0.002;0;0.005;0.02;0.012;0.005;0.029;0.007;0.022
932;-0.01;-0.002;-0.005;0.005;-0.002;-0.002;0;0.005;0.022;0.01;0.005;0.029;0;0.017
933;-0.002;-0.002;-0.002;0.002;-0.005;-0.002;0;0.005;0.02;0.012;0.007;0.032;0.015;0.022
934;-0.007;-0.002;-0.005;0;-0.002;-0.002;0;0.005;0.022;0.012;0.005;0.032;0.01;0.022
935;-0.005;-0.002;-0.002;0.002;-0.002;-0.002;0.002;0.005;0.022;0.01;0.005;0.032;0.007;0.02
936;-0.005;-0.002;0;0.002;-0.005;-0.002;0;0.002;0.022;0.012;0.007;0.029;0.007;0.02
937;-0.007;-0.002;-0.005;0.002;-0.002;-0.002;0;0.005;0.024;0.012;0.007;0.032;0.012;0.022
938;-0.005;-0.002;-0.005;0.002;-0.002;-0.002;0.002;0.005;0.022;0.012;0.007;0.032;0.005;0.02
939;-0.007;-0.005;-0.002;0.002;-0.002;-0.002;0;0.005;0.024;0.01;0.007;0.029;0.015;0.024
940;-0.007;-0.002;-0.005;0;-0.005;0;0.002;0.002;0.022;0.012;0.007;0.032;0.002;0.017
941;-0.005;-0.002;-0.002;0.002;-0.005;-0.002;0;0.005;0.024;0.012;0.005;0.032;0.007;0.02
942;-0.002;-0.002;-0.002;0.005;-0.005;-0.002;0;0.007;0.024;0.012;0.007;0.029;0.007;0.02
943;-0.007;-0.002;0;0.005;-0.005;-0.002;-0.002;0.005;0.022;0.012;0.007;0.032;0.007;0.02
944;-0.005;-0.002;-0.005;0.005;-0.002;-0.002;0;0.005;0.022;0.012;0.01;0.034;0.007;0.02
945;-0.005;-0.002;-0.005;0.005;-0.005;-0.002;0;0.005;0.022;0.012;0.007;0.032;0.007;0.02
946;-0.005;0;-0.007;0.002;-0.002;-0.002;0;0.005;0.022;0.015;0.01;0.034;0.022;0.032
947;-0.002;-0.007;0;0.005;-0.002;-0.002;0;0.005;0.022;0.01;0.005;0.032;-0.002;0.012
948;-0.005;-0.002;-0.002;0.002;-0.002;-0.002;0;0.005;0.022;0.01;0.007;0.032;0.007;0.022
949;-0.005;-0.002;-0.002;0.002;-0.005;-0.005;0;0.005;0.024;0.015;0.01;0.032;0.015;0.024
950;-0.005;-0.002;-0.002;0.002;-0.005;-0.002;0;0.002;0.022;0.012;0.007;0.029;0.01;0.022
951;-0.005;-0.002;-0.002;0.002;-0.002;0;0;0.005;0.022;0.015;0.005;0.032;0;0.017
952;-0.005;0;-0.002;0.005;-0.005;-0.005;0.002;0.007;0.024;0.012;0.007;0.032;0.005;0.017
953;-0.005;-0.002;-0.002;0.002;-0.005;-0.002;0;0.005;0.024;0.012;0.007;0.027;0.007;0.02
954;-0.005;-0.002;0;0.002;-0.002;-0.002;0;0.007;0.022;0.012;0.007;0.029;0.01;0.022
955;-0.005;-0.002;-0.002;0.002;-0.002;-0.002;0.002;0.005;0.022;0.012;0.01;0.034;0.02;0.027
956;-0.005;-0.002;0;0.005;-0.005;-0.002;0;0.002;0.024;0.012;0.007;0.032;0.002;0.017
957;-0.005;-0.002;-0.002;0.002;-0.002;-0.002;0;0.005;0.022;0.012;0.007;0.029;0.017;0.027
958;-0.002;-0.002;-0.002;0.005;-0.005;-0.002;0;0.007;0.024;0.015;0.01;0.034;0.002;0.02
959;-0.005;-0.002;-0.002;0.005;-0.005;-0.005;0;0.005;0.022;0.012;0.01;0.032;0.017;0.027
960;-0.005;-0.002;-0.005;0.005;-0.005;-0.005;0.002;0.002;0.024;0.01;0.007;0.029;0;0.017
961;-0.005;-0.002;-0.005;0.005;-0.002;-0.005;0;0.005;0.024;0.012;0.007;0.029;0.007;0.022
962;-0.005;0;-0.002;0.002;-0.005;-0.005;0;0.005;0.024;0.015;0.007;0.032;0.007;0.022
963;-0.005;-0.002;-0.002;0.002;-0.005;-0.002;0.002;0.005;0.02;0.015;0.007;0.032;0.01;0.022
964;-0.005;-0.002;-0.002;0.002;-0.007;-0.002;0.002;0.005;0.024;0.017;0.01;0.032;0.007;0.017
965;-0.005;0;-0.005;0.005;-0.005;0;0;0.005;0.02;0.012;0.007;0.029;0.012;0.022
966;-0.005;-0.002;-0.002;0.002;-0.005;-0.002;0.002;0.005;0.024;0.012;0.007;0.029;0.005;0.02
967;-0.005;-0.002;-0.002;0.002;-0.002;-0.002;0;0.005;0.02;0.01;0.007;0.034;0.01;0.022
968;-0.007;-0.005;0.002;0.005;-0.005;-0.002;0;0.005;0.022;0.015;0.007;0.029;0.012;0.02
969;-0.005;0;-0.002;0;-0.005;-0.002;0;0.002;0.022;0.012;0.01;0.034;0.007;0.022
970;-0.005;-0.002;-0.005;0.002;-0.002;-0.002;-0.002;0.005;0.024;0.012;0.007;0.032;0.005;0.02
971;-0.007;-0.002;-0.002;0.002;-0.002;-0.002;0;0.005;0.022;0.012;0.005;0.032;0.015;0.022
972;-0.005;-0.002;-0.005;0.005;-0.002;-0.005;0;0.005;0.022;0.012;0.007;0.029;0.005;0.02
973;-0.005;0;-0.005;0.002;-0.005;-0.002;0;0.005;0.022;0.012;0.01;0.032;0.007;0.024
974;-0.005;-0.002;0;0.005;-0.002;-0.002;0;0.005;0.02;0.012;0.005;0.032;0.005;0.015
975;-0.002;-0.002;-0.002;0.002;-0.002;-0.002;0.002;0.005;0.017;0.012;0.007;0.032;0.007;0.02
976;-0.005;-0.005;-0.005;0.002;-0.002;0;0;0.005;0.02;0.015;0.005;0.029;0.017;0.022
977;-0.005;-0.002;-0.005;0.002;-0.005;-0.002;0;0.005;0.02;0.015;0.007;0.032;0.01;0.024
978;-0.005;0;-0.002;0.002;-0.005;-0.002;0.002;0.007;0.024;0.012;0.005;0.032;0.002;0.022
979;-0.005;-0.005;0;0;-0.002;0;0;0.005;0.024;0.012;0.005;0.029;0.002;0.015
980;-0.005;0;-0.007;0.002;-0.002;-0.002;0;0.005;0.022;0.012;0.007;0.034;0.01;0.024
981;-0.007;-0.002;-0.005;0.002;-0.007;-0.002;0;0.005;0.022;0.012;0.01;0.032;0.01;0.027
982;-0.007;-0.005;-0.002;0.002;-0.005;0;0;0.005;0.022;0.012;0.005;0.029;0.01;0.022
983;-0.007;0;-0.007;0.002;-0.005;0;0;0.002;0.022;0.01;0.007;0.032;0.007;0.024
984;-0.005;-0.005;-0.005;0.005;-0.005;-0.002;0;0.005;0.022;0.015;0.007;0.034;0.002;0.02
985;-0.005;-0.002;-0.002;0.002;-0.005;-0.002;0;0.005;0.02;0.01;0.005;0.032;0.007;0.022
986;-0.005;-0.005;-0.005;0.002;-0.002;-0.005;0.002;0.005;0.02;0.012;0.007;0.032;0.015;0.024
987;-0.007;-0.002;-0.002;0.002;-0.005;-0.002;0.002;0.005;0.02;0.015;0.007;0.034;0.007;0.022
988;-0.005;-0.002;-0.002;0.005;-0.002;-0.002;0.002;0.005;0.02;0.012;0.007;0.032;0.005;0.02
989;-0.005;-0.002;-0.01;0.002;-0.005;-0.002;0.002;0.005;0.02;0.012;0.005;0.032;0.012;0.024
990;-0.005;-0.002;-0.005;0.002;-0.002;-0.002;0;0.005;0.022;0.01;0.007;0.029;0.007;0.022
991;-0.005;0;-0.005;0.002;-0.002;-0.005;0;0.005;0.02;0.015;0.007;0.029;0.01;0.024
992;-0.007;-0.002;-0.005;0.002;-0.007;-0.002;0.002;0.007;0.022;0.015;0.007;0.032;0.01;0.024
993;-0.007;-0.002;-0.007;0.005;-0.005;-0.002;0;0.002;0.022;0.012;0.007;0.032;0.005;0.02
994;-0.005;-0.002;0;0.005;-0.005;0;0.002;0.002;0.02;0.012;0.005;0.032;0.012;0.022
995;-0.007;-0.002;-0.007;0.002;-0.005;-0.002;0.002;0.005;0.022;0.015;0.007;0.034;0.005;0.024
996;-0.005;-0.002;-0.002;0.005;-0.005;-0.005;-0.002;0.002;0.02;0.012;0.007;0.032;0.01;0.022
997;-0.007;-0.005;-0.002;0.005;-0.002;-0.002;0.002;0.005;0.02;0.012;0.007;0.032;0.015;0.024
998;-0.007;0;-0.007;0.002;-0.005;-0.005;0;0.005;0.022;0.015;0.01;0.032;0.002;0.022
999;-0.007;0;-0.007;0.002;-0.005;0;0;0.005;0.022;0.015;0.007;0.034;0.007;0.022
1000;-0.005;-0.005;-0.002;0.005;-0.002;-0.002;0;0.005;0.02;0.01;0.005;0.032;0.01;0.02
1001;-0.002;-0.002;-0.002;0.002;-0.002;0;0;0.005;0.02;0.01;0.002;0.029;0.012;0.022
1002;-0.005;-0.005;-0.002;0.002;-0.005;-0.005;0;0.005;0.02;0.01;0.005;0.029;0.01;0.024
1003;-0.007;0;-0.005;0.002;-0.005;0;0.002;0.005;0.022;0.015;0.01;0.034;0.002;0.02
1004;-0.007;-0.002;-0.002;0.002;-0.005;-0.002;0.002;0.002;0.02;0.01;0.005;0.027;0.005;0.02
1005;-0.002;-0.002;-0.002;0;-0.005;0;0;0.005;0.02;0.012;0.007;0.032;0.012;0.024
1006;-0.005;-0.002;-0.002;0.005;-0.002;-0.002;0;0.005;0.022;0.015;0.007;0.034;0.015;0.022
1007;-0.005;-0.002;-0.005;0.002;-0.005;-0.002;-0.002;0.005;0.022;0.015;0.01;0.037;0.002;0.02
1008;-0.005;-0.002;0.002;0.002;-0.005;-0.002;-0.002;0.002;0.022;0.007;0.005;0.032;0.007;0.02
1009;-0.007;-0.002;-0.002;0.002;-0.005;-0.002;0;0.005;0.02;0.01;0.007;0.034;0.01;0.027
1010;-0.005;0;-0.002;0.002;-0.005;-0.005;0;0.005;0.022;0.012;0.007;0.034;0.01;0.024
1011;-0.005;-0.002;-0.002;0.005;-0.002;-0.002;0;0.005;0.02;0.012;0.007;0.032;0.012;0.024
1012;-0.007;-0.002;0.002;0.005;-0.005;-0.002;0;0.002;0.022;0.01;0.005;0.027;-0.002;0.012
1013;-0.005;0;-0.002;0.005;-0.007;-0.002;0;0.005;0.02;0.012;0.005;0.029;0.012;0.022
1014;-0.005;0;-0.002;0.005;-0.005;-0.005;0.002;0.005;0.02;0.01;0.005;0.027;0.002;0.017
1015;-0.005;-0.002;0;0.002;-0.002;-0.002;0.002;0.005;0.02;0.012;0.007;0.032;0.017;0.024
1016;-0.007;-0.002;0;0.005;-0.005;-0.002;0;0.005;0.02;0.012;0.005;0.032;0.005;0.022
1017;-0.005;0;-0.002;0.002;-0.002;-0.005;0.002;0.002;0.024;0.01;0.007;0.032;0.007;0.02
1018;-0.005;0;-0.005;0.002;-0.002;-0.002;-0.002;0.005;0.02;0.012;0.007;0.029;0.015;0.024
1019;-0.002;0;-0.002;0.005;-0.002;-0.002;0.002;0.002;0.022;0.012;0.005;0.034;0.01;0.022
1020;-0.005;-0.002;-0.005;0.005;-0.005;-0.002;0;0.002;0.022;0.01;0.007;0.032;0.007;0.02
1021;-0.005;0;-0.005;0.005;-0.002;-0.005;0;0.005;0.02;0.015;0.007;0.032;0.012;0.022
1022;-0.005;-0.002;0;0.007;-0.005;-0.005;0;0.005;0.02;0.01;0.005;0.029;0.007;0.02
1023;-0.002;0;-0.002;0.005;-0.002;-0.002;0;0.002;0.022;0.012;0.005;0.032;0.005;0.022
1024;-0.002;0;-0.002;0.005;-0.005;-0.005;0;0.005;0.022;0.012;0.01;0.032;0.012;0.022
1025;-0.005;-0.002;-0.002;0.005;-0.005;-0.005;0.002;0.005;0.027;0.015;0.01;0.032;0.01;0.022
1026;-0.007;0;-0.005;0.002;-0.002;-0.002;0.002;0.002;0.022;0.012;0.005;0.029;0.007;0.02
1027;-0.005;-0.002;-0.005;0.005;-0.002;-0.002;0;0.005;0.022;0.012;0.007;0.032;0.007;0.02
1028;-0.005;0;0.002;0.002;-0.002;-0.002;0;0.007;0.022;0.017;0.005;0.032;0;0.02
1029;-0.002;-0.002;-0.002;0;-0.005;-0.005;0.002;0.007;0.02;0.015;0.007;0.032;0.015;0.024
1030;-0.005;-0.002;0;0.005;-0.002;-0.002;0.002;0.005;0.02;0.01;0.007;0.029;0.007;0.022
1031;-0.005;-0.002;-0.005;0.002;-0.005;-0.002;0.002;0.005;0.024;0.015;0.007;0.032;0.02;0.022
1032;-0.002;0;-0.002;0.005;-0.005;-0.005;0;0.005;0.02;0.01;0.005;0.029;-0.005;0.012
1033;-0.005;-0.002;-0.002;0.005;-0.002;-0.002;0.002;0.005;0.02;0.012;0.005;0.029;0.015;0.02
1034;-0.005;-0.005;-0.005;0.002;-0.005;-0.005;0;0.005;0.02;0.015;0.005;0.032;0.002;0.017
1035;-0.005;-0.002;0;0.005;-0.005;-0.005;0;0.002;0.02;0.015;0.005;0.029;0.012;0.02
1036;-0.005;0;-0.007;0.002;-0.005;-0.002;0;0.007;0.022;0.017;0.007;0.032;0.002;0.02
1037;-0.007;0;-0.007;0.002;-0.007;-0.002;0;0.007;0.024;0.015;0.007;0.029;0.01;0.022
1038;-0.005;-0.002;-0.005;0;-0.002;-0.002;0.002;0.005;0.02;0.01;0.005;0.032;0.012;0.02
1039;-0.005;-0.002;-0.002;0.002;-0.005;-0.002;0;0.005;0.022;0.015;0.007;0.034;0.012;0.024
1040;-0.007;-0.002;-0.005;0;-0.002;-0.005;0;0.005;0.02;0.012;0.007;0.032;0.007;0.022
1041;-0.01;0;0;0;-0.005;-0.002;0;0.002;0.022;0.01;0.007;0.032;0.005;0.02
1042;-0.007;-0.002;-0.002;0;-0.002;-0.002;0;0.007;0.02;0.012;0.005;0.029;0.01;0.02
1043;-0.005;-0.002;-0.005;0;-0.005;-0.002;0.002;0.002;0.022;0.015;0.007;0.032;0.01;0.02
1044;-0.005;-0.005;-0.005;0;-0.005;0;0;0.002;0.024;0.012;0.005;0.032;0.024;0.027
1045;-0.005;-0.002;-0.007;0;-0.002;-0.002;0;0.007;0.02;0.015;0.007;0.032;-0.002;0.02
1046;-0.005;-0.002;0;0.005;-0.002;-0.002;0;0.005;0.024;0.012;0.007;0.032;0.015;0.02
1047;-0.005;-0.002;0;0.005;-0.002;0;0;0.005;0.022;0.012;0.005;0.032;0.01;0.02
1048;-0.007;-0.002;-0.005;0.002;-0.005;-0.002;0;0.005;0.022;0.015;0.007;0.034;0.012;0.022
1049;-0.012;-0.005;-0.007;0.002;-0.002;-0.002;0.002;0.005;0.02;0.01;0.005;0.027;0.015;0.024
1050;-0.005;-0.002;0;0.002;-0.002;-0.002;0.002;0.007;0.022;0.012;0.007;0.032;0.012;0.024
1051;-0.005;-0.002;-0.007;0.005;-0.002;-0.007;0;0.005;0.022;0.015;0.01;0.032;0.002;0.02
1052;-0.002;-0.002;-0.005;0.002;-0.005;-0.002;0.002;0.007;0.02;0.012;0.007;0.029;0.01;0.02
1053;-0.007;0;0;0.005;-0.005;-0.005;0;0.007;0.017;0.007;0.005;0.029;0.017;0.027
1054;-0.007;-0.002;-0.005;0.002;-0.005;-0.002;0;0.005;0.022;0.012;0.007;0.032;0;0.015
1055;-0.005;-0.002;-0.002;0.002;-0.005;-0.005;0;0.005;0.022;0.015;0.007;0.034;0.01;0.017
1056;-0.007;-0.005;0;0.002;-0.005;-0.002;0.002;0.005;0.022;0.01;0.007;0.032;0.022;0.027
1057;-0.005;-0.005;-0.002;0.002;-0.005;-0.002;0;0.007;0.022;0.015;0.01;0.032;-0.002;0.017
1058;-0.01;-0.002;-0.005;0.005;-0.002;-0.002;0;0.005;0.022;0.012;0.007;0.032;0.007;0.022
1059;-0.005;-0.002;-0.005;0.002;-0.005;0;0;0.007;0.02;0.012;0.01;0.032;0.022;0.024
1060;-0.005;0;0;0.005;-0.002;-0.002;0.002;0.005;0.02;0.012;0.005;0.029;0.002;0.017
1061;-0.007;-0.002;-0.005;0.002;-0.005;-0.005;0;0.007;0.02;0.01;0.007;0.029;0.012;0.02
1062;-0.005;-0.002;-0.002;0.002;-0.005;-0.005;0;0.005;0.022;0.01;0.005;0.029;0.005;0.015
1063;-0.005;-0.002;-0.005;0.002;-0.002;-0.005;0;0.002;0.024;0.015;0.007;0.034;0.022;0.024
1064;-0.005;-0.002;0;0.005;-0.005;-0.005;0.002;0.002;0.02;0.01;0.002;0.029;-0.002;0.012
1065;-0.007;-0.002;-0.002;0.002;-0.002;-0.002;-0.002;0.005;0.022;0.012;0.007;0.032;0.007;0.02
1066;-0.005;0;-0.002;0.002;-0.002;-0.002;0.002;0.005;0.022;0.015;0.007;0.029;0.01;0.02
1067;-0.005;-0.002;-0.002;0.005;-0.005;-0.005;0;0.005;0.022;0.012;0.007;0.032;0.017;0.022
1068;-0.002;0;-0.007;0.005;-0.005;-0.002;0;0.007;0.022;0.015;0.007;0.029;0.005;0.024
1069;-0.005;0;0;0.007;-0.002;-0.002;-0.002;0.005;0.02;0.012;0.002;0.029;0.017;0.02
1070;-0.005;0;0;0.002;-0.002;-0.002;0.002;0.005;0.022;0.01;0.005;0.032;0.005;0.017
1071;-0.005;-0.002;-0.005;0.002;-0.002;-0.005;-0.002;0.002;0.024;0.015;0.007;0.032;0.015;0.02
1072;-0.002;0;-0.005;0.005;-0.005;-0.005;0;0.005;0.022;0.012;0.007;0.032;0.017;0.024
1073;-0.005;-0.002;0.002;0.005;-0.002;-0.002;0;0.005;0.022;0.01;0.002;0.027;0.012;0.017
1074;-0.005;0.002;-0.005;0.002;-0.002;-0.005;0;0.007;0.022;0.012;0.007;0.032;-0.002;0.017
1075;-0.005;-0.005;0.002;0.005;-0.002;-0.002;0;0.005;0.022;0.012;0.005;0.029;0.015;0.02
1076;-0.002;0;0;0.002;-0.002;-0.002;0.002;0.005;0.022;0.012;0.007;0.032;0.01;0.02
1077;-0.002;-0.002;-0.005;0.002;-0.005;-0.007;0;0.002;0.017;0.01;0;0.027;0.01;0.02
1078;-0.002;-0.002;0;0.005;-0.002;0;0;0.007;0.017;0.01;0.007;0.029;0.007;0.017
1079;-0.005;-0.002;-0.005;0.002;-0.002;-0.005;0;0.005;0.024;0.015;0.007;0.029;0.015;0.024
1080;-0.007;-0.002;-0.005;0.002;-0.005;-0.005;0;0.002;0.022;0.012;0.007;0.032;-0.002;0.017
1081;-0.005;-0.002;0;0.002;-0.005;0;0;0.005;0.022;0.01;0.005;0.027;0.017;0.02
1082;-0.005;-0.002;-0.002;0.005;-0.005;-0.002;0;0.005;0.024;0.015;0.01;0.037;0.002;0.017
1083;-0.005;-0.002;-0.005;0.002;-0.005;-0.005;0;0.007;0.022;0.015;0.007;0.032;0.01;0.02
1084;-0.005;-0.002;-0.002;0.005;-0.005;-0.002;0;0.002;0.022;0.012;0.007;0.029;0.015;0.02
1085;-0.005;-0.002;-0.005;0;-0.005;-0.002;0;0.005;0.024;0.015;0.007;0.032;0.002;0.017
1086;-0.005;-0.002;-0.002;0.002;-0.002;-0.002;0;0.005;0.02;0.012;0.007;0.034;0.01;0.022
1087;-0.007;0;-0.005;0.005;-0.005;-0.002;0;0.005;0.02;0.012;0.005;0.032;0.005;0.017
1088;-0.007;-0.005;-0.007;0.002;-0.005;-0.005;0.002;0.005;0.022;0.012;0.005;0.032;0.015;0.022
1089;-0.002;0;0;0.002;-0.002;-0.002;-0.002;0.005;0.022;0.012;0.01;0.029;0.007;0.017
1090;-0.005;-0.002;-0.002;0.005;-0.005;-0.002;0;0.005;0.022;0.015;0.007;0.034;0.017;0.02
1091;-0.005;-0.002;-0.005;0.005;-0.007;-0.005;0.002;0.005;0.024;0.01;0.007;0.034;0.007;0.017
1092;-0.002;0;-0.005;0.002;-0.005;-0.002;0.002;0.005;0.022;0.017;0.007;0.034;0.022;0.029
1093;-0.007;-0.005;0.002;0.005;-0.005;-0.005;0;0.005;0.022;0.012;0.005;0.029;-0.002;0.012
1094;-0.007;-0.005;-0.002;0.005;-0.005;-0.002;0;0.005;0.022;0.012;0.01;0.032;0.007;0.02
1095;-0.007;-0.002;-0.007;0.005;-0.005;-0.005;-0.002;0.005;0.024;0.015;0.012;0.037;0.015;0.024
1096;-0.005;-0.002;-0.005;0;-0.002;-0.002;0;0.005;0.02;0.007;0.005;0.029;0.007;0.015
1097;-0.002;-0.002;-0.005;0.002;-0.002;-0.002;0;0.007;0.022;0.012;0.007;0.032;0.002;0.017
1098;-0.005;-0.002;-0.01;0;-0.002;-0.002;0;0.005;0.024;0.017;0.01;0.034;0.012;0.024
1099;-0.007;-0.007;-0.002;0.002;-0.007;-0.007;0.002;0.005;0.02;0.01;0.002;0.024;0;0.007
1100;-0.005;0;-0.007;0.002;-0.005;-0.002;-0.002;0.005;0.02;0.01;0.005;0.029;0.01;0.024
1101;-0.005;-0.002;-0.005;0.002;-0.002;-0.002;0;0.005;0.02;0.01;0.005;0.029;0.012;0.022
1102;-0.005;-0.002;-0.002;0.002;-0.005;-0.002;0;0.005;0.024;0.012;0.007;0.029;0.007;0.017
1103;-0.005;0;-0.007;0;-0.002;-0.002;0.002;0.002;0.02;0.012;0.01;0.032;0.015;0.024
1104;-0.005;-0.005;-0.002;0.002;-0.002;-0.005;0.002;0.005;0.017;0.01;0.002;0.027;0.002;0.012
1105;-0.005;-0.005;-0.002;0.002;-0.005;-0.002;0;0.005;0.022;0.01;0.007;0.032;0.01;0.022
1106;-0.007;-0.002;-0.002;0.002;-0.005;-0.002;-0.002;0.002;0.02;0.01;0.007;0.032;0.015;0.02
1107;-0.007;-0.002;-0.007;0.005;-0.005;-0.005;0;0.005;0.022;0.01;0.007;0.029;0.005;0.017
1108;-0.007;-0.002;0;0.002;-0.002;-0.005;0;0.002;0.022;0.01;0.007;0.029;0.007;0.015
1109;-0.005;0;-0.007;0.002;-0.005;-0.005;0;0.005;0.022;0.017;0.01;0.034;0.01;0.02
1110;-0.007;-0.005;0;0.005;-0.007;-0.002;0;0.005;0.02;0.007;0.005;0.029;0.01;0.02
1111;-0.005;-0.002;-0.002;0.002;-0.005;-0.005;0.002;0.005;0.022;0.01;0.005;0.029;0.017;0.024
1112;-0.007;-0.005;0;0.002;-0.005;-0.002;0.002;0.007;0.02;0.012;0.005;0.029;0.007;0.017
1113;-0.005;-0.002;-0.005;0.002;-0.002;-0.002;0;0.005;0.017;0.01;0.002;0.029;0.012;0.024
1114;-0.005;-0.002;0;0.002;-0.002;-0.002;0;0.005;0.02;0.012;0.007;0.032;0.002;0.017
1115;-0.005;-0.002;-0.002;0.002;-0.005;-0.002;0;0.005;0.02;0.012;0.007;0.032;0.02;0.029
1116;-0.005;-0.005;-0.007;0.002;-0.005;-0.002;0;0.005;0.022;0.01;0.007;0.032;0.005;0.017
1117;-0.005;-0.002;-0.002;0.005;-0.002;0;-0.002;0.002;0.02;0.012;0.005;0.032;0.017;0.027
1118;-0.005;-0.005;-0.002;0.002;-0.002;-0.002;0;0.005;0.022;0.012;0.007;0.029;0.002;0.017
1119;-0.007;-0.002;-0.005;0.002;-0.002;-0.002;0.002;0.005;0.02;0.01;0.005;0.027;0.01;0.02
1120;-0.005;0;-0.01;0.002;-0.002;-0.005;0;0.005;0.02;0.01;0.007;0.032;0.01;0.022
1121;-0.005;-0.002;0;0.005;-0.002;0;0;0.007;0.022;0.01;0.005;0.029;0.007;0.015
1122;-0.005;-0.002;-0.005;0.002;-0.002;0;0;0.005;0.02;0.015;0.007;0.034;0.01;0.022
1123;-0.007;-0.002;-0.007;0.005;-0.002;-0.007;0;0.005;0.022;0.015;0.007;0.032;0.017;0.022
1124;-0.007;-0.002;-0.002;0.002;-0.005;-0.002;0;0.002;0.02;0.01;0.005;0.029;0.007;0.017
1125;-0.005;-0.002;-0.005;0.005;-0.002;-0.002;0;0.005;0.022;0.012;0.007;0.032;0.002;0.017
1126;-0.007;0;-0.005;0.005;-0.002;0;-0.002;0.005;0.022;0.015;0.01;0.034;0.007;0.02
1127;-0.005;0;-0.002;0.002;-0.002;-0.005;0;0.005;0.02;0.01;0.007;0.032;0.005;0.015
1128;-0.005;-0.002;-0.002;0.005;-0.002;-0.002;0;0.005;0.02;0.012;0.005;0.032;0.015;0.024
1129;-0.002;0;0;0.005;-0.002;-0.002;0.002;0.007;0.022;0.012;0.01;0.032;0.015;0.022
1130;-0.005;-0.002;0.005;0.005;-0.002;-0.002;0;0.002;0.024;0.012;0.007;0.029;0.007;0.015
1131;-0.002;0;-0.002;0.002;-0.005;-0.005;0;0.002;0.017;0.01;0;0.027;0.002;0.015
1132;-0.002;0;-0.005;0.005;-0.005;-0.005;0;0.002;0.02;0.012;0.005;0.029;0.022;0.027
1133;-0.005;0;0;0.002;-0.005;-0.002;0.002;0.007;0.022;0.012;0.005;0.029;0.005;0.017
1134;-0.007;0;-0.005;0.007;-0.005;-0.002;0;0.005;0.022;0.012;0.007;0.029;0.005;0.015
1135;-0.005;-0.002;-0.002;0.005;0;-0.005;0;0.005;0.022;0.012;0.005;0.032;0.005;0.017
1136;-0.007;0;-0.007;0.002;-0.002;-0.002;0.002;0.005;0.02;0.01;0.007;0.032;0.022;0.024
1137;-0.002;-0.002;-0.002;0.005;-0.007;-0.002;0;0.005;0.022;0.012;0.007;0.032;0.002;0.017
1138;-0.005;-0.002;0;0.005;-0.005;-0.002;0.002;0.002;0.022;0.015;0.007;0.032;0.002;0.015
1139;-0.005;0;-0.005;0.005;-0.005;-0.002;0;0.005;0.017;0.01;0.007;0.029;0.02;0.034
1140;-0.005;-0.002;-0.002;0.005;-0.002;-0.002;0;0.005;0.02;0.012;0.007;0.032;0.002;0.02
1141;-0.007;-0.002;-0.002;0;-0.005;-0.005;0;0.002;0.022;0.012;0.007;0.032;0.02;0.024
1142;-0.005;-0.002;-0.005;0.005;-0.005;-0.002;0;0.005;0.022;0.012;0.007;0.029;0.01;0.02
1143;-0.005;-0.005;-0.002;0.002;0;-0.002;0;0.005;0.02;0.012;0.005;0.032;0;0.017
1144;-0.005;0;-0.002;0.002;-0.005;0;0.002;0.007;0.02;0.012;0.005;0.029;0.007;0.02
1145;-0.005;-0.005;-0.002;0.002;-0.002;-0.002;0;0.005;0.022;0.012;0.007;0.032;0.01;0.02
1146;-0.005;-0.005;-0.005;0.002;-0.005;-0.002;0.002;0.005;0.022;0.01;0.002;0.029;0.01;0.017
1147;-0.005;-0.002;0;0.002;-0.002;-0.002;0;0.005;0.02;0.012;0.005;0.032;0.01;0.02
1148;-0.005;0;-0.01;0;-0.005;0;-0.002;0.005;0.022;0.015;0.012;0.037;0.005;0.027
1149;-0.005;-0.002;-0.005;0.002;-0.005;-0.002;0.002;0.005;0.022;0.012;0.005;0.032;0.007;0.017
1150;-0.005;-0.002;-0.005;0.002;-0.005;-0.002;0;0.005;0.022;0.012;0.007;0.032;0.017;0.024
1151;-0.005;0;-0.005;0;-0.002;-0.002;0;0.005;0.022;0.01;0.007;0.032;0.012;0.027
1152;-0.007;-0.005;-0.002;0.005;-0.007;-0.002;0;0.005;0.024;0.015;0.01;0.034;0.002;0.017
1153;-0.005;-0.002;0;0.002;0;-0.002;0;0.005;0.02;0.012;0.005;0.032;0.007;0.024
1154;-0.005;0;0;0.005;-0.005;-0.002;0.002;0.005;0.022;0.012;0.007;0.034;0.015;0.024
1155;-0.005;-0.002;-0.002;0;-0.005;-0.005;0;0.005;0.022;0.012;0.007;0.032;0.002;0.017
1156;-0.005;-0.002;-0.002;0.002;-0.002;-0.002;0.002;0.005;0.022;0.01;0.005;0.032;0.015;0.022
1157;-0.007;-0.002;-0.01;0;-0.005;-0.002;0;0.002;0.022;0.015;0.01;0.039;0.012;0.027
1158;-0.005;-0.002;-0.005;0.002;-0.005;-0.005;0;0.005;0.017;0.007;0.002;0.027;0;0.017
1159;-0.007;-0.002;-0.007;0.002;-0.002;-0.002;0.002;0.007;0.02;0.01;0.005;0.029;0.007;0.022
1160;-0.005;-0.005;-0.005;0.002;-0.002;-0.002;0;0.005;0.02;0.01;0.005;0.032;0.01;0.022
1161;-0.005;-0.005;-0.007;0.005;-0.002;-0.002;0.002;0.005;0.02;0.01;0.007;0.032;0.012;0.027
1162;-0.007;-0.005;-0.005;0;-0.005;-0.002;0;0.007;0.02;0.01;0.002;0.029;0.007;0.017
1163;-0.005;-0.002;-0.007;0.002;-0.005;-0.002;0.002;0.005;0.02;0.01;0.005;0.029;0.01;0.022
1164;-0.005;-0.002;-0.005;0;-0.002;-0.002;0;0.002;0.022;0.012;0.007;0.034;0.007;0.022
1165;-0.005;-0.002;-0.005;0.002;-0.007;-0.002;0.002;0.005;0.022;0.01;0.007;0.032;0.01;0.02
1166;-0.005;-0.005;-0.002;0.002;-0.002;-0.002;0;0;0.022;0.015;0.007;0.034;0.012;0.024
1167;-0.007;-0.005;-0.005;0.002;-0.005;-0.002;0.005;0.005;0.02;0.007;0.005;0.029;0.01;0.024
1168;-0.005;-0.005;-0.007;0;-0.005;-0.002;0;0.005;0.022;0.015;0.01;0.037;0.007;0.017
1169;-0.002;-0.005;-0.005;0.005;0;0;0.002;0.005;0.017;0.007;0.002;0.029;0.005;0.022
1170;-0.005;-0.002;-0.005;0;-0.007;-0.002;-0.002;0.005;0.022;0.012;0.01;0.029;0.012;0.02
1171;-0.005;-0.005;-0.005;0.005;-0.005;-0.002;0;0.002;0.022;0.015;0.005;0.029;0.012;0.022
1172;-0.005;-0.002;0;0.002;-0.005;-0.002;0;0.005;0.02;0.007;0.002;0.027;0.005;0.017
1173;-0.005;0.002;-0.007;0;0;0;0;0.005;0.022;0.015;0.01;0.037;0.012;0.024
1174;-0.005;-0.005;0;0.005;0;0;0.002;0.005;0.02;0.01;0.002;0.032;0.007;0.017
1175;-0.005;-0.005;-0.002;0.002;-0.005;-0.002;0;0.005;0.02;0.012;0.007;0.032;0.017;0.024
1176;-0.005;-0.002;0;0.007;-0.005;-0.005;0;0.005;0.02;0.007;-0.002;0.024;0.007;0.022
1177;-0.002;-0.002;-0.002;0.002;-0.007;-0.005;-0.002;0.002;0.024;0.015;0.01;0.037;0.012;0.024
1178;-0.007;-0.002;-0.005;0;-0.005;-0.002;0.002;0.005;0.024;0.012;0.01;0.037;0.002;0.022
1179;-0.007;0;-0.005;0.002;-0.002;-0.002;0;0.005;0.02;0.01;0.007;0.032;0.02;0.029
1180;-0.002;0.002;-0.005;0;-0.007;-0.002;0.002;0.005;0.024;0.015;0.012;0.037;0;0.012
1181;-0.005;-0.002;-0.007;0.002;-0.005;-0.002;0;0.007;0.022;0.01;0.01;0.032;0.005;0.022
1182;-0.005;0;-0.002;0.002;-0.005;-0.002;0.002;0.005;0.02;0.007;0.002;0.029;0.012;0.022
1183;-0.007;-0.002;-0.005;0.002;0;0;0.002;0.002;0.022;0.007;0.005;0.029;0.007;0.024
1184;-0.005;-0.002;0;0.005;-0.002;-0.002;0;0.007;0.027;0.017;0.01;0.037;0.002;0.017
1185;-0.007;-0.002;-0.005;0.002;-0.005;-0.002;0;0.005;0.02;0.015;0.005;0.032;0.012;0.02
1186;-0.007;-0.002;0;0.007;-0.005;-0.005;0;0;0.022;0.012;0.005;0.029;0.002;0.017
1187;-0.005;0;-0.007;0.005;-0.005;-0.002;0.002;0.005;0.022;0.015;0.012;0.034;0.02;0.029
1188;-0.005;-0.002;0;0.002;-0.002;0;0.002;0.007;0.02;0.01;0.005;0.029;0;0.02
1189;-0.005;-0.002;-0.002;0.005;-0.005;-0.002;0;0.005;0.022;0.012;0.01;0.032;0.017;0.024
1190;-0.005;-0.002;-0.007;0.005;-0.002;-0.002;0;0.007;0.02;0.012;0.01;0.029;0.01;0.024
1191;-0.007;-0.002;0;0.002;-0.002;-0.007;0;0.005;0.02;0.007;0;0.029;0.01;0.017
1192;-0.007;-0.002;-0.005;0.005;-0.002;-0.002;0.002;0.005;0.02;0.012;0.007;0.034;0.002;0.02
1193;-0.007;-0.002;-0.005;0.005;-0.005;-0.002;0;0.005;0.02;0.01;0.01;0.034;0.012;0.022
1194;-0.005;-0.002;-0.005;0.002;-0.002;0.002;0;0.005;0.022;0.012;0.007;0.029;0.015;0.024
1195;-0.002;-0.002;-0.007;0.005;-0.002;-0.002;0;0.002;0.022;0.012;0.007;0.034;0.002;0.02
1196;-0.005;-0.005;-0.002;0;0;-0.002;0;0.005;0.02;0.01;0.005;0.032;0.01;0.02
1197;-0.007;-0.005;-0.005;0.005;-0.005;-0.002;0.002;0.005;0.022;0.012;0.005;0.032;0.007;0.02
1198;-0.007;0;-0.007;0.002;-0.005;0;0;0.005;0.022;0.015;0.007;0.034;0.01;0.022
1199;-0.005;-0.002;0;0.005;-0.002;-0.005;0;0.007;0.02;0.01;0.002;0.027;0.01;0.02
1200;-0.005;0;-0.005;0;-0.005;-0.002;0;0.002;0.024;0.015;0.01;0.037;0.012;0.024
1201;-0.005;-0.002;-0.005;0.002;-0.005;-0.002;0;0.005;0.022;0.012;0.005;0.032;0.012;0.022
1202;-0.005;0;-0.007;0;-0.005;-0.002;0.002;0.005;0.02;0.015;0.007;0.034;0.012;0.027
1203;-0.005;-0.002;-0.002;0.002;-0.007;-0.002;0;0.005;0.024;0.012;0.007;0.034;0.01;0.022
1204;-0.005;0;-0.005;0.005;-0.002;-0.002;0;0.005;0.022;0.012;0.01;0.034;0.002;0.02
1205;-0.005;-0.005;-0.005;0.002;-0.002;-0.002;0.002;0.005;0.02;0.012;0.007;0.029;0.015;0.024
1206;-0.005;-0.005;-0.005;0.002;-0.005;-0.005;0.002;0.007;0.022;0.012;0.005;0.029;0.005;0.017
1207;-0.005;-0.002;-0.005;0.002;-0.005;-0.005;-0.002;0.005;0.02;0.01;0.005;0.029;0.015;0.022
1208;-0.005;-0.002;0;0.002;-0.005;-0.005;0.002;0.005;0.024;0.012;0.007;0.032;0.002;0.02
1209;-0.005;-0.005;-0.002;0.005;-0.002;-0.002;0;0.005;0.017;0.01;0.007;0.029;0.007;0.024
1210;-0.002;0;-0.005;0.002;-0.005;-0.002;0.002;0.005;0.022;0.01;0.01;0.034;0.01;0.022
1211;-0.007;-0.005;-0.002;0.002;-0.007;-0.007;0.002;0.007;0.022;0.012;0.005;0.032;0.015;0.024
1212;-0.005;-0.005;-0.002;0;-0.005;-0.002;0;0.007;0.022;0.015;0.01;0.034;0;0.017
1213;-0.007;-0.002;-0.005;0.002;-0.005;-0.005;0.002;0.005;0.022;0.012;0.007;0.029;0.012;0.022
1214;-0.005;-0.002;-0.007;0.002;-0.002;0.002;0.002;0.007;0.024;0.015;0.012;0.034;0.005;0.027
1215;-0.002;-0.002;-0.005;0.002;-0.002;-0.002;0;0.002;0.02;0.01;0.005;0.032;0.007;0.02
1216;-0.005;-0.005;-0.005;0;-0.007;-0.005;-0.002;0.005;0.02;0.01;0.007;0.032;0.005;0.017
1217;-0.007;-0.002;-0.005;0.002;-0.002;0;0;0.005;0.024;0.01;0.007;0.032;0.01;0.02
1218;-0.005;-0.002;-0.002;0.002;-0.005;-0.002;0;0.007;0.024;0.012;0.01;0.037;0.015;0.027
1219;-0.005;-0.002;-0.01;0.002;-0.005;0;0;0.007;0.022;0.012;0.012;0.032;0.01;0.022
1220;-0.007;-0.007;0;0.005;-0.005;-0.005;0;0.005;0.022;0.012;0.002;0.032;0.005;0.017
1221;-0.005;-0.005;-0.005;0.002;-0.002;-0.002;0;0.007;0.02;0.012;0.005;0.034;0.01;0.022
1222;-0.007;-0.002;-0.002;0.002;-0.005;0;0;0.005;0.022;0.012;0.01;0.029;0.01;0.017
1223;-0.007;-0.002;-0.007;0.002;-0.005;-0.005;0;0.005;0.022;0.012;0.01;0.034;0.017;0.029
1224;-0.002;-0.002;-0.005;0.002;-0.002;0.002;0.002;0.005;0.022;0.012;0.01;0.034;0;0.02
1225;-0.005;-0.005;0;0.002;-0.002;0;0;0.005;0.024;0.01;0.002;0.029;0.01;0.02
1226;-0.002;-0.002;-0.005;0.005;-0.002;-0.002;0.002;0.007;0.02;0.01;0.01;0.032;0.017;0.027
1227;-0.005;-0.002;-0.005;0.002;-0.005;-0.002;0;0.005;0.024;0.012;0.007;0.032;0.007;0.022
1228;-0.007;-0.002;-0.005;0;-0.005;-0.005;-0.002;0.002;0.02;0.01;0.007;0.032;0.02;0.027
1229;-0.007;-0.002;-0.005;0.002;-0.005;-0.002;0.002;0.005;0.022;0.01;0.01;0.034;0.005;0.024
1230;-0.005;-0.002;-0.002;0.002;-0.005;0;0.002;0.002;0.022;0.01;0.007;0.032;0.01;0.024
1231;-0.005;0;-0.01;0.002;-0.005;-0.002;0;0.005;0.024;0.015;0.012;0.034;0.01;0.027
1232;-0.007;-0.007;-0.002;0.002;0;-0.002;0.002;0.005;0.02;0.01;0.002;0.029;0.007;0.015
1233;-0.005;-0.007;-0.005;0.002;-0.002;-0.002;0;0.002;0.022;0.012;0.005;0.032;0.007;0.017
1234;-0.005;-0.002;-0.007;0.002;-0.005;-0.002;0.002;0.005;0.022;0.015;0.01;0.034;0.017;0.022
1235;-0.007;-0.005;-0.002;0.005;-0.002;-0.005;0;0.005;0.02;0.012;0.005;0.032;0;0.015
1236;-0.005;0;-0.01;0.005;-0.002;-0.002;0.002;0.005;0.022;0.012;0.007;0.034;0.012;0.024
1237;-0.005;-0.002;-0.002;0.002;-0.005;-0.005;0;0.005;0.022;0.01;0.007;0.032;0.01;0.02
1238;-0.005;-0.002;-0.005;0.002;-0.005;0;0.002;0.005;0.02;0.01;0.005;0.032;0.012;0.027
1239;-0.007;-0.005;-0.007;0;-0.005;-0.005;0;0.002;0.017;0.007;0.005;0.032;0.017;0.029
1240;-0.005;0;-0.002;0.005;-0.002;-0.002;0.002;0.005;0.02;0.015;0.005;0.032;0;0.017
1241;-0.005;-0.002;-0.002;0.002;-0.007;-0.005;0;0.002;0.022;0.01;0.007;0.032;0.007;0.017
1242;-0.002;-0.002;-0.005;0;-0.002;-0.002;-0.002;0.005;0.022;0.012;0.005;0.032;0.012;0.022
1243;-0.005;-0.002;-0.007;0.002;-0.002;-0.002;0.002;0.005;0.024;0.015;0.01;0.034;0.012;0.022
1244;-0.005;-0.002;-0.005;0.002;-0.002;-0.002;0.002;0.005;0.022;0.012;0.005;0.032;0.005;0.022
1245;-0.002;0.002;-0.005;0.002;-0.007;-0.005;0;0.005;0.024;0.015;0.01;0.037;0.012;0.029
1246;-0.005;-0.005;0;0.005;-0.002;-0.005;0;0.007;0.022;0.007;0.005;0.032;0.01;0.02
1247;-0.005;-0.002;-0.002;0.007;-0.005;-0.005;0;0.005;0.02;0.01;0.007;0.032;0.01;0.02
1248;-0.005;-0.002;-0.005;0.005;-0.005;-0.002;0;0.002;0.02;0.01;0.007;0.032;0.015;0.024
1249;-0.005;-0.002;-0.005;0.005;-0.005;-0.005;0;0.002;0.02;0.012;0.01;0.034;0.012;0.022
1250;-0.005;-0.002;-0.005;0.005;-0.002;-0.002;0.002;0.007;0.022;0.01;0.005;0.032;-0.005;0.012
1251;-0.005;-0.002;-0.002;0;-0.005;-0.005;0;0.005;0.022;0.015;0.01;0.032;0.012;0.024
1252;-0.005;-0.005;-0.005;0.002;-0.005;-0.005;0;0.002;0.02;0.01;0.007;0.032;0.007;0.022
1253;-0.005;-0.002;-0.005;0.002;-0.005;-0.002;0;0.005;0.022;0.012;0.005;0.032;0.007;0.022
1254;-0.005;0;-0.007;0.005;-0.005;-0.002;0.002;0.005;0.022;0.012;0.005;0.032;0.007;0.022
1255;-0.002;0;-0.002;0.002;-0.005;-0.002;0;0.005;0.022;0.012;0.007;0.032;0.005;0.02
1256;-0.007;-0.002;-0.002;0.005;-0.002;-0.002;0;0.005;0.024;0.01;0.005;0.032;0.01;0.024
1257;-0.005;-0.002;-0.002;0.002;-0.005;-0.002;0;0.005;0.02;0.012;0.005;0.032;0.012;0.022
1258;-0.002;-0.002;-0.002;0.005;0;-0.002;0;0.005;0.02;0.012;0.007;0.037;0.007;0.02
1259;-0.005;0;-0.005;0.002;-0.002;-0.002;0;0.005;0.02;0.01;0.007;0.032;0.002;0.02
1260;-0.007;-0.002;-0.002;0.002;-0.002;-0.002;0;0.005;0.022;0.01;0.01;0.032;0.01;0.022
1261;-0.007;-0.005;-0.005;0.002;-0.002;-0.005;0;0.005;0.02;0.01;0.007;0.029;0.01;0.02
1262;-0.005;-0.002;-0.002;0.002;-0.005;-0.005;-0.002;0.005;0.024;0.012;0.01;0.034;0.012;0.024
1263;-0.005;-0.002;-0.002;0.002;0;-0.005;0;0.005;0.017;0.01;0.002;0.029;0.005;0.02
1264;-0.005;-0.002;0;0.002;-0.002;-0.005;0;0.007;0.02;0.01;0.005;0.032;0.002;0.017
1265;-0.005;0;-0.005;0.002;-0.007;-0.002;0;0.005;0.022;0.012;0.007;0.034;0.01;0.024
1266;-0.005;-0.005;0.002;0.005;-0.007;-0.005;0.002;0.005;0.022;0.012;0.005;0.029;0.01;0.02
1267;-0.007;0;-0.005;0;-0.007;-0.002;-0.002;0.005;0.022;0.012;0.007;0.034;0.02;0.027
1268;-0.002;-0.002;0;0.005;-0.005;0;0.002;0.007;0.022;0.012;0.007;0.032;0.012;0.022
1269;-0.005;-0.002;-0.002;0.002;-0.005;-0.005;0;0.005;0.017;0.012;0.007;0.029;0.012;0.02
1270;-0.005;0;-0.005;0.002;-0.005;-0.002;0;0.005;0.022;0.012;0.01;0.032;0.01;0.024
1271;-0.007;-0.002;0.005;0.005;-0.002;-0.005;0;0.007;0.02;0.007;0.002;0.027;0.01;0.017
1272;-0.005;-0.002;-0.005;0.002;-0.005;0;0.002;0.005;0.022;0.012;0.007;0.037;0.007;0.022
1273;-0.007;-0.005;-0.002;0.002;-0.005;-0.002;0;0.002;0.024;0.012;0.007;0.034;0.015;0.022
1274;-0.005;0;-0.002;0.005;-0.005;-0.002;0;0.005;0.022;0.012;0.007;0.032;0.012;0.022
1275;-0.005;-0.005;0;0.005;-0.002;-0.002;0;0.005;0.022;0.01;0.005;0.029;0.002;0.02
1276;-0.002;-0.002;-0.01;0.005;-0.005;-0.002;0;0.002;0.022;0.015;0.012;0.034;0.01;0.02
1277;-0.007;-0.002;-0.002;0.002;-0.007;-0.005;0.002;0.002;0.02;0.012;0.005;0.032;0.015;0.027
1278;-0.005;-0.005;-0.002;0.005;-0.002;-0.002;0;0.002;0.024;0.012;0.007;0.034;0.015;0.02
1279;-0.005;-0.002;-0.005;0.005;-0.002;-0.002;0;0.007;0.022;0.015;0.007;0.032;0.002;0.017
1280;-0.002;0;-0.002;0.002;-0.005;-0.005;0;0.005;0.024;0.012;0.01;0.032;0.005;0.017
1281;-0.007;-0.002;-0.002;0.002;-0.005;-0.002;0;0.005;0.02;0.012;0.005;0.029;0.01;0.02
1282;-0.005;-0.002;-0.007;0.002;-0.002;-0.002;-0.002;0.007;0.02;0.012;0.007;0.032;0.01;0.022
1283;-0.005;-0.005;0;0.002;-0.005;0;0;0.007;0.022;0.012;0.005;0.029;0.015;0.024
1284;-0.01;-0.002;-0.002;0.002;-0.005;-0.002;0;0.005;0.024;0.01;0.01;0.032;0.002;0.015
1285;-0.005;0;-0.007;0.002;-0.005;-0.005;0.002;0.007;0.022;0.015;0.01;0.034;0.012;0.027
1286;-0.005;-0.005;0.002;0.005;-0.005;-0.005;0;0.005;0.02;0.01;0.002;0.027;0.012;0.017
1287;-0.007;-0.005;-0.002;0.002;-0.002;-0.005;0;0.005;0.02;0.015;0.007;0.029;0;0.017
1288;-0.007;-0.002;-0.005;0.002;-0.002;-0.005;0;0.005;0.024;0.012;0.012;0.034;0.012;0.022
1289;-0.005;-0.005;-0.005;0.005;-0.005;-0.002;0.002;0.007;0.024;0.012;0.007;0.032;0.015;0.022
1290;-0.007;-0.005;-0.002;0.002;-0.005;-0.005;0;0.002;0.022;0.012;0.007;0.032;0;0.017
1291;-0.007;-0.005;-0.002;0;-0.005;-0.002;0.002;0.002;0.022;0.012;0.005;0.029;0.012;0.022
1292;-0.005;-0.002;-0.007;0.002;-0.005;-0.002;0.002;0.005;0.022;0.01;0.01;0.032;0.01;0.022
1293;-0.007;-0.005;-0.005;0.002;-0.005;-0.005;0.002;0.002;0.022;0.015;0.01;0.032;0.007;0.02
1294;-0.005;-0.002;-0.005;0.002;-0.005;0;-0.002;0.002;0.022;0.012;0.005;0.032;0.012;0.022
1295;-0.007;-0.005;-0.005;0.002;-0.005;-0.005;0.002;0.005;0.02;0.012;0.007;0.032;0.007;0.022
1296;-0.007;0;-0.002;0;-0.002;-0.002;0;0.005;0.02;0.012;0.007;0.029;0.01;0.02
1297;-0.005;-0.002;-0.007;0.005;-0.002;-0.005;0;0.005;0.024;0.012;0.01;0.034;0.01;0.024
1298;-0.005;-0.002;0;0.005;-0.005;-0.005;0;0.002;0.027;0.015;0.01;0.032;0.012;0.02
1299;-0.002;-0.002;-0.002;0;-0.002;-0.002;0;0.002;0.024;0.015;0.007;0.029;0.015;0.022
1300;-0.007;-0.005;-0.002;0.002;-0.002;-0.005;0;0.005;0.022;0.012;0.007;0.029;0.005;0.02
1301;-0.005;-0.002;-0.002;0.002;-0.007;-0.005;0.002;0.005;0.022;0.015;0.007;0.032;0.017;0.022
1302;-0.005;-0.002;-0.002;0.002;-0.002;-0.002;0;0.005;0.022;0.017;0.007;0.032;0;0.017
1303;-0.005;0;-0.002;0.002;-0.002;-0.002;0;0.005;0.022;0.012;0.007;0.029;0.01;0.02
1304;-0.002;-0.002;-0.007;0.005;-0.002;-0.002;0;0.005;0.022;0.01;0.005;0.032;0.007;0.02
1305;-0.002;-0.002;-0.002;0.005;-0.002;-0.002;0;0.002;0.024;0.015;0.01;0.032;0.012;0.022
1306;-0.007;-0.005;-0.002;0.005;-0.005;-0.005;0;0.005;0.02;0.01;0.007;0.032;0.015;0.017
1307;-0.005;0;0;0.005;-0.005;-0.005;0.002;0.005;0.02;0.01;0.007;0.029;0.005;0.02
1308;-0.002;-0.002;-0.005;0.005;-0.005;-0.005;0.002;0.007;0.02;0.012;0.005;0.029;0.007;0.02
1309;-0.007;-0.005;-0.005;0;-0.01;-0.005;0;0.005;0.022;0.01;0.005;0.032;0.01;0.022
1310;-0.005;0;-0.005;0.002;-0.005;-0.002;0;0.005;0.022;0.012;0.007;0.034;0.022;0.024
1311;-0.005;-0.002;-0.002;0.005;-0.005;-0.002;0;0.005;0.024;0.015;0.01;0.032;-0.005;0.015
1312;-0.005;-0.002;-0.005;0.002;-0.005;0;0.002;0.007;0.02;0.01;0.005;0.029;0.012;0.022
1313;-0.005;-0.002;-0.005;0.002;-0.005;-0.002;0;0.005;0.024;0.015;0.007;0.034;0.015;0.024
1314;-0.005;0;-0.002;0.002;-0.005;-0.005;0.002;0.007;0.022;0.012;0.007;0.032;0.005;0.017
1315;-0.005;-0.005;-0.002;0.002;-0.005;-0.002;0.002;0.005;0.024;0.015;0.007;0.032;0.007;0.02
1316;-0.002;0;-0.005;0.002;-0.005;-0.002;0.002;0.005;0.02;0.01;0.005;0.032;0.015;0.022
1317;-0.002;0;-0.002;0.002;-0.005;-0.002;0;0.005;0.022;0.012;0.01;0.032;0.015;0.022
1318;-0.007;-0.005;-0.002;0.002;-0.007;-0.005;0.002;0.005;0.024;0.015;0.012;0.034;0.005;0.015
1319;-0.005;-0.002;-0.002;0.005;-0.005;-0.005;-0.002;0;0.02;0.01;0.005;0.029;0.015;0.022
1320;-0.002;-0.002;-0.002;0.002;-0.005;-0.005;0;0.005;0.022;0.015;0.01;0.032;0.007;0.02
1321;-0.005;0;-0.005;0.002;-0.005;-0.005;0.002;0.002;0.022;0.012;0.01;0.032;0.007;0.02
1322;-0.005;0;-0.005;0;-0.005;-0.002;0;0.005;0.024;0.012;0.01;0.034;0.007;0.02
1323;-0.005;-0.005;0.002;0.005;-0.005;-0.002;0;0.005;0.022;0.015;0.005;0.029;0.01;0.02
1324;-0.005;-0.002;-0.005;0.005;-0.005;-0.002;0;0.005;0.022;0.015;0.01;0.032;0.02;0.024
1325;-0.002;-0.002;-0.005;0.002;-0.005;-0.005;-0.002;0.002;0.022;0.012;0.005;0.034;0.01;0.022
1326;-0.005;0;-0.005;0.002;-0.002;-0.002;0;0.005;0.022;0.012;0.007;0.032;0.01;0.02
1327;-0.005;-0.002;-0.005;0.005;-0.005;-0.005;0;0.002;0.02;0.012;0.007;0.029;0.007;0.022
1328;-0.005;0;-0.005;0.002;-0.005;-0.005;0.002;0.005;0.024;0.012;0.01;0.034;0.012;0.024
1329;-0.002;-0.005;-0.002;0.005;-0.002;-0.002;0.002;0.005;0.02;0.007;0.005;0.029;0.01;0.015
1330;-0.005;-0.002;-0.002;0.002;-0.002;-0.002;0;0.005;0.022;0.012;0.007;0.032;0.002;0.017
1331;-0.002;-0.005;-0.005;0.002;-0.007;-0.002;0;0.005;0.022;0.012;0.005;0.029;0.017;0.024
1332;-0.002;-0.002;-0.005;0.005;-0.002;-0.002;0.002;0.005;0.022;0.01;0.005;0.029;0.002;0.02
1333;-0.005;-0.002;-0.005;0.005;-0.005;-0.005;0;0.005;0.022;0.012;0.005;0.029;0.01;0.024
1334;-0.005;-0.005;-0.002;0.005;-0.005;-0.005;0.002;0.005;0.022;0.012;0.005;0.032;0.007;0.022
1335;-0.005;-0.005;-0.002;0.002;-0.002;0;0;0.005;0.02;0.01;0.007;0.029;0.01;0.02
1336;-0.007;-0.005;-0.002;0.002;-0.007;-0.005;0.002;0.005;0.02;0.012;0.007;0.027;0.01;0.02
1337;-0.007;-0.002;-0.005;0.002;-0.002;-0.002;0;0.005;0.022;0.012;0.01;0.034;0.012;0.024
1338;-0.007;-0.005;-0.002;0;-0.002;-0.005;0.002;0.002;0.022;0.01;0.005;0.029;0.01;0.017
1339;-0.005;-0.002;-0.01;0.005;-0.002;-0.005;0;0.007;0.022;0.015;0.012;0.034;0.01;0.027
1340;-0.007;-0.002;-0.007;0;-0.005;-0.002;0;0.002;0.024;0.012;0.01;0.032;0.007;0.02
1341;-0.005;-0.002;-0.002;0.002;-0.005;-0.002;0.002;0.005;0.022;0.012;0.007;0.032;0.01;0.022
1342;-0.005;-0.005;-0.01;0.002;-0.005;-0.002;0;0.002;0.022;0.012;0.01;0.032;0.012;0.024
1343;-0.005;-0.002;-0.005;0.002;-0.005;-0.002;0;0.005;0.024;0.012;0.007;0.032;0.012;0.02
1344;-0.005;-0.005;-0.007;0;-0.002;-0.002;0.002;0.005;0.024;0.017;0.01;0.034;0.01;0.024
1345;-0.005;-0.002;-0.002;0;-0.005;-0.005;0;0.005;0.022;0.012;0.007;0.029;0.012;0.02
1346;-0.007;-0.005;-0.007;0.002;-0.005;-0.002;0;0.002;0.022;0.015;0.007;0.032;0.01;0.02
1347;-0.005;-0.002;-0.005;0;-0.002;-0.005;0.002;0.002;0.022;0.012;0.007;0.032;0.01;0.022
1348;-0.005;-0.005;-0.005;0;-0.005;-0.005;0;0.002;0.024;0.012;0.007;0.032;0.007;0.02
1349;-0.005;-0.002;-0.005;0.002;-0.007;0;0;0.005;0.022;0.015;0.007;0.032;0.01;0.022
1350;-0.005;-0.002;-0.005;0.002;-0.002;-0.002;0;0.002;0.022;0.012;0.007;0.032;0.007;0.022
1351;-0.005;-0.005;-0.002;0.005;-0.005;-0.005;0;0.005;0.022;0.012;0.007;0.032;0.012;0.022
1352;-0.005;-0.002;-0.002;0.005;-0.005;-0.002;0.002;0.005;0.022;0.012;0.007;0.032;0.007;0.022
1353;-0.005;-0.002;-0.005;0.002;-0.007;-0.002;-0.002;0.002;0.024;0.015;0.012;0.034;0.01;0.022
1354;-0.005;-0.002;-0.005;0.002;-0.002;-0.002;0;0.007;0.022;0.012;0.007;0.029;0.012;0.022
1355;-0.005;-0.002;-0.005;0.002;-0.005;-0.002;0;0.005;0.022;0.015;0.007;0.032;0.007;0.022
1356;-0.005;0;-0.005;0.005;-0.005;-0.002;0;0.005;0.024;0.015;0.007;0.034;0.012;0.029
1357;-0.005;-0.002;-0.002;0.005;-0.002;-0.002;0;0.007;0.022;0.01;0.005;0.029;0.01;0.017
1358;-0.005;-0.002;-0.005;0.005;-0.005;-0.005;0;0.005;0.02;0.012;0.005;0.029;0.01;0.02
1359;-0.005;-0.002;-0.005;0.002;-0.002;-0.002;-0.002;0.002;0.022;0.012;0.007;0.029;0.015;0.024
1360;-0.005;-0.002;-0.005;0;-0.002;-0.002;0.002;0.005;0.022;0.012;0.01;0.029;0;0.015
1361;-0.005;-0.002;-0.002;0.005;-0.007;-0.002;0;0.005;0.022;0.012;0.007;0.032;0.01;0.022
1362;-0.005;0;-0.01;0;-0.005;-0.002;0.002;0.002;0.024;0.015;0.01;0.034;0.01;0.024
1363;-0.005;-0.002;0;0.005;-0.005;-0.005;0.002;0.002;0.02;0.01;0.005;0.029;0.01;0.02
1364;-0.005;0;0;0.005;-0.005;-0.005;0.002;0.005;0.02;0.01;0.007;0.032;0.007;0.022
1365;-0.005;-0.002;-0.002;0.002;-0.005;-0.002;0.002;0.005;0.022;0.012;0.01;0.029;0.017;0.024
1366;-0.005;0;-0.002;0.002;-0.007;-0.005;0;0.005;0.024;0.01;0.007;0.029;0.01;0.024
1367;-0.002;-0.002;-0.005;0.005;-0.005;-0.002;0;0.007;0.022;0.012;0.007;0.032;0.02;0.027
1368;-0.005;-0.002;-0.005;0.002;-0.005;-0.005;0;0.005;0.022;0.012;0.007;0.032;-0.002;0.015
1369;-0.005;-0.002;-0.007;0.002;-0.005;-0.002;0;0.005;0.022;0.012;0.007;0.032;0.017;0.024
1370;-0.005;0;-0.005;0.002;-0.005;-0.005;0;0.005;0.022;0.01;0.01;0.032;0.005;0.022
1371;-0.005;-0.002;-0.002;0.005;-0.002;-0.002;0;0.007;0.022;0.012;0.007;0.029;0.01;0.02
1372;-0.005;-0.002;-0.005;0.005;-0.005;-0.005;-0.002;0.002;0.022;0.01;0.007;0.032;0.01;0.02
1373;-0.002;-0.002;-0.002;0.005;-0.005;-0.002;0;0.005;0.022;0.012;0.007;0.032;0.012;0.02
1374;-0.002;-0.005;-0.005;0.002;-0.007;-0.005;0;0.005;0.022;0.012;0.007;0.032;0.002;0.02
1375;-0.005;0;-0.005;0.002;-0.002;-0.005;0.002;0.01;0.022;0.012;0.01;0.034;0.01;0.022
1376;-0.005;-0.002;-0.002;0.005;-0.005;-0.002;0;0.002;0.02;0.01;0.002;0.027;0.007;0.017
1377;-0.005;-0.002;-0.002;0.002;-0.005;-0.005;0;0.002;0.024;0.01;0.005;0.032;0.012;0.022
1378;-0.005;-0.002;-0.005;0.002;-0.005;-0.002;-0.002;0.002;0.022;0.012;0.007;0.034;0.015;0.024
1379;-0.005;-0.002;-0.002;0.005;-0.002;-0.002;0;0.005;0.02;0.01;0.007;0.032;0.002;0.017
1380;-0.007;-0.002;-0.005;0.002;-0.007;-0.002;-0.002;0.005;0.022;0.01;0.01;0.034;0.01;0.02
1381;-0.002;-0.002;-0.005;0.005;-0.007;-0.002;0.002;0.005;0.024;0.012;0.01;0.037;0.015;0.027
1382;-0.005;-0.002;-0.002;0.005;-0.002;-0.005;0.002;0.005;0.024;0.012;0.005;0.029;0.007;0.017
1383;-0.005;0;-0.005;0.005;-0.005;-0.002;0;0.005;0.022;0.012;0.01;0.034;0.012;0.024
1384;-0.005;-0.005;-0.002;0.005;-0.005;-0.005;0;0.002;0.02;0.01;0.005;0.029;0.007;0.02
1385;-0.005;-0.002;0;0.005;-0.002;-0.002;-0.002;0.005;0.024;0.012;0.01;0.032;0.01;0.02
1386;-0.007;-0.005;-0.007;0.002;-0.005;-0.002;0;0.005;0.024;0.012;0.005;0.032;0.02;0.027
1387;-0.005;-0.002;-0.005;0;-0.005;-0.002;0;0.007;0.022;0.01;0.007;0.032;0;0.017
1388;-0.005;0;-0.005;0.002;-0.002;-0.002;0;0.005;0.022;0.01;0.01;0.034;0.02;0.029
1389;-0.005;-0.005;0;0.007;-0.005;-0.002;0;0.005;0.02;0.012;0.002;0.027;0;0.017
1390;-0.005;-0.002;-0.005;0.002;-0.005;-0.005;0;0.007;0.022;0.012;0.007;0.032;0.012;0.022
1391;-0.005;-0.005;-0.005;0.005;-0.005;-0.002;0;0.002;0.024;0.012;0.005;0.032;0.015;0.024
1392;-0.005;-0.005;-0.002;0.002;-0.005;-0.005;0;0.005;0.022;0.01;0.007;0.029;0.012;0.022
1393;-0.002;-0.002;-0.002;0.002;-0.005;-0.005;0;0.005;0.024;0.015;0.007;0.032;0.005;0.022
1394;-0.007;-0.002;-0.005;0.002;-0.005;-0.005;0;0.005;0.022;0.01;0.005;0.032;0.01;0.02
1395;-0.005;-0.002;-0.005;0.002;-0.005;-0.002;0.002;0.005;0.024;0.012;0.007;0.032;0.007;0.022
1396;-0.005;-0.005;-0.007;0.002;-0.005;0;0;0.002;0.022;0.015;0.007;0.032;0.01;0.027
1397;-0.005;-0.005;-0.002;0.005;-0.005;-0.002;0;0.005;0.022;0.01;0.007;0.029;0.01;0.022
1398;-0.005;-0.002;-0.005;0.002;-0.005;-0.002;0;0.005;0.022;0.01;0.005;0.029;0.012;0.022
1399;-0.007;-0.002;-0.002;0.002;-0.005;-0.005;0;0.005;0.022;0.015;0.007;0.029;0.007;0.017
1400;-0.005;-0.002;-0.005;0;-0.005;-0.002;0.002;0.007;0.022;0.015;0.007;0.032;0.007;0.022
1401;-0.005;-0.002;-0.005;0;-0.002;-0.002;0;0.002;0.022;0.012;0.005;0.029;0.007;0.022
1402;-0.007;-0.002;-0.005;0.002;-0.002;-0.002;-0.002;0.005;0.022;0.015;0.005;0.029;0.012;0.024
1403;-0.005;-0.002;-0.005;0.002;-0.005;-0.002;0;0.005;0.022;0.015;0.007;0.029;0.015;0.024
1404;-0.005;-0.002;-0.005;0.002;-0.002;-0.005;0.002;0.005;0.024;0.012;0.007;0.029;0.01;0.022
1405;-0.005;-0.002;-0.007;0.002;-0.002;-0.005;0.002;0.002;0.022;0.012;0.007;0.034;0.012;0.027
1406;-0.007;-0.007;-0.002;0.005;-0.005;-0.002;-0.002;0.005;0.02;0.01;0.002;0.027;0.01;0.017
1407;-0.005;0;-0.005;0.005;-0.005;-0.002;0.002;0.005;0.022;0.012;0.007;0.032;0.01;0.024
1408;-0.002;-0.005;-0.005;0.002;-0.005;-0.002;0;0.005;0.02;0.012;0.007;0.032;0.012;0.022
1409;-0.005;-0.002;-0.007;0;-0.005;-0.005;0;0.005;0.024;0.017;0.01;0.034;0.01;0.022
1410;-0.005;-0.005;0;0.002;-0.002;-0.002;0.002;0.005;0.02;0.01;0.005;0.027;0.017;0.022
1411;-0.005;-0.002;-0.005;0;-0.005;-0.005;0;0.005;0.022;0.012;0.007;0.029;0.005;0.017
1412;-0.005;-0.005;-0.005;0.002;-0.007;-0.002;0;0.002;0.02;0.012;0.007;0.029;0.01;0.02
1413;-0.005;0;-0.005;0.005;-0.005;-0.002;0;0.005;0.02;0.012;0.007;0.034;0.017;0.024
1414;-0.005;-0.002;-0.005;0.002;-0.005;-0.002;0;0.005;0.022;0.012;0.005;0.029;0.002;0.017
1415;-0.002;-0.002;-0.002;0.002;-0.005;-0.005;0.002;0.005;0.022;0.012;0.007;0.029;0.007;0.017
1416;-0.005;-0.002;-0.002;0.002;-0.005;-0.002;0;0.007;0.022;0.015;0.007;0.032;0.015;0.022
1417;-0.005;-0.002;-0.005;0.002;-0.002;-0.002;0;0.007;0.022;0.01;0.005;0.029;0.005;0.017
1418;-0.005;-0.005;-0.002;0.005;-0.005;-0.005;0;0.005;0.02;0.007;0.007;0.032;0.007;0.02
1419;-0.005;-0.002;-0.005;0;-0.002;-0.002;0;0.002;0.02;0.012;0.007;0.032;0.01;0.022
1420;-0.002;-0.002;0;0.005;-0.007;-0.005;0.002;0.005;0.022;0.012;0.01;0.029;0.01;0.022
1421;-0.005;-0.005;-0.005;0.005;-0.005;-0.005;0;0.005;0.022;0.012;0.007;0.032;0.01;0.02
1422;-0.005;0;-0.007;0.005;-0.005;-0.002;0;0.005;0.022;0.012;0.007;0.032;0.012;0.022
1423;-0.007;-0.002;0;0.005;-0.005;-0.005;0;0.002;0.022;0.015;0.007;0.029;0.015;0.022
1424;-0.005;-0.002;-0.005;0.005;-0.005;0;0.002;0.005;0.024;0.015;0.007;0.029;0.005;0.017
1425;-0.005;-0.002;-0.005;0.002;-0.005;-0.005;-0.002;0.005;0.017;0.007;0.005;0.029;0.015;0.022
1426;-0.005;0;0;0.005;-0.002;-0.002;0;0.005;0.022;0.015;0.01;0.034;0.012;0.022
1427;-0.002;-0.005;0;0.005;-0.005;-0.002;0.002;0.005;0.022;0.012;0.005;0.027;0;0.015
1428;-0.005;0;-0.005;0;-0.005;-0.005;0;0.002;0.022;0.015;0.012;0.037;0.012;0.027
1429;-0.005;-0.005;-0.002;0.002;-0.002;-0.002;0;0.005;0.022;0.01;0.005;0.029;0.022;0.024
1430;-0.002;-0.002;-0.01;0.002;-0.005;-0.005;0;0.005;0.022;0.01;0.005;0.027;0.005;0.02
1431;-0.007;-0.002;-0.002;0.002;-0.002;-0.005;0;0.005;0.022;0.01;0.007;0.032;0.01;0.02
1432;-0.002;-0.002;-0.005;0.002;-0.002;-0.002;0;0.005;0.022;0.012;0.007;0.032;0.005;0.017
1433;-0.005;0;-0.005;0.002;-0.002;-0.005;0;0.005;0.02;0.01;0.007;0.032;0.007;0.02
1434;-0.005;0;-0.002;0.002;-0.005;-0.005;0;0.005;0.02;0.012;0.005;0.029;0.01;0.02
1435;-0.005;0;-0.007;0.002;-0.005;-0.002;0.002;0.007;0.022;0.012;0.01;0.032;0.01;0.022
1436;-0.002;-0.002;-0.002;0.002;-0.005;-0.002;0;0.005;0.022;0.01;0.007;0.032;0.015;0.022
1437;-0.005;-0.002;0;0.005;-0.005;-0.002;0;0.005;0.02;0.01;0.005;0.029;0.007;0.02
1438;-0.005;0;-0.005;0.002;-0.005;-0.002;0;0.007;0.022;0.015;0.007;0.029;0.012;0.024
1439;-0.007;-0.002;-0.002;0.002;-0.002;-0.005;0;0.005;0.022;0.012;0.005;0.029;0.005;0.02
1440;-0.005;-0.002;-0.002;0.002;-0.002;-0.005;-0.002;0.005;0.02;0.01;0.01;0.032;0.017;0.024
1441;-0.005;-0.002;-0.005;0.002;-0.005;-0.002;0;0.005;0.022;0.01;0.007;0.032;0.01;0.024
1442;-0.005;0;-0.005;0;-0.005;-0.005;0.002;0.005;0.02;0.015;0.01;0.032;0.002;0.017
1443;-0.002;0;-0.005;0.005;-0.005;-0.002;0;0.005;0.022;0.012;0.007;0.034;0.01;0.024
1444;-0.005;-0.002;-0.002;0.005;-0.005;-0.005;0;0.005;0.022;0.012;0.005;0.029;0.01;0.02
1445;-0.005;-0.005;-0.005;0.002;-0.005;-0.005;0;0.005;0.022;0.012;0.007;0.029;0.015;0.02
1446;-0.005;-0.002;-0.007;0.002;-0.002;-0.005;0;0.005;0.022;0.012;0.01;0.029;0.01;0.022
1447;-0.005;-0.002;-0.005;0.002;-0.005;-0.005;0.002;0.005;0.022;0.012;0.005;0.032;0.005;0.017
1448;-0.005;-0.002;-0.002;0.002;-0.005;-0.002;0;0.002;0.022;0.012;0.007;0.029;0.012;0.024
1449;-0.005;0;-0.005;0.002;-0.005;-0.005;0.002;0.005;0.02;0.012;0.005;0.029;0.007;0.022
1450;-0.005;-0.002;-0.005;0.005;-0.002;-0.002;0;0.005;0.02;0.007;0.005;0.027;0.015;0.022
1451;-0.007;-0.002;-0.005;0.005;-0.002;-0.002;0;0.005;0.02;0.012;0.007;0.032;0.01;0.022
1452;-0.002;-0.002;-0.005;0;-0.002;-0.002;0;0.002;0.022;0.012;0.007;0.032;0.017;0.022
1453;-0.007;-0.002;-0.007;0.005;-0.002;-0.002;0;0.005;0.02;0.01;0.007;0.032;0.005;0.02
1454;-0.005;-0.002;-0.007;0.002;-0.005;-0.005;-0.002;0.002;0.02;0.015;0.007;0.032;0.01;0.022
1455;-0.005;-0.005;-0.007;0.002;-0.005;-0.002;0;0.005;0.024;0.012;0.007;0.029;0.01;0.02
1456;-0.007;-0.002;-0.005;0.002;-0.002;-0.002;0;0.005;0.017;0.007;0.002;0.027;0.007;0.022
1457;-0.005;0;-0.007;0.002;-0.005;-0.002;0;0.005;0.02;0.017;0.01;0.037;0.012;0.022
1458;-0.007;-0.005;0;0.002;-0.002;0;0;0.005;0.02;0.01;0.005;0.029;0.007;0.017
1459;-0.007;-0.002;-0.005;0.002;-0.002;-0.005;0.002;0;0.022;0.015;0.007;0.032;0.01;0.022
1460;-0.005;-0.002;-0.005;0.002;-0.005;-0.005;0;0.005;0.022;0.01;0.007;0.032;0.015;0.022
1461;-0.007;-0.005;-0.005;0.002;-0.005;-0.002;0;0.005;0.02;0.012;0.002;0.029;0.012;0.02
1462;-0.007;-0.005;-0.005;0;-0.005;-0.005;0;0.005;0.02;0.012;0.007;0.034;0.007;0.022
1463;-0.005;-0.002;0;0.002;-0.005;-0.005;0;0.005;0.022;0.015;0.005;0.034;0.01;0.02
1464;-0.007;-0.002;-0.002;0;-0.005;-0.002;-0.002;0.005;0.022;0.01;0.007;0.032;0.01;0.02
1465;-0.007;-0.002;-0.007;0.002;-0.005;0;0;0.005;0.022;0.012;0.007;0.029;0.01;0.022
1466;-0.005;-0.002;-0.005;0.002;-0.005;-0.002;0.002;0.005;0.02;0.01;0.007;0.034;0.017;0.027
1467;-0.005;0.002;-0.01;0.002;-0.002;-0.002;0;0.005;0.022;0.015;0.01;0.034;0.007;0.022
1468;-0.007;-0.005;0;0.005;-0.005;-0.002;0;0.002;0.022;0.007;0.002;0.027;0.007;0.015
1469;-0.005;-0.002;-0.007;0;-0.002;-0.002;0;0.005;0.022;0.015;0.01;0.037;0.012;0.027
1470;-0.005;-0.002;-0.005;0;-0.005;-0.002;0;0.005;0.02;0.015;0.007;0.032;0.015;0.024
1471;-0.005;-0.002;-0.005;0.002;-0.002;-0.005;0;0.005;0.022;0.015;0.01;0.032;0.012;0.024
1472;-0.005;-0.002;-0.005;0;-0.002;-0.002;0;0.005;0.02;0.015;0.007;0.032;0.002;0.02
1473;-0.005;0;-0.007;0.002;-0.002;-0.002;0.002;0.005;0.022;0.01;0.01;0.029;0.007;0.02
1474;-0.002;-0.002;-0.005;0.002;-0.002;-0.007;0;0.005;0.022;0.012;0.005;0.032;0.01;0.022
1475;-0.007;-0.005;-0.005;0.002;-0.007;-0.005;0;0.002;0.02;0.01;0.005;0.032;0.012;0.022
1476;-0.005;-0.002;-0.005;0.005;-0.005;-0.002;0;0.005;0.02;0.01;0.007;0.034;0.012;0.02
1477;-0.01;-0.002;-0.005;0.005;-0.002;-0.002;0.002;0.005;0.02;0.012;0.007;0.032;0.005;0.017
1478;-0.005;-0.002;-0.002;0.005;-0.002;-0.002;0.002;0.007;0.022;0.01;0.007;0.032;0.01;0.02
1479;-0.005;-0.002;-0.005;0.005;0;-0.002;0;0.005;0.02;0.012;0.005;0.034;0.01;0.022
1480;-0.002;0;-0.007;0.002;-0.005;-0.002;0;0.005;0.022;0.012;0.007;0.032;0.012;0.022
1481;-0.002;-0.002;-0.007;0.002;-0.005;-0.002;0;0.005;0.022;0.012;0.005;0.034;0.007;0.017
1482;-0.005;-0.002;0.002;0.005;-0.007;-0.002;0.002;0.005;0.02;0.01;0.005;0.029;0.007;0.017
1483;-0.005;-0.002;-0.007;0.002;-0.005;-0.002;0.002;0.005;0.022;0.015;0.007;0.032;0.015;0.027
1484;-0.002;-0.002;-0.002;0.002;-0.002;-0.005;0;0.005;0.024;0.012;0.01;0.034;0.005;0.02
1485;-0.002;-0.002;0;0.002;-0.002;-0.005;0;0.005;0.02;0.01;0.007;0.029;0.015;0.02
1486;-0.005;0;-0.005;0.002;-0.002;-0.002;0;0.005;0.022;0.015;0.007;0.032;0.002;0.02
1487;-0.005;-0.002;-0.002;0.002;-0.002;0;0.002;0.007;0.02;0.012;0.01;0.034;0.012;0.027
1488;-0.005;0;-0.005;0.005;-0.002;-0.002;0;0.005;0.02;0.01;0.007;0.034;0.017;0.02
1489;-0.005;-0.002;-0.007;0.002;-0.002;-0.002;0;0.002;0.02;0.012;0.007;0.032;0.01;0.022
1490;-0.005;-0.002;0;0.002;-0.005;-0.002;0;0.005;0.02;0.012;0.01;0.032;0.002;0.017
1491;-0.002;0.002;-0.005;0.002;-0.002;0;0;0.005;0.022;0.012;0.007;0.032;0.017;0.027
1492;-0.005;0;-0.005;0.002;-0.002;-0.005;0;0.002;0.022;0.012;0.007;0.032;0.005;0.02
1493;-0.005;-0.005;-0.005;0.005;-0.005;-0.005;0;0.005;0.017;0.012;0.007;0.032;0.017;0.022
1494;-0.005;-0.002;0;0.002;-0.005;0;0;0.002;0.024;0.015;0.01;0.034;0.01;0.02
1495;-0.002;0;-0.007;0.005;-0.005;-0.002;0;0.005;0.022;0.012;0.007;0.034;0.012;0.024
1496;-0.005;0;-0.002;0.005;-0.002;-0.002;0;0.005;0.022;0.01;0.005;0.032;0.002;0.017
1497;-0.007;-0.005;-0.002;0.002;-0.002;-0.002;0;0.005;0.02;0.007;0.005;0.029;0.017;0.02
1498;-0.002;-0.002;-0.007;0.002;-0.002;0;0.005;0.007;0.022;0.012;0.01;0.034;0.01;0.022
1499;-0.005;-0.002;-0.005;0.005;-0.007;-0.005;0;0.005;0.022;0.012;0.01;0.034;0.007;0.02
1500;-0.005;0;-0.002;0.002;-0.002;-0.002;0;0.005;0.017;0.01;0.005;0.032;0.005;0.02
1501;-0.005;0;-0.005;0.005;-0.002;-0.002;0.002;0.005;0.02;0.007;0.005;0.029;0.01;0.022
1502;-0.005;-0.002;-0.005;0.002;-0.005;-0.002;0.002;0.005;0.022;0.012;0.01;0.034;0.012;0.024
1503;-0.005;0;-0.002;0.002;-0.005;-0.002;0;0.005;0.022;0.015;0.007;0.034;0.017;0.024
1504;-0.005;-0.002;-0.005;0;-0.005;-0.002;0.002;0.007;0.02;0.012;0.007;0.032;0.01;0.02
1505;-0.007;0;-0.002;0.005;-0.002;-0.002;0;0.005;0.022;0.012;0.007;0.032;0.002;0.02
1506;-0.007;-0.002;-0.007;0.002;-0.005;-0.002;0;0.002;0.02;0.012;0.005;0.034;0.01;0.02
1507;-0.005;-0.002;-0.005;0.002;-0.002;-0.002;0;0.005;0.022;0.01;0.007;0.034;0.005;0.022
1508;-0.002;-0.005;-0.005;0;-0.005;-0.002;0;0.005;0.02;0.01;0.005;0.029;0.012;0.02
1509;-0.002;-0.002;-0.002;0.005;-0.002;-0.002;0;0.002;0.02;0.01;0.005;0.032;0.002;0.017
1510;-0.005;-0.005;-0.005;0;-0.005;-0.002;0;0.007;0.02;0.01;0.007;0.034;0.012;0.024
1511;-0.005;-0.002;-0.002;0.002;-0.005;-0.005;0;0.005;0.022;0.012;0.005;0.032;0.01;0.02
1512;-0.005;0;-0.005;0.005;-0.005;-0.005;0;0.005;0.017;0.01;0.005;0.032;0.01;0.02
1513;-0.002;-0.002;-0.005;0.002;-0.005;-0.002;0.002;0.005;0.02;0.012;0.01;0.034;0.012;0.024
1514;-0.007;-0.005;-0.005;0.002;-0.005;-0.002;0;0.005;0.022;0.012;0.007;0.034;0.007;0.02
1515;-0.007;-0.002;-0.005;0.002;-0.005;-0.002;0;0.002;0.017;0.012;0.007;0.032;0.015;0.024
1516;-0.005;-0.005;-0.007;0;-0.005;-0.002;0;0.007;0.02;0.01;0.007;0.032;0.002;0.02
1517;-0.005;-0.002;-0.007;0.002;-0.002;-0.002;0.002;0.005;0.022;0.012;0.01;0.032;0.01;0.022
1518;-0.005;-0.002;-0.007;0.002;-0.007;-0.005;0;0.005;0.022;0.012;0.005;0.034;0.01;0.02
1519;-0.005;-0.002;-0.005;0;-0.002;-0.002;0;0.002;0.02;0.01;0.005;0.032;0.01;0.02
1520;-0.007;-0.002;-0.007;0.005;-0.005;-0.002;0;0.002;0.024;0.017;0.01;0.034;0.007;0.022
1521;-0.007;-0.005;-0.007;0.002;-0.005;-0.002;0;0.005;0.02;0.012;0.007;0.032;0.01;0.022
1522;-0.005;-0.002;-0.002;0.005;-0.005;-0.002;0;0.005;0.022;0.012;0.01;0.032;0.01;0.022
1523;-0.005;-0.005;-0.005;0.002;-0.005;-0.002;0;0.007;0.02;0.012;0.007;0.032;0.01;0.022
1524;-0.005;-0.005;-0.002;0.002;-0.002;0;0;0.002;0.022;0.012;0.007;0.034;0.01;0.022
1525;-0.005;-0.002;-0.005;0.002;-0.007;-0.002;0.002;0.005;0.022;0.012;0.01;0.032;0.007;0.022
1526;-0.005;-0.002;-0.002;0;-0.005;0;0;0.005;0.017;0.01;0.007;0.032;0.012;0.024
1527;-0.007;-0.002;-0.002;0.002;-0.005;-0.002;0;0.005;0.02;0.01;0.005;0.032;0.005;0.02
1528;-0.005;-0.005;-0.01;0.002;-0.005;-0.002;0;0.002;0.024;0.015;0.01;0.034;0.012;0.022
1529;-0.005;-0.005;0;0.002;-0.002;-0.005;0;0.002;0.022;0.012;0.005;0.032;0.01;0.02
1530;-0.005;-0.002;-0.007;0;-0.005;-0.002;0.002;0.002;0.022;0.017;0.007;0.034;0.01;0.022
1531;-0.005;-0.002;-0.005;0.005;-0.005;-0.002;0;0.005;0.02;0.012;0.005;0.032;0.012;0.022
1532;-0.005;-0.002;-0.005;0.002;-0.005;-0.002;0.002;0.002;0.02;0.015;0.007;0.034;0.017;0.024
1533;-0.007;-0.002;-0.005;0.005;-0.002;0;0;0.005;0.024;0.015;0.01;0.034;0.005;0.02
1534;-0.005;-0.002;-0.005;0.002;-0.005;-0.002;0;0.005;0.022;0.01;0.007;0.032;0.007;0.02
1535;-0.007;-0.002;-0.01;0.005;-0.002;-0.002;0.002;0.005;0.022;0.012;0.007;0.034;0.012;0.02
1536;-0.005;-0.002;-0.002;0.005;-0.002;-0.002;0;0.005;0.02;0.01;0.005;0.029;0.007;0.02
1537;-0.005;-0.005;-0.007;0.002;-0.002;-0.002;0;0.005;0.027;0.017;0.012;0.039;0.012;0.024
1538;-0.005;-0.002;-0.005;0.005;-0.005;-0.002;0;0.005;0.022;0.01;0.01;0.034;0.012;0.022
1539;-0.005;-0.002;-0.002;0.002;-0.002;-0.002;0;0.005;0.022;0.012;0.007;0.034;0;0.017
1540;-0.005;0;-0.005;0.007;-0.002;-0.002;0.002;0.005;0.022;0.012;0.007;0.032;0.012;0.024
1541;-0.005;-0.002;-0.005;0.002;-0.005;-0.002;-0.002;0.005;0.024;0.012;0.005;0.034;0.01;0.02
1542;-0.002;-0.002;-0.005;0.002;-0.007;-0.005;0;0.002;0.024;0.01;0.007;0.032;0.012;0.024
1543;-0.002;-0.002;-0.005;0.002;-0.002;0;0;0.005;0.02;0.012;0.007;0.032;0.015;0.022
1544;-0.007;0;-0.007;0.002;-0.005;-0.002;-0.002;0.005;0.022;0.012;0.01;0.037;0.005;0.022
1545;-0.005;-0.005;0;0.007;-0.005;-0.002;0;0.007;0.017;0.01;0.005;0.029;0.01;0.017
1546;-0.005;-0.002;-0.002;0.002;-0.005;-0.005;0;0.005;0.02;0.012;0.007;0.029;0.01;0.02
1547;-0.002;0;-0.007;0.002;-0.005;-0.002;0.002;0.002;0.024;0.015;0.012;0.039;0.02;0.029
1548;-0.007;-0.002;0;0.005;-0.005;-0.005;-0.002;0.002;0.02;0.012;0.005;0.029;0.012;0.017
1549;-0.005;-0.002;-0.002;0.002;-0.002;-0.002;0.002;0.007;0.02;0.01;0.007;0.032;0.002;0.02
1550;-0.005;-0.002;-0.007;0;-0.002;-0.002;0;0.005;0.02;0.012;0.007;0.034;0.015;0.024
1551;-0.005;0;-0.007;0.002;-0.002;-0.005;-0.002;0.005;0.022;0.015;0.01;0.037;0.017;0.024
1552;-0.005;-0.002;-0.002;0.005;-0.005;-0.002;0;0.005;0.022;0.012;0.007;0.032;0.002;0.017
1553;-0.005;-0.002;-0.005;0.005;-0.005;-0.002;0;0.002;0.02;0.01;0.005;0.032;0.012;0.022
1554;-0.005;0;-0.005;0.002;-0.005;-0.002;0;0.005;0.022;0.015;0.01;0.034;0.017;0.029
1555;-0.007;-0.002;0;0.007;-0.002;-0.005;0;0.005;0.02;0.01;0.002;0.029;0.002;0.017
1556;-0.005;0;-0.005;0.005;-0.005;-0.005;0;0.002;0.022;0.012;0.007;0.032;0.01;0.02
1557;-0.005;-0.002;-0.005;0.002;-0.002;-0.002;0;0.002;0.02;0.012;0.005;0.032;0.017;0.024
1558;-0.002;0;-0.002;0.002;-0.002;-0.005;0;0.002;0.022;0.012;0.007;0.034;0.01;0.022
1559;-0.005;0;-0.007;0.002;-0.002;-0.002;0;0.005;0.022;0.01;0.005;0.032;0.012;0.02
1560;-0.005;-0.002;-0.005;0.002;-0.005;-0.002;0.002;0.005;0.022;0.015;0.007;0.032;0.005;0.022
1561;-0.005;-0.002;-0.002;0.005;-0.005;-0.005;0;0.007;0.02;0.01;0.007;0.032;0.017;0.024
1562;-0.005;-0.002;-0.002;0.002;-0.005;0;0.002;0.007;0.027;0.012;0.007;0.032;0.01;0.02
1563;-0.005;-0.002;-0.005;0.002;-0.005;-0.002;0;0.005;0.02;0.012;0.007;0.032;0.005;0.022
1564;-0.005;-0.005;-0.002;0;-0.005;-0.005;0;0.005;0.02;0.015;0.007;0.034;0.007;0.017
1565;-0.007;-0.005;-0.002;0.005;-0.002;-0.002;-0.002;0.005;0.02;0.012;0.005;0.029;0.01;0.022
1566;-0.005;-0.002;-0.005;0.002;-0.002;0;0.002;0.005;0.022;0.012;0.007;0.034;0.012;0.022
1567;-0.005;-0.002;-0.005;0.002;-0.005;-0.005;-0.002;0.005;0.022;0.01;0.007;0.032;0.01;0.02
1568;-0.005;-0.002;-0.007;0;-0.005;-0.002;0;0.002;0.022;0.012;0.007;0.039;0.007;0.02
1569;-0.005;-0.005;-0.002;0.002;-0.002;-0.002;0.002;0.005;0.02;0.012;0.002;0.032;0.01;0.017
1570;-0.005;0;-0.01;0;-0.005;-0.002;0;0.005;0.02;0.015;0.012;0.037;0.012;0.024
1571;-0.007;-0.005;0;0.002;-0.005;-0.005;0.002;0.005;0.02;0.01;0.005;0.029;0.007;0.015
1572;-0.007;-0.002;-0.002;0;-0.002;-0.002;0.002;0.005;0.02;0.012;0.007;0.032;0.01;0.022
1573;-0.005;-0.005;-0.007;0.002;-0.005;0;0;0.005;0.022;0.012;0.007;0.037;0.015;0.024
1574;-0.005;-0.005;-0.005;0;-0.005;-0.005;0;0.005;0.02;0.012;0.007;0.034;0.012;0.02
1575;-0.002;-0.002;-0.007;0.005;-0.005;-0.002;0;0.005;0.022;0.012;0.007;0.032;0.005;0.02
1576;-0.007;-0.002;-0.005;0.002;-0.005;-0.002;0;0.007;0.02;0.007;0.002;0.029;0.012;0.02
1577;-0.007;-0.005;-0.005;0;-0.002;-0.002;0;0.002;0.024;0.015;0.01;0.034;0.012;0.022
1578;-0.005;-0.005;-0.005;0;-0.005;0;0.002;0.005;0.022;0.01;0.005;0.029;0.007;0.022
1579;-0.007;-0.005;-0.002;0;-0.005;-0.002;0.002;0.005;0.02;0.012;0.007;0.032;0.007;0.02
1580;-0.005;-0.002;-0.002;0;-0.005;-0.002;0;0.007;0.022;0.012;0.007;0.032;0.012;0.022
1581;-0.005;-0.005;-0.002;0.002;-0.005;-0.002;0;0.005;0.02;0.01;0.002;0.029;0.01;0.017
1582;-0.007;-0.002;-0.012;0.002;-0.005;-0.002;0;0.005;0.022;0.015;0.01;0.037;0.012;0.022
1583;-0.005;-0.002;-0.005;0;-0.007;-0.002;0;0.005;0.024;0.012;0.007;0.034;0.012;0.022
1584;-0.005;-0.002;0;0.002;-0.002;0;0;0.005;0.022;0.012;0.01;0.034;0.005;0.017
1585;-0.007;-0.002;-0.007;0.002;-0.002;-0.005;0;0.005;0.02;0.01;0.005;0.032;0.012;0.024
1586;-0.005;-0.002;-0.007;0;-0.005;-0.002;0;0.005;0.022;0.015;0.007;0.032;0.01;0.022
1587;-0.005;-0.005;0;0.002;-0.002;-0.002;0.002;0.005;0.02;0.01;0.005;0.029;0.015;0.02
1588;-0.005;-0.002;-0.005;0;-0.005;-0.005;0.002;0.005;0.022;0.012;0.01;0.034;0.002;0.017
1589;-0.002;0;-0.005;0.002;-0.005;-0.002;0;0.002;0.022;0.01;0.007;0.032;0.015;0.027
1590;-0.005;0;-0.002;0;-0.005;-0.005;0;0.007;0.022;0.015;0.01;0.034;0.015;0.022
1591;-0.005;-0.002;-0.005;0.002;-0.005;0;0;0.005;0.022;0.015;0.007;0.032;0.005;0.02
1592;-0.002;0;-0.005;0;-0.005;-0.002;0.002;0.005;0.022;0.012;0.01;0.034;0.015;0.02
1593;-0.005;0;-0.005;0.005;-0.002;-0.002;0.002;0.005;0.02;0.007;0.005;0.029;0.012;0.02
1594;-0.005;-0.005;0;0.002;-0.005;-0.005;0;0.005;0.02;0.01;0.005;0.029;0.007;0.02
1595;-0.007;-0.002;-0.007;0.005;-0.005;-0.002;-0.002;0.005;0.022;0.015;0.01;0.034;0.017;0.027
1596;-0.005;-0.002;-0.002;0.002;-0.002;-0.005;0.002;0.007;0.022;0.012;0.007;0.032;0.01;0.02
1597;-0.005;-0.002;-0.002;0.005;-0.002;-0.002;0.002;0.007;0.017;0.01;0.005;0.029;0.015;0.022
1598;-0.002;0;-0.01;0.002;-0.007;-0.002;0;0.007;0.024;0.015;0.007;0.034;0.005;0.022
1599;-0.005;-0.002;-0.002;0.002;-0.005;-0.002;-0.002;0.005;0.02;0.01;0.002;0.029;0.007;0.015
1600;-0.005;-0.005;-0.002;0.002;-0.005;-0.002;0;0.002;0.022;0.01;0.01;0.032;0.01;0.02
1601;-0.005;0;0;0.005;-0.005;-0.005;0.002;0.005;0.02;0.012;0.005;0.029;0.015;0.022
1602;-0.002;0;-0.007;0;-0.002;-0.005;0;0.005;0.024;0.015;0.01;0.037;0.007;0.02
1603;-0.005;-0.005;-0.002;0.005;-0.002;-0.005;0;0.002;0.02;0.01;0.005;0.027;0.01;0.017
1604;-0.002;-0.002;-0.002;0.002;-0.002;-0.002;0;0.007;0.022;0.012;0.007;0.029;0.024;0.027
1605;-0.005;-0.002;-0.005;0.002;-0.005;-0.005;0.002;0.005;0.022;0.012;0.01;0.029;0.007;0.02
1606;-0.005;-0.002;-0.002;0.002;-0.005;-0.005;0.002;0.005;0.017;0.01;0.005;0.032;0.005;0.017
1607;-0.005;0;-0.002;0.005;-0.005;-0.005;0;0.005;0.022;0.012;0.007;0.032;0.012;0.022
1608;-0.005;-0.002;-0.002;0.005;-0.005;-0.005;-0.002;0.002;0.022;0.01;0.007;0.032;0.01;0.02
1609;-0.005;0;-0.005;0.002;-0.005;-0.005;0;0.005;0.022;0.012;0.01;0.032;0.012;0.024
1610;-0.005;-0.002;-0.005;0.002;-0.005;-0.005;0;0.005;0.02;0.012;0.007;0.032;0.015;0.024
1611;-0.005;0;-0.007;0.002;-0.002;-0.002;0.002;0.005;0.024;0.012;0.012;0.034;0.005;0.02
1612;-0.002;-0.005;0;0.005;-0.002;-0.002;0;0.005;0.024;0.01;0.007;0.029;0.012;0.017
1613;-0.005;0;-0.005;0.002;-0.007;-0.002;0;0.005;0.022;0.012;0.007;0.029;0.005;0.02
1614;-0.002;-0.002;-0.005;0.002;-0.005;-0.002;0.002;0.007;0.02;0.01;0.01;0.032;0.015;0.024
1615;-0.005;0;-0.005;0.002;-0.005;-0.002;0;0.005;0.02;0.012;0.007;0.029;0.01;0.02
1616;-0.007;-0.002;-0.005;0.005;-0.005;-0.002;0.002;0.007;0.022;0.012;0.007;0.029;0.01;0.02
1617;-0.002;-0.002;-0.005;0.002;-0.002;-0.005;0.002;0.005;0.022;0.015;0.01;0.032;0.005;0.017
1618;-0.005;-0.002;-0.002;0.005;-0.005;-0.005;0;0.005;0.017;0.007;0.007;0.029;0.017;0.024
1619;-0.002;0;-0.005;0.002;-0.007;-0.002;0;0.005;0.024;0.012;0.01;0.029;0.007;0.02
1620;-0.007;0;-0.002;0.002;-0.005;-0.002;0.002;0.007;0.022;0.01;0.01;0.034;0.01;0.022
1621;-0.005;-0.002;-0.002;0.002;-0.002;-0.005;0.002;0.005;0.022;0.01;0.005;0.032;0.012;0.02
1622;-0.005;0;-0.005;0;-0.005;-0.002;-0.002;0.005;0.022;0.012;0.005;0.032;0.015;0.02
1623;-0.005;0;-0.005;0.002;-0.005;-0.002;0;0.005;0.022;0.012;0.01;0.034;0.012;0.022
1624;-0.005;-0.002;-0.002;0;-0.002;-0.005;0;0.005;0.02;0.012;0.007;0.029;0.007;0.017
1625;-0.005;-0.002;-0.007;0;-0.002;-0.002;0.002;0.005;0.022;0.015;0.01;0.032;0.017;0.027
1626;-0.007;-0.005;-0.002;0.005;-0.005;-0.005;0;0.005;0.022;0.01;0.005;0.029;0.007;0.017
1627;-0.005;-0.002;-0.007;0.002;-0.005;-0.002;0;0.005;0.017;0.012;0.005;0.029;0.005;0.015
1628;-0.005;-0.002;-0.005;0.002;-0.005;-0.002;0;0.005;0.02;0.012;0.005;0.029;0.01;0.02
1629;-0.005;-0.005;-0.005;0.002;-0.002;0;0;0.005;0.02;0.012;0.007;0.029;0.01;0.02
1630;-0.005;-0.002;-0.007;0.005;-0.005;-0.002;0;0.005;0.022;0.01;0.005;0.032;0.01;0.022
1631;-0.002;-0.002;-0.005;0;-0.002;-0.005;0;0.005;0.024;0.015;0.007;0.032;0.007;0.02
1632;-0.007;-0.005;-0.002;0.002;-0.002;-0.002;0;0.005;0.02;0.01;0.007;0.032;0.012;0.017
1633;-0.005;-0.002;-0.007;0.002;-0.002;-0.002;0;0.002;0.02;0.012;0.01;0.032;0.01;0.024
1634;-0.005;-0.005;-0.002;0.002;-0.005;-0.002;0.002;0.005;0.022;0.012;0.005;0.032;0.012;0.024
1635;-0.005;-0.005;-0.005;0;-0.002;-0.002;0;0.005;0.022;0.012;0.01;0.032;0.01;0.02
1636;-0.005;-0.002;-0.01;0.002;-0.002;-0.002;0;0.002;0.022;0.012;0.01;0.032;0.01;0.024
1637;-0.005;-0.005;-0.007;-0.002;-0.005;0;0;0.005;0.022;0.012;0.007;0.032;0.01;0.022
1638;-0.005;-0.002;-0.002;0;-0.005;-0.002;0;0.002;0.02;0.012;0.005;0.029;0.012;0.022
1639;-0.005;-0.002;-0.005;0;-0.002;-0.005;0;0.005;0.02;0.01;0.007;0.029;0.01;0.024
1640;-0.005;-0.005;-0.005;0.005;-0.002;-0.002;0.002;0.005;0.024;0.01;0.005;0.029;0;0.015
1641;-0.005;-0.002;-0.005;0;-0.005;-0.002;0;0.005;0.022;0.015;0.007;0.034;0.017;0.024
1642;-0.005;0;-0.005;0;-0.005;0;0.002;0.002;0.02;0.01;0.005;0.029;0.012;0.02
1643;-0.002;-0.002;-0.002;0.002;-0.005;-0.002;0;0.005;0.022;0.012;0.005;0.032;0.01;0.022
1644;-0.005;-0.002;-0.007;0.005;-0.005;-0.002;0.002;0.005;0.024;0.015;0.005;0.032;0.012;0.027
1645;-0.005;-0.005;-0.002;0.002;-0.002;-0.002;0;0.005;0.02;0.01;0.007;0.029;0.012;0.017
1646;-0.002;-0.002;-0.007;0;-0.005;-0.002;0;0.002;0.022;0.012;0.01;0.034;0;0.015
1647;-0.005;-0.005;-0.005;0;-0.005;-0.002;0;0.005;0.02;0.015;0.007;0.032;0.01;0.022
1648;-0.005;-0.002;-0.005;0.002;-0.002;-0.002;0;0.005;0.02;0.012;0.007;0.032;0.012;0.02
1649;-0.005;-0.002;-0.007;0.005;-0.005;-0.002;0.002;0.002;0.02;0.012;0.005;0.032;0.012;0.022
1650;-0.005;-0.002;-0.005;0;-0.005;-0.002;0;0.007;0.022;0.012;0.005;0.032;0.012;0.022
1651;-0.007;-0.002;-0.005;0.002;-0.002;-0.002;0.002;0.005;0.022;0.012;0.005;0.029;0.01;0.022
1652;-0.005;0;-0.005;0.002;-0.005;-0.002;0;0.005;0.024;0.012;0.01;0.034;0.01;0.022
1653;-0.005;0;-0.002;0.002;-0.005;-0.002;0;0.005;0.022;0.012;0.007;0.032;0.01;0.02
1654;-0.002;-0.002;0;0.005;-0.005;-0.002;0;0.007;0.022;0.012;0.01;0.032;0.01;0.02
1655;-0.005;-0.002;-0.005;0.002;-0.005;-0.002;0;0.007;0.022;0.015;0.007;0.032;0.015;0.022
1656;-0.005;-0.002;-0.007;0.005;-0.005;-0.002;0.002;0.005;0.022;0.012;0.007;0.034;0.012;0.022
1657;-0.005;0;-0.005;0.005;-0.002;-0.005;0;0.005;0.022;0.012;0.007;0.032;0.012;0.024
1658;-0.005;0;-0.005;0.005;-0.002;-0.002;-0.002;0.005;0.022;0.012;0.01;0.032;0.005;0.022
1659;-0.002;-0.002;-0.005;0.005;-0.005;-0.002;0;0.007;0.02;0.012;0.007;0.032;0.01;0.022
1660;-0.005;-0.002;-0.007;0.002;-0.005;-0.005;0;0.002;0.02;0.012;0.007;0.029;0.015;0.024
1661;-0.002;0;-0.007;0.002;-0.005;-0.002;0;0.002;0.024;0.015;0.012;0.034;0.017;0.027
1662;-0.007;-0.002;0;0.005;-0.005;-0.002;0.002;0.007;0.022;0.01;0.007;0.029;0.002;0.017
1663;-0.005;-0.002;-0.005;0.005;-0.005;-0.002;0;0.005;0.02;0.012;0.005;0.029;0.01;0.02
1664;-0.005;0;-0.005;0;-0.007;-0.005;0;0.002;0.022;0.01;0.007;0.029;0.015;0.024
1665;-0.002;-0.002;-0.007;0.002;-0.002;-0.002;0;0.005;0.02;0.012;0.005;0.032;0.012;0.022
1666;-0.002;-0.002;-0.005;0.002;-0.007;-0.002;0;0.005;0.02;0.01;0.005;0.032;0.002;0.017
1667;-0.005;-0.002;-0.005;0.002;-0.002;-0.002;-0.002;0.002;0.022;0.015;0.007;0.032;0.017;0.027
1668;-0.007;-0.002;-0.002;0.002;-0.005;-0.005;0;0.005;0.024;0.015;0.012;0.034;0.007;0.02
1669;-0.005;-0.005;-0.005;0.005;-0.002;-0.002;0.002;0.005;0.02;0.01;0.005;0.029;0.007;0.02
1670;-0.005;-0.002;-0.01;0;-0.005;-0.002;0;0.005;0.024;0.015;0.01;0.034;0.015;0.027
1671;-0.002;-0.005;0;0.005;-0.002;-0.002;0;0.005;0.022;0.012;0.005;0.027;0.01;0.017
1672;-0.002;0;-0.005;0.002;-0.005;-0.005;0;0.005;0.024;0.01;0.007;0.032;0.01;0.022
1673;-0.005;-0.002;-0.005;0.007;-0.005;-0.005;0;0.005;0.022;0.012;0.007;0.029;0.01;0.022
1674;-0.005;-0.002;-0.007;0.005;-0.005;-0.002;0;0.005;0.024;0.017;0.01;0.034;0.017;0.024
1675;-0.005;0;-0.002;0.005;-0.005;-0.002;0.002;0.007;0.022;0.012;0.005;0.029;0.007;0.02
1676;-0.002;0;-0.002;0.002;-0.005;-0.002;-0.002;0.005;0.022;0.012;0.005;0.032;0.007;0.017
1677;-0.005;-0.005;-0.005;0.005;-0.005;-0.002;0;0.007;0.02;0.012;0.007;0.027;0.01;0.024
1678;-0.002;-0.005;-0.007;0;-0.002;0;0;0.005;0.022;0.015;0.007;0.032;0.015;0.022
1679;-0.002;0;-0.007;0.002;-0.002;-0.002;0;0.002;0.024;0.015;0.01;0.034;0.012;0.024
1680;-0.005;-0.002;-0.002;0.005;-0.005;-0.002;0;0.002;0.02;0.012;0.005;0.029;0.015;0.024
1681;-0.005;0;0;0.005;-0.005;-0.002;-0.002;0.005;0.022;0.01;0.007;0.029;0.01;0.022
1682;-0.002;-0.002;-0.005;0;-0.005;0;-0.002;0.005;0.022;0.012;0.01;0.034;0.017;0.024
1683;-0.005;-0.002;-0.005;0;-0.005;-0.002;0;0.005;0.024;0.012;0.007;0.032;0.005;0.017
1684;-0.005;0;-0.01;0;-0.005;-0.005;0.002;0.005;0.022;0.012;0.01;0.034;0.024;0.032
1685;-0.005;-0.002;-0.005;0.005;-0.002;-0.005;0;0.005;0.022;0.01;0.005;0.027;-0.002;0.017
1686;-0.005;-0.005;-0.002;0.002;-0.005;-0.002;0;0.005;0.024;0.012;0.007;0.029;0.01;0.02
1687;-0.005;-0.005;-0.005;0.002;-0.005;-0.002;0.002;0.005;0.022;0.012;0.007;0.034;0.017;0.024
1688;-0.002;-0.002;-0.005;0.002;-0.005;-0.002;0;0.005;0.022;0.015;0.01;0.032;0.002;0.017
1689;-0.005;-0.002;-0.005;0.002;-0.002;0;-0.002;0.005;0.022;0.01;0.007;0.032;0.01;0.02
1690;-0.007;-0.002;-0.005;0;-0.005;-0.002;0;0.002;0.024;0.012;0.007;0.032;0.01;0.02
1691;-0.005;-0.002;-0.002;0.005;-0.007;-0.002;0;0.005;0.022;0.015;0.007;0.029;0.01;0.02
1692;-0.005;-0.002;-0.007;0.002;-0.005;-0.002;-0.002;0.005;0.024;0.012;0.007;0.032;0.012;0.022
1693;-0.005;-0.002;-0.002;0.002;-0.005;-0.002;0.002;0.005;0.022;0.012;0.007;0.029;0.01;0.02
1694;-0.005;-0.002;-0.005;0.002;-0.005;-0.005;0;0.007;0.02;0.012;0.007;0.032;0.007;0.022
1695;-0.005;-0.002;-0.01;0.002;-0.002;-0.002;0;0.005;0.02;0.012;0.012;0.032;0.012;0.029
1696;-0.005;-0.005;0;0.005;-0.002;-0.005;0;0.002;0.02;0.012;0.007;0.029;0.005;0.017
1697;-0.005;-0.002;-0.005;0;-0.007;-0.002;0;0.005;0.022;0.012;0.007;0.032;0.01;0.022
1698;-0.007;-0.002;-0.007;0;-0.005;-0.005;0;0.007;0.022;0.012;0.007;0.032;0.01;0.022
1699;-0.007;-0.005;-0.005;0;-0.005;-0.002;0;0.007;0.024;0.015;0.01;0.032;0.017;0.024
1700;-0.005;-0.002;-0.005;0.002;-0.007;-0.002;0;0.005;0.022;0.012;0.007;0.032;0.005;0.02
1701;-0.005;-0.005;-0.005;0.002;-0.005;-0.005;0;0.002;0.022;0.012;0.01;0.032;0.012;0.022
1702;-0.005;-0.002;-0.005;0.002;-0.005;-0.002;0;0.005;0.022;0.01;0.007;0.032;0.012;0.022
1703;-0.005;-0.002;-0.005;0.005;-0.002;-0.005;0;0.005;0.02;0.012;0.007;0.032;0.012;0.024
1704;-0.007;-0.002;-0.005;0.002;-0.005;-0.005;0;0.007;0.022;0.012;0.007;0.029;0.01;0.022
1705;-0.005;-0.005;-0.007;0.002;-0.002;-0.002;0;0.005;0.024;0.012;0.007;0.029;0.01;0.024
1706;-0.005;-0.005;-0.005;0.002;-0.005;-0.002;0;0.005;0.022;0.012;0.007;0.032;0.007;0.022
1707;-0.005;-0.002;-0.005;0.002;-0.005;-0.002;0;0.002;0.022;0.012;0.007;0.029;0.01;0.02
1708;-0.005;-0.002;-0.005;0.005;-0.005;-0.005;0;0.005;0.022;0.012;0.007;0.032;0.01;0.022
1709;-0.005;-0.002;-0.007;0.005;-0.002;-0.002;0.002;0.005;0.022;0.015;0.007;0.029;0.01;0.02
1710;-0.005;-0.005;-0.005;0.002;-0.002;-0.002;-0.002;0.005;0.024;0.015;0.01;0.032;0.01;0.024
1711;-0.005;-0.002;-0.005;0.002;-0.005;-0.005;0;0.005;0.022;0.012;0.007;0.029;0.012;0.024
1712;-0.005;-0.002;-0.007;0.002;-0.002;-0.002;-0.002;0.005;0.022;0.015;0.01;0.034;0.007;0.022
1713;-0.002;-0.002;-0.007;0;-0.005;-0.007;0;0.007;0.022;0.015;0.01;0.034;0.012;0.027
1714;-0.002;-0.005;0;0.007;-0.005;-0.002;0.002;0.002;0.022;0.01;0.005;0.027;0.007;0.017
1715;-0.002;0;-0.005;0.002;-0.002;-0.002;0.002;0.005;0.024;0.012;0.012;0.039;0.015;0.027
1716;-0.005;-0.002;0;0.005;-0.005;-0.002;0.002;0.005;0.02;0.01;0.007;0.029;0.007;0.015
1717;-0.005;-0.002;-0.002;0.002;-0.005;-0.002;0.002;0.005;0.022;0.015;0.01;0.034;0.017;0.022
1718;-0.002;0;-0.007;0.005;-0.002;0;0;0.005;0.022;0.012;0.007;0.032;0.012;0.022
1719;-0.007;-0.002;-0.005;0.005;-0.002;-0.002;0;0.002;0.022;0.015;0.007;0.034;0.015;0.022
1720;-0.005;0;-0.007;0.005;-0.002;-0.002;0;0.002;0.024;0.015;0.01;0.034;0.002;0.02
1721;-0.005;-0.002;-0.002;0.005;-0.002;-0.002;0;0.005;0.02;0.01;0.005;0.027;0.017;0.022
1722;-0.002;0;-0.005;0.002;-0.002;0;0.002;0.005;0.024;0.012;0.01;0.032;0.01;0.022
1723;-0.005;0;0;0;-0.002;-0.005;0;0.005;0.022;0.012;0.007;0.032;0.015;0.022
1724;-0.005;0;-0.005;0.002;-0.002;-0.002;0;0.005;0.02;0.01;0.005;0.029;0.002;0.015
1725;-0.005;0;-0.002;0.005;-0.005;-0.002;0.002;0.005;0.02;0.01;0.007;0.029;0.017;0.022
1726;-0.005;-0.002;-0.007;0.002;-0.007;-0.002;0;0.005;0.022;0.012;0.007;0.034;0.022;0.027
1727;-0.002;0;-0.002;0.005;-0.005;-0.005;0.002;0.002;0.024;0.01;0.007;0.032;0.002;0.017
1728;-0.005;-0.002;-0.005;0.005;-0.005;-0.002;0;0.005;0.02;0.015;0.007;0.029;0.012;0.024
1729;-0.005;0;-0.002;0.002;-0.002;-0.005;0;0.005;0.024;0.012;0.007;0.032;0.007;0.022
1730;-0.002;-0.002;-0.002;0.005;-0.005;-0.005;0.002;0.005;0.027;0.017;0.012;0.037;0.017;0.024
1731;-0.005;0;-0.002;0.005;-0.005;-0.002;0.002;0.005;0.022;0.01;0.007;0.029;0.007;0.022
1732;-0.002;-0.002;-0.007;0.005;-0.005;-0.002;-0.002;0.007;0.022;0.012;0.007;0.032;0.012;0.024
1733;-0.005;0;-0.005;0;-0.005;-0.002;0.002;0.005;0.022;0.012;0.007;0.029;0.007;0.024
1734;-0.002;-0.005;-0.002;0;-0.005;-0.002;0.002;0.007;0.022;0.015;0.007;0.032;0.017;0.022
1735;-0.002;-0.002;-0.007;0.002;-0.005;0;0;0.005;0.022;0.015;0.01;0.034;0.005;0.027
1736;-0.005;-0.005;0;0.005;-0.005;-0.002;0;0.005;0.022;0.01;0.002;0.027;0.012;0.015
1737;-0.005;-0.002;-0.005;0.002;-0.002;-0.002;0.002;0.005;0.022;0.012;0.007;0.032;0.005;0.02
1738;-0.007;-0.005;-0.002;0.005;-0.005;-0.002;-0.002;0.005;0.022;0.01;0.007;0.029;0.007;0.02
1739;-0.007;0;-0.005;0.002;-0.005;-0.002;0;0.005;0.024;0.015;0.01;0.032;0.02;0.027
1740;-0.005;0;-0.007;0.002;-0.005;-0.002;0.002;0.005;0.022;0.015;0.007;0.034;0.002;0.022
1741;-0.002;-0.002;-0.007;0.002;-0.005;-0.002;0;0.005;0.024;0.015;0.01;0.034;0.007;0.022
1742;-0.005;-0.002;0;0.002;-0.005;-0.002;0;0.005;0.02;0.012;0.005;0.027;0.017;0.02
1743;-0.005;-0.002;-0.005;0.002;-0.002;-0.002;0;0.005;0.022;0.015;0.007;0.032;0.01;0.024
1744;-0.005;0;-0.002;0.005;-0.002;-0.002;0;0.005;0.02;0.012;0.007;0.029;0.002;0.017
1745;-0.005;-0.002;-0.005;0;0;-0.005;0.002;0.005;0.02;0.01;0.002;0.029;0.02;0.022
1746;-0.005;-0.005;-0.005;0.005;0;-0.002;0.002;0.005;0.022;0.01;0.01;0.032;0.005;0.02
1747;-0.005;-0.002;-0.002;0.002;-0.007;-0.002;0.002;0.005;0.022;0.012;0.01;0.029;0.015;0.02
1748;-0.007;-0.005;-0.002;0.002;-0.005;-0.002;-0.002;0.005;0.017;0.01;0.005;0.029;0.005;0.015
1749;-0.002;-0.002;-0.005;0;-0.002;-0.002;0;0.005;0.02;0.01;0.007;0.032;0.01;0.022
1750;-0.002;-0.002;-0.01;0;-0.002;-0.002;0;0.005;0.022;0.012;0.007;0.034;0.007;0.024
1751;-0.005;0;-0.01;0.005;-0.002;-0.005;0;0.002;0.024;0.012;0.01;0.032;0.012;0.024
1752;-0.005;-0.005;0.002;0.005;-0.005;-0.002;0;0.005;0.022;0.012;0.002;0.032;0.007;0.017
1753;-0.007;-0.005;-0.007;0;-0.002;-0.002;0;0.005;0.02;0.015;0.007;0.034;0.01;0.024
1754;-0.005;-0.002;-0.007;0.005;-0.005;-0.005;-0.002;0.007;0.02;0.01;0.007;0.029;0.017;0.024
1755;-0.005;-0.002;-0.005;0;-0.002;-0.002;0;0.007;0.022;0.01;0.007;0.032;0.012;0.022
1756;-0.005;-0.002;-0.007;0.002;-0.005;-0.005;0;0.005;0.022;0.015;0.007;0.029;0.005;0.017
1757;-0.005;0;-0.007;0.002;-0.002;-0.005;0;0.005;0.024;0.017;0.015;0.034;0.01;0.022
1758;-0.007;-0.005;-0.005;0.002;-0.005;0;0;0.005;0.02;0.01;0.005;0.029;0.01;0.02
1759;-0.002;-0.002;-0.002;0.002;-0.005;-0.005;0;0.005;0.022;0.012;0.007;0.032;0.007;0.022
1760;-0.002;-0.002;-0.007;0;-0.005;-0.005;0.002;0.007;0.022;0.012;0.007;0.032;0.015;0.024
1761;-0.005;-0.005;0;0.002;-0.005;-0.002;0;0.005;0.022;0.01;0.007;0.029;0.002;0.015
1762;-0.005;-0.002;-0.01;0.002;-0.005;-0.002;0;0.005;0.022;0.01;0.007;0.032;0.01;0.024
1763;-0.005;0;-0.005;0.002;-0.005;-0.002;0;0.002;0.022;0.012;0.01;0.032;0.012;0.022
1764;-0.005;-0.002;0;0.002;-0.002;0;0;0.005;0.024;0.012;0.01;0.029;0.02;0.027
1765;-0.005;-0.005;-0.007;0.005;-0.005;-0.005;0;0.005;0.022;0.012;0.01;0.034;0.005;0.02
1766;-0.005;-0.005;-0.005;0.002;-0.002;-0.002;0;0.005;0.022;0.012;0.007;0.032;0.012;0.022
1767;-0.002;-0.002;-0.005;0.002;-0.005;-0.005;0;0.007;0.022;0.01;0.005;0.029;0.012;0.02
1768;-0.005;0;-0.01;0.002;-0.005;-0.002;0;0.002;0.024;0.017;0.012;0.037;0.007;0.024
1769;-0.002;-0.002;-0.007;0.002;-0.005;-0.005;0;0.007;0.024;0.012;0.01;0.032;0.01;0.022
1770;-0.002;-0.002;-0.002;0.002;-0.002;-0.005;0;0.005;0.022;0.01;0.007;0.032;0.007;0.017
1771;-0.005;-0.002;-0.005;0.005;-0.005;-0.002;0;0.005;0.024;0.01;0.007;0.032;0.017;0.027
1772;-0.005;-0.002;-0.002;0.005;-0.002;-0.002;-0.002;0.005;0.02;0.012;0.005;0.029;0.002;0.017
1773;-0.002;-0.002;-0.002;0.002;-0.005;-0.005;0;0.002;0.022;0.01;0.002;0.027;0.01;0.024
1774;-0.005;-0.002;-0.002;0.002;-0.002;-0.002;0;0.007;0.022;0.012;0.007;0.029;0.012;0.02
1775;-0.005;0;-0.007;0;-0.005;-0.005;0.002;0.005;0.024;0.015;0.012;0.037;0.01;0.022
1776;-0.005;-0.002;-0.002;0.002;-0.002;-0.005;0.002;0.002;0.02;0.01;0.002;0.029;0.01;0.02
1777;-0.005;-0.002;-0.005;0.005;-0.005;-0.005;0;0.005;0.024;0.015;0.007;0.034;0.01;0.022
1778;-0.002;-0.002;-0.005;0.005;-0.005;-0.002;-0.002;0.005;0.022;0.01;0.007;0.032;0.017;0.027
1779;-0.005;0;-0.005;0.005;-0.005;-0.005;0;0.007;0.022;0.015;0.007;0.032;0;0.015
1780;-0.005;0;-0.005;0.002;-0.002;-0.002;0.002;0.005;0.022;0.01;0.007;0.029;0.012;0.027
1781;0;0;-0.005;0.002;-0.002;-0.002;0;0.007;0.022;0.015;0.007;0.032;0.01;0.027
1782;-0.005;-0.002;-0.002;0.005;-0.005;-0.005;0;0.005;0.022;0.01;0.002;0.027;0.017;0.017
1783;-0.002;-0.005;-0.005;0.005;-0.002;-0.002;0;0.005;0.022;0.012;0.007;0.032;0.01;0.022
1784;-0.005;0;-0.005;0.002;-0.005;-0.005;0;0.005;0.022;0.012;0.007;0.032;0.012;0.027
1785;-0.005;-0.005;0;0.002;-0.002;-0.002;-0.002;0.005;0.022;0.012;0.007;0.029;0.002;0.017
1786;-0.002;-0.002;-0.007;0.002;-0.002;-0.002;0;0.005;0.022;0.007;0.005;0.029;0.012;0.022
1787;-0.005;-0.002;-0.002;0.005;-0.002;-0.005;0;0.005;0.02;0.007;0.007;0.029;0.015;0.022
1788;-0.002;0.002;-0.01;0.002;-0.005;-0.002;0;0.005;0.024;0.015;0.012;0.037;0.015;0.027
1789;-0.002;-0.005;0;0.005;-0.002;-0.002;0;0.002;0.022;0.012;0.007;0.027;0;0.015
1790;-0.002;-0.002;-0.005;0.005;-0.005;-0.002;0.002;0.005;0.022;0.012;0.007;0.032;0.01;0.02
1791;-0.005;-0.002;-0.005;0.002;-0.005;-0.002;0;0.005;0.022;0.015;0.007;0.032;0.015;0.024
1792;-0.002;0;-0.005;0.005;-0.005;-0.002;0.002;0.005;0.022;0.012;0.007;0.032;0.012;0.017
1793;-0.002;0;-0.005;0.002;-0.005;-0.005;0;0.005;0.022;0.012;0.007;0.032;0.002;0.017
1794;-0.005;-0.002;-0.002;0.002;-0.005;-0.005;0;0.005;0.02;0.01;0.007;0.032;0.01;0.02
1795;-0.002;-0.002;-0.007;0.005;-0.002;-0.002;0;0.005;0.022;0.01;0.007;0.032;0.012;0.02
1796;-0.005;0;-0.005;0.002;-0.002;-0.002;0.002;0.005;0.024;0.012;0.007;0.032;0.012;0.022
1797;-0.005;0;-0.002;0.002;-0.002;-0.002;0;0.002;0.024;0.012;0.01;0.034;0.002;0.017
1798;-0.002;-0.002;-0.005;0.005;-0.005;-0.002;0;0.005;0.022;0.012;0.007;0.029;0.01;0.022
1799;-0.002;0;-0.005;0;-0.002;-0.002;0;0.002;0.022;0.012;0.01;0.032;0.015;0.022
1800;-0.002;0;-0.007;0.002;-0.002;-0.005;0.002;0.005;0.024;0.015;0.012;0.037;0.01;0.022
1801;-0.005;0;-0.007;0.002;-0.002;-0.005;0;0.005;0.022;0.01;0.01;0.032;0.007;0.022
1802;-0.005;-0.002;-0.007;0.002;-0.005;-0.005;0;0.005;0.024;0.015;0.01;0.029;0.015;0.022
1803;-0.005;-0.005;-0.007;0.002;-0.002;-0.002;0;0.002;0.024;0.012;0.007;0.029;0.012;0.022
1804;-0.002;-0.007;-0.005;0;-0.005;-0.002;0;0.005;0.022;0.012;0.007;0.032;0.01;0.02
1805;-0.005;-0.002;-0.005;0;-0.005;-0.002;0;0.005;0.02;0.015;0.007;0.029;0.005;0.017
1806;-0.007;-0.002;-0.007;0.002;-0.002;-0.002;-0.002;0.002;0.024;0.012;0.005;0.029;0.012;0.024
1807;-0.005;-0.002;-0.002;0.002;-0.002;-0.005;-0.002;0.005;0.022;0.015;0.007;0.032;0.01;0.022
1808;-0.005;-0.002;-0.007;0.005;-0.002;-0.005;0;0.005;0.022;0.012;0.007;0.032;0.01;0.02
1809;-0.002;-0.002;-0.01;0;-0.005;-0.005;0;0.005;0.022;0.012;0.01;0.032;0.012;0.024
1810;-0.005;-0.002;-0.002;0.002;-0.002;-0.002;0;0.002;0.024;0.01;0.007;0.032;0.012;0.022
1811;-0.005;-0.005;0;0.005;-0.005;-0.002;0;0.005;0.022;0.01;0.007;0.029;0.012;0.017
1812;-0.007;-0.002;-0.007;0.002;-0.005;-0.002;0.002;0.002;0.022;0.012;0.007;0.034;0.01;0.022
1813;-0.005;-0.005;-0.007;0.002;-0.005;0;0;0.002;0.022;0.012;0.01;0.032;0.007;0.022
1814;-0.007;-0.002;-0.005;0.002;-0.005;-0.002;0;0.005;0.022;0.012;0.007;0.032;0.017;0.024
1815;-0.005;-0.002;-0.007;0.005;-0.002;-0.005;0;0.005;0.024;0.012;0.01;0.032;0.002;0.022
1816;-0.005;-0.005;-0.002;0.002;-0.005;-0.002;0;0.005;0.022;0.01;0.007;0.029;0.01;0.02
1817;-0.005;0;-0.007;0.002;-0.005;-0.005;0;0.005;0.024;0.012;0.005;0.034;0.012;0.027
1818;-0.005;-0.002;-0.007;0.002;-0.005;-0.002;0;0.005;0.024;0.012;0.01;0.032;0.01;0.02
1819;-0.005;-0.005;-0.007;0.002;-0.005;0;0;0.005;0.022;0.012;0.007;0.032;0.01;0.022
1820;-0.007;-0.005;-0.007;0;-0.005;-0.002;0;0.007;0.022;0.01;0.007;0.034;0.017;0.027
1821;-0.007;0;-0.007;0.002;-0.005;-0.002;0;0.005;0.024;0.015;0.007;0.032;0.005;0.02
1822;-0.005;-0.005;-0.002;0.005;-0.002;0;0;0.005;0.024;0.012;0.01;0.029;0.007;0.02
1823;-0.002;0;-0.005;0.002;-0.005;-0.005;0;0.005;0.027;0.015;0.012;0.034;0.012;0.024
1824;-0.007;-0.002;-0.007;0.002;-0.007;-0.002;0;0.002;0.022;0.01;0.007;0.029;0.012;0.022
1825;-0.005;-0.005;0;0.005;-0.005;0;0;0.005;0.022;0.012;0.007;0.027;0.002;0.02
1826;-0.007;-0.002;-0.01;0.002;-0.002;-0.002;0;0.005;0.027;0.015;0.007;0.032;0.02;0.027
1827;-0.002;0;-0.002;0.002;-0.005;-0.005;0;0.005;0.024;0.015;0.01;0.032;0.005;0.02
1828;-0.005;-0.005;-0.002;0.002;-0.005;-0.005;0;0.005;0.022;0.012;0.005;0.029;0.022;0.024
1829;-0.005;-0.002;-0.007;0;-0.005;-0.002;0;0.005;0.024;0.012;0.01;0.034;0.007;0.027
1830;-0.005;-0.005;-0.007;0.002;-0.005;-0.005;0;0.005;0.022;0.015;0.007;0.034;0.015;0.022
1831;-0.002;-0.002;-0.005;0.007;-0.002;0;0;0.005;0.024;0.015;0.01;0.034;0.007;0.02
1832;-0.005;-0.002;-0.002;0.002;-0.005;-0.002;0;0.005;0.022;0.01;0.007;0.029;0.01;0.022
1833;-0.005;-0.002;-0.007;0.005;-0.002;-0.002;0.002;0.007;0.022;0.012;0.005;0.029;0.01;0.024
1834;-0.005;-0.002;-0.002;0.002;-0.005;-0.005;0.002;0.005;0.024;0.01;0.005;0.029;0.007;0.02
1835;-0.002;-0.002;-0.007;0.002;-0.005;-0.002;0;0.005;0.024;0.015;0.01;0.034;0.01;0.024
1836;-0.002;-0.002;-0.007;0.002;-0.002;-0.002;0.002;0.005;0.022;0.012;0.007;0.029;0.012;0.027
1837;-0.005;-0.002;-0.002;0.005;-0.002;-0.002;0;0.005;0.022;0.015;0.007;0.029;0.01;0.02
1838;-0.005;0;-0.005;0.002;-0.005;-0.002;-0.002;0.007;0.024;0.012;0.01;0.032;0.012;0.024
1839;-0.002;0;-0.007;0.005;-0.005;0;0.002;0.005;0.022;0.012;0.007;0.032;0.01;0.022
1840;-0.002;-0.005;-0.005;0.002;-0.005;-0.005;0;0.002;0.024;0.012;0.007;0.032;0.012;0.024
1841;-0.002;0;-0.005;0.005;-0.002;-0.002;-0.002;0.005;0.027;0.015;0.012;0.037;0.017;0.027
1842;-0.005;-0.005;0;0.005;-0.002;-0.005;0;0.005;0.022;0.007;0.002;0.024;0.007;0.017
1843;-0.005;0;-0.01;0.002;-0.002;-0.002;0;0.005;0.022;0.012;0.007;0.032;0.007;0.022
1844;-0.002;0;-0.007;0.002;-0.005;-0.002;-0.002;0.005;0.024;0.015;0.012;0.037;0.017;0.024
1845;-0.002;-0.002;0;0.007;-0.002;-0.002;0;0.005;0.022;0.012;0.005;0.029;0.012;0.017
1846;-0.002;0;-0.002;0.005;-0.002;-0.002;0;0.002;0.022;0.012;0.007;0.034;0.01;0.022
1847;-0.005;0;-0.007;0.002;-0.005;-0.002;0;0.005;0.024;0.012;0.01;0.034;0.007;0.022
1848;-0.007;-0.005;0;0.005;-0.007;-0.007;0;0.002;0.022;0.012;0.005;0.029;0.01;0.017
1849;-0.005;-0.002;-0.005;0.005;-0.005;-0.005;0;0.007;0.02;0.01;0.007;0.032;0.01;0.02
1850;-0.002;0;-0.002;0.005;-0.002;-0.002;0;0.002;0.024;0.015;0.007;0.032;0.007;0.017
1851;-0.002;0;-0.005;0.002;-0.002;0;0;0.005;0.024;0.012;0.007;0.032;0.015;0.024
1852;-0.002;0;-0.005;0.002;-0.005;-0.002;0.002;0.005;0.022;0.012;0.01;0.029;0.005;0.022
1853;-0.005;0;-0.007;0.002;-0.002;-0.002;-0.002;0.005;0.022;0.012;0.007;0.027;0.015;0.024
1854;-0.005;0;-0.002;0.002;-0.005;-0.002;0.002;0.005;0.02;0.01;0.007;0.032;0.01;0.017
1855;-0.005;0;-0.007;0;-0.005;-0.002;0;0.005;0.024;0.015;0.012;0.037;0.012;0.024
1856;-0.002;0.002;-0.01;0.002;-0.005;-0.002;0;0.005;0.024;0.015;0.01;0.034;0.012;0.027
1857;-0.005;-0.005;0;0.005;-0.005;-0.002;-0.002;0.005;0.02;0.01;0.005;0.027;0.007;0.017
1858;-0.005;-0.002;-0.005;0.002;-0.005;0;0;0.002;0.024;0.015;0.007;0.032;0.015;0.027
1859;-0.002;-0.002;-0.002;0.002;-0.005;-0.002;0;0.005;0.022;0.012;0.01;0.034;0.007;0.02
1860;-0.005;-0.002;-0.007;0;-0.002;-0.002;0;0.005;0.024;0.015;0.01;0.034;0.015;0.027
1861;-0.005;-0.005;-0.002;0.005;-0.005;-0.002;0;0.005;0.022;0.007;0.005;0.024;0;0.017
1862;-0.002;-0.002;-0.007;0.002;-0.002;-0.002;0;0.007;0.027;0.017;0.01;0.032;0.012;0.027
1863;-0.002;0;-0.005;0;-0.005;-0.002;0;0.005;0.022;0.012;0.007;0.032;0.015;0.024
1864;-0.002;-0.002;-0.005;0.002;-0.005;-0.002;0;0.005;0.022;0.012;0.007;0.032;0.007;0.02
1865;-0.005;0;-0.01;0.002;-0.005;-0.002;0;0.005;0.022;0.012;0.007;0.032;0.012;0.024
1866;-0.005;-0.002;-0.005;0.005;-0.005;-0.005;0;0.005;0.022;0.012;0.007;0.029;0.015;0.024
1867;-0.005;-0.005;-0.007;0.002;-0.002;-0.002;0.002;0.002;0.027;0.015;0.012;0.034;0.007;0.022
1868;-0.002;-0.002;-0.005;0.002;-0.002;-0.002;0;0.005;0.024;0.015;0.007;0.032;0.015;0.024
1869;-0.002;-0.005;-0.005;0.002;-0.005;-0.002;0;0.005;0.022;0.012;0.007;0.032;0.002;0.02
1870;-0.005;-0.002;-0.007;0;-0.002;0;0;0.002;0.024;0.012;0.01;0.032;0.012;0.027
1871;-0.005;-0.002;-0.002;0.002;-0.005;-0.002;0.002;0.005;0.024;0.012;0.007;0.029;0.01;0.024
1872;-0.005;-0.002;-0.005;0.002;-0.005;-0.005;0;0.005;0.022;0.01;0.01;0.032;0.01;0.022
1873;-0.007;-0.005;-0.002;0.002;-0.005;-0.005;0;0.005;0.024;0.01;0.005;0.029;0.015;0.027
1874;-0.005;-0.002;-0.007;0;-0.005;-0.002;0;0.005;0.024;0.015;0.01;0.034;0.012;0.024
1875;-0.005;-0.002;-0.005;0.005;-0.005;0;0;0.005;0.024;0.012;0.007;0.029;0.01;0.024
1876;-0.005;-0.002;-0.002;0;-0.005;-0.002;0;0.005;0.022;0.012;0.007;0.029;0.007;0.02
1877;-0.005;-0.005;-0.007;0.002;-0.005;-0.005;0;0.007;0.022;0.012;0.007;0.032;0.012;0.024
1878;-0.005;-0.002;-0.005;0.005;-0.005;-0.002;0;0.005;0.017;0.007;0.002;0.027;0.007;0.02
1879;-0.005;0;-0.01;0.002;-0.005;-0.005;0.005;0.005;0.022;0.015;0.007;0.032;0.012;0.027
1880;-0.005;-0.002;-0.005;0.002;-0.005;-0.002;-0.002;0.005;0.027;0.012;0.007;0.032;0.012;0.027
1881;-0.005;-0.005;-0.005;0.002;-0.005;-0.002;0.002;0.002;0.024;0.015;0.01;0.029;0.012;0.024
1882;-0.005;-0.002;-0.005;0.002;-0.005;-0.002;0.002;0.005;0.022;0.012;0.007;0.032;0.015;0.024
1883;-0.002;0;-0.01;0.002;-0.002;-0.002;0.002;0.005;0.024;0.012;0.01;0.037;0.007;0.024
1884;-0.007;-0.005;0;0.002;-0.005;-0.002;0.002;0.005;0.022;0.01;0.002;0.029;0.01;0.02
1885;-0.002;0;-0.005;0.005;-0.005;-0.002;0;0.002;0.024;0.012;0.007;0.032;0.01;0.022
1886;-0.005;0;-0.007;0;-0.005;-0.002;0;0.005;0.024;0.012;0.01;0.032;0.015;0.022
1887;-0.002;-0.002;-0.002;0.005;-0.002;-0.002;0;0.002;0.022;0.012;0.007;0.032;0.017;0.024
1888;-0.005;-0.005;-0.002;0;-0.005;-0.002;0;0.002;0.022;0.012;0.01;0.032;0.012;0.024
1889;-0.005;-0.002;-0.002;0.005;-0.005;-0.002;0;0.002;0.022;0.015;0.01;0.032;0.012;0.024
1890;-0.005;0;-0.007;0.002;-0.002;0;0;0.005;0.022;0.012;0.007;0.032;0.002;0.017
1891;-0.002;-0.005;-0.002;0.002;-0.005;-0.002;0;0.002;0.022;0.01;0.01;0.029;0.01;0.022
1892;-0.002;0;-0.005;0.002;-0.002;-0.002;0.002;0.007;0.027;0.015;0.01;0.032;0.007;0.02
1893;-0.005;-0.002;-0.005;0.002;-0.002;-0.002;0;0.007;0.022;0.01;0.005;0.029;0.015;0.022
1894;-0.002;0;-0.002;0.002;-0.005;-0.002;0.002;0.005;0.024;0.015;0.01;0.034;0.005;0.02
1895;-0.002;0;-0.007;0.005;-0.002;-0.002;0;0.007;0.024;0.012;0.01;0.034;0.015;0.027
1896;-0.002;-0.002;-0.005;0.002;-0.002;-0.002;0.002;0.005;0.022;0.012;0.01;0.032;0.005;0.017
1897;-0.005;-0.002;-0.005;0.005;-0.005;-0.002;0;0.005;0.022;0.012;0.007;0.032;0.015;0.024
1898;-0.005;-0.002;-0.005;0.002;-0.005;-0.002;0;0.002;0.022;0.01;0.007;0.029;0.012;0.022
1899;-0.002;-0.002;-0.005;0.002;-0.005;-0.005;0;0.002;0.027;0.015;0.01;0.032;0.007;0.02
1900;-0.005;-0.002;-0.005;0.005;-0.002;-0.002;0.002;0.002;0.022;0.012;0.007;0.029;0.012;0.022
1901;-0.005;0;-0.002;0.002;-0.007;-0.002;0;0.005;0.022;0.017;0.01;0.034;0.01;0.022
1902;0;0;-0.005;0.005;-0.002;-0.002;0.002;0.005;0.024;0.015;0.007;0.032;0.01;0.024
1903;-0.002;-0.005;-0.005;0.002;-0.005;-0.002;0;0.002;0.024;0.015;0.01;0.029;0.01;0.022
1904;-0.005;0;-0.005;0.005;-0.005;-0.002;0;0.005;0.022;0.01;0.005;0.029;0.015;0.022
1905;-0.002;0;-0.002;0.005;-0.007;-0.005;0;0.005;0.022;0.012;0.007;0.032;0.017;0.024
1906;-0.005;-0.002;-0.005;0.005;-0.005;-0.002;0;0.005;0.024;0.012;0.01;0.034;0.002;0.015
1907;-0.002;0;-0.005;0.002;-0.005;-0.002;0;0.005;0.022;0.01;0.007;0.032;0.015;0.022
1908;-0.002;0;-0.005;0.005;-0.005;-0.002;0.002;0.005;0.02;0.012;0.005;0.032;0.007;0.022
1909;-0.005;0;-0.005;0.007;-0.007;-0.005;0;0.002;0.022;0.012;0.007;0.032;0.007;0.02
1910;-0.005;0;-0.005;0.002;-0.005;-0.002;0;0.005;0.022;0.01;0.007;0.032;0.017;0.027
1911;-0.002;0;0;0.002;-0.005;0;0;0.002;0.024;0.015;0.007;0.032;0.01;0.02
1912;-0.005;-0.002;-0.005;0.005;-0.005;-0.002;0.002;0.002;0.022;0.01;0.007;0.027;0.01;0.022
1913;-0.002;0;-0.002;0.005;-0.002;-0.002;0;0.005;0.024;0.012;0.007;0.032;0.012;0.02
1914;-0.005;-0.002;-0.002;0.005;-0.002;-0.002;0;0.005;0.022;0.012;0.005;0.029;0.017;0.022
1915;-0.005;0;-0.005;0.002;-0.005;-0.002;0;0.007;0.024;0.015;0.012;0.034;0.005;0.022
1916;-0.005;-0.002;-0.005;0.002;-0.005;-0.002;0.002;0.005;0.022;0.012;0.005;0.032;0.012;0.024
1917;-0.002;-0.002;-0.002;0.005;-0.002;-0.002;0;0.005;0.022;0.01;0.007;0.029;0.005;0.017
1918;-0.002;0;-0.005;0.005;-0.005;-0.002;0;0.005;0.024;0.012;0.007;0.032;0.012;0.022
1919;-0.005;-0.002;-0.002;0.002;-0.002;-0.002;0.002;0.005;0.022;0.012;0.01;0.034;0.007;0.022
1920;-0.002;-0.002;-0.002;0.002;-0.005;-0.002;0;0.007;0.022;0.012;0.007;0.032;0.01;0.02
1921;-0.005;-0.002;-0.007;0.002;-0.002;0;0.002;0.005;0.024;0.015;0.01;0.032;0.017;0.027
1922;-0.005;-0.002;-0.005;0.002;-0.005;-0.005;0.002;0.005;0.024;0.012;0.007;0.032;0.005;0.02
1923;-0.002;-0.002;-0.005;0;-0.005;-0.005;0;0.005;0.027;0.015;0.012;0.037;0.01;0.022
1924;-0.005;-0.002;0;0.005;-0.005;-0.002;0;0.005;0.02;0.012;0.007;0.027;0.01;0.02
1925;-0.005;-0.002;-0.005;0;-0.005;-0.002;0;0.005;0.022;0.012;0.012;0.034;0.01;0.022
1926;-0.002;-0.005;-0.007;0.002;-0.005;-0.002;0;0.005;0.02;0.012;0.005;0.032;0.012;0.024
1927;-0.007;-0.002;-0.002;0.002;-0.005;-0.002;0.002;0.002;0.024;0.01;0.005;0.032;0.017;0.024
1928;-0.005;-0.002;-0.007;0.002;-0.005;0;0;0.005;0.022;0.015;0.007;0.034;0.002;0.02
1929;-0.002;-0.002;-0.002;0.002;-0.005;-0.002;0;0.005;0.024;0.012;0.01;0.034;0.007;0.017
1930;-0.005;-0.002;-0.007;0;-0.005;-0.002;0.002;0.005;0.022;0.012;0.007;0.032;0.01;0.022
1931;-0.005;-0.005;-0.005;0.005;-0.002;0;0;0.005;0.024;0.01;0.007;0.029;0.01;0.022
1932;-0.005;-0.002;-0.007;0;-0.005;-0.002;-0.002;0.005;0.022;0.015;0.01;0.034;0.012;0.022
1933;-0.005;-0.002;-0.005;0.002;-0.002;-0.002;0;0.005;0.02;0.015;0.01;0.032;0.012;0.024
1934;-0.005;-0.002;-0.002;0.005;-0.005;-0.002;0;0.005;0.022;0.01;0.007;0.029;0.007;0.017
1935;-0.002;0;-0.01;0;-0.005;-0.002;0;0.007;0.024;0.015;0.01;0.039;0.012;0.027
1936;-0.005;-0.005;0;0.002;-0.005;-0.002;0;0.005;0.02;0.012;0.005;0.029;0.01;0.017
1937;-0.005;0;-0.005;0.002;-0.002;-0.005;0;0.005;0.022;0.012;0.01;0.029;0.01;0.02
1938;-0.002;-0.005;-0.005;0.002;-0.002;-0.005;0;0.002;0.024;0.012;0.007;0.032;0.017;0.022
1939;-0.007;-0.002;-0.007;0.002;-0.002;-0.005;0;0.005;0.024;0.012;0.007;0.032;0.012;0.022
1940;-0.002;-0.002;-0.01;0.002;-0.005;-0.002;0;0.005;0.022;0.012;0.007;0.032;0.007;0.022
1941;-0.002;0;-0.005;0.002;-0.007;-0.005;0.002;0.002;0.022;0.012;0.007;0.029;0.005;0.022
1942;-0.002;-0.002;-0.005;0.002;-0.005;-0.002;0.002;0.002;0.022;0.012;0.007;0.032;0.01;0.022
1943;-0.005;-0.002;-0.005;0.002;-0.005;-0.005;0;0.002;0.022;0.012;0.007;0.032;0.01;0.022
1944;-0.005;-0.002;-0.005;0;-0.005;-0.002;0.002;0.002;0.022;0.01;0.007;0.032;0.01;0.017
1945;-0.005;0;-0.007;0;-0.007;-0.002;0;0.005;0.022;0.012;0.01;0.034;0.005;0.02
1946;-0.005;0;-0.005;0.005;-0.002;-0.002;0;0.005;0.02;0.007;0.007;0.029;0.012;0.022
1947;-0.005;-0.002;-0.005;0.002;-0.002;-0.002;0;0.005;0.022;0.012;0.007;0.032;0.01;0.02
1948;-0.005;0;-0.007;0.002;-0.005;-0.005;0;0.005;0.022;0.015;0.007;0.032;0.015;0.022
1949;-0.005;0;-0.005;0.002;-0.005;-0.002;0;0.002;0.022;0.012;0.007;0.034;0.01;0.022
1950;-0.002;0;-0.005;0.002;-0.002;-0.005;0;0.005;0.022;0.012;0.01;0.032;0.007;0.02
1951;-0.002;0;-0.002;0.005;-0.005;-0.005;0;0.005;0.02;0.012;0.007;0.032;0.015;0.024
1952;-0.005;0;-0.005;0.002;-0.002;-0.005;0;0.005;0.022;0.015;0.007;0.034;0.012;0.022
1953;-0.005;-0.002;-0.005;0.002;-0.005;-0.002;0;0.002;0.022;0.012;0.007;0.032;0.007;0.017
1954;-0.002;-0.002;-0.007;0.002;-0.005;-0.002;0;0.002;0.02;0.012;0.005;0.032;0.005;0.02
1955;-0.002;-0.002;-0.005;0.005;-0.005;-0.002;-0.002;0.005;0.022;0.015;0.007;0.034;0.012;0.022
1956;-0.002;0;-0.005;0.005;-0.005;-0.005;0;0.005;0.02;0.012;0.007;0.032;0.005;0.02
1957;-0.002;-0.002;-0.002;0.005;-0.002;-0.002;0;0.005;0.024;0.015;0.01;0.034;0.012;0.02
1958;-0.002;0;-0.01;0.005;-0.005;-0.005;0;0.002;0.024;0.012;0.01;0.037;0.015;0.024
1959;-0.002;0;-0.002;0.005;-0.005;-0.005;-0.002;0.005;0.02;0.007;0.002;0.029;0.015;0.017
1960;-0.002;-0.002;-0.002;0.002;-0.002;-0.005;0;0.002;0.02;0.012;0.005;0.032;0.005;0.017
1961;-0.002;-0.002;-0.005;0.005;-0.002;-0.002;0;0.002;0.022;0.012;0.01;0.032;0.02;0.024
1962;-0.002;0;-0.007;0.002;-0.005;-0.005;0;0.005;0.024;0.012;0.01;0.037;0.01;0.024
1963;-0.005;-0.005;-0.002;0.002;-0.002;-0.002;0;0.002;0.022;0.01;0.005;0.027;-0.002;0.012
1964;-0.005;0;-0.005;0.002;-0.002;-0.002;0;0.005;0.022;0.012;0.007;0.029;0.01;0.022
1965;-0.002;0;-0.005;0.005;0;-0.002;0;0.005;0.024;0.012;0.007;0.032;0.015;0.022
1966;-0.002;0.002;-0.005;0.002;-0.005;-0.002;0;0.005;0.024;0.015;0.007;0.032;0.005;0.017
1967;-0.005;0;-0.002;0.002;-0.005;-0.005;-0.002;0.005;0.022;0.01;0.005;0.032;0.017;0.024
1968;-0.005;0;-0.005;0.002;-0.005;-0.002;0;0.007;0.022;0.007;0.005;0.029;0.007;0.02
1969;-0.005;-0.002;-0.007;0.002;-0.005;-0.002;0;0.005;0.027;0.015;0.01;0.037;0.012;0.024
1970;-0.002;0;-0.005;0.002;-0.005;-0.005;0;0.005;0.024;0.015;0.01;0.037;0.01;0.022
1971;-0.007;-0.002;-0.002;0.005;-0.002;-0.002;0;0.005;0.02;0.012;0.005;0.029;0.01;0.017
1972;-0.002;-0.002;-0.007;0.002;-0.005;-0.002;0;0.005;0.022;0.015;0.007;0.032;0.007;0.022
1973;-0.005;-0.005;-0.005;0.002;-0.005;-0.002;0;0.005;0.02;0.015;0.007;0.029;0.015;0.022
1974;-0.002;-0.002;-0.005;0.005;-0.005;-0.002;0;0.005;0.024;0.012;0.01;0.034;0.005;0.017
1975;-0.005;-0.002;-0.005;0.005;-0.002;-0.005;0.002;0.005;0.02;0.012;0.005;0.032;0.01;0.022
1976;-0.005;-0.005;-0.007;0.002;-0.002;-0.005;0.002;0.005;0.02;0.007;0.005;0.029;0.012;0.022
1977;-0.005;-0.002;-0.005;0.002;-0.002;-0.005;-0.002;0.002;0.02;0.012;0.01;0.032;0.01;0.022
1978;-0.002;-0.002;-0.007;0.002;-0.005;-0.002;0;0.005;0.022;0.012;0.01;0.034;0.012;0.024
1979;-0.002;0;-0.007;0.002;-0.002;-0.002;0;0.002;0.017;0.012;0.002;0.029;0.007;0.02
1980;-0.002;0;-0.01;0.002;-0.005;-0.002;0;0.005;0.024;0.015;0.012;0.039;0.012;0.024
1981;-0.005;-0.005;-0.002;0.002;-0.002;-0.005;0.002;0.002;0.02;0.01;0.005;0.029;0.01;0.015
1982;-0.002;-0.002;-0.01;0.002;-0.005;-0.002;0;0.005;0.022;0.012;0.007;0.032;0.015;0.022
1983;-0.005;-0.005;-0.005;0;-0.005;-0.005;0;0.007;0.022;0.01;0.007;0.032;0.012;0.02
1984;-0.005;0;-0.002;0.002;-0.005;-0.002;0;0.005;0.022;0.015;0.01;0.032;0.005;0.02
1985;-0.005;-0.002;-0.005;0.002;-0.005;-0.002;0;0.005;0.024;0.01;0.007;0.032;0.012;0.022
1986;-0.002;-0.002;-0.007;0.005;-0.005;-0.005;0.002;0.002;0.022;0.01;0.005;0.034;0.01;0.02
1987;-0.005;-0.002;-0.007;0.002;-0.002;-0.002;0;0.005;0.022;0.01;0.007;0.034;0.015;0.02
1988;-0.005;0;-0.01;0.002;-0.005;-0.002;0;0.005;0.02;0.012;0.007;0.032;0.005;0.02
1989;-0.005;-0.002;-0.005;0;-0.002;-0.002;0.002;0.005;0.022;0.012;0.007;0.034;0.007;0.02
1990;-0.005;-0.002;-0.007;0.002;-0.005;-0.005;0;0.005;0.02;0.012;0.007;0.032;0.01;0.02
1991;-0.005;-0.002;-0.005;0.002;-0.005;-0.005;0;0.005;0.017;0.012;0.007;0.032;0.017;0.022
1992;-0.005;0;-0.007;0.002;-0.005;-0.002;0;0.002;0.022;0.015;0.007;0.032;0.007;0.022
1993;-0.002;-0.005;-0.002;0.002;-0.005;-0.002;0;0.005;0.022;0.01;0.007;0.032;0.01;0.02
1994;-0.005;-0.002;-0.005;0.002;-0.002;0;0;0.005;0.022;0.01;0.007;0.032;0.012;0.022
1995;-0.005;-0.002;-0.002;0.002;-0.005;-0.002;0;0.005;0.022;0.012;0.007;0.034;0.015;0.024
1996;-0.002;-0.002;-0.005;0.002;-0.005;-0.002;0;0.002;0.022;0.012;0.01;0.032;0.005;0.022
1997;-0.007;-0.002;-0.005;0.002;-0.007;-0.002;0;0.002;0.02;0.01;0.005;0.029;0.01;0.02
1998;-0.005;0;-0.007;0;-0.002;0;0;0.002;0.022;0.015;0.01;0.034;0.01;0.02
1999;-0.005;-0.002;-0.005;0.002;-0.005;-0.002;0;0.005;0.022;0.012;0.007;0.032;0.01;0.022
2000;-0.005;0;-0.01;0.002;-0.005;-0.002;0;0.005;0.022;0.01;0.007;0.032;0.01;0.02
2001;-0.002;-0.002;-0.005;0.002;-0.005;-0.002;0;0.005;0.02;0.01;0.005;0.029;0.02;0.029
2002;-0.005;0;-0.005;0.002;-0.005;-0.002;0.002;0.005;0.024;0.012;0.007;0.037;0.007;0.024
2003;-0.005;-0.002;-0.005;0.002;-0.005;-0.002;-0.002;0.005;0.024;0.015;0.01;0.032;0.015;0.022
2004;-0.005;-0.002;-0.002;0.002;-0.002;-0.005;0;0.005;0.02;0.007;0.005;0.029;0.005;0.02
2005;-0.005;-0.002;-0.007;0.005;-0.002;-0.002;0;0.002;0.02;0.015;0.007;0.032;0.02;0.029
2006;-0.005;0;-0.007;0.002;-0.005;-0.005;0;0.007;0.027;0.015;0.01;0.039;0.007;0.02
2007;-0.007;-0.002;-0.002;0.002;-0.002;-0.005;0.002;0.002;0.02;0.01;0.005;0.029;0.007;0.017
2008;-0.005;-0.002;-0.007;0.002;-0.005;-0.007;0;0.002;0.022;0.01;0.007;0.032;0.015;0.027
2009;-0.005;-0.002;-0.002;0.005;-0.005;-0.005;0;0.002;0.024;0.012;0.007;0.034;0.015;0.022
2010;-0.005;-0.002;-0.002;0;-0.002;-0.002;0;0.005;0.022;0.015;0.007;0.032;0.005;0.02
2011;-0.002;-0.002;-0.007;0.005;-0.002;0;0;0.005;0.024;0.01;0.007;0.032;0.012;0.022
2012;-0.005;-0.002;-0.005;0;-0.002;-0.002;0;0.007;0.022;0.012;0.007;0.032;0.01;0.022
2013;-0.002;0;-0.007;0.005;-0.005;-0.002;-0.002;0.005;0.022;0.01;0.007;0.032;0.012;0.022
2014;-0.002;-0.002;0;0.005;-0.005;-0.002;0;0.005;0.022;0.012;0.005;0.029;0.007;0.017
2015;-0.002;-0.002;-0.005;0.002;-0.005;-0.002;-0.002;0.005;0.022;0.012;0.01;0.037;0.012;0.024
2016;-0.002;-0.002;-0.005;0.002;-0.002;-0.005;0;0.005;0.027;0.015;0.01;0.037;0.017;0.024
2017;-0.005;0;0;0.002;-0.002;-0.002;0;0.005;0.022;0.012;0.002;0.029;0.012;0.02
2018;-0.002;0;-0.01;0.005;-0.005;-0.002;0;0.005;0.024;0.012;0.01;0.034;0.005;0.022
2019;-0.005;-0.007;-0.002;0.007;-0.005;-0.002;0;0.007;0.022;0.01;0.002;0.029;0.01;0.017
2020;-0.005;-0.002;-0.002;0.005;-0.005;-0.002;-0.002;0.002;0.022;0.012;0.007;0.034;0.024;0.024
2021;-0.005;-0.002;-0.007;0.002;-0.002;-0.002;0;0.007;0.022;0.012;0.007;0.032;0.005;0.017
2022;-0.005;-0.002;-0.002;0.002;-0.005;-0.002;0;0.005;0.022;0.012;0.01;0.034;0.005;0.02
2023;-0.005;0;-0.01;0.002;-0.005;-0.002;0;0.005;0.024;0.012;0.01;0.037;0.012;0.027
2024;-0.005;-0.002;-0.002;0.005;-0.005;0;0.002;0.005;0.022;0.01;0.005;0.027;0.012;0.02
2025;-0.005;-0.002;-0.005;0.002;-0.005;-0.002;0;0.005;0.02;0.012;0.005;0.032;0.01;0.022
2026;-0.002;0;-0.007;0.002;-0.005;-0.005;0;0.005;0.022;0.01;0.005;0.032;0.02;0.024
2027;-0.005;-0.002;0;0.005;-0.005;-0.002;0;0.005;0.022;0.01;0.007;0.032;0;0.015
2028;-0.002;-0.002;-0.005;0.002;-0.005;-0.005;-0.002;0.002;0.024;0.015;0.01;0.037;0.012;0.024
2029;-0.005;0;-0.002;0.005;-0.005;0;0;0.002;0.022;0.01;0.007;0.029;0.015;0.022
2030;-0.002;-0.002;-0.005;0.002;-0.005;-0.005;0;0.002;0.02;0.015;0.005;0.032;0.015;0.027
2031;-0.002;-0.002;-0.007;0.002;-0.002;-0.002;0;0.005;0.027;0.015;0.012;0.039;0.007;0.022
2032;-0.007;-0.005;0;0.005;-0.002;-0.002;-0.002;0.002;0.017;0.007;0.002;0.024;0.012;0.017
2033;-0.005;0;-0.002;0;-0.005;-0.002;0;0.005;0.024;0.015;0.007;0.037;0.005;0.02
2034;-0.005;-0.002;-0.002;0.005;-0.005;-0.002;0;0.002;0.022;0.012;0.007;0.032;0.01;0.022
2035;-0.002;0;-0.007;0;-0.005;0;0.002;0.005;0.024;0.015;0.012;0.034;0.022;0.029
2036;-0.005;-0.002;-0.005;0.002;-0.005;-0.002;0;0.005;0.02;0.01;0.002;0.027;0.007;0.017
2037;-0.002;-0.002;-0.005;0.002;-0.007;-0.002;-0.002;0.002;0.022;0.012;0.007;0.032;0.005;0.015
2038;-0.005;-0.005;-0.002;0.002;-0.002;-0.002;0;0.002;0.02;0.01;0.005;0.029;0.017;0.024
2039;-0.002;0;-0.01;0;-0.005;-0.002;-0.002;0.005;0.027;0.015;0.007;0.037;0.007;0.02
2040;-0.005;0;-0.007;0.002;-0.002;-0.002;0.002;0.005;0.024;0.015;0.01;0.037;0.012;0.027
2041;-0.005;-0.005;-0.002;0.005;-0.005;-0.005;-0.002;0.002;0.02;0.01;0.002;0.027;0.005;0.012
2042;-0.005;-0.002;-0.007;0;-0.005;-0.002;0.002;0.005;0.022;0.015;0.01;0.037;0.02;0.032
2043;-0.005;-0.002;-0.005;0.002;-0.002;-0.002;0;0.002;0.022;0.012;0.005;0.029;0.007;0.017
2044;-0.005;-0.002;-0.005;0.002;-0.005;-0.002;0;0.002;0.024;0.012;0.012;0.037;0.01;0.02
2045;-0.002;-0.005;-0.005;0.002;-0.005;-0.002;-0.002;0.002;0.022;0.012;0.002;0.027;0.01;0.02
2046;-0.005;-0.002;-0.002;0.002;-0.005;-0.005;0.002;0.005;0.02;0.012;0.005;0.032;0.01;0.022
2047;-0.005;-0.002;-0.005;0.002;-0.002;-0.002;0;0.005;0.024;0.012;0.007;0.029;0.01;0.022
2048;-0.005;-0.002;-0.007;0;-0.002;-0.002;0.002;0.005;0.022;0.015;0.012;0.034;0.01;0.022
2049;-0.007;-0.002;0;0.002;-0.005;-0.005;0.002;0.005;0.022;0.007;0.002;0.029;0.01;0.017
2050;-0.002;-0.002;-0.005;0.002;-0.002;-0.005;0;0.005;0.022;0.01;0.007;0.032;0.012;0.022
2051;-0.002;-0.005;-0.007;0.002;-0.005;-0.002;-0.002;0.002;0.022;0.012;0.007;0.034;0.01;0.024
2052;-0.005;-0.005;-0.005;0;-0.002;-0.005;0;0.005;0.02;0.01;0.007;0.032;0.015;0.024
2053;-0.005;-0.002;-0.007;0.002;-0.002;-0.002;0;0.002;0.022;0.012;0.007;0.032;0.002;0.017
2054;-0.002;0;-0.01;0.002;-0.002;0;0.002;0.005;0.027;0.015;0.012;0.037;0.012;0.027
2055;-0.007;-0.005;0;0.002;-0.005;-0.002;0;0.005;0.02;0.007;0.005;0.029;0.01;0.017
2056;-0.005;-0.002;-0.01;0.002;-0.007;-0.002;0;0.005;0.022;0.015;0.007;0.037;0.005;0.024
2057;-0.005;-0.002;-0.007;0.002;-0.005;-0.002;0.002;0.007;0.02;0.01;0.005;0.029;0.02;0.022
2058;-0.005;0;-0.007;0;-0.002;-0.002;0.002;0.005;0.024;0.012;0.012;0.032;0.015;0.02
2059;-0.002;-0.002;-0.01;0.002;-0.002;-0.002;0;0.005;0.024;0.015;0.01;0.037;0.002;0.024
2060;-0.005;-0.002;-0.005;0.002;-0.005;-0.005;0.002;0.005;0.022;0.012;0.01;0.034;0.007;0.017
2061;-0.005;-0.002;-0.01;0;-0.005;-0.002;0;0.005;0.02;0.012;0.007;0.032;0.017;0.024
2062;-0.005;-0.002;-0.007;0.002;-0.005;-0.002;0;0.002;0.02;0.012;0.005;0.034;0.002;0.022
2063;-0.002;-0.002;-0.005;0.002;-0.002;0;0.002;0.007;0.02;0.007;0.007;0.029;0.01;0.02
2064;-0.005;-0.005;-0.007;0.002;-0.005;-0.005;0;0.005;0.022;0.012;0.007;0.032;0.01;0.022
2065;-0.002;-0.002;-0.005;0.005;-0.002;-0.002;0;0.005;0.02;0.01;0.007;0.032;0.007;0.02
2066;-0.002;-0.002;-0.007;0.002;-0.002;-0.005;0;0.005;0.022;0.017;0.01;0.034;0.017;0.029
2067;-0.002;0;-0.005;0.002;-0.005;-0.002;0;0.005;0.022;0.015;0.01;0.037;0.015;0.024
2068;-0.002;-0.002;-0.007;0.002;-0.005;-0.002;0;0.007;0.022;0.012;0.005;0.034;0.007;0.022
2069;-0.007;-0.005;-0.005;0.005;-0.002;-0.002;-0.002;0.005;0.022;0.01;0.01;0.032;0.012;0.022
2070;-0.005;0;-0.005;0.002;-0.002;-0.002;0.002;0.005;0.02;0.012;0.007;0.032;0.017;0.027
2071;-0.002;-0.002;-0.005;0.005;-0.005;-0.002;0;0.005;0.017;0.012;0.005;0.034;0.007;0.017
2072;-0.002;0;-0.005;0;-0.005;-0.005;0;0.005;0.027;0.015;0.012;0.037;0.015;0.022
2073;-0.005;0;0;0.007;-0.002;-0.002;0.002;0.005;0.017;0.007;0;0.029;0.012;0.024
2074;-0.005;0;-0.005;0.005;-0.002;-0.005;0;0.005;0.024;0.012;0.01;0.034;0.007;0.02
2075;-0.002;0;-0.005;0.002;-0.005;-0.002;-0.002;0.007;0.022;0.01;0.005;0.032;0.02;0.027
2076;-0.005;0;-0.002;0.005;-0.002;-0.005;0.002;0.005;0.024;0.012;0.01;0.034;0.02;0.022
2077;-0.002;0;-0.01;0.005;-0.002;0;0;0.007;0.022;0.015;0.007;0.032;0;0.015
2078;-0.005;0;-0.007;0.002;-0.002;-0.002;0;0.002;0.024;0.015;0.01;0.039;0.01;0.022
2079;-0.005;-0.002;0;0.005;-0.002;-0.002;0;0.005;0.022;0.01;0.005;0.032;0.01;0.017
2080;-0.002;0.002;0;0.002;-0.002;0;0;0.005;0.022;0.01;0.005;0.032;0.01;0.017
2081;-0.002;0;-0.002;0.005;-0.005;-0.002;0;0.005;0.022;0.012;0.007;0.034;0.01;0.02
2082;-0.002;0;-0.007;0.005;-0.005;-0.002;0;0.005;0.02;0.012;0.005;0.032;0.015;0.022
2083;-0.002;-0.002;0;0.005;-0.002;-0.002;0.002;0.005;0.02;0.01;0.007;0.029;0.012;0.02
2084;-0.005;0;-0.005;0.002;-0.005;-0.002;0.002;0.002;0.022;0.012;0.01;0.034;0.005;0.02
2085;-0.005;0;-0.005;0.002;-0.005;-0.002;0.002;0.005;0.022;0.01;0.01;0.034;0.007;0.017
2086;-0.005;0.002;-0.005;0.002;-0.002;-0.002;0;0.005;0.02;0.012;0.007;0.034;0.015;0.024
2087;-0.002;0;-0.005;0.005;-0.005;-0.002;0.002;0.007;0.017;0.012;0.005;0.032;0.012;0.024
2088;-0.002;-0.005;-0.002;0.002;-0.007;-0.005;0;0.005;0.02;0.012;0.007;0.034;0.012;0.02
2089;-0.005;0;-0.005;0.005;-0.002;-0.002;0;0.005;0.024;0.015;0.005;0.037;0.01;0.02
2090;-0.002;0;-0.002;0.002;-0.005;0;0.002;0.005;0.017;0.01;0.005;0.029;0.015;0.027
2091;-0.005;0;-0.005;0.005;-0.005;-0.005;0;0.005;0.022;0.01;0.007;0.029;0.005;0.017
2092;-0.002;0;-0.01;0;-0.002;0;0.002;0.005;0.024;0.012;0.007;0.034;0.017;0.022
2093;-0.005;-0.005;-0.005;0.005;-0.005;-0.002;0.002;0.005;0.022;0.01;0.007;0.029;0.007;0.017
2094;-0.002;0;-0.005;0.002;-0.005;-0.002;0;0.002;0.024;0.012;0.01;0.037;0.012;0.022
2095;-0.005;0;-0.002;0;-0.002;-0.005;0;0.007;0.022;0.012;0.007;0.032;0.012;0.022
2096;-0.002;0;-0.007;0.002;-0.005;-0.002;0;0.005;0.022;0.01;0.007;0.034;0.007;0.017
2097;-0.002;-0.002;-0.002;0.002;-0.002;-0.002;0;0.007;0.022;0.01;0.007;0.032;0.017;0.024
2098;-0.005;-0.002;-0.005;0.005;-0.002;-0.002;0;0.005;0.027;0.017;0.015;0.037;0.015;0.024
2099;-0.005;0;-0.005;0.002;-0.005;-0.005;0;0.002;0.022;0.01;0.005;0.032;0.01;0.017
2100;-0.005;-0.005;-0.007;0.002;-0.005;-0.007;0;0.005;0.022;0.01;0.005;0.029;0.005;0.02
2101;-0.002;-0.002;-0.007;0.002;-0.002;-0.002;0;0.007;0.022;0.01;0.007;0.034;0.015;0.022
2102;-0.007;-0.002;-0.002;0.002;-0.002;-0.002;0;0.005;0.022;0.015;0.007;0.034;0.015;0.02
2103;-0.005;-0.002;0;0.002;-0.002;-0.005;0;0.005;0.024;0.015;0.01;0.034;0.005;0.015
2104;-0.005;-0.002;-0.01;0.002;-0.005;0;0;0.005;0.02;0.012;0.005;0.034;0.007;0.022
2105;-0.002;-0.002;-0.002;0.002;-0.002;-0.002;-0.002;0.005;0.022;0.015;0.002;0.029;0.012;0.024
2106;-0.002;-0.005;-0.005;0.002;-0.005;-0.002;0.002;0.005;0.024;0.015;0.01;0.037;0.02;0.024
2107;-0.002;-0.005;-0.002;0.005;-0.005;-0.002;0;0.005;0.022;0.012;0.007;0.029;0.002;0.015
2108;-0.002;-0.002;-0.005;0.002;-0.005;0;0;0.007;0.024;0.017;0.012;0.039;0.012;0.024
2109;-0.002;-0.005;-0.002;0.002;-0.005;-0.005;0;0.005;0.02;0.01;0.007;0.029;0.01;0.02
2110;-0.005;-0.005;-0.01;0;-0.002;-0.002;0;0.002;0.022;0.012;0.005;0.032;0.01;0.022
2111;-0.002;-0.002;-0.007;0.002;-0.005;-0.005;0;0.002;0.02;0.01;0.007;0.029;0.015;0.024
2112;-0.005;-0.002;-0.01;0.002;-0.002;-0.002;0;0.007;0.022;0.015;0.01;0.034;0.007;0.022
2113;-0.002;0;-0.007;0.002;-0.005;-0.002;0;0.005;0.022;0.012;0.007;0.032;0.012;0.022
2114;-0.002;-0.002;-0.005;0.002;-0.005;-0.002;0;0.005;0.022;0.012;0.007;0.032;0.007;0.02
2115;-0.002;0;-0.005;0.005;-0.005;-0.005;0;0.005;0.022;0.015;0.01;0.032;0.01;0.022
2116;-0.005;-0.005;-0.007;0.005;-0.005;-0.002;0;0.005;0.024;0.017;0.01;0.037;0.012;0.024
2117;-0.002;0;-0.002;0.002;-0.005;-0.005;-0.002;0.005;0.024;0.015;0.01;0.032;0.005;0.02
2118;-0.002;-0.002;-0.007;0.005;-0.007;-0.002;0.002;0.007;0.022;0.01;0.007;0.032;0.015;0.022
2119;-0.005;-0.002;-0.007;0;-0.002;0;0;0.002;0.022;0.012;0.01;0.029;0.012;0.024
2120;-0.002;-0.002;-0.01;0.002;-0.002;-0.005;0;0.005;0.027;0.015;0.01;0.037;0.015;0.024
2121;-0.005;-0.002;-0.005;0.005;-0.005;-0.002;0;0.007;0.02;0.012;0.002;0.027;0.007;0.02
2122;-0.005;-0.002;0.005;0.005;-0.002;-0.002;0.002;0.005;0.022;0.012;0.005;0.027;0.007;0.012
2123;-0.002;-0.002;-0.01;0;-0.005;-0.002;0;0.007;0.024;0.012;0.012;0.032;0.012;0.027
2124;-0.005;-0.002;-0.002;0.002;-0.002;-0.002;0;0.005;0.024;0.017;0.01;0.032;0.01;0.02
2125;-0.002;-0.002;-0.007;0.002;-0.002;-0.002;0;0.005;0.029;0.015;0.01;0.034;0.017;0.027
2126;-0.002;0;-0.002;0.002;-0.002;-0.002;0.002;0.005;0.022;0.015;0.007;0.032;0.007;0.022
2127;-0.005;-0.002;-0.005;0.002;-0.005;-0.002;0;0.005;0.022;0.015;0.005;0.032;0.01;0.022
2128;-0.002;0;-0.005;0.002;-0.002;-0.002;0.002;0.005;0.024;0.015;0.007;0.034;0.01;0.022
2129;-0.002;0;-0.007;0.002;-0.002;-0.002;0;0.002;0.02;0.012;0.007;0.032;0.015;0.029
2130;-0.002;-0.002;-0.005;0;-0.005;-0.005;0;0.005;0.022;0.012;0.005;0.029;0.005;0.017
2131;-0.002;-0.002;-0.005;0.002;-0.005;-0.005;0.002;0.005;0.024;0.015;0.007;0.029;0.015;0.027
2132;-0.005;-0.005;-0.005;0.002;-0.002;-0.002;-0.002;0.005;0.024;0.017;0.007;0.034;0.015;0.024
2133;-0.005;0;-0.007;0.005;-0.002;-0.002;0;0.005;0.022;0.012;0.007;0.032;0.005;0.017
2134;-0.002;0;-0.005;0.002;-0.007;-0.002;0;0.01;0.022;0.015;0.01;0.032;0.01;0.024
2135;-0.002;0;-0.005;0.005;-0.005;-0.002;0.002;0.005;0.024;0.017;0.012;0.037;0.015;0.022
2136;-0.005;-0.002;0;0.005;-0.005;-0.005;0.002;0.005;0.022;0.01;0.002;0.027;0.015;0.022
2137;-0.005;-0.002;-0.005;0.005;-0.005;0;0;0.005;0.022;0.012;0.01;0.034;0.007;0.022
2138;-0.002;0;-0.002;0.005;-0.005;0;0;0.005;0.022;0.01;0.007;0.032;0.012;0.024
2139;-0.005;-0.002;0;0.007;-0.005;-0.002;0.002;0.007;0.02;0.015;0.007;0.032;0.015;0.02
2140;-0.002;-0.002;-0.005;0.005;-0.005;-0.002;0;0.002;0.02;0.012;0.007;0.032;0.005;0.022
2141;-0.002;-0.002;-0.007;0.005;-0.005;-0.005;0;0.005;0.022;0.01;0.005;0.032;0.015;0.024
2142;-0.002;0.002;-0.012;0.005;-0.005;-0.002;0;0.005;0.027;0.015;0.012;0.037;0.017;0.032
2143;-0.002;-0.002;-0.007;0.002;-0.002;0;0;0.007;0.022;0.012;0.005;0.032;0;0.02
2144;-0.002;-0.002;-0.005;0.005;-0.002;0;0;0.005;0.022;0.01;0.007;0.029;0.007;0.02
2145;0;0;-0.005;0.002;-0.002;-0.002;0;0.007;0.022;0.01;0.007;0.029;0.015;0.027
2146;-0.005;0;-0.002;0.002;-0.002;0;0;0.005;0.027;0.012;0.01;0.034;0.005;0.017
2147;-0.005;-0.005;-0.005;0.002;-0.005;0;0;0.005;0.022;0.012;0.007;0.034;0.007;0.02
2148;-0.002;0;-0.005;0.005;-0.002;-0.002;0;0.002;0.024;0.017;0.01;0.037;0.02;0.029
2149;-0.005;-0.002;-0.005;0.005;-0.005;-0.002;0;0.005;0.022;0.01;0.007;0.027;0.002;0.017
2150;-0.002;0;-0.005;0.002;-0.005;-0.005;0;0.005;0.02;0.012;0.005;0.029;0.005;0.022
2151;0;0;-0.005;0.002;-0.005;-0.002;0;0.005;0.024;0.015;0.007;0.037;0.015;0.024
2152;-0.005;-0.002;0;0.002;-0.005;-0.002;0;0.005;0.022;0.015;0.007;0.032;0.005;0.017
2153;-0.005;-0.002;-0.002;0.002;-0.002;-0.005;0.002;0.005;0.022;0.012;0.002;0.027;0.015;0.024
2154;-0.005;0;-0.01;0.002;-0.002;-0.002;0;0.005;0.022;0.012;0.01;0.034;0.017;0.027
2155;-0.005;-0.002;-0.002;0.002;-0.005;0;0;0.005;0.022;0.015;0.01;0.034;0.01;0.022
2156;-0.005;0;-0.007;0.002;-0.002;-0.005;0;0.005;0.024;0.01;0.007;0.034;0.002;0.02
2157;-0.002;-0.002;0;0;-0.005;-0.005;0;0.002;0.022;0.012;0.007;0.032;0.015;0.024
2158;-0.005;-0.002;-0.002;0.002;-0.002;-0.005;0;0.005;0.02;0.007;0.005;0.029;0;0.02
2159;-0.005;-0.002;-0.005;0.002;-0.002;0.002;0;0.007;0.022;0.012;0.007;0.037;0.017;0.027
2160;-0.007;0;-0.002;0.002;-0.005;-0.002;0;0.005;0.02;0.01;0.005;0.029;0.015;0.024
2161;-0.005;-0.005;-0.005;0.002;-0.002;-0.005;0.002;0.002;0.024;0.015;0.01;0.034;0.005;0.015
2162;-0.002;-0.002;-0.005;0.002;-0.005;-0.002;0.002;0.005;0.022;0.012;0.007;0.029;0.01;0.024
2163;-0.005;-0.002;-0.005;0;-0.002;0;0.002;0.005;0.027;0.015;0.007;0.034;0.015;0.024
2164;-0.005;-0.002;-0.01;0;-0.005;-0.005;0;0.005;0.024;0.012;0.007;0.034;0.01;0.022
2165;-0.005;-0.005;-0.007;0.002;-0.002;-0.002;0;0.005;0.022;0.01;0.007;0.032;0.007;0.017
2166;-0.005;-0.005;-0.005;0.002;-0.005;-0.005;0;0.005;0.024;0.01;0.005;0.029;0.012;0.022
2167;-0.005;0;-0.005;0.002;-0.005;0;0.002;0.007;0.02;0.012;0.01;0.034;0.012;0.027
2168;-0.005;-0.002;-0.005;0.005;-0.005;0;0;0.005;0.024;0.01;0.007;0.034;0.01;0.022
2169;-0.005;-0.002;-0.005;0;-0.005;-0.002;0.002;0.005;0.024;0.012;0.007;0.034;0.01;0.022
2170;-0.002;-0.002;-0.002;0.002;-0.007;-0.002;0;0.005;0.022;0.012;0.007;0.032;0.012;0.022
2171;-0.005;-0.002;-0.007;0.002;-0.005;-0.002;0;0.005;0.022;0.012;0.01;0.032;0.005;0.017
2172;-0.002;0.002;-0.01;0.002;-0.002;-0.002;0.002;0.002;0.024;0.012;0.005;0.034;0.012;0.027
2173;-0.005;-0.005;-0.012;0.002;-0.005;-0.002;0.002;0.007;0.024;0.012;0.007;0.034;0.007;0.017
2174;-0.002;0;-0.007;0;-0.005;-0.002;0.002;0.005;0.024;0.012;0.007;0.037;0.01;0.022
2175;-0.002;-0.002;-0.007;0.002;-0.002;-0.002;0.002;0.002;0.022;0.012;0.007;0.037;0.015;0.022
2176;-0.007;0;-0.007;0;-0.005;-0.005;0;0.005;0.022;0.012;0.007;0.032;0.005;0.02
2177;-0.005;-0.002;-0.005;0;-0.005;0;0;0.002;0.022;0.01;0.002;0.029;0.012;0.027
2178;-0.005;-0.002;-0.007;0.005;-0.005;0;0.002;0.007;0.02;0.012;0.007;0.034;0.007;0.02
2179;-0.002;-0.005;-0.005;0.002;-0.005;0;0;0.005;0.02;0.012;0.005;0.032;0.012;0.022
2180;-0.005;-0.002;-0.002;0.005;-0.002;-0.007;0;0.007;0.022;0.012;0.007;0.032;0.002;0.017
2181;-0.002;-0.002;-0.007;0;-0.002;-0.002;0;0.005;0.022;0.01;0.007;0.034;0.01;0.022
2182;-0.005;-0.002;-0.005;0.002;-0.005;0;0;0.005;0.022;0.012;0.007;0.032;0.01;0.022
2183;-0.002;0;-0.01;0.002;-0.005;-0.002;0;0.005;0.024;0.015;0.012;0.039;0.01;0.027
2184;-0.005;-0.002;-0.007;0.002;-0.002;-0.002;0;0.005;0.02;0.012;0.007;0.032;0.012;0.022
2185;-0.005;-0.005;-0.005;0.005;-0.002;-0.002;0;0.005;0.02;0.01;0.007;0.029;0.01;0.02
2186;-0.002;0;-0.007;0.005;-0.005;-0.002;0;0.007;0.024;0.017;0.012;0.034;0.017;0.024
2187;-0.005;-0.002;-0.007;0.005;-0.005;0;0;0.007;0.02;0.015;0.01;0.034;0.005;0.022
2188;-0.002;0;-0.005;0.002;-0.005;-0.002;0;0.007;0.022;0.015;0.01;0.034;0.007;0.02
2189;-0.005;0;-0.007;0.005;-0.005;-0.002;0;0.005;0.022;0.012;0.01;0.032;0.015;0.024
2190;-0.005;-0.002;-0.005;0.005;-0.002;-0.002;0;0.007;0.02;0.012;0.007;0.032;0.005;0.015
2191;0;0;-0.005;0.002;-0.005;-0.005;0.002;0.002;0.024;0.015;0.01;0.034;0.02;0.027
2192;-0.005;-0.002;-0.005;0.005;-0.005;-0.002;0;0.002;0.02;0.015;0.01;0.032;0.012;0.022
2193;-0.002;0;-0.005;0.007;0;-0.002;0;0.005;0.022;0.012;0.005;0.032;0.005;0.017
2194;-0.005;-0.005;-0.005;0.005;-0.005;-0.002;0;0.005;0.022;0.01;0.007;0.032;0.022;0.022
2195;-0.002;-0.002;-0.002;0.002;-0.005;0;0.002;0.007;0.022;0.015;0.007;0.034;0.002;0.017
2196;-0.005;-0.002;-0.005;0.005;-0.005;-0.002;-0.002;0.002;0.022;0.01;0.007;0.029;0.012;0.022
2197;-0.002;0;-0.002;0.002;-0.002;-0.005;0;0.005;0.022;0.017;0.012;0.037;0.007;0.022
2198;-0.002;-0.002;-0.005;0.005;-0.002;-0.007;0;0.005;0.024;0.012;0.007;0.032;0.01;0.02
2199;0;-0.002;-0.007;0;-0.005;-0.005;0;0.005;0.024;0.017;0.012;0.037;0.012;0.024
2200;-0.005;-0.002;-0.002;0.007;-0.002;0;0;0.005;0.017;0.01;0.002;0.027;0.015;0.022
2201;-0.005;-0.005;-0.007;0;-0.005;-0.002;0;0.005;0.024;0.017;0.007;0.034;0.007;0.017
2202;-0.002;0;-0.002;0.002;-0.002;0;0;0.002;0.022;0.012;0.007;0.034;0.015;0.024
2203;-0.005;-0.002;-0.002;0.005;-0.002;-0.002;0;0.005;0.022;0.012;0.007;0.032;0.002;0.015
2204;-0.005;0;-0.005;0.002;-0.005;-0.002;0;0.005;0.022;0.012;0.01;0.037;0.017;0.027
2205;-0.002;-0.002;0.002;0.005;-0.005;-0.005;-0.002;0.005;0.024;0.015;0.007;0.029;0.012;0.02
2206;-0.005;0;-0.005;0.002;-0.002;0;0.002;0.005;0.024;0.02;0.01;0.034;0.007;0.02
2207;-0.005;0;-0.005;0.005;-0.002;0;0.002;0.002;0.022;0.015;0.01;0.032;0.015;0.022
2208;-0.005;0;-0.012;0.002;-0.002;-0.002;0;0.007;0.024;0.017;0.01;0.039;0.015;0.027
2209;-0.005;0;0.002;0.005;-0.002;0;0;0.002;0.02;0.01;0.005;0.029;0.005;0.012
2210;-0.005;-0.002;-0.005;0.005;-0.002;0;0;0.007;0.02;0.01;0.007;0.029;0.012;0.02
2211;-0.002;0;-0.007;0.002;-0.005;-0.002;0;0.007;0.027;0.02;0.01;0.037;0.012;0.022
2212;-0.005;-0.002;-0.007;0.005;-0.005;-0.002;0.002;0.005;0.022;0.012;0.005;0.029;0.015;0.02
2213;-0.005;-0.002;-0.007;0.002;-0.005;-0.002;0;0.005;0.022;0.015;0.007;0.032;0;0.02
2214;-0.005;-0.002;-0.01;0;-0.005;-0.002;0;0.002;0.024;0.015;0.01;0.034;0.015;0.027
2215;-0.002;0;-0.007;0.005;-0.002;-0.002;0;0.005;0.024;0.015;0.01;0.039;0.007;0.022
2216;-0.005;-0.002;-0.005;0;-0.002;-0.002;0;0.005;0.022;0.012;0.007;0.034;0.01;0.022
2217;-0.005;-0.002;-0.007;0.002;-0.005;-0.005;0;0.005;0.02;0.012;0.007;0.034;0.01;0.022
2218;-0.005;-0.002;-0.005;0.005;-0.005;-0.005;0;0.005;0.024;0.015;0.01;0.034;0.012;0.02
2219;-0.002;-0.002;-0.005;0.002;-0.007;-0.002;-0.002;0.002;0.024;0.012;0.005;0.032;0.01;0.027
2220;-0.005;-0.002;-0.005;0.002;-0.002;0.002;0;0.005;0.022;0.015;0.007;0.034;0.012;0.022
2221;-0.007;-0.002;-0.005;0;-0.005;-0.002;0;0.005;0.022;0.012;0.007;0.034;0.01;0.022
2222;-0.005;0;-0.01;0.002;-0.002;-0.005;0.002;0.005;0.024;0.012;0.01;0.034;0.01;0.022
2223;-0.007;-0.005;-0.002;0.002;0;-0.002;0;0.002;0.02;0.01;0.002;0.027;0.01;0.02
2224;-0.002;-0.002;-0.01;0.002;-0.005;0;0.002;0.007;0.027;0.015;0.012;0.037;0.012;0.022
2225;-0.002;-0.002;-0.005;0.002;-0.002;-0.002;0.002;0.005;0.024;0.012;0.01;0.032;0.012;0.024
2226;-0.005;-0.002;-0.005;0;-0.005;-0.005;0;0.005;0.022;0.012;0.005;0.029;0.005;0.017
2227;-0.005;-0.002;-0.005;0.002;-0.002;-0.002;0;0.005;0.022;0.01;0.01;0.032;0.012;0.022
2228;-0.005;-0.002;-0.007;0.002;-0.005;-0.005;0;0.005;0.027;0.012;0.01;0.034;0.012;0.022
2229;-0.005;-0.002;-0.002;0.002;-0.005;-0.002;-0.002;0.005;0.024;0.012;0.01;0.032;0.01;0.02
2230;-0.002;-0.002;-0.007;0;-0.005;-0.002;0;0.005;0.024;0.015;0.01;0.032;0.01;0.02
2231;-0.005;-0.005;-0.005;0;-0.005;-0.002;0;0.005;0.022;0.012;0.007;0.032;0.012;0.022
2232;-0.002;-0.002;-0.01;0;-0.005;-0.002;0;0.005;0.027;0.015;0.012;0.037;0.012;0.027
2233;-0.005;-0.002;-0.005;0.002;-0.005;0;0;0.005;0.022;0.012;0.005;0.032;0.01;0.02
2234;-0.007;-0.002;-0.007;0.002;-0.002;-0.002;0;0.007;0.022;0.015;0.007;0.032;0.01;0.027
2235;-0.005;-0.002;-0.007;0.002;-0.002;-0.002;0;0.007;0.022;0.012;0.007;0.032;0.01;0.022
2236;-0.002;-0.002;-0.002;0.002;-0.005;-0.005;-0.002;0.005;0.02;0.012;0.01;0.032;0.007;0.015
2237;-0.005;-0.002;-0.01;0;-0.007;-0.005;0;0.005;0.022;0.015;0.01;0.034;0.015;0.027
2238;-0.005;-0.002;-0.005;0.002;-0.002;-0.002;0;0.005;0.022;0.01;0.007;0.032;0.01;0.022
2239;-0.002;0;-0.007;0.002;-0.007;-0.002;-0.002;0.005;0.024;0.015;0.012;0.037;0.007;0.022
2240;-0.005;-0.002;-0.002;0.002;-0.005;-0.005;0;0.002;0.02;0.01;0.005;0.029;0.012;0.022
2241;-0.005;-0.002;-0.002;0.005;-0.002;0;0;0.007;0.022;0.015;0.01;0.034;0.007;0.017
2242;-0.002;0;-0.01;0.002;-0.005;-0.002;0;0.002;0.024;0.012;0.01;0.034;0.012;0.027
2243;-0.005;0;0;0.002;-0.002;-0.002;0;0.005;0.02;0.012;0.005;0.029;0;0.012
2244;-0.005;-0.002;-0.005;0.005;-0.005;-0.002;0;0.007;0.022;0.01;0.007;0.029;0.01;0.022
2245;-0.005;0;-0.01;0;-0.005;-0.002;0;0.002;0.027;0.015;0.01;0.037;0.017;0.027
2246;-0.002;0;-0.007;0.005;-0.005;-0.002;0;0.007;0.02;0.012;0.007;0.032;0.022;0.024
2247;-0.005;0;-0.005;0.002;-0.005;-0.002;0;0.005;0.024;0.012;0.007;0.032;0;0.02
2248;-0.002;0;-0.01;0.002;-0.005;-0.002;0;0.005;0.024;0.012;0.01;0.032;0.017;0.027
2249;-0.002;-0.002;-0.002;0.005;-0.005;-0.002;0;0.007;0.024;0.015;0.01;0.032;0.007;0.02
2250;-0.002;0;-0.007;0.002;-0.002;-0.002;0;0.005;0.024;0.012;0.007;0.034;0.007;0.022
2251;-0.002;0;-0.002;0.005;-0.005;-0.002;0;0.005;0.022;0.012;0.007;0.032;0.015;0.024
2252;-0.002;0;-0.005;0.002;-0.005;-0.002;0.002;0.005;0.022;0.015;0.007;0.032;0.002;0.017
2253;-0.002;0;-0.002;0.005;-0.005;-0.002;0;0.005;0.022;0.015;0.007;0.032;0.015;0.027
2254;-0.002;-0.002;-0.002;0.005;-0.005;-0.002;0;0.005;0.022;0.015;0.007;0.029;0.015;0.029
2255;-0.002;0;-0.007;0.002;-0.002;-0.002;0;0.005;0.024;0.015;0.007;0.032;0.015;0.024
2256;-0.005;0;-0.005;0.002;-0.002;0;0.002;0.005;0.022;0.012;0.01;0.029;0.01;0.02
2257;-0.005;-0.002;-0.002;0.005;-0.005;-0.002;0;0.005;0.022;0.012;0.007;0.029;0.007;0.02
2258;-0.002;0;-0.005;0.005;-0.002;-0.002;0;0.005;0.022;0.012;0.007;0.034;0.012;0.022
2259;-0.005;-0.002;-0.002;0.005;-0.002;0;0;0.005;0.02;0.012;0.007;0.029;0.017;0.029
2260;-0.002;0;-0.005;0.002;-0.002;-0.002;-0.002;0.005;0.024;0.015;0.007;0.034;0.007;0.024
2261;-0.002;0;-0.005;0.005;-0.005;-0.005;0.002;0.002;0.022;0.01;0.01;0.032;0.007;0.017
2262;-0.005;-0.002;-0.005;0.002;-0.002;-0.002;0;0.005;0.02;0.012;0.007;0.027;0.007;0.017
2263;0;0.002;-0.012;0.002;-0.005;-0.005;0.002;0.005;0.027;0.017;0.012;0.039;0.017;0.034
2264;-0.002;0;-0.002;0.007;0;-0.002;-0.002;0.005;0.017;0.01;0;0.024;0.01;0.02
2265;-0.002;-0.002;-0.005;0;-0.005;-0.002;0;0.005;0.024;0.017;0.01;0.032;0.01;0.022
2266;-0.005;-0.002;-0.005;0.005;-0.002;-0.002;0.002;0.007;0.024;0.015;0.007;0.032;0.017;0.027
2267;-0.002;0;-0.005;0.005;-0.005;-0.005;0.002;0.005;0.024;0.015;0.015;0.034;0.007;0.017
2268;-0.002;0;0;0.002;-0.002;0;0;0.005;0.024;0.017;0.01;0.027;0.007;0.022
2269;-0.002;0;-0.007;0.005;-0.002;-0.002;0.002;0.007;0.02;0.012;0.007;0.029;0.01;0.02
2270;-0.002;0;-0.005;0.002;-0.005;-0.005;0;0.005;0.022;0.015;0.007;0.029;0.017;0.022
2271;-0.002;-0.002;-0.002;0.002;-0.005;-0.002;0;0.005;0.02;0.01;0.005;0.032;0.017;0.022
2272;-0.002;0.002;-0.007;0.002;-0.005;-0.002;0;0.002;0.024;0.015;0.01;0.034;0.007;0.024
2273;-0.005;0;-0.005;0.005;-0.002;0;0.002;0.007;0.02;0.012;0.005;0.029;0.007;0.017
2274;-0.005;-0.002;-0.005;0.002;-0.002;-0.002;0.002;0.005;0.022;0.012;0.01;0.032;0.005;0.02
2275;-0.002;-0.002;-0.007;0;-0.005;-0.002;0;0.005;0.022;0.012;0.007;0.032;0.02;0.027
2276;-0.005;-0.002;-0.002;0.005;-0.005;-0.002;0;0.005;0.02;0.01;0.005;0.027;0.01;0.02
2277;-0.002;-0.002;-0.007;0.002;-0.005;0;0;0.005;0.024;0.017;0.012;0.037;0.007;0.02
2278;-0.005;-0.002;-0.005;0.002;-0.005;-0.005;0.002;0.005;0.022;0.015;0.007;0.029;0.012;0.022
2279;-0.005;0;-0.005;0.002;-0.002;-0.005;0;0.002;0.02;0.012;0.007;0.032;0.01;0.02
2280;-0.005;-0.005;-0.007;0.002;-0.007;-0.005;0;0.002;0.024;0.012;0.005;0.029;0.01;0.02
2281;0;-0.002;-0.002;0;-0.005;0;0.002;0.005;0.024;0.015;0.012;0.034;0.015;0.02
2282;-0.002;-0.002;-0.007;0.005;-0.005;-0.005;0.002;0.005;0.024;0.015;0.01;0.032;0.015;0.022
2283;-0.002;0;-0.005;0.005;-0.005;-0.002;0;0.002;0.02;0.012;0.007;0.029;0.007;0.022
2284;-0.005;-0.005;-0.005;0.002;-0.002;-0.002;0;0.005;0.022;0.012;0.007;0.029;0.015;0.024
2285;-0.005;-0.002;-0.01;0.002;-0.002;-0.002;0.002;0.005;0.024;0.012;0.01;0.037;0.007;0.022
2286;-0.002;-0.002;-0.007;0.005;-0.005;-0.007;0;0.002;0.022;0.012;0.012;0.029;0.012;0.022
2287;-0.005;-0.002;-0.005;0.002;-0.002;-0.002;0;0.007;0.024;0.015;0.007;0.034;0.005;0.02
2288;-0.005;0;-0.01;0.002;-0.005;-0.002;0;0.007;0.022;0.01;0.007;0.032;0.01;0.022
2289;-0.005;-0.002;-0.007;0.002;-0.002;-0.002;0.002;0.007;0.02;0.012;0.007;0.034;0.012;0.022
2290;-0.002;0;-0.01;0.002;-0.007;-0.01;0;0.007;0.024;0.015;0.01;0.037;0.012;0.022
2291;-0.002;-0.002;-0.005;0.002;-0.002;-0.005;0.002;0.005;0.02;0.012;0.002;0.029;0.017;0.022
2292;-0.005;-0.002;-0.005;0;-0.005;-0.002;0;0.005;0.024;0.012;0.01;0.034;0.005;0.017
2293;-0.005;-0.005;-0.002;0.002;-0.005;-0.002;0;0.005;0.022;0.012;0.007;0.032;0.017;0.02
2294;-0.005;-0.002;-0.005;0.002;-0.002;-0.002;0;0.007;0.022;0.012;0.007;0.034;0.005;0.02
2295;-0.005;0;-0.005;0.005;-0.005;-0.002;0;0.005;0.02;0.01;0.007;0.032;0.007;0.02
2296;-0.005;0;-0.007;0.002;-0.005;-0.002;-0.002;0.005;0.022;0.012;0.007;0.032;0.01;0.022
2297;-0.002;-0.002;-0.005;0.002;-0.005;-0.002;0;0.002;0.022;0.01;0.007;0.037;0.01;0.022
2298;-0.002;-0.002;-0.002;0.005;-0.005;0;0;0.005;0.02;0.01;0.007;0.034;0.015;0.024
2299;-0.005;0;-0.012;0.002;-0.002;-0.002;0;0.005;0.022;0.012;0.01;0.039;0.015;0.029
2300;-0.002;-0.005;-0.002;0.005;-0.005;-0.002;-0.002;0.005;0.022;0.01;0;0.029;0.002;0.012
2301;-0.005;-0.002;-0.005;0.002;-0.002;-0.005;0.002;0.002;0.017;0.007;0;0.027;0.01;0.017
2302;-0.002;0;-0.01;0.005;-0.007;-0.002;-0.002;0.002;0.022;0.015;0.01;0.037;0.017;0.024
2303;-0.002;0.002;-0.005;0.002;-0.002;-0.005;0;0.005;0.024;0.015;0.012;0.039;0.007;0.022
2304;-0.005;-0.002;-0.002;0.005;-0.005;0;0.002;0.002;0.02;0.012;0.005;0.032;0.01;0.02
2305;-0.002;-0.002;-0.007;0;-0.005;-0.005;0;0.005;0.022;0.015;0.012;0.034;0.015;0.024
2306;-0.005;0;0;0.005;-0.005;-0.002;0.002;0.005;0.022;0.01;0.005;0.029;0.007;0.015
2307;-0.002;-0.002;0;0.005;-0.005;-0.002;0;0.005;0.02;0.012;0.002;0.027;0.002;0.017
2308;-0.002;0;-0.01;0.002;-0.002;-0.005;0;0.005;0.022;0.01;0.007;0.037;0.012;0.022
2309;-0.002;0;-0.005;0.002;-0.005;-0.002;0;0.005;0.027;0.02;0.012;0.039;0.02;0.022
2310;-0.005;-0.002;-0.005;0.005;-0.002;-0.002;0;0.007;0.02;0.01;0.007;0.029;0.007;0.022
2311;-0.005;-0.002;-0.007;0.005;-0.002;-0.002;0;0.005;0.024;0.015;0.01;0.032;0.012;0.02
2312;-0.002;0;-0.005;0.005;-0.005;-0.002;0;0.007;0.022;0.012;0.01;0.032;0.007;0.02
2313;-0.005;-0.002;-0.007;0.005;-0.002;0;0;0.005;0.022;0.01;0.01;0.032;0.005;0.017
2314;-0.002;-0.002;-0.007;0.005;-0.005;-0.002;0;0.005;0.022;0.012;0.007;0.032;0.01;0.022
2315;-0.005;-0.002;-0.005;0.002;-0.005;-0.002;0;0.005;0.022;0.012;0.007;0.032;0.012;0.022
2316;-0.005;-0.002;-0.002;0.007;-0.005;-0.002;0;0.002;0.02;0.012;0.005;0.027;0.007;0.017
2317;-0.002;-0.002;-0.007;0.002;-0.005;-0.002;0.002;0.005;0.024;0.012;0.01;0.034;0.012;0.027
2318;-0.002;-0.002;-0.005;0.005;-0.002;-0.005;0;0.005;0.024;0.015;0.007;0.034;0.015;0.024
2319;-0.005;0;-0.002;0.005;-0.002;-0.002;-0.002;0.002;0.022;0.015;0.007;0.029;0.007;0.02
2320;-0.002;-0.002;-0.007;0.005;-0.005;-0.002;0;0.005;0.024;0.015;0.01;0.032;0.01;0.024
2321;-0.002;0;-0.002;0.002;-0.005;-0.002;0.002;0.002;0.024;0.015;0.007;0.032;0.007;0.02
2322;-0.002;0;-0.007;0.002;-0.005;-0.002;0;0.007;0.027;0.017;0.012;0.037;0.015;0.024
2323;-0.002;-0.002;0;0.005;-0.005;-0.002;0.002;0.005;0.024;0.015;0.005;0.032;0.005;0.015
2324;-0.002;0;-0.005;0.005;-0.005;-0.002;-0.002;0.005;0.027;0.015;0.01;0.034;0.012;0.024
2325;-0.005;0;-0.005;0.005;-0.005;-0.002;0;0.005;0.027;0.017;0.01;0.034;0.012;0.024
2326;-0.005;0;-0.005;0.005;-0.002;-0.002;0;0.005;0.024;0.015;0.01;0.037;0.015;0.02
2327;0;0;-0.005;0.005;-0.005;-0.002;0;0.005;0.024;0.015;0.01;0.037;0.01;0.024
2328;-0.005;-0.002;-0.002;0.007;-0.005;-0.005;0;0.005;0.02;0.01;0.002;0.027;0.01;0.02
2329;-0.005;-0.002;-0.005;0.005;-0.005;-0.002;0;0.005;0.02;0.012;0.007;0.034;0.01;0.022
2330;-0.002;0;-0.007;0.002;-0.005;-0.002;0;0.005;0.022;0.012;0.005;0.032;0.012;0.022
2331;0;0;-0.005;0.002;-0.005;0;0;0.007;0.024;0.015;0.01;0.034;0.002;0.015
2332;-0.002;-0.002;-0.005;0.005;-0.005;-0.005;-0.002;0.002;0.022;0.01;0.007;0.032;0.01;0.022
2333;-0.002;0;-0.005;0.002;-0.002;-0.002;0;0.005;0.024;0.012;0.007;0.032;0.012;0.022
2334;-0.002;-0.002;-0.007;0.002;-0.002;-0.005;-0.002;0.005;0.02;0.01;0.005;0.029;0.015;0.022
2335;-0.002;0;-0.012;0;-0.005;-0.002;0.002;0.005;0.027;0.017;0.012;0.039;0.002;0.024
2336;-0.007;-0.002;-0.005;0.005;-0.005;0;0;0.005;0.022;0.01;0.002;0.029;0.012;0.02
2337;-0.005;0;-0.007;0.005;-0.005;-0.002;-0.002;0.007;0.024;0.015;0.01;0.034;0.007;0.022
2338;-0.002;-0.005;0;0;-0.005;-0.005;0;0.007;0.022;0.01;0.002;0.029;0.012;0.02
2339;-0.005;-0.002;-0.002;0.002;-0.002;-0.002;0;0.005;0.022;0.01;0.005;0.029;0.005;0.012
2340;0;0;-0.015;0.002;-0.002;0;0.002;0.005;0.027;0.017;0.012;0.039;0.015;0.029
2341;-0.005;-0.002;-0.002;0.005;-0.002;-0.002;0;0.005;0.022;0.012;0.005;0.029;0.012;0.022
2342;0;-0.002;-0.007;0.005;-0.002;-0.002;-0.002;0.005;0.022;0.012;0.01;0.034;0.005;0.02
2343;-0.005;-0.002;-0.007;0.002;-0.002;-0.002;0;0.005;0.02;0.01;0.005;0.029;0.02;0.027
2344;-0.005;-0.002;-0.007;0;-0.005;-0.002;0;0.007;0.024;0.015;0.012;0.037;0.002;0.017
2345;-0.002;0;-0.005;0.002;-0.002;-0.002;-0.002;0.002;0.027;0.015;0.012;0.039;0.017;0.029
2346;-0.005;-0.002;-0.002;0.002;-0.005;-0.005;0.002;0.007;0.024;0.012;0.007;0.032;0.007;0.017
2347;-0.005;0;-0.007;0;-0.005;-0.002;0;0.005;0.024;0.01;0.007;0.032;0.012;0.027
2348;0;0;-0.01;0.002;-0.005;-0.002;0;0.005;0.027;0.017;0.01;0.037;0.017;0.024
2349;-0.005;-0.005;-0.005;0;-0.005;-0.002;0;0.007;0.022;0.012;0.005;0.029;0.005;0.017
2350;-0.002;-0.002;-0.007;0.002;-0.005;-0.002;0;0.005;0.024;0.015;0.007;0.032;0.015;0.022
2351;-0.005;-0.002;-0.007;0.002;-0.005;-0.005;0;0.005;0.024;0.012;0.007;0.032;0.015;0.027
2352;-0.005;0;-0.005;0.005;-0.005;-0.002;0;0.005;0.022;0.012;0.007;0.034;0.002;0.02
2353;-0.002;-0.002;-0.01;0.005;-0.005;-0.002;0;0.005;0.022;0.012;0.005;0.029;0.007;0.024
2354;-0.005;-0.002;-0.005;0.002;-0.005;-0.002;0;0.005;0.024;0.012;0.01;0.034;0.012;0.02
2355;-0.005;-0.002;-0.005;0.005;-0.005;-0.002;0;0.005;0.024;0.015;0.007;0.032;0.015;0.022
2356;-0.005;0;-0.005;0.002;-0.002;-0.005;0;0.005;0.024;0.015;0.01;0.034;0.005;0.017
2357;-0.002;0;-0.007;0.002;-0.002;-0.002;0;0.005;0.022;0.015;0.01;0.034;0.007;0.022
2358;-0.005;-0.002;-0.005;0;-0.002;-0.005;0;0.005;0.022;0.012;0.007;0.034;0.012;0.027
2359;-0.002;0;-0.005;0.002;-0.005;-0.002;0;0.005;0.024;0.015;0.01;0.032;0.015;0.02
2360;-0.002;0;-0.01;0.005;-0.002;-0.005;0;0.005;0.027;0.015;0.01;0.034;0.007;0.02
2361;-0.002;-0.002;-0.005;0.005;-0.005;-0.002;0;0.007;0.024;0.012;0.01;0.032;0.007;0.02
2362;-0.002;-0.002;-0.005;0.005;-0.005;-0.002;0.002;0.005;0.024;0.015;0.007;0.032;0.015;0.024
2363;-0.005;-0.002;-0.002;0.002;-0.005;-0.002;0;0.005;0.024;0.015;0.007;0.032;0.01;0.024
2364;-0.005;-0.002;-0.007;0.005;-0.005;-0.002;0.002;0.005;0.022;0.012;0.007;0.029;0.005;0.02
2365;-0.005;-0.002;-0.01;0.002;-0.005;-0.002;0.002;0.005;0.024;0.01;0.007;0.032;0.01;0.022
2366;-0.002;-0.002;-0.005;0.005;-0.002;-0.005;-0.002;0.005;0.024;0.012;0.007;0.032;0.01;0.022
2367;-0.002;0;-0.005;0.002;-0.005;-0.002;0;0.002;0.022;0.012;0.007;0.034;0.01;0.022
2368;-0.002;-0.002;-0.007;0.002;-0.005;-0.002;-0.002;0.005;0.024;0.012;0.007;0.032;0.012;0.024
2369;0;0;-0.01;0.002;-0.005;-0.002;0;0.005;0.024;0.012;0.01;0.034;0.012;0.029
2370;-0.005;-0.002;-0.005;0.002;-0.005;-0.005;-0.002;0.005;0.022;0.01;0.002;0.027;0.015;0.02
2371;-0.002;0;-0.007;0.002;-0.002;-0.002;0.002;0.007;0.027;0.015;0.012;0.037;0.005;0.02
2372;-0.005;-0.005;-0.005;0.002;-0.002;0;0;0.005;0.022;0.01;0.005;0.029;0.017;0.02
2373;-0.002;0.002;-0.01;0.005;-0.002;-0.002;0;0.005;0.027;0.015;0.012;0.037;0.005;0.022
2374;-0.005;-0.002;0;0.005;-0.005;0;0.002;0.005;0.024;0.015;0.005;0.032;0.015;0.024
2375;-0.005;-0.002;-0.002;0.005;-0.005;-0.002;-0.002;0.005;0.022;0.01;0.005;0.029;0.005;0.012
2376;-0.002;0;-0.007;0;-0.005;-0.002;0;0.005;0.024;0.015;0.01;0.037;0.015;0.032
2377;-0.002;-0.002;0;0.005;-0.005;-0.005;0;0.005;0.022;0.012;0.007;0.034;0.012;0.017
2378;0;0.002;-0.007;0.002;-0.005;-0.002;0;0.002;0.027;0.017;0.012;0.039;0.005;0.024
2379;-0.002;-0.002;0;0.005;-0.005;-0.002;-0.002;0.005;0.02;0.007;0.005;0.024;0.015;0.022
2380;-0.005;0;-0.005;0.005;-0.005;-0.005;0;0.005;0.022;0.015;0.007;0.034;0.015;0.024
2381;-0.002;0;-0.007;0.002;-0.005;-0.002;0.002;0.005;0.027;0.015;0.01;0.034;0.012;0.024
2382;-0.002;-0.002;-0.01;0.005;-0.002;-0.002;0.002;0.005;0.027;0.017;0.012;0.039;0.01;0.022
2383;-0.002;-0.002;-0.002;0.002;-0.005;-0.002;0;0.002;0.022;0.012;0.002;0.027;0.007;0.017
2384;-0.002;0;-0.007;0.005;-0.002;-0.002;0.002;0.005;0.024;0.015;0.007;0.034;0.007;0.02
2385;-0.005;-0.002;-0.002;0.002;-0.005;-0.002;0;0.005;0.024;0.015;0.007;0.034;0.005;0.022
2386;-0.002;0;-0.005;0.005;-0.002;-0.002;0;0.002;0.02;0.012;0.007;0.034;0.007;0.02
2387;-0.002;-0.002;-0.005;0.002;-0.002;-0.002;0;0.005;0.024;0.012;0.007;0.034;0.015;0.022
2388;-0.005;-0.002;-0.005;0.002;-0.005;-0.002;0;0.005;0.022;0.007;0.005;0.029;0.007;0.02
2389;-0.005;-0.002;-0.007;0.005;-0.002;0;0;0.005;0.024;0.015;0.005;0.032;0.015;0.022
2390;-0.002;-0.002;-0.007;0.005;-0.005;-0.005;0;0.005;0.022;0.01;0.007;0.032;0.005;0.02
2391;-0.002;-0.002;-0.005;0.005;-0.002;0;0;0.002;0.024;0.012;0.007;0.029;0.01;0.02
2392;-0.002;-0.002;-0.002;0.002;-0.005;0;0;0.005;0.022;0.012;0.005;0.029;0.01;0.022
2393;-0.002;0.002;-0.007;0.005;-0.002;-0.002;0;0.007;0.027;0.015;0.007;0.034;0.01;0.02
2394;-0.005;-0.002;-0.002;0.002;-0.002;-0.002;0;0.005;0.017;0.012;0.005;0.032;0.01;0.02
2395;-0.005;-0.002;-0.005;0.002;-0.005;-0.002;0.002;0.005;0.022;0.012;0.005;0.034;0.007;0.017
2396;-0.007;0;-0.012;0.002;-0.005;-0.002;0;0.005;0.027;0.017;0.01;0.039;0.02;0.029
2397;-0.002;0;-0.007;0.002;-0.002;-0.002;0;0.005;0.024;0.015;0.005;0.032;0.005;0.017
2398;-0.002;-0.002;-0.007;0.002;-0.005;-0.005;-0.002;0.005;0.022;0.015;0.007;0.034;0.01;0.02
2399;-0.005;-0.002;-0.005;0.002;-0.005;-0.002;0;0.005;0.022;0.012;0.007;0.032;0.015;0.022
2400;-0.002;0;-0.005;0.002;-0.005;-0.005;0;0.005;0.024;0.015;0.01;0.034;0.007;0.017
2401;-0.002;0;-0.01;0;-0.005;-0.005;-0.002;0.007;0.027;0.017;0.012;0.042;0.01;0.022
2402;-0.002;-0.002;-0.002;0.002;-0.005;-0.002;0;0.005;0.02;0.01;0.002;0.027;0.007;0.017
2403;-0.002;-0.002;-0.007;0;-0.005;-0.002;0;0.005;0.024;0.015;0.01;0.037;0.015;0.02
2404;-0.005;0;-0.01;0;-0.005;0;0;0.005;0.024;0.015;0.012;0.039;0.012;0.022
2405;-0.005;-0.002;-0.002;0.005;-0.005;-0.002;-0.002;0.005;0.022;0.012;0.005;0.027;0;0.01
2406;-0.005;-0.002;-0.007;0.002;-0.002;-0.002;0;0.005;0.024;0.012;0.007;0.034;0.012;0.022
2407;-0.005;-0.002;-0.005;0.002;-0.005;-0.002;0;0.005;0.024;0.015;0.007;0.032;0.015;0.017
2408;-0.002;0;-0.012;0.002;-0.005;-0.002;0;0.005;0.027;0.02;0.012;0.039;0.005;0.022
2409;-0.005;-0.002;-0.002;0.002;-0.005;-0.002;-0.002;0.005;0.024;0.01;0.005;0.029;0.01;0.017
2410;-0.002;-0.005;-0.007;0.002;-0.002;-0.002;0;0.002;0.022;0.012;0.007;0.034;0.012;0.022
2411;-0.005;-0.002;-0.005;0.002;-0.007;-0.002;0;0.005;0.022;0.012;0.007;0.034;0.012;0.02
2412;-0.002;0;-0.007;0;-0.005;-0.002;0;0.007;0.024;0.015;0.01;0.039;0.007;0.02
2413;-0.007;-0.005;-0.005;0.005;-0.002;0;-0.002;0.002;0.02;0.01;0.005;0.029;0.012;0.02
2414;-0.005;0;-0.005;0.005;-0.005;-0.005;0.002;0.002;0.02;0.012;0.007;0.034;0.01;0.02
2415;-0.002;0;-0.005;0.002;-0.002;-0.002;0;0.005;0.024;0.012;0.005;0.034;0.015;0.02
2416;-0.005;0;-0.007;0.005;-0.007;-0.002;0;0.005;0.022;0.015;0.01;0.034;0.01;0.02
2417;-0.005;-0.002;-0.005;0.005;-0.002;-0.002;0;0.005;0.027;0.017;0.007;0.037;0.017;0.022
2418;-0.002;0;-0.007;0.005;-0.002;-0.002;0;0.007;0.022;0.012;0.007;0.034;0.01;0.017
2419;-0.005;-0.002;-0.005;0.005;-0.005;-0.002;0;0.005;0.022;0.012;0.007;0.032;0.005;0.02
2420;-0.002;-0.002;-0.007;0.002;-0.005;-0.005;0;0.005;0.022;0.012;0.007;0.034;0.005;0.022
2421;-0.005;-0.002;-0.005;0.002;-0.002;-0.002;0;0.005;0.022;0.01;0.007;0.032;0.015;0.022
2422;-0.002;0;-0.007;0.002;-0.005;-0.002;0.002;0.005;0.02;0.007;0.005;0.032;0.002;0.017
2423;-0.002;-0.002;-0.005;0.005;-0.005;-0.002;0;0.005;0.022;0.012;0.007;0.034;0.01;0.017
2424;-0.002;-0.002;-0.005;0.002;-0.005;-0.005;0;0.005;0.022;0.012;0.007;0.034;0.012;0.022
2425;0;-0.002;-0.005;0.002;-0.002;-0.002;0.002;0.005;0.022;0.01;0.007;0.032;0.015;0.022
2426;-0.002;0;-0.002;0.005;-0.005;-0.005;0;0.002;0.027;0.017;0.01;0.034;0.007;0.022
2427;-0.005;0.002;-0.007;0.005;-0.005;-0.002;0;0.005;0.022;0.012;0.01;0.034;0.007;0.02
2428;-0.002;-0.002;-0.005;0.005;-0.005;-0.005;0;0.005;0.024;0.015;0.01;0.032;0.017;0.024
2429;-0.005;0;-0.005;0.005;-0.002;-0.002;0;0.007;0.022;0.01;0.007;0.034;0.01;0.02
2430;-0.005;0.002;-0.005;0.005;-0.005;-0.005;0.002;0.005;0.022;0.01;0.007;0.032;0.012;0.022
2431;-0.002;-0.002;-0.005;0.002;-0.005;-0.002;-0.002;0.002;0.024;0.015;0.01;0.032;0.005;0.02
2432;-0.002;-0.002;-0.01;0.005;-0.002;-0.005;0;0.005;0.024;0.015;0.007;0.037;0.017;0.027
2433;-0.002;-0.002;-0.005;0.002;-0.005;-0.002;0;0.005;0.024;0.015;0.01;0.032;0.01;0.02
2434;-0.002;0;-0.007;0.005;-0.002;-0.005;0.002;0.005;0.024;0.015;0.012;0.037;0.01;0.022
2435;-0.002;0;-0.002;0.005;-0.005;-0.002;0;0.002;0.022;0.01;0.005;0.029;0.01;0.017
2436;-0.002;-0.002;-0.005;0.002;-0.005;-0.002;0;0.005;0.024;0.015;0.007;0.032;0.01;0.022
2437;0;0;-0.005;0.002;-0.005;-0.002;0;0.007;0.024;0.015;0.007;0.032;0.015;0.027
2438;-0.002;0;-0.002;0.005;-0.005;-0.002;0;0.005;0.022;0.015;0.007;0.029;0.007;0.02
2439;-0.005;0;-0.007;0.005;0;-0.002;0;0.005;0.022;0.012;0.01;0.032;0.007;0.022
2440;-0.002;-0.002;-0.005;0.005;-0.005;-0.002;0;0.005;0.024;0.015;0.01;0.034;0.017;0.024
2441;-0.002;0;-0.005;0.002;-0.002;-0.002;0;0.005;0.022;0.012;0.005;0.032;0.005;0.017
2442;0;-0.005;-0.005;0.005;-0.002;0;0;0.007;0.022;0.012;0.005;0.032;0.01;0.02
2443;-0.002;0;-0.007;0;-0.005;0;0;0.005;0.027;0.015;0.01;0.034;0.005;0.024
2444;-0.002;-0.002;-0.007;0.002;-0.002;-0.002;0;0.005;0.024;0.015;0.01;0.032;0.015;0.024
2445;-0.005;0;-0.002;0.002;-0.002;-0.002;0;0.005;0.02;0.015;0.007;0.029;0.01;0.02
2446;-0.005;-0.002;-0.007;0.005;-0.005;-0.002;0;0.002;0.024;0.015;0.007;0.032;0.012;0.024
2447;-0.002;0;-0.007;0.002;-0.002;-0.002;0.002;0.005;0.027;0.017;0.012;0.034;0.005;0.024
2448;-0.002;0;-0.007;0.005;-0.005;-0.002;0;0.007;0.024;0.015;0.007;0.034;0.015;0.024
2449;-0.002;-0.005;-0.007;0.002;-0.002;-0.002;0;0.005;0.022;0.012;0.005;0.032;0.007;0.022
2450;-0.005;0;-0.005;0.005;-0.005;-0.002;0;0.005;0.027;0.015;0.01;0.034;0.017;0.024
2451;-0.005;0;-0.007;0.005;-0.002;-0.002;0;0.007;0.024;0.015;0.007;0.032;0.01;0.022
2452;-0.005;-0.002;-0.01;0.002;-0.005;-0.007;0.002;0.005;0.022;0.012;0.01;0.037;0.012;0.024
2453;-0.002;-0.002;-0.005;0.005;-0.002;-0.002;0;0.005;0.022;0.015;0.007;0.032;0.012;0.024
2454;-0.005;0;-0.01;0;-0.002;-0.005;0;0.005;0.027;0.015;0.01;0.034;0.01;0.022
2455;-0.005;0;-0.002;0.002;-0.002;-0.002;0;0.005;0.024;0.015;0.007;0.034;0.007;0.02
2456;-0.005;-0.002;-0.007;0.002;-0.005;-0.002;0;0.005;0.027;0.015;0.007;0.032;0.012;0.022
2457;-0.005;-0.005;-0.002;0.002;-0.002;-0.005;0;0.005;0.022;0.012;0.007;0.032;0.015;0.024
2458;-0.002;-0.002;-0.005;0.002;-0.005;-0.002;0.002;0.007;0.02;0.012;0.007;0.034;0.005;0.02
2459;-0.005;-0.002;-0.007;0.002;-0.005;-0.002;0;0.005;0.024;0.015;0.007;0.032;0.007;0.02
2460;-0.005;-0.005;-0.007;0.002;-0.005;-0.002;-0.002;0.005;0.022;0.015;0.007;0.032;0.005;0.017
2461;-0.005;-0.002;-0.005;0.002;-0.005;-0.005;0;0.005;0.024;0.012;0.01;0.034;0.01;0.022
2462;-0.002;-0.002;-0.007;0;-0.002;-0.005;-0.002;0.005;0.022;0.012;0.007;0.032;0.012;0.02
2463;-0.002;-0.002;-0.01;0.002;-0.007;-0.002;0;0.005;0.027;0.015;0.015;0.039;0.01;0.027
2464;-0.005;-0.005;-0.005;0.002;-0.005;-0.002;0;0.005;0.02;0.01;0.005;0.027;0.007;0.017
2465;-0.002;0.002;-0.01;0.002;-0.005;-0.002;0;0.005;0.027;0.015;0.012;0.039;0.012;0.027
2466;-0.007;-0.002;0;0.002;-0.005;-0.002;-0.002;0.005;0.022;0.01;0.007;0.032;0.01;0.02
2467;-0.005;-0.002;-0.007;0.002;-0.002;-0.002;0;0.007;0.022;0.015;0.007;0.034;0.01;0.022
2468;-0.002;-0.002;-0.007;0.002;-0.005;-0.002;0.002;0.002;0.022;0.01;0.005;0.034;0.017;0.022
2469;-0.005;0;-0.01;0.002;-0.002;-0.002;0.002;0.005;0.027;0.015;0.012;0.039;0.015;0.027
2470;-0.002;-0.002;-0.002;0.002;-0.002;0;0.005;0.007;0.02;0.012;0.002;0.029;0.007;0.017
2471;-0.002;-0.002;-0.005;0.005;-0.005;-0.002;0;0.005;0.022;0.015;0.007;0.034;0.007;0.017
2472;-0.005;-0.002;-0.007;0.002;-0.005;-0.002;0;0.005;0.024;0.015;0.007;0.032;0.017;0.024
2473;-0.005;-0.002;-0.007;0.005;-0.005;-0.002;0;0.002;0.022;0.01;0.005;0.032;0.005;0.012
2474;-0.005;0;-0.007;0.002;-0.005;-0.002;0;0.005;0.024;0.012;0.01;0.034;0.012;0.024
2475;-0.002;-0.002;-0.005;0.005;-0.005;-0.002;0;0.002;0.022;0.012;0.007;0.037;0.012;0.022
2476;-0.005;-0.002;-0.005;0.002;-0.002;-0.002;0;0.002;0.024;0.012;0.007;0.034;0.01;0.02
2477;-0.002;-0.002;-0.005;0.005;-0.005;-0.002;0;0.005;0.024;0.015;0.005;0.032;0.012;0.024
2478;-0.002;0;-0.005;0.002;-0.005;0;0;0.007;0.022;0.012;0.007;0.037;0.005;0.02
2479;-0.002;0;-0.005;0.002;-0.005;-0.002;0;0.005;0.02;0.012;0.007;0.034;0.015;0.02
2480;-0.005;-0.002;-0.007;0.002;-0.005;-0.005;0;0.005;0.022;0.012;0.007;0.034;0.01;0.02
2481;-0.005;-0.002;-0.005;0.005;-0.005;-0.002;0.002;0.005;0.022;0.015;0.002;0.029;0.015;0.02
2482;-0.002;-0.002;-0.007;0;-0.005;0;-0.002;0.005;0.027;0.015;0.01;0.037;0.012;0.022
2483;-0.002;-0.002;-0.005;0.005;-0.002;-0.005;-0.002;0.007;0.022;0.015;0.007;0.032;0.007;0.017
2484;-0.002;0;-0.005;0.002;-0.005;-0.002;0;0.005;0.024;0.015;0.007;0.034;0.01;0.02
2485;-0.005;0;-0.005;0.002;-0.002;0;0;0.005;0.024;0.01;0.007;0.034;0.012;0.024
2486;-0.002;0;-0.007;0.002;-0.002;-0.002;0;0.005;0.024;0.015;0.01;0.039;0.01;0.022
2487;-0.002;-0.002;0;0.005;-0.002;-0.002;0.002;0.005;0.022;0.01;0.005;0.029;0.015;0.017
2488;-0.005;0;0;0.005;-0.002;-0.002;0;0.005;0.02;0.012;0.005;0.032;0.01;0.017
2489;-0.002;0.002;-0.007;0.005;-0.005;-0.002;0.002;0.005;0.024;0.012;0.01;0.039;0.012;0.02
2490;-0.002;0;-0.007;0.005;-0.005;-0.002;0.002;0.007;0.022;0.012;0.007;0.034;0.012;0.02
2491;-0.002;0;-0.005;0.005;-0.005;-0.005;0;0.002;0.022;0.012;0.007;0.034;0.017;0.022
2492;-0.005;0.002;-0.005;0.005;-0.002;-0.002;0.002;0.005;0.02;0.015;0.007;0.034;0.002;0.017
2493;-0.002;0;-0.005;0.005;-0.005;0;0;0.007;0.022;0.012;0.007;0.034;0.01;0.022
2494;-0.002;-0.002;-0.007;0.005;-0.005;-0.002;0.002;0.005;0.022;0.015;0.007;0.034;0.01;0.022
2495;0;0;-0.007;0.005;-0.005;-0.002;0;0.002;0.022;0.015;0.007;0.034;0.01;0.022
2496;-0.002;-0.002;-0.002;0.005;-0.005;-0.005;0;0.002;0.022;0.012;0.005;0.029;0.012;0.02
2497;0;0;-0.007;0.005;-0.002;-0.005;0;0.005;0.022;0.012;0.007;0.037;0.007;0.022
2498;-0.005;-0.002;-0.005;0.005;-0.005;-0.002;0;0.005;0.022;0.012;0.007;0.034;0.017;0.024
2499;-0.002;0;0;0.002;-0.002;-0.005;0;0.007;0.024;0.012;0.007;0.032;0.005;0.017
2500;-0.002;-0.002;-0.005;0.002;-0.002;-0.002;0.002;0.005;0.022;0.01;0.007;0.034;0.02;0.027
2501;-0.002;0;-0.002;0.005;-0.005;-0.005;0;0.005;0.024;0.012;0.01;0.034;0.002;0.017
2502;-0.002;0.002;-0.005;0.005;-0.005;-0.005;-0.002;0.005;0.029;0.02;0.012;0.037;0.024;0.029
2503;-0.002;0.002;-0.007;0.002;-0.005;-0.005;0;0.002;0.022;0.012;0.007;0.034;0;0.017
2504;-0.002;0;-0.005;0.005;-0.002;-0.002;0;0.005;0.022;0.01;0.005;0.032;0.015;0.024
2505;0;0;-0.007;0;-0.005;-0.005;0;0.005;0.027;0.017;0.012;0.037;0.015;0.027
2506;-0.002;0;-0.005;0.002;-0.002;-0.002;0;0.002;0.022;0.01;0.002;0.027;0.012;0.017
2507;-0.002;-0.002;-0.005;0.002;-0.002;-0.005;0.002;0.007;0.022;0.012;0.01;0.034;0.01;0.022
2508;-0.002;0;-0.007;0.005;-0.005;-0.005;0;0.002;0.024;0.012;0.01;0.032;0.022;0.029
2509;-0.002;-0.002;-0.007;0.002;-0.005;-0.002;0.002;0.005;0.024;0.012;0.01;0.034;0.007;0.02
2510;-0.002;-0.002;-0.005;0.002;-0.005;-0.002;0;0.005;0.022;0.015;0.007;0.032;0.007;0.022
2511;-0.002;-0.002;-0.007;0.002;-0.005;-0.002;0;0.005;0.022;0.012;0.005;0.032;0.015;0.024
2512;-0.002;-0.002;-0.007;0.002;-0.005;-0.002;0.002;0.007;0.022;0.012;0.007;0.032;0.005;0.02
2513;-0.002;0;-0.002;0.005;-0.005;-0.002;0;0.005;0.024;0.015;0.01;0.034;0.01;0.022
2514;-0.005;-0.002;-0.007;0.005;-0.002;-0.002;0;0.005;0.024;0.012;0.01;0.034;0.012;0.02
2515;-0.002;-0.002;-0.01;0.002;-0.005;-0.005;-0.002;0.002;0.027;0.012;0.01;0.034;0.012;0.024
2516;-0.002;-0.002;-0.005;0.005;-0.005;-0.002;0;0.005;0.022;0.012;0.005;0.032;0.012;0.022
2517;-0.002;0;-0.007;0.002;-0.002;-0.002;0.002;0.002;0.024;0.012;0.005;0.032;0.007;0.022
2518;-0.002;-0.002;-0.007;0;-0.005;-0.002;0;0.002;0.024;0.017;0.012;0.039;0.012;0.024
2519;-0.005;-0.002;-0.005;0.002;-0.005;-0.002;0.002;0.005;0.02;0.01;0.005;0.027;0.007;0.017
2520;-0.005;-0.002;-0.007;0.002;-0.005;-0.002;0;0.002;0.022;0.012;0.007;0.034;0.017;0.022
2521;-0.002;-0.002;-0.007;0.005;-0.007;-0.002;0;0.002;0.024;0.01;0.007;0.032;0.007;0.02
2522;-0.002;-0.002;-0.005;0.005;-0.005;-0.005;0;0.002;0.022;0.01;0.002;0.032;0.012;0.02
2523;-0.005;-0.002;-0.01;0;-0.002;-0.005;0;0.005;0.02;0.012;0.005;0.032;0.012;0.02
2524;-0.005;-0.002;-0.005;0.002;-0.002;-0.002;0;0.005;0.024;0.012;0.007;0.034;0.012;0.022
2525;-0.002;0;-0.005;0;-0.002;-0.002;0.002;0.007;0.022;0.015;0.007;0.032;0.012;0.022
2526;-0.002;-0.002;-0.007;0;-0.005;-0.002;-0.002;0.005;0.022;0.015;0.007;0.032;0.012;0.022
2527;-0.005;-0.002;-0.01;0.002;-0.005;-0.002;0.002;0.005;0.022;0.015;0.01;0.032;0.007;0.022
2528;-0.002;0;-0.007;0.005;-0.002;0;0;0.005;0.024;0.012;0.007;0.034;0.015;0.022
2529;-0.002;0;-0.01;0.005;-0.002;-0.002;-0.002;0.005;0.027;0.02;0.01;0.037;0.01;0.024
2530;-0.005;-0.002;-0.002;0.005;-0.005;-0.002;0;0.002;0.022;0.01;0.002;0.029;0.012;0.017
2531;-0.002;-0.005;-0.002;0.002;-0.002;-0.005;-0.002;0.005;0.02;0.007;0.005;0.029;0.015;0.02
2532;-0.002;0;-0.007;0.002;-0.005;-0.002;0.002;0.005;0.029;0.017;0.012;0.042;0.015;0.027
2533;-0.002;-0.002;-0.002;0.005;-0.005;-0.005;0;0.005;0.02;0.01;0.002;0.029;0.005;0.012
2534;-0.002;0;-0.007;0.002;-0.002;-0.002;0;0.007;0.027;0.017;0.012;0.039;0.012;0.027
2535;-0.002;-0.002;-0.005;0.005;-0.002;0;0.002;0.005;0.02;0.012;0.005;0.029;0.015;0.022
2536;-0.002;-0.002;-0.005;0.005;-0.002;-0.002;0;0.005;0.02;0.012;0.01;0.032;0.005;0.017
2537;0;-0.002;-0.007;0.002;-0.002;-0.005;0.002;0.005;0.024;0.015;0.01;0.037;0.02;0.027
2538;-0.002;0;-0.002;0.005;-0.005;-0.005;0;0.005;0.02;0.012;0.005;0.029;0.007;0.017
2539;0;0;-0.007;0.005;-0.002;-0.002;0.002;0.007;0.024;0.012;0.007;0.037;0.012;0.022
2540;-0.002;0;-0.005;0.005;-0.005;-0.002;0;0.005;0.024;0.012;0.007;0.029;0.012;0.02
2541;-0.002;0;-0.002;0.005;-0.002;-0.002;0.002;0.005;0.022;0.012;0.007;0.032;0.012;0.022
2542;-0.002;0;-0.002;0.002;-0.002;-0.005;-0.002;0.007;0.022;0.015;0.007;0.034;0.017;0.027
2543;-0.002;0;-0.005;0.002;-0.005;-0.005;0;0.002;0.022;0.012;0.005;0.032;0.005;0.02
2544;-0.002;0;-0.007;0.005;-0.005;-0.005;0;0.005;0.024;0.012;0.007;0.034;0.007;0.022
2545;-0.002;0;-0.01;0.002;-0.002;-0.002;0;0.002;0.027;0.015;0.01;0.037;0.01;0.024
2546;-0.002;0;0;0.002;-0.002;-0.002;0;0.002;0.02;0.01;0.005;0.029;0.012;0.017
2547;-0.005;0;-0.005;0.005;-0.005;-0.002;0;0.005;0.022;0.015;0.007;0.032;0.01;0.02
2548;-0.002;0;-0.005;0.002;-0.005;-0.005;0;0.005;0.022;0.012;0.007;0.034;0.012;0.02
2549;-0.005;0;-0.005;0.005;-0.005;-0.002;0;0.005;0.022;0.012;0.01;0.034;0.017;0.022
2550;-0.002;0;-0.005;0.005;-0.005;-0.002;0;0.005;0.022;0.012;0.005;0.034;0.005;0.02
2551;-0.002;0;-0.01;0.005;-0.005;-0.002;0;0.005;0.022;0.012;0.007;0.032;0.01;0.022
2552;-0.002;0;-0.005;0.002;-0.005;-0.002;0;0.005;0.024;0.012;0.007;0.034;0.01;0.02
2553;-0.002;0;-0.005;0.007;-0.002;-0.002;0;0.005;0.022;0.015;0.01;0.034;0.007;0.02
2554;-0.002;0;-0.002;0.002;-0.002;0;0;0.005;0.022;0.01;0.007;0.032;0.01;0.022
2555;0;-0.002;-0.005;0.005;-0.002;-0.002;0;0.005;0.022;0.01;0.007;0.032;0.01;0.017
2556;-0.002;0;-0.005;0.005;-0.005;-0.002;0;0.005;0.022;0.012;0.005;0.034;0.01;0.022
2557;-0.005;0;0;0.002;-0.002;-0.005;0.002;0.005;0.02;0.012;0.005;0.032;0.01;0.02
2558;0;0.002;-0.005;0.005;-0.005;0;0.002;0.005;0.027;0.017;0.012;0.039;0.012;0.022
2559;-0.002;0;-0.005;0.005;-0.005;-0.005;-0.002;0.005;0.022;0.015;0.01;0.032;0.007;0.02
2560;-0.002;-0.002;-0.005;0.007;-0.005;-0.002;0;0.002;0.022;0.012;0.007;0.034;0.017;0.022
2561;-0.002;0;-0.002;0.002;-0.005;-0.002;0.002;0.002;0.017;0.01;0.002;0.032;0.01;0.017
2562;0;0;-0.01;0.002;-0.002;0;0.002;0.007;0.027;0.017;0.012;0.039;0.007;0.024
2563;-0.002;0;-0.002;0.005;-0.005;-0.002;-0.002;0.005;0.02;0.012;0.005;0.029;0.005;0.012
2564;0;-0.002;-0.007;0.005;-0.005;-0.002;0;0.005;0.022;0.012;0.007;0.034;0.012;0.015
2565;-0.002;-0.002;-0.002;0.005;-0.005;-0.002;0.002;0.005;0.022;0.015;0.007;0.034;0.017;0.024
2566;0;0.005;-0.01;0.005;-0.005;-0.002;0;0.005;0.029;0.017;0.012;0.039;0.007;0.02
2567;-0.002;0;-0.002;0.002;-0.005;-0.005;0;0.007;0.022;0.012;0.005;0.029;0.01;0.017
2568;-0.002;-0.002;-0.007;0.005;-0.005;-0.002;-0.002;0.005;0.022;0.015;0.007;0.034;0.007;0.02
2569;-0.002;-0.002;-0.005;0.005;-0.002;-0.002;0.002;0.005;0.022;0.012;0.007;0.034;0.02;0.022
2570;-0.002;-0.002;-0.007;0.002;-0.005;-0.002;0;0.005;0.02;0.01;0.005;0.034;0.005;0.02
2571;-0.002;0;-0.01;0.002;-0.007;-0.002;0;0.007;0.024;0.015;0.01;0.037;0.01;0.024
2572;-0.005;-0.002;-0.005;0.005;-0.002;-0.005;0.002;0.005;0.022;0.015;0.005;0.029;0.007;0.017
2573;-0.002;-0.002;-0.002;0.005;-0.002;-0.005;0;0.007;0.022;0.015;0.007;0.032;0.01;0.02
2574;-0.002;0;-0.007;0.002;-0.002;-0.002;0;0.005;0.022;0.012;0.007;0.034;0.015;0.022
2575;-0.002;0;-0.007;0.002;-0.005;-0.002;0.002;0.005;0.024;0.015;0.007;0.034;0.005;0.02
2576;-0.002;-0.002;-0.002;0.002;-0.007;-0.002;0;0.005;0.022;0.012;0.01;0.034;0.01;0.022
2577;-0.005;0;-0.007;0.002;-0.002;0;0;0.005;0.022;0.015;0.01;0.034;0.017;0.024
2578;-0.002;0;-0.007;0.002;-0.005;0;0.002;0.005;0.024;0.015;0.007;0.032;0.002;0.015
2579;-0.002;0;-0.005;0.005;-0.007;-0.002;0;0.002;0.022;0.012;0.007;0.029;0.005;0.017
2580;-0.002;0;0;0.002;-0.002;0;0.002;0.007;0.022;0.012;0.007;0.032;0.017;0.024
2581;-0.005;-0.002;-0.007;0.002;-0.002;-0.002;0;0.002;0.024;0.012;0.007;0.032;0.01;0.022
2582;-0.002;0;-0.01;0.002;-0.005;-0.002;0;0.002;0.027;0.015;0.01;0.032;0.01;0.024
2583;-0.002;0;-0.002;0.005;-0.002;-0.002;0;0.005;0.022;0.015;0.005;0.029;0.015;0.022
2584;-0.002;0;-0.01;0.002;-0.002;-0.002;0;0.005;0.024;0.015;0.01;0.037;0;0.017
2585;-0.002;0;-0.007;0.005;-0.005;-0.002;0;0.005;0.024;0.015;0.007;0.032;0.017;0.022
2586;-0.002;-0.002;-0.002;0.005;-0.002;-0.002;0.002;0.005;0.022;0.015;0.01;0.034;0.005;0.02
2587;-0.002;0;-0.005;0.002;-0.005;-0.002;0;0.005;0.024;0.015;0.01;0.034;0.012;0.024
2588;-0.002;0;-0.007;0;-0.005;0;0;0.005;0.022;0.015;0.007;0.034;0.007;0.022
2589;-0.002;-0.002;-0.007;0.002;-0.005;-0.002;0.002;0.005;0.024;0.012;0.007;0.032;0.005;0.02
2590;-0.002;0;-0.005;0.005;-0.005;-0.002;0;0.005;0.022;0.01;0.007;0.029;0.015;0.022
2591;-0.002;-0.002;-0.002;0.002;-0.002;-0.002;0;0.005;0.02;0.01;0.005;0.029;0.012;0.024
2592;0;0;-0.007;0.002;-0.007;0;-0.002;0.007;0.027;0.015;0.012;0.034;0.007;0.022
2593;-0.002;0;-0.005;0.002;-0.007;-0.005;0;0.005;0.022;0.015;0.007;0.032;0.015;0.024
2594;-0.002;-0.002;-0.002;0.002;-0.005;-0.002;0;0.005;0.022;0.015;0.007;0.032;0.002;0.02
2595;-0.002;-0.002;-0.007;0.002;-0.002;-0.002;0.002;0.007;0.024;0.015;0.01;0.034;0.022;0.029
2596;-0.002;-0.002;-0.005;0.002;-0.005;-0.002;0;0.005;0.022;0.01;0.005;0.029;0.005;0.02
2597;-0.002;0.002;-0.005;0.002;-0.005;-0.002;0.002;0.005;0.022;0.015;0.007;0.034;0.002;0.017
2598;-0.002;-0.002;-0.005;0.002;-0.002;0;0;0.005;0.022;0.015;0.007;0.034;0.01;0.022
2599;-0.005;-0.002;0;0.002;-0.005;-0.002;0;0.007;0.024;0.012;0.007;0.034;0.01;0.02
2600;-0.002;0;-0.002;0.005;-0.005;-0.002;0;0.002;0.024;0.015;0.007;0.032;0.017;0.027
2601;-0.002;0;-0.005;0.005;-0.005;-0.005;0;0.007;0.022;0.012;0.005;0.032;0.005;0.017
2602;-0.002;0;-0.007;0.002;-0.005;-0.002;0;0.005;0.022;0.012;0.007;0.034;0.017;0.027
2603;-0.002;-0.002;-0.005;0.005;-0.002;0;0;0.002;0.024;0.015;0.01;0.034;0.007;0.02
2604;-0.005;0;-0.007;0.002;-0.005;-0.002;0;0.007;0.024;0.012;0.01;0.037;0.01;0.022
2605;-0.002;0;-0.007;0.005;-0.005;-0.005;0.002;0.002;0.024;0.015;0.007;0.034;0.01;0.022
2606;-0.002;0;-0.002;0.007;-0.005;-0.002;0.002;0.007;0.02;0.01;0.005;0.029;0.007;0.017
2607;-0.002;0;-0.007;0.002;-0.002;0;0;0.005;0.027;0.012;0.01;0.037;0.015;0.027
2608;-0.002;-0.002;-0.005;0.005;-0.002;-0.002;0.002;0.005;0.022;0.012;0.01;0.032;0.012;0.022
2609;-0.002;0;-0.005;0.002;-0.007;-0.005;0;0.002;0.024;0.017;0.007;0.032;0.007;0.017
2610;-0.002;-0.002;-0.002;0.005;-0.002;-0.002;0;0.005;0.02;0.012;0.002;0.027;0.007;0.022
2611;0;0.005;-0.005;0.002;-0.005;-0.005;-0.002;0.005;0.022;0.015;0.007;0.037;0.007;0.02
2612;-0.002;-0.002;-0.005;0.007;-0.002;-0.002;0;0.002;0.024;0.017;0.01;0.032;0.015;0.022
2613;-0.002;0;-0.007;0.005;-0.002;-0.005;0.002;0.002;0.022;0.015;0.007;0.034;0.005;0.017
2614;0;0.002;-0.005;0.005;-0.005;-0.002;0;0.005;0.02;0.01;0.007;0.032;0.017;0.024
2615;-0.005;0;-0.002;0.002;-0.002;-0.005;0;0.005;0.02;0.007;0.005;0.032;0;0.012
2616;-0.002;0;-0.005;0.002;-0.005;-0.002;0;0.005;0.022;0.015;0.005;0.034;0.017;0.024
2617;-0.005;0;-0.01;0.005;-0.002;-0.007;0;0.005;0.02;0.012;0.005;0.032;0.012;0.02
2618;-0.005;0;-0.007;0.005;-0.002;-0.002;0;0.002;0.022;0.012;0.007;0.034;0.007;0.017
2619;0;0.002;-0.007;0.005;-0.002;-0.005;0;0.005;0.024;0.015;0.007;0.037;0.012;0.02
2620;-0.002;0;-0.007;0.005;-0.002;-0.005;0.002;0.005;0.022;0.015;0.007;0.034;0.01;0.02
2621;-0.002;0;-0.007;0.005;0;-0.002;0;0.005;0.024;0.015;0.007;0.034;0.007;0.02
2622;-0.002;-0.002;-0.005;0.002;-0.002;-0.005;0;0.005;0.024;0.015;0.007;0.034;0.012;0.022
2623;-0.002;0;-0.005;0.005;-0.002;-0.002;0;0.005;0.024;0.015;0.007;0.037;0.005;0.02
2624;-0.002;0;-0.005;0.005;-0.002;-0.002;0;0.005;0.02;0.012;0.005;0.029;0.01;0.02
2625;-0.002;0;-0.007;0;-0.002;-0.005;0;0.005;0.024;0.015;0.007;0.034;0.005;0.02
2626;-0.002;0;-0.005;0.005;-0.002;-0.005;0;0.005;0.024;0.012;0.007;0.034;0.015;0.022
2627;-0.005;0;-0.005;0.005;-0.002;-0.002;0;0.005;0.024;0.015;0.01;0.037;0.01;0.02
2628;-0.002;-0.002;-0.007;0.005;-0.005;-0.005;0;0.007;0.022;0.01;0.005;0.032;0.01;0.022
2629;0;-0.002;-0.005;0.005;-0.005;-0.002;0;0.007;0.024;0.015;0.01;0.032;0.007;0.02
2630;-0.002;-0.002;-0.007;0.002;-0.005;-0.002;0;0.005;0.022;0.012;0.007;0.034;0.012;0.024
2631;0;0;-0.007;0.005;-0.005;-0.002;0;0.002;0.024;0.015;0.007;0.034;0.002;0.02
2632;-0.002;0;-0.007;0.002;-0.005;-0.005;0.002;0.005;0.024;0.015;0.005;0.034;0.015;0.024
2633;-0.002;-0.002;-0.007;0.005;-0.005;-0.002;0;0.005;0.027;0.015;0.01;0.032;0.005;0.02
2634;-0.002;0;-0.007;0.005;-0.005;-0.005;0;0.005;0.027;0.015;0.007;0.034;0.02;0.024
2635;-0.007;-0.005;-0.007;0.002;-0.005;-0.002;0;0.005;0.027;0.015;0.007;0.037;0.007;0.017
2636;-0.005;-0.002;-0.002;0.002;-0.005;-0.002;0;0.005;0.024;0.015;0.01;0.032;0.007;0.022
2637;-0.002;-0.002;-0.005;0;-0.005;-0.002;0;0.005;0.024;0.012;0.007;0.032;0.012;0.022
2638;-0.002;-0.002;-0.007;0;-0.002;-0.002;0.002;0.005;0.022;0.012;0.007;0.034;0.007;0.02
2639;-0.005;-0.002;-0.005;0.002;-0.005;-0.002;0.002;0.002;0.024;0.015;0.007;0.034;0.01;0.02
2640;-0.002;-0.002;-0.007;0.002;-0.005;-0.002;0.002;0.005;0.024;0.012;0.007;0.034;0.012;0.022
2641;-0.005;0;-0.01;0.002;-0.005;-0.002;0;0.002;0.024;0.015;0.01;0.034;0.01;0.022
2642;-0.005;-0.002;-0.002;0;-0.005;-0.002;0;0.005;0.024;0.012;0.007;0.032;0.012;0.022
2643;-0.002;-0.002;-0.007;0.007;-0.005;-0.002;0;0.005;0.027;0.012;0.005;0.034;0.012;0.022
2644;-0.005;-0.002;-0.005;0.005;-0.002;0;0;0.002;0.027;0.015;0.01;0.032;0.015;0.022
2645;-0.005;-0.002;-0.005;0.005;-0.005;-0.005;0.002;0.005;0.024;0.015;0.01;0.034;0.007;0.022
2646;-0.002;-0.002;-0.005;0.002;-0.005;-0.005;0;0.005;0.022;0.015;0.01;0.032;0.007;0.022
2647;-0.002;-0.002;-0.005;0.002;-0.005;-0.002;0.002;0.005;0.022;0.012;0.007;0.029;0.01;0.02
2648;-0.002;0;-0.005;0.002;-0.007;-0.002;0;0.005;0.027;0.017;0.01;0.034;0.01;0.024
2649;-0.002;-0.002;-0.005;0.002;-0.005;-0.002;-0.002;0.005;0.024;0.012;0.01;0.032;0.007;0.022
2650;-0.002;-0.002;-0.007;0;-0.005;-0.005;0;0.005;0.027;0.015;0.007;0.034;0.007;0.022
2651;-0.002;-0.005;-0.01;0.002;-0.005;0;0;0.007;0.022;0.012;0.007;0.032;0.012;0.022
2652;-0.005;0;-0.007;0;-0.002;-0.002;0;0.005;0.027;0.015;0.012;0.037;0.005;0.022
2653;-0.002;-0.002;-0.002;0.005;-0.005;-0.005;0.002;0.002;0.022;0.01;0.005;0.027;0.012;0.02
2654;-0.002;-0.002;0;0.002;-0.005;-0.002;0;0.005;0.022;0.012;0.007;0.032;0.01;0.017
2655;-0.002;-0.002;-0.007;0.002;-0.005;-0.002;0;0.005;0.027;0.015;0.01;0.037;0.015;0.027
2656;-0.002;0;-0.002;0.002;-0.002;-0.002;0;0.005;0.027;0.015;0.007;0.032;0.002;0.017
2657;0;-0.002;-0.007;0;-0.005;-0.002;0.002;0.005;0.024;0.015;0.007;0.032;0.02;0.029
2658;0;0;-0.005;0;-0.002;-0.002;0;0.005;0.027;0.017;0.01;0.037;0.002;0.02
2659;-0.002;-0.002;-0.007;0.007;-0.005;-0.005;0.002;0.005;0.027;0.015;0.007;0.032;0.015;0.024
2660;-0.002;-0.002;-0.002;0.002;-0.002;-0.005;0;0.007;0.022;0.015;0.007;0.032;0.01;0.022
2661;-0.002;-0.002;-0.005;0.002;-0.002;-0.002;0.002;0.005;0.022;0.012;0.007;0.032;0.015;0.024
2662;-0.002;0;-0.005;0.002;-0.005;-0.002;0;0.002;0.024;0.012;0.007;0.032;0;0.017
2663;-0.002;0;-0.005;0.002;-0.005;-0.002;0;0.005;0.022;0.012;0.007;0.034;0.01;0.02
2664;-0.002;-0.002;-0.007;0.005;-0.002;-0.002;0;0.002;0.02;0.01;0.007;0.032;0.012;0.022
2665;-0.002;0;-0.005;0.005;-0.002;-0.005;0;0.007;0.024;0.015;0.01;0.032;0.015;0.022
2666;0;0;-0.005;0.005;-0.002;-0.005;0;0.005;0.024;0.015;0.007;0.034;0.01;0.022
2667;0;0;-0.005;0.005;-0.002;-0.005;0;0.005;0.022;0.01;0.005;0.032;0.007;0.02
2668;-0.002;0.002;-0.005;0.007;-0.005;-0.002;0;0.005;0.024;0.015;0.007;0.034;0.015;0.024
2669;-0.002;-0.002;-0.007;0.005;-0.005;0;0.002;0.005;0.024;0.012;0.007;0.034;0.012;0.022
2670;-0.002;0;-0.002;0.005;-0.005;-0.002;0;0.005;0.024;0.012;0.007;0.032;0.01;0.022
2671;-0.002;0;-0.005;0.005;-0.005;-0.002;0;0.002;0.027;0.015;0.007;0.034;0.005;0.02
2672;-0.002;0;-0.005;0.002;-0.007;-0.002;0;0.007;0.02;0.01;0.005;0.029;0.005;0.02
2673;0;0;-0.005;0.005;-0.002;-0.002;0.002;0.005;0.024;0.015;0.01;0.034;0.015;0.024
2674;0;0;-0.005;0.005;-0.005;-0.005;0.002;0.005;0.024;0.015;0.012;0.034;0.007;0.022
2675;-0.002;0.002;-0.005;0.007;-0.005;-0.002;0;0.005;0.024;0.017;0.01;0.032;0.007;0.022
2676;-0.002;-0.002;-0.005;0.002;-0.005;-0.002;0.002;0.005;0.022;0.015;0.005;0.032;0.015;0.024
2677;0;-0.002;-0.002;0.002;-0.005;-0.002;-0.002;0.005;0.022;0.012;0.007;0.029;0.01;0.02
2678;-0.002;0;-0.005;0.005;-0.007;-0.005;0.002;0.002;0.024;0.015;0.007;0.034;0.007;0.017
2679;-0.005;0;-0.007;0.005;-0.002;-0.002;0.002;0.005;0.022;0.012;0.01;0.034;0.007;0.02
2680;0;0.002;-0.007;0.005;-0.002;-0.002;0;0.005;0.024;0.015;0.01;0.034;0.015;0.029
2681;0;0;-0.002;0.005;-0.002;-0.002;-0.002;0.007;0.02;0.012;0.005;0.027;0.01;0.017
2682;-0.002;0.002;-0.005;0.002;-0.002;-0.002;0;0.005;0.022;0.012;0.007;0.032;0.012;0.024
2683;0;0;-0.005;0.007;-0.002;-0.002;0;0.005;0.022;0.015;0.01;0.034;0.012;0.022
2684;0;0;-0.007;0.005;-0.002;-0.002;0.002;0.005;0.027;0.015;0.012;0.039;0.01;0.024
2685;-0.002;-0.002;-0.002;0.005;-0.002;-0.002;-0.002;0.005;0.022;0.01;0.002;0.029;0.005;0.017
2686;0;0;-0.005;0.005;-0.002;-0.005;0;0.005;0.02;0.01;0.005;0.032;0.012;0.022
2687;-0.002;0;-0.005;0.005;-0.005;-0.005;0.002;0.005;0.024;0.015;0.005;0.034;0.012;0.022
2688;0;0;-0.007;0.005;-0.005;-0.002;0.002;0.005;0.027;0.017;0.012;0.037;0.002;0.022
2689;-0.002;-0.002;-0.002;0.002;-0.005;-0.005;0;0.005;0.02;0.01;0;0.027;0.02;0.022
2690;0;0;-0.007;0.005;-0.002;-0.005;0.002;0.005;0.024;0.012;0.007;0.034;0.007;0.02
2691;-0.002;-0.002;-0.005;0.005;-0.005;0;0;0.005;0.022;0.015;0.01;0.034;0.012;0.027
2692;-0.005;0.002;-0.007;0.007;-0.005;-0.002;0.002;0.005;0.024;0.015;0.007;0.034;0.002;0.015
2693;-0.002;0;-0.005;0.002;-0.005;-0.005;0;0.002;0.024;0.015;0.01;0.032;0.015;0.024
2694;-0.005;0.002;-0.002;0.005;-0.002;-0.002;0;0.005;0.022;0.012;0.007;0.029;0.005;0.015
2695;-0.002;0;-0.007;0.002;-0.005;-0.002;0;0.005;0.029;0.017;0.012;0.039;0.012;0.024
2696;-0.002;-0.002;-0.007;0.002;-0.005;0;-0.002;0.002;0.024;0.015;0.007;0.027;0.01;0.022
2697;-0.002;-0.002;-0.005;0.005;-0.005;-0.002;-0.002;0.005;0.024;0.012;0.007;0.032;0.007;0.022
2698;-0.002;0;-0.005;0.002;-0.005;-0.002;0;0.002;0.022;0.015;0.005;0.032;0.01;0.022
2699;-0.002;-0.002;-0.007;0.002;-0.002;0;0;0.005;0.027;0.017;0.007;0.034;0.005;0.022
2700;-0.002;0;-0.01;0.002;-0.005;-0.002;0;0.005;0.027;0.015;0.007;0.032;0.01;0.022
2701;-0.002;-0.002;0;0.007;-0.005;-0.002;0;0.002;0.02;0.015;0.007;0.032;0.017;0.022
2702;-0.005;0;-0.005;0.002;-0.005;-0.005;0.002;0.002;0.022;0.012;0.007;0.032;0.005;0.02
2703;-0.002;-0.002;-0.007;0.002;-0.005;-0.005;-0.002;0.005;0.027;0.017;0.01;0.034;0.015;0.027
2704;-0.005;0;-0.007;0.002;-0.005;-0.002;0;0.005;0.024;0.012;0.007;0.034;0.01;0.022
2705;-0.005;-0.002;-0.01;0.002;-0.002;-0.002;0;0.005;0.02;0.01;0.005;0.027;0.01;0.024
2706;-0.002;0.002;-0.01;0.002;-0.005;-0.005;0.002;0.007;0.029;0.017;0.012;0.037;0.007;0.024
2707;-0.005;-0.002;0;0.005;-0.002;-0.005;0;0.007;0.022;0.01;0.005;0.029;0.012;0.017
2708;0;-0.002;-0.005;0.005;-0.005;-0.005;0;0.005;0.022;0.015;0.007;0.034;0.007;0.02
2709;-0.002;-0.002;-0.005;0.005;-0.002;-0.002;0;0.005;0.022;0.015;0.007;0.034;0.012;0.027
2710;-0.002;0;-0.01;0.002;-0.005;-0.005;0;0.005;0.024;0.015;0.01;0.034;0.015;0.022
2711;-0.002;-0.002;-0.007;0.002;-0.005;-0.005;0;0.005;0.022;0.015;0.007;0.032;0.007;0.02
2712;0;0;-0.007;0.002;-0.007;-0.002;0;0.005;0.022;0.015;0.01;0.032;0.005;0.017
2713;-0.002;0;-0.005;0.002;-0.002;-0.005;0;0.007;0.022;0.015;0.007;0.032;0.015;0.022
2714;-0.002;-0.002;-0.005;0.002;-0.002;-0.002;0;0.007;0.027;0.015;0.01;0.034;0.007;0.024
2715;0;-0.002;-0.007;0.002;-0.005;0;0;0.005;0.027;0.015;0.01;0.034;0.017;0.024
2716;0;0;-0.005;0.002;-0.002;-0.002;0.002;0.002;0.022;0.017;0.01;0.034;0.005;0.022
2717;0;0;-0.007;0.005;-0.005;-0.005;0.002;0.002;0.024;0.015;0.01;0.034;0.005;0.017
2718;0;0;-0.002;0.005;-0.005;-0.002;0;0.005;0.022;0.015;0.007;0.029;0.012;0.02
2719;0;0;-0.005;0.005;-0.002;-0.002;0;0.005;0.029;0.017;0.01;0.037;0.015;0.027
2720;0;0;-0.007;0.002;-0.005;-0.002;0;0.007;0.022;0.017;0.01;0.037;0.007;0.02
2721;-0.005;0;-0.005;0.002;-0.005;-0.002;0;0.005;0.022;0.015;0.007;0.032;0.007;0.02
2722;-0.002;0.002;-0.002;0.005;-0.005;-0.005;0.002;0.005;0.022;0.015;0.007;0.037;0.012;0.024
2723;-0.002;0;-0.005;0.005;-0.005;-0.002;0;0.007;0.024;0.012;0.007;0.032;0.012;0.017
2724;-0.002;0;-0.007;0.005;-0.002;-0.002;0;0.005;0.024;0.015;0.012;0.037;0.007;0.017
2725;-0.002;0;-0.005;0.002;-0.005;-0.002;0;0.005;0.022;0.015;0.007;0.034;0.005;0.02
2726;-0.002;0;-0.005;0.002;-0.002;-0.002;-0.002;0.005;0.022;0.015;0.01;0.034;0.007;0.02
2727;0;0;-0.007;0.002;-0.005;-0.005;0;0.005;0.027;0.012;0.01;0.034;0.01;0.02
2728;-0.002;0;-0.002;0.002;-0.005;-0.005;0.002;0.005;0.022;0.015;0.007;0.034;0.01;0.017
2729;0;0;-0.01;0.002;-0.005;0;0.002;0.005;0.029;0.017;0.012;0.042;0.012;0.024
2730;-0.002;0;-0.002;0.005;-0.002;-0.002;0;0.005;0.02;0.012;0.007;0.027;0.015;0.02
2731;-0.002;0;-0.002;0.002;-0.005;0;0;0.005;0.022;0.01;0.007;0.034;0.005;0.017
2732;-0.002;0;-0.002;0.005;-0.005;-0.002;0.002;0.005;0.02;0.012;0.005;0.032;0.015;0.02
2733;0;0.002;-0.005;0.005;-0.007;-0.002;-0.002;0.005;0.027;0.015;0.01;0.039;0.007;0.02
2734;-0.002;-0.002;-0.005;0.005;-0.002;-0.002;0;0.005;0.02;0.01;0.005;0.029;0.01;0.017
2735;0;0.002;-0.007;0.002;-0.002;0;0;0.005;0.024;0.015;0.01;0.037;0.01;0.022
2736;0;0;-0.007;0.002;-0.007;-0.002;0;0.005;0.029;0.017;0.01;0.039;0.017;0.024
2737;0;0;-0.002;0.007;-0.005;-0.002;0;0.005;0.022;0.012;0.005;0.032;0.002;0.015
2738;-0.005;-0.002;-0.002;0.007;-0.002;-0.002;0;0.005;0.02;0.01;0.005;0.029;0.017;0.02
2739;0;0;-0.005;0.002;-0.005;-0.002;0;0.005;0.024;0.015;0.01;0.037;0.012;0.022
2740;-0.002;0;-0.005;0.005;-0.005;-0.005;0;0.002;0.022;0.012;0.01;0.037;0.007;0.022
2741;-0.002;0;-0.005;0.002;-0.002;-0.002;0;0.005;0.022;0.015;0.01;0.037;0.002;0.015
2742;0;-0.002;-0.005;0.005;-0.002;-0.005;-0.002;0.005;0.024;0.01;0.007;0.034;0.02;0.027
2743;0;0;-0.005;0.002;-0.002;-0.005;0;0.002;0.024;0.015;0.01;0.037;0.007;0.02
2744;-0.002;0;-0.007;0.002;-0.005;-0.002;0;0.005;0.024;0.012;0.007;0.034;0.01;0.02
2745;0;-0.002;-0.007;0;-0.005;-0.005;0.002;0.002;0.027;0.012;0.01;0.039;0.01;0.022
2746;-0.002;-0.002;-0.002;0.005;-0.002;-0.005;0;0.005;0.02;0.012;0.002;0.032;0.015;0.017
2747;0;-0.002;-0.007;0.002;-0.002;-0.002;0;0.005;0.024;0.015;0.007;0.037;0.007;0.017
2748;-0.002;0;-0.005;0.005;-0.005;-0.005;0.002;0.002;0.024;0.015;0.01;0.032;0.012;0.024
2749;-0.002;-0.002;-0.007;0.005;-0.002;-0.002;0;0.007;0.027;0.015;0.007;0.037;0.005;0.017
2750;-0.002;-0.002;-0.007;0.002;-0.005;-0.005;0;0.005;0.02;0.012;0.007;0.032;0.015;0.027
2751;-0.002;0.002;-0.005;0.002;-0.005;-0.002;0.002;0.005;0.02;0.012;0.002;0.029;0.012;0.022
2752;0;0;-0.005;0.005;-0.007;-0.002;0;0.005;0.022;0.015;0.01;0.037;0.002;0.022
2753;-0.002;0;-0.005;0.002;-0.002;0;0;0.005;0.022;0.012;0.007;0.034;0.012;0.022
2754;-0.002;0;-0.005;0.005;-0.005;-0.002;0.002;0.005;0.022;0.012;0.007;0.034;0.017;0.022
2755;-0.002;-0.002;-0.005;0.002;-0.002;-0.005;0;0.007;0.022;0.012;0.007;0.032;0.017;0.024
2756;-0.002;-0.002;-0.005;0.005;-0.005;-0.005;0;0.002;0.02;0.012;0.007;0.029;0.007;0.02
2757;-0.002;0.002;-0.01;0.002;-0.005;-0.002;0;0.005;0.027;0.015;0.01;0.034;0.007;0.022
2758;-0.002;-0.002;-0.01;0.005;-0.002;-0.002;0.002;0.007;0.022;0.015;0.005;0.032;0.005;0.02
2759;-0.005;-0.002;-0.005;0.002;-0.005;-0.002;0;0.005;0.024;0.015;0.007;0.032;0.01;0.02
2760;-0.002;-0.002;-0.007;0.002;-0.002;-0.002;0;0.005;0.027;0.015;0.012;0.032;0.015;0.022
2761;-0.005;0.002;-0.01;0.005;-0.005;-0.002;0.002;0.005;0.024;0.017;0.01;0.032;0.005;0.02
2762;-0.002;-0.002;-0.005;0.002;-0.005;-0.005;0;0.005;0.022;0.012;0.007;0.032;0.01;0.02
2763;0;-0.002;-0.007;0;-0.002;-0.002;0;0.005;0.024;0.015;0.007;0.032;0.01;0.024
2764;0;-0.002;-0.005;0;-0.005;-0.002;0;0.005;0.024;0.015;0.012;0.037;0.015;0.022
2765;-0.005;-0.002;-0.007;0.002;-0.005;-0.002;0;0.002;0.022;0.01;0.005;0.032;0.002;0.017
2766;-0.002;-0.005;-0.007;0.002;-0.005;0;-0.002;0.005;0.024;0.012;0.007;0.037;0.015;0.02
2767;0;0;-0.007;0;-0.005;-0.005;0;0.005;0.022;0.012;0.01;0.034;0.007;0.022
2768;-0.002;0;-0.007;0.002;-0.005;-0.002;0;0.005;0.022;0.015;0.007;0.034;0.005;0.017
2769;0.002;0;-0.005;0.002;-0.005;-0.002;-0.002;0.005;0.027;0.017;0.01;0.034;0.012;0.024
2770;0;0;-0.005;0.005;-0.005;-0.002;0;0.005;0.022;0.01;0.007;0.029;0.02;0.02
2771;0;0;-0.007;0.002;-0.005;0;0;0.005;0.024;0.015;0.012;0.034;0.005;0.017
2772;0;0;-0.012;0;-0.002;-0.002;-0.002;0.005;0.029;0.015;0.012;0.039;0.015;0.024
2773;-0.005;-0.002;-0.002;0.007;-0.005;-0.002;0;0.005;0.017;0.01;0.002;0.027;0.01;0.017
2774;-0.002;0;-0.005;0.007;-0.002;-0.002;0;0.005;0.02;0.012;0.005;0.032;0.01;0.02
2775;-0.002;0.002;-0.012;0.002;-0.005;-0.002;0;0.002;0.027;0.02;0.01;0.037;0.012;0.022
2776;-0.002;0;-0.002;0.005;-0.002;0;0;0.002;0.017;0.01;0.005;0.029;0;0.012
2777;0;0;-0.005;0.002;-0.005;-0.005;0;0.005;0.024;0.012;0.007;0.032;0.012;0.02
2778;-0.002;0;-0.005;0.005;-0.005;-0.002;0;0.005;0.02;0.012;0.007;0.032;0.01;0.022
2779;-0.002;0;-0.002;0.005;-0.002;-0.002;-0.002;0.005;0.022;0.012;0.007;0.034;0.01;0.017
2780;0;0;-0.005;0.002;-0.005;-0.002;0.002;0.005;0.024;0.015;0.01;0.034;0.015;0.027
2781;0;0;-0.005;0.002;-0.005;-0.002;0;0.005;0.024;0.017;0.005;0.034;0.007;0.017
2782;0;0;-0.012;0.002;-0.005;-0.002;0.002;0.007;0.029;0.017;0.01;0.037;0.007;0.022
2783;-0.002;-0.002;-0.005;0.002;-0.005;-0.002;0.002;0.005;0.02;0.01;0.005;0.032;0.015;0.02
2784;0;0;-0.007;0.002;-0.005;-0.005;0;0.005;0.022;0.015;0.007;0.032;0.01;0.017
2785;0;0;-0.005;0.005;0;-0.002;0.002;0.002;0.024;0.015;0.01;0.034;0.01;0.022
2786;-0.002;0;-0.002;0.005;-0.007;-0.005;0.002;0.002;0.022;0.015;0.007;0.034;0.002;0.017
2787;0;0;-0.002;0.005;-0.005;-0.002;0.002;0.002;0.022;0.015;0.007;0.034;0.02;0.022
2788;-0.002;0.002;-0.007;0.005;-0.005;-0.002;0;0.005;0.022;0.012;0.005;0.037;0.01;0.017
2789;0;0.002;-0.005;0.005;-0.005;-0.002;0.002;0.005;0.024;0.017;0.01;0.037;0.005;0.02
2790;0;-0.002;-0.005;0.002;-0.002;-0.002;0;0.002;0.024;0.015;0.01;0.034;0.015;0.022
2791;0;0;-0.005;0.005;-0.005;-0.002;0;0.005;0.022;0.012;0.007;0.034;0.007;0.017
2792;0;0;-0.005;0.002;-0.005;-0.005;0;0.005;0.024;0.015;0.01;0.037;0.015;0.022
2793;-0.002;0;-0.002;0.005;-0.002;-0.005;-0.002;0.005;0.022;0.012;0.007;0.037;0.007;0.017
2794;0;0;-0.005;0.005;-0.002;-0.002;0;0.005;0.022;0.012;0.007;0.032;0.015;0.022
2795;0;0;-0.007;0.005;-0.002;-0.002;0;0.007;0.024;0.015;0.007;0.034;0.01;0.02
2796;0;0;-0.01;0.005;-0.005;-0.002;-0.002;0.005;0.024;0.012;0.01;0.039;0.007;0.024
2797;-0.005;0;-0.002;0.002;-0.005;-0.005;0;0.005;0.022;0.012;0.005;0.029;0.017;0.022
2798;0;0;-0.005;0.005;-0.002;-0.005;-0.002;0.002;0.024;0.015;0.007;0.034;0.007;0.017
2799;0;0;-0.007;0.005;-0.005;-0.002;0.002;0.005;0.024;0.017;0.01;0.037;0.01;0.022
2800;-0.002;-0.002;-0.002;0.005;-0.002;-0.002;0;0.002;0.02;0.01;0.005;0.032;0.005;0.017
2801;0;0.002;-0.007;0.005;-0.005;-0.005;0;0.005;0.027;0.015;0.01;0.037;0.015;0.027
2802;-0.002;0;-0.002;0.007;-0.005;-0.005;0;0.002;0.022;0.01;0.002;0.029;0.012;0.017
2803;0;0;-0.007;0.005;-0.005;-0.002;0;0.005;0.024;0.012;0.01;0.034;0;0.017
2804;-0.002;0;-0.007;0.005;-0.005;-0.002;0;0.007;0.022;0.012;0.005;0.034;0.02;0.027
2805;0;0;-0.007;0.002;-0.005;0;0.002;0.005;0.024;0.015;0.007;0.032;0.005;0.015
2806;0;0.002;-0.005;0.005;-0.007;-0.002;0;0.007;0.024;0.012;0.007;0.032;0.015;0.024
2807;-0.002;0;-0.005;0.005;-0.005;-0.002;0;0.005;0.022;0.015;0.007;0.032;0.005;0.017
2808;0;0;-0.002;0.002;-0.005;-0.005;0;0.005;0.017;0.01;0.005;0.027;0.015;0.02
2809;-0.002;0.002;-0.005;0.005;-0.002;-0.002;0.002;0.002;0.027;0.012;0.01;0.034;0.01;0.022
2810;0;-0.005;-0.005;0.005;-0.005;-0.005;0;0.005;0.022;0.015;0.007;0.032;0.005;0.017
2811;0;0;-0.005;0.002;-0.005;-0.002;0;0.002;0.027;0.015;0.01;0.037;0.015;0.024
2812;-0.005;0.002;-0.007;0.002;-0.005;0;0;0.005;0.027;0.015;0.01;0.034;0.007;0.022
2813;-0.002;0.002;-0.005;0.002;-0.007;0;0;0.005;0.024;0.015;0.007;0.034;0.01;0.02
2814;-0.002;-0.002;-0.007;0.005;-0.005;-0.005;0.002;0.005;0.024;0.015;0.01;0.032;0.015;0.024
2815;-0.002;0;-0.002;0.005;-0.002;-0.002;0;0.007;0.02;0.012;0.007;0.027;0.002;0.015
2816;-0.002;-0.002;-0.007;0.002;-0.002;-0.002;0;0.005;0.027;0.015;0.007;0.032;0.01;0.022
2817;0;0;-0.01;0.002;-0.005;-0.002;0;0.005;0.029;0.015;0.01;0.034;0.01;0.02
2818;-0.002;-0.002;-0.01;0;-0.002;-0.002;0;0.005;0.024;0.015;0.012;0.034;0.015;0.027
2819;0;0;-0.002;0.005;-0.002;-0.002;0.002;0.005;0.024;0.015;0.007;0.034;0.007;0.022
2820;-0.002;-0.002;-0.007;0.002;-0.005;-0.002;0;0.005;0.022;0.012;0.007;0.032;0.017;0.024
2821;-0.002;0;-0.01;0.002;-0.005;-0.002;0.002;0.005;0.022;0.015;0.01;0.032;0;0.02
2822;0;0;-0.007;0.002;-0.007;-0.005;0.002;0.005;0.022;0.012;0.007;0.034;0.015;0.022
2823;-0.002;0;-0.007;0.002;-0.007;-0.005;-0.002;0.005;0.024;0.017;0.012;0.037;0.002;0.017
2824;-0.002;0;-0.007;0.005;-0.002;-0.005;0;0.005;0.024;0.015;0.01;0.037;0.015;0.022
2825;0;0;-0.005;0.005;-0.007;-0.002;0;0.005;0.022;0.012;0.007;0.032;0.015;0.027
2826;-0.002;0;-0.01;0;-0.005;-0.002;0;0.007;0.027;0.017;0.012;0.037;0.005;0.024
2827;-0.002;-0.002;-0.005;0.005;-0.007;-0.002;0;0.005;0.022;0.01;0.002;0.032;0.012;0.017
2828;0;0;-0.005;0.005;-0.005;-0.002;0;0.002;0.024;0.012;0.007;0.032;0.012;0.02
2829;-0.002;-0.002;-0.005;0.002;-0.005;-0.005;0;0.005;0.024;0.017;0.01;0.034;0.01;0.022
2830;0;0;-0.002;0.005;-0.005;-0.002;0;0.002;0.024;0.015;0.007;0.032;0.005;0.017
2831;-0.002;-0.002;-0.005;0.002;-0.002;-0.002;-0.002;0.007;0.027;0.015;0.01;0.032;0.02;0.024
2832;0;0;-0.005;0.002;-0.005;-0.005;0;0.002;0.024;0.015;0.01;0.034;0.002;0.022
2833;0;-0.002;-0.007;0;-0.002;-0.002;0;0.005;0.027;0.012;0.01;0.037;0.017;0.024
2834;0;0.002;-0.007;0.002;-0.005;-0.002;0;0.005;0.029;0.015;0.012;0.039;0.002;0.024
2835;-0.002;-0.005;0;0.005;-0.005;-0.002;0.002;0.005;0.02;0.012;0.002;0.027;0.017;0.02
2836;0;0.002;-0.005;0.002;-0.002;-0.002;0;0.005;0.024;0.012;0.01;0.032;0.007;0.022
2837;0;0;-0.007;0.005;-0.005;0;0.002;0.005;0.022;0.012;0.01;0.034;0.012;0.02
2838;-0.002;0;-0.005;0.002;-0.002;-0.002;0;0.005;0.024;0.015;0.007;0.034;0.012;0.024
2839;-0.002;-0.002;-0.005;0;-0.002;-0.002;0.002;0.005;0.027;0.017;0.01;0.034;0.012;0.022
2840;-0.002;0;-0.002;0.005;-0.005;-0.002;0.002;0.002;0.024;0.012;0.007;0.029;0.01;0.022
2841;0;0.002;-0.007;0.002;-0.005;-0.002;-0.002;0.005;0.027;0.017;0.012;0.034;0.007;0.022
2842;0;0;-0.005;0.005;-0.005;-0.002;0;0.002;0.024;0.015;0.01;0.037;0.005;0.02
2843;0;-0.002;-0.005;0.002;-0.005;-0.002;0;0.005;0.027;0.015;0.01;0.034;0.01;0.02
2844;-0.002;0.002;-0.01;0.002;-0.005;-0.005;-0.002;0.005;0.027;0.017;0.012;0.039;0.015;0.027
2845;0;0.002;-0.002;0.007;-0.002;-0.002;-0.002;0.005;0.02;0.01;0.005;0.027;0.01;0.017
2846;0;0;-0.005;0.005;-0.005;0;0;0.005;0.024;0.015;0.007;0.034;0.005;0.02
2847;0.002;0.002;-0.01;0.005;-0.005;0;0;0.005;0.027;0.015;0.01;0.037;0.012;0.024
2848;0;0;-0.005;0.002;-0.005;-0.002;0.002;0.005;0.024;0.015;0.007;0.034;0.015;0.024
2849;0;-0.002;0.002;0.007;-0.005;-0.005;0.002;0.005;0.02;0.01;0.002;0.027;0.01;0.017
2850;0;0;-0.005;0.002;-0.005;-0.002;0;0.005;0.027;0.015;0.01;0.034;0.007;0.02
2851;-0.002;0;-0.007;0.002;-0.005;-0.005;0;0.005;0.027;0.017;0.012;0.037;0.012;0.022
2852;0;0.002;-0.007;0.005;-0.005;-0.005;0;0.005;0.024;0.015;0.007;0.032;0.012;0.022
2853;0;0;-0.005;0.005;-0.002;-0.005;0.005;0.007;0.022;0.015;0.007;0.032;0.01;0.022
2854;0;0.002;-0.002;0.002;-0.002;-0.002;0;0.007;0.027;0.015;0.007;0.034;0.002;0.022
2855;0;-0.002;-0.005;0.005;-0.005;-0.005;0;0.005;0.024;0.012;0.007;0.034;0.015;0.022
2856;0;0;-0.005;0.005;-0.007;-0.002;0.002;0.007;0.027;0.012;0.01;0.034;0.012;0.022
2857;-0.002;0;-0.005;0.002;-0.005;0;0;0.005;0.024;0.012;0.007;0.032;0.005;0.017
2858;0;0;-0.002;0.005;-0.005;0;0;0.005;0.024;0.012;0.007;0.032;0.007;0.017
2859;0;0;-0.007;0.005;-0.005;0;0;0.005;0.022;0.015;0.01;0.034;0.015;0.022
2860;0;-0.002;-0.002;0.005;-0.005;-0.005;0.002;0.002;0.022;0.01;0.005;0.029;0.005;0.02
2861;-0.002;-0.002;-0.002;0.005;-0.005;-0.005;0;0.002;0.024;0.015;0.007;0.032;0.012;0.022
2862;-0.002;0.002;-0.005;0.005;-0.005;-0.002;0;0.005;0.024;0.015;0.007;0.034;0.012;0.022
2863;-0.002;0.002;-0.005;0.005;-0.007;-0.002;0.002;0.005;0.027;0.015;0.012;0.037;0.007;0.022
2864;0;0;-0.002;0.002;-0.002;-0.005;0;0.005;0.024;0.012;0.007;0.032;0.005;0.02
2865;-0.002;-0.002;-0.007;0.002;-0.002;-0.005;0;0.005;0.024;0.015;0.01;0.034;0.015;0.027
2866;0;0;-0.007;0.002;-0.002;-0.002;0;0.005;0.027;0.012;0.01;0.037;0.01;0.022
2867;0;-0.002;-0.005;0.005;-0.002;-0.002;0;0.005;0.024;0.015;0.007;0.034;0.017;0.022
2868;0;0;-0.005;0.005;-0.005;-0.002;0.002;0.005;0.024;0.012;0.01;0.029;0;0.017
2869;-0.002;0;-0.005;0.002;-0.005;-0.002;0;0.005;0.027;0.017;0.01;0.032;0.017;0.024
2870;-0.002;0;-0.007;0.002;-0.005;-0.002;0.002;0.005;0.024;0.017;0.01;0.034;0.005;0.02
2871;-0.002;-0.002;-0.007;0.002;-0.005;-0.002;0;0.005;0.024;0.015;0.01;0.034;0.015;0.022
2872;0;0;-0.005;0.002;-0.005;-0.005;0;0.005;0.022;0.012;0.01;0.029;0.005;0.02
2873;-0.002;0;-0.007;0.002;-0.002;-0.002;0;0.005;0.024;0.012;0.007;0.032;0.01;0.02
2874;-0.002;0;-0.005;0.005;-0.005;-0.002;0;0.005;0.024;0.015;0.01;0.032;0.007;0.022
2875;0;0;-0.007;0.002;-0.002;-0.005;0;0.005;0.024;0.012;0.007;0.032;0.017;0.024
2876;0;-0.002;-0.005;0.005;-0.005;-0.002;0;0.005;0.024;0.015;0.01;0.034;-0.002;0.015
2877;0;0;-0.005;0.002;-0.002;-0.002;0.002;0.005;0.022;0.015;0.005;0.034;0.01;0.02
2878;0;-0.005;-0.005;0.002;-0.005;-0.002;0;0.005;0.022;0.012;0.007;0.034;0.015;0.024
2879;0;-0.002;-0.01;0.002;-0.005;-0.005;0;0.005;0.024;0.015;0.007;0.034;0.007;0.02
2880;-0.002;0;-0.01;0.002;-0.002;-0.005;0;0.005;0.024;0.015;0.007;0.034;0.012;0.022
2881;-0.002;0;-0.005;0.005;-0.005;-0.002;0;0.005;0.024;0.015;0.007;0.034;0.007;0.02
2882;-0.002;-0.002;-0.005;0.005;-0.002;-0.002;0;0.005;0.024;0.015;0.01;0.034;0.012;0.02
2883;0;0.002;-0.005;0.005;-0.002;-0.005;0;0.002;0.022;0.01;0.007;0.034;0.01;0.022
2884;-0.002;0;-0.005;0.002;-0.005;-0.002;0.002;0.005;0.022;0.012;0.01;0.034;0.01;0.02
2885;-0.002;-0.002;-0.002;0.005;-0.005;-0.002;0;0.005;0.024;0.015;0.01;0.034;0.01;0.02
2886;0;-0.002;-0.005;0.002;-0.002;-0.002;0;0.005;0.022;0.012;0.007;0.034;0.017;0.022
2887;0;-0.002;-0.007;0.002;-0.002;-0.005;0;0.005;0.024;0.015;0.01;0.034;0.005;0.017
2888;-0.002;0;-0.005;0.005;-0.005;-0.002;-0.002;0.005;0.027;0.017;0.012;0.037;0.007;0.015
2889;-0.002;0;-0.002;0.005;-0.005;-0.002;0;0.005;0.024;0.015;0.007;0.032;0.015;0.024
2890;0;-0.002;-0.005;0.002;-0.005;-0.005;0.002;0.007;0.024;0.015;0.007;0.034;0.012;0.02
2891;0.002;0.002;-0.007;0.002;0;-0.002;0;0.005;0.024;0.017;0.01;0.037;0.01;0.024
2892;0;-0.002;-0.002;0.005;-0.005;-0.002;0;0.002;0.022;0.015;0.007;0.029;0.007;0.017
2893;0;-0.002;-0.007;0.005;-0.005;-0.002;0.002;0.005;0.024;0.015;0.007;0.034;0.012;0.02
2894;0;-0.002;-0.005;0.002;-0.005;-0.005;-0.002;0.007;0.02;0.012;0.005;0.032;0.017;0.022
2895;0;0.002;-0.007;0.005;-0.005;-0.002;0;0.007;0.024;0.012;0.01;0.037;0.007;0.015
2896;0;0.002;-0.005;0.005;-0.002;-0.002;0;0.005;0.024;0.012;0.007;0.034;0.01;0.02
2897;0;0;-0.007;0.002;-0.005;-0.005;-0.002;0.005;0.027;0.017;0.012;0.037;0.012;0.024
2898;0;0;-0.002;0.005;-0.005;-0.005;0;0.005;0.02;0.01;0.005;0.029;0.015;0.017
2899;0;0;-0.002;0.005;-0.005;-0.002;0;0.005;0.024;0.015;0.005;0.037;0.007;0.017
2900;0.002;0.002;-0.007;0.005;-0.002;-0.002;0.002;0.005;0.024;0.017;0.01;0.037;0.01;0.024
2901;-0.002;-0.002;0.002;0.005;-0.002;-0.005;0;0.002;0.02;0.01;0.002;0.027;0.012;0.015
2902;0;0;-0.005;0.002;-0.005;-0.002;0.002;0.002;0.027;0.012;0.01;0.034;0.01;0.022
2903;0;-0.002;-0.005;0.002;-0.005;-0.005;0;0.002;0.024;0.015;0.01;0.034;0.01;0.02
2904;0;0;-0.005;0.005;-0.005;-0.002;0;0.002;0.024;0.012;0.007;0.034;0.007;0.012
2905;0;0.002;-0.002;0.002;-0.005;-0.002;0;0.005;0.02;0.012;0.007;0.034;0.012;0.022
2906;0;0.002;-0.005;0.005;-0.005;-0.002;0;0.002;0.024;0.012;0.007;0.037;0.005;0.015
2907;0;0;-0.005;0.005;-0.005;-0.002;0;0.002;0.024;0.015;0.01;0.034;0.012;0.022
2908;0;0;-0.007;0.002;-0.005;-0.002;0;0.005;0.024;0.012;0.007;0.034;0.01;0.017
2909;0;0;-0.007;0.002;-0.005;-0.002;0.002;0.005;0.024;0.012;0.01;0.034;0.01;0.02
2910;0;0.002;-0.005;0.005;-0.002;-0.005;0;0.007;0.024;0.015;0.007;0.034;0.012;0.02
2911;-0.002;0;-0.007;0.002;-0.005;-0.002;0;0.005;0.024;0.015;0.01;0.034;0.01;0.022
2912;0.002;0;-0.002;0.002;-0.002;-0.002;0;0.002;0.027;0.017;0.01;0.034;0.01;0.02
2913;0;0.002;-0.005;0.005;-0.002;-0.005;0.002;0.005;0.024;0.015;0.012;0.034;0.01;0.02
2914;0;0;-0.005;0.005;-0.002;-0.002;0;0.005;0.027;0.015;0.01;0.037;0.01;0.022
2915;0;0.002;-0.005;0.002;-0.002;-0.002;0;0.005;0.024;0.017;0.01;0.034;0.015;0.024
2916;0;0;-0.002;0.005;-0.005;-0.005;0.002;0.005;0.024;0.015;0.01;0.034;0.007;0.02
2917;-0.002;-0.002;-0.005;0.005;-0.005;-0.002;0.002;0.005;0.024;0.015;0.007;0.034;0.007;0.022
2918;-0.002;0;-0.005;0.002;-0.002;-0.002;0;0.005;0.024;0.012;0.01;0.034;0.007;0.02
2919;-0.002;0;-0.002;0;-0.005;-0.002;0;0.007;0.024;0.012;0.007;0.034;0.012;0.022
2920;0;0;-0.002;0.005;-0.002;-0.002;0;0.005;0.027;0.017;0.01;0.039;0.005;0.02
2921;0;0;-0.005;0.002;-0.005;-0.002;0;0.002;0.024;0.015;0.007;0.032;0.012;0.02
2922;-0.002;0;-0.007;0.005;-0.002;-0.002;0;0.005;0.024;0.015;0.007;0.032;0.01;0.02
2923;0;0;-0.007;0.005;-0.002;0;0;0.005;0.024;0.015;0.01;0.032;0.012;0.022
2924;-0.002;-0.005;-0.005;0.007;-0.005;-0.005;0;0.002;0.022;0.012;0.007;0.032;0.01;0.022
2925;0;0;-0.007;0.002;-0.002;-0.002;0;0.005;0.024;0.015;0.01;0.034;0.005;0.02
2926;0;0;-0.002;0.002;-0.002;-0.002;0;0.005;0.022;0.012;0.005;0.029;0.012;0.02
2927;0;0;-0.005;0.002;-0.002;-0.002;0;0.005;0.027;0.015;0.01;0.034;0;0.022
2928;-0.002;0;-0.005;0;-0.005;-0.002;0;0.005;0.024;0.015;0.007;0.032;0.02;0.024
2929;0;0;-0.007;0.002;-0.005;-0.002;0.002;0.005;0.024;0.015;0.01;0.034;0.01;0.022
2930;0;0;-0.007;0.002;-0.002;-0.002;0;0.005;0.022;0.012;0.01;0.032;0.01;0.022
2931;0;-0.002;-0.005;0.002;-0.005;0;0.002;0.005;0.024;0.015;0.007;0.034;0.005;0.022
2932;-0.002;0;-0.005;0.002;-0.002;-0.002;0;0.005;0.024;0.012;0.012;0.034;0.015;0.022
2933;0;-0.002;-0.007;0.002;-0.002;-0.002;0;0.007;0.022;0.015;0.01;0.034;0.015;0.022
2934;0;-0.002;-0.002;0.005;-0.005;-0.002;0;0.005;0.022;0.012;0.007;0.032;0.005;0.017
2935;0.002;0;-0.007;0.002;-0.002;0;0;0.002;0.024;0.015;0.01;0.034;0.012;0.022
2936;0;0;-0.01;0.002;-0.002;-0.002;0;0.005;0.022;0.015;0.01;0.037;0.01;0.022
2937;0;0;-0.005;0.002;-0.005;-0.005;0.002;0.005;0.024;0.015;0.007;0.032;0.012;0.02
2938;0;0;-0.002;0.002;-0.005;-0.002;0;0.005;0.02;0.01;0.007;0.029;0.012;0.015
2939;0;0;-0.007;0.002;-0.007;-0.002;0;0.007;0.024;0.015;0.01;0.034;0.01;0.024
2940;0;-0.002;-0.007;0.002;-0.005;-0.002;0;0.002;0.02;0.015;0.007;0.034;0.01;0.02
2941;-0.002;0;-0.005;0.005;-0.005;-0.002;0;0.007;0.024;0.015;0.007;0.034;0.01;0.02
2942;0;0;-0.007;0.002;-0.005;-0.002;0;0.005;0.024;0.012;0.01;0.037;0.012;0.024
2943;0;0;-0.002;0.005;-0.002;-0.007;0;0.005;0.022;0.015;0.007;0.034;0.005;0.02
2944;0;-0.002;-0.005;0.002;-0.005;-0.002;0;0.002;0.022;0.015;0.007;0.034;0.01;0.022
2945;0;-0.005;-0.007;0.002;0;-0.002;0;0.005;0.022;0.012;0.007;0.034;0.015;0.02
2946;0;0.002;-0.005;0.005;-0.005;-0.005;0;0.005;0.027;0.017;0.012;0.037;0.007;0.02
2947;0.002;0;-0.005;0.005;-0.005;-0.007;0;0.007;0.022;0.015;0.007;0.032;0.005;0.015
2948;-0.002;-0.002;-0.005;0.002;-0.002;-0.002;0;0.005;0.02;0.012;0.007;0.034;0.007;0.015
2949;0;0;-0.005;0.002;-0.005;-0.002;0;0.005;0.024;0.015;0.01;0.037;0.012;0.024
2950;0;0;-0.01;0.005;-0.005;-0.002;0;0.005;0.024;0.015;0.01;0.034;0.007;0.017
2951;-0.002;-0.002;-0.007;0.002;-0.005;-0.002;0;0.002;0.024;0.015;0.007;0.034;0.005;0.015
2952;0;0;-0.007;0.005;-0.002;0;0;0.002;0.022;0.015;0.007;0.032;0.02;0.022
2953;0;0;-0.005;0.002;-0.005;-0.007;0.002;0.007;0.022;0.012;0.007;0.037;0.012;0.017
2954;0;0;-0.007;0.002;-0.002;-0.002;0;0.005;0.024;0.015;0.01;0.034;0;0.017
2955;-0.002;-0.002;-0.002;0.002;-0.005;-0.002;0;0.005;0.022;0.01;0.005;0.029;0.017;0.02
2956;0;0;-0.007;0.002;-0.002;-0.005;0;0.005;0.027;0.017;0.01;0.037;0.01;0.017
2957;-0.002;0;-0.005;0.005;-0.002;-0.002;0.002;0.005;0.022;0.015;0.007;0.032;0.007;0.02
2958;0;0;-0.002;0.005;-0.005;-0.002;0;0.005;0.024;0.015;0.007;0.034;0.002;0.012
2959;0;0;-0.005;0.005;-0.005;-0.002;-0.002;0.002;0.024;0.015;0.007;0.034;0.02;0.027
2960;0.002;0.002;-0.007;0.005;-0.002;-0.002;-0.002;0.005;0.024;0.017;0.01;0.037;0.005;0.017
2961;-0.002;0;-0.002;0.002;-0.005;-0.002;0;0.005;0.024;0.015;0.01;0.037;0.012;0.017
2962;0.002;0;-0.007;0.002;-0.005;-0.002;0.002;0.007;0.027;0.015;0.012;0.039;0.012;0.024
2963;0;0;-0.005;0.005;-0.005;0;0;0.005;0.024;0.015;0.007;0.034;0.012;0.02
2964;0;0;-0.005;0.007;-0.005;-0.002;0.002;0.002;0.022;0.01;0.005;0.029;0.005;0.012
2965;-0.002;0;-0.007;0.002;-0.005;-0.002;0.002;0.005;0.024;0.017;0.007;0.034;0.015;0.02
2966;0;0;-0.002;0.005;-0.005;-0.002;0;0.005;0.022;0.012;0.005;0.032;0.01;0.017
2967;0;0.002;-0.007;0.005;-0.002;-0.002;0.002;0.005;0.029;0.017;0.01;0.037;0.01;0.024
2968;0;0;-0.005;0.005;-0.005;-0.002;0;0.005;0.027;0.017;0.01;0.037;0.005;0.02
2969;0.002;0;-0.005;0.005;-0.002;-0.002;0;0.002;0.022;0.015;0.007;0.032;0.015;0.022
2970;0.002;0;-0.007;0.005;-0.005;-0.005;0;0.005;0.022;0.017;0.007;0.032;0.01;0.022
2971;0;0;-0.005;0.005;-0.005;-0.002;0;0.005;0.024;0.015;0.007;0.032;0.01;0.02
2972;0;0.002;-0.005;0.007;-0.007;-0.002;-0.002;0.005;0.027;0.017;0.012;0.034;0.01;0.02
2973;0.002;0;-0.005;0.002;-0.005;-0.005;0;0.002;0.024;0.017;0.007;0.032;0.01;0.02
2974;0;0.002;-0.002;0.005;-0.005;-0.005;0;0.005;0.022;0.015;0.01;0.032;0.012;0.02
2975;0.002;0.002;-0.01;0.002;-0.002;-0.005;0;0.005;0.029;0.017;0.01;0.039;0.005;0.02
2976;-0.002;0;-0.002;0.005;-0.002;-0.002;0;0.005;0.02;0.012;0.005;0.029;0.012;0.017
2977;0;0.002;-0.007;0.002;-0.005;-0.002;0;0.007;0.024;0.015;0.01;0.034;0.007;0.02
2978;-0.002;0;-0.005;0.005;-0.005;-0.002;0;0.002;0.027;0.017;0.012;0.032;0.012;0.017
2979;0;0;-0.005;0.007;-0.005;0;0;0.005;0.024;0.015;0.01;0.034;0.005;0.02
2980;0;-0.002;-0.007;0;-0.005;-0.005;0;0.005;0.022;0.015;0.007;0.034;0.015;0.024
2981;0.002;0;-0.002;0.002;-0.005;-0.002;0.002;0.005;0.024;0.015;0.012;0.034;0.007;0.02
2982;0;0;-0.005;0.007;-0.005;-0.002;0;0.005;0.024;0.012;0.007;0.029;0.015;0.02
2983;0;0.002;-0.01;0.005;-0.005;-0.002;0;0.005;0.027;0.015;0.01;0.034;0.007;0.022
2984;0;-0.002;-0.007;0.002;-0.002;-0.005;0;0.005;0.024;0.012;0.007;0.032;0.012;0.02
2985;0.002;0;-0.002;0.005;-0.005;0;0;0.005;0.02;0.015;0.007;0.029;0.01;0.02
2986;0;-0.002;-0.005;0;-0.005;-0.002;0.002;0.005;0.022;0.015;0.007;0.032;0.01;0.022
2987;0.002;-0.002;-0.002;0;-0.002;-0.002;0;0.005;0.024;0.015;0.01;0.034;0.005;0.022
2988;-0.002;-0.005;-0.005;0.002;-0.005;-0.002;0.002;0.005;0.02;0.012;0.005;0.027;0.012;0.02
2989;0;0.002;-0.007;0.005;-0.005;-0.005;0.002;0.005;0.027;0.015;0.01;0.034;0.007;0.024
2990;0;-0.005;-0.007;0.002;-0.005;-0.002;0.002;0.002;0.024;0.015;0.007;0.034;0.01;0.022
2991;0;0;-0.007;0.005;-0.007;-0.002;0;0.005;0.027;0.015;0.012;0.034;0.007;0.022
2992;0;0;-0.005;0.002;-0.005;0;0;0.005;0.024;0.015;0.007;0.032;0.017;0.024
2993;0;-0.002;-0.007;0.005;-0.005;-0.005;0;0.005;0.022;0.015;0.01;0.034;0.005;0.02
2994;0;0;-0.005;0.002;-0.002;-0.005;0;0.005;0.024;0.012;0.007;0.034;0.015;0.024
2995;-0.002;-0.002;-0.007;0.002;-0.005;-0.002;0;0.002;0.024;0.015;0.01;0.029;0.012;0.02
2996;0;0;-0.01;0;-0.005;-0.002;0;0.005;0.024;0.015;0.01;0.037;0.007;0.022
2997;-0.002;0;-0.005;0.002;-0.005;0;0;0.002;0.024;0.015;0.01;0.032;0.01;0.022
2998;-0.002;0;-0.007;0.002;-0.005;0;0;0.005;0.024;0.015;0.012;0.034;0.002;0.017
2999;0;-0.002;-0.005;0.002;-0.005;-0.005;0;0.005;0.024;0.017;0.007;0.034;0.017;0.024
3000;-0.002;-0.002;-0.005;0.007;-0.005;-0.002;0;0.005;0.02;0.01;0.005;0.029;0.002;0.012
3001;0;-0.002;-0.007;0.005;-0.005;-0.002;0;0.005;0.024;0.015;0.007;0.034;0.012;0.022
3002;0;0;-0.007;0;-0.005;0;0;0.005;0.027;0.017;0.012;0.037;0.015;0.024
3003;0;0;-0.007;0.005;-0.002;-0.002;0;0.002;0.022;0.012;0.007;0.032;0.007;0.017
3004;0;-0.002;-0.002;0.005;-0.005;-0.002;0.002;0.005;0.022;0.015;0.007;0.032;0.015;0.024
3005;-0.002;-0.002;-0.005;0.002;-0.005;-0.002;0;0.002;0.022;0.012;0.007;0.032;0.012;0.022
3006;-0.002;0;-0.01;0.002;-0.005;-0.002;0;0.002;0.027;0.015;0.012;0.037;0.01;0.022
3007;-0.002;0;-0.005;0.005;-0.007;0;0;0.005;0.027;0.017;0.01;0.034;0.002;0.017
3008;0;0;-0.005;0.002;-0.005;-0.005;0;0.007;0.022;0.01;0.007;0.032;0.007;0.022
3009;0;0;-0.002;0.005;-0.002;-0.002;0;0.005;0.024;0.012;0.007;0.032;0.015;0.022
3010;-0.002;0;-0.002;0.002;-0.002;-0.002;0;0.005;0.02;0.012;0.007;0.032;0.005;0.017
3011;0;0;-0.007;0.002;-0.002;-0.002;0;0.005;0.027;0.015;0.01;0.034;0.017;0.022
3012;0;0;-0.007;0.002;-0.005;-0.002;0;0.002;0.024;0.017;0.007;0.032;0.01;0.022
3013;0;0;-0.002;0.005;-0.002;-0.002;0;0.005;0.027;0.015;0.01;0.034;0.007;0.02
3014;0;0;-0.007;0.002;-0.005;-0.005;0;0.005;0.022;0.015;0.01;0.034;0.017;0.022
3015;0.002;0;-0.002;0.002;-0.005;-0.002;0;0.002;0.024;0.015;0.01;0.034;0.007;0.022
3016;0;0;-0.005;0.005;-0.005;-0.002;0;0.005;0.024;0.015;0.01;0.037;0.01;0.022
3017;0;-0.002;-0.007;0.005;-0.002;0;0;0.002;0.024;0.015;0.01;0.034;0.01;0.022
3018;0;0;-0.002;0.002;-0.005;-0.002;0;0.007;0.024;0.015;0.01;0.034;0.01;0.022
3019;0;0;-0.002;0.005;-0.002;-0.002;0;0.007;0.027;0.015;0.01;0.034;0.01;0.02
3020;-0.002;0;-0.002;0.002;-0.005;-0.002;0;0.002;0.022;0.012;0.007;0.029;0.005;0.015
3021;0.005;0.002;-0.005;0.005;-0.005;0;0.002;0.005;0.027;0.012;0.01;0.032;0.015;0.024
3022;0;0;-0.005;0.002;-0.005;-0.002;0;0.007;0.022;0.015;0.005;0.032;0.01;0.022
3023;0.002;0.002;-0.002;0.005;-0.002;-0.002;0;0.005;0.024;0.015;0.01;0.034;0.007;0.022
3024;0;0;-0.002;0.002;-0.002;-0.002;0;0.007;0.022;0.012;0.01;0.032;0.012;0.02
3025;0.002;0.002;-0.005;0.002;-0.002;0;0;0.005;0.027;0.015;0.01;0.037;0.012;0.027
3026;0;0;-0.007;0.005;-0.002;-0.002;0;0.005;0.024;0.015;0.007;0.032;0.007;0.02
3027;0.002;0;-0.007;0.005;-0.002;-0.002;-0.002;0.005;0.027;0.017;0.01;0.032;0.01;0.02
3028;0;0;-0.002;0.005;-0.005;-0.002;0.002;0.007;0.022;0.015;0.005;0.029;0.007;0.02
3029;-0.002;0.002;-0.005;0.005;-0.002;-0.002;0.002;0.007;0.024;0.015;0.007;0.034;0.012;0.022
3030;0;0;-0.01;0.002;-0.005;-0.005;0;0.005;0.027;0.015;0.01;0.039;0.01;0.022
3031;0;0;-0.002;0.005;-0.005;-0.005;0;0.005;0.022;0.015;0.005;0.029;0.01;0.017
3032;0.002;0;-0.005;0.002;-0.005;-0.005;-0.002;0.005;0.022;0.017;0.007;0.034;0.005;0.02
3033;0;0;-0.005;0.002;-0.002;-0.002;-0.002;0.005;0.024;0.015;0.01;0.037;0.015;0.02
3034;0;0;-0.005;0.002;-0.005;-0.005;-0.002;0.002;0.024;0.015;0.007;0.034;0.007;0.02
3035;0.002;0.002;-0.005;0.005;-0.002;-0.002;0;0.005;0.027;0.017;0.015;0.039;0.01;0.022
3036;0;0;-0.005;0.005;-0.005;-0.005;0;0.005;0.024;0.012;0.007;0.034;0.01;0.02
3037;0;0.002;-0.007;0.005;-0.002;-0.005;-0.002;0.005;0.022;0.012;0.007;0.034;0.007;0.017
3038;0;0;-0.002;0.002;0;-0.005;0;0.005;0.02;0.012;0.005;0.032;0.01;0.015
3039;0;0;-0.002;0.005;-0.005;-0.002;0;0.005;0.022;0.012;0.01;0.037;0.012;0.02
3040;0;0.002;-0.007;0.002;-0.005;-0.005;0.002;0.007;0.029;0.017;0.01;0.039;0.01;0.024
3041;0;0;-0.002;0.005;-0.002;-0.002;0;0.005;0.022;0.012;0.007;0.032;0.012;0.015
3042;0;0.002;-0.007;0.002;-0.002;-0.002;0;0.005;0.027;0.017;0.01;0.034;0.01;0.022
3043;0;0;-0.005;0.005;-0.005;-0.005;0;0.005;0.024;0.015;0.007;0.037;0.012;0.02
3044;0;-0.002;-0.002;0.002;-0.005;-0.002;0;0.005;0.024;0.015;0.01;0.037;0.01;0.02
3045;0;0;-0.005;0.002;-0.005;-0.002;0;0.005;0.022;0.012;0.007;0.034;0.01;0.02
3046;0;0;-0.007;0.002;-0.005;-0.002;0.002;0.005;0.022;0.015;0.007;0.037;0.01;0.02
3047;0;-0.002;-0.005;0.002;-0.005;-0.005;0;0.005;0.022;0.015;0.01;0.034;0.005;0.012
3048;-0.002;-0.002;-0.005;0.002;-0.002;-0.002;0;0.005;0.022;0.012;0.01;0.034;0.017;0.022
3049;0.002;0;-0.005;0;-0.002;-0.005;0;0.002;0.024;0.015;0.007;0.034;0.007;0.02
3050;0;0;-0.005;0.002;-0.002;-0.005;-0.002;0.005;0.022;0.012;0.01;0.034;0.007;0.017
3051;0.002;0;-0.007;0.002;-0.007;-0.005;-0.002;0.002;0.022;0.015;0.01;0.037;0.005;0.017
3052;0;0;-0.007;0.002;-0.002;-0.005;0;0.005;0.022;0.015;0.007;0.034;0.015;0.022
3053;0;0;-0.007;0.002;-0.005;-0.002;0;0.005;0.027;0.02;0.01;0.037;0.01;0.024
3054;0.002;0;-0.005;0.002;-0.002;-0.002;0;0.002;0.022;0.012;0.007;0.034;0.01;0.02
3055;-0.002;0;-0.002;0.002;-0.005;-0.005;0;0.005;0.02;0.012;0.002;0.029;0.01;0.017
3056;-0.002;0;-0.007;0.002;-0.002;-0.002;0;0.005;0.022;0.012;0.007;0.032;0.01;0.022
3057;0;0;-0.007;0.002;-0.005;-0.002;0.002;0.002;0.024;0.015;0.007;0.034;0.01;0.02
3058;0;-0.002;-0.01;0.002;-0.005;-0.005;-0.002;0.002;0.022;0.012;0.007;0.034;0.007;0.017
3059;0;-0.002;-0.007;0.002;-0.005;-0.002;0.002;0.007;0.022;0.01;0.007;0.034;0.007;0.024
3060;0;0;-0.007;0.002;-0.002;-0.005;0.002;0.005;0.024;0.012;0.007;0.037;0.017;0.024
3061;0;0;-0.007;0.002;-0.002;-0.002;0;0.002;0.024;0.017;0.01;0.037;0.01;0.022
3062;-0.002;-0.002;-0.005;0.002;-0.005;-0.002;-0.002;0.002;0.024;0.015;0.005;0.029;0.01;0.017
3063;0;-0.002;-0.002;0;-0.002;-0.005;0;0.005;0.02;0.012;0.007;0.032;0.015;0.022
3064;0;-0.002;-0.005;0.005;-0.002;-0.002;0;0.005;0.024;0.015;0.01;0.032;0.01;0.022
3065;-0.002;0;-0.007;0.002;-0.005;-0.002;0;0.005;0.027;0.017;0.012;0.039;0.007;0.022
3066;0.002;-0.002;-0.005;0.005;-0.005;-0.005;-0.002;0.002;0.02;0.01;0.002;0.029;0.012;0.02
3067;0;0;-0.005;0.002;-0.002;-0.002;0.002;0.005;0.022;0.012;0.01;0.034;0.01;0.02
3068;0.002;0;-0.007;0.005;-0.002;-0.005;0.002;0.005;0.02;0.012;0.007;0.032;0.012;0.022
3069;0;0;-0.007;0.002;-0.005;-0.002;0;0.005;0.029;0.015;0.012;0.037;0.01;0.024
3070;-0.002;0;-0.002;0.005;-0.002;-0.005;0.002;0.005;0.022;0.012;0.005;0.029;0.017;0.024
3071;0.002;-0.002;-0.002;0.002;-0.005;-0.002;0.002;0.005;0.027;0.015;0.01;0.034;0.01;0.02
3072;0;0.002;-0.002;0.002;-0.005;-0.002;0;0.005;0.024;0.017;0.007;0.034;0.01;0.02
3073;0;0;-0.005;0.002;-0.002;-0.002;0.002;0.005;0.027;0.015;0.005;0.032;0.005;0.017
3074;0;0;-0.002;0.002;-0.005;0;0;0.007;0.024;0.015;0.007;0.034;0.007;0.022
3075;0.002;0;-0.005;0.005;-0.002;-0.002;0;0.005;0.024;0.015;0.01;0.032;0.017;0.024
3076;0;0;-0.007;0.005;-0.005;-0.002;0;0.005;0.024;0.015;0.01;0.037;0.007;0.017
3077;0;0;0;0.005;-0.002;-0.002;0;0.005;0.022;0.012;0.007;0.032;0.007;0.017
3078;0;0;-0.01;0.002;-0.005;-0.002;0.002;0.002;0.027;0.015;0.01;0.037;0.012;0.022
3079;0;0;-0.005;0.007;-0.002;-0.002;0;0.002;0.024;0.012;0.01;0.037;0.01;0.02
3080;0;0.002;-0.005;0.005;-0.002;0;0.002;0.005;0.024;0.015;0.007;0.034;0.017;0.024
3081;0;0;-0.005;0.005;-0.005;-0.002;0.002;0.002;0.029;0.017;0.015;0.037;0.002;0.02
3082;0.002;0;-0.007;0.005;-0.002;-0.002;0;0.005;0.024;0.015;0.01;0.034;0.007;0.02
3083;0;0;-0.002;0.005;-0.002;-0.002;0.002;0.005;0.024;0.015;0.007;0.034;0.01;0.02
3084;0.002;0.002;-0.005;0.002;-0.005;-0.002;0.002;0.007;0.024;0.015;0.01;0.034;0.01;0.024
3085;0;0;-0.01;0.007;-0.005;-0.002;0.002;0.005;0.022;0.012;0.007;0.032;0.007;0.015
3086;0.002;0.002;-0.005;0.002;-0.005;-0.002;0.002;0.005;0.027;0.015;0.01;0.037;0.01;0.022
3087;0;-0.002;-0.005;0.005;-0.005;-0.002;0.002;0.005;0.024;0.012;0.01;0.034;0.015;0.024
3088;0;0;0;0.005;-0.005;-0.002;0;0.005;0.022;0.012;0.007;0.037;0.007;0.02
3089;0;0;-0.005;0.007;-0.002;-0.002;0.002;0.002;0.024;0.012;0.01;0.034;0.007;0.02
3090;0;0;0;0.005;-0.002;-0.002;0.002;0.007;0.024;0.017;0.01;0.037;0.01;0.017
3091;0;0.002;-0.007;0.005;-0.002;-0.005;0;0.005;0.022;0.015;0.007;0.034;0.02;0.024
3092;0;0;-0.01;0.002;-0.005;-0.005;0;0.005;0.027;0.017;0.012;0.037;0.005;0.017
3093;0;0.002;-0.002;0.005;-0.002;-0.002;0;0.005;0.024;0.015;0.01;0.037;0.015;0.022
3094;0.002;0;-0.005;0.005;-0.005;-0.002;0;0.007;0.024;0.015;0.007;0.034;0.007;0.012
3095;0;0;-0.002;0.002;-0.002;-0.002;0;0.005;0.02;0.01;0.005;0.029;0.01;0.02
3096;0.002;0;-0.005;0.005;-0.002;-0.005;0;0.002;0.024;0.015;0.01;0.037;0.007;0.015
3097;0;0;-0.007;0.005;-0.002;-0.002;0.002;0.005;0.024;0.012;0.01;0.034;0.012;0.022
3098;0;-0.002;-0.01;0.002;-0.005;-0.002;0;0.007;0.024;0.015;0.01;0.034;0.007;0.017
3099;0;0;-0.005;0.002;-0.005;-0.002;0;0.007;0.022;0.012;0.007;0.034;0.01;0.02
3100;0;0;-0.007;0.005;-0.002;-0.002;0.002;0.005;0.024;0.015;0.01;0.034;0.01;0.022
3101;0.002;0;-0.005;0.002;-0.005;-0.005;0;0.005;0.022;0.015;0.007;0.037;0.007;0.015
3102;0.002;0;0;0.002;-0.005;-0.002;0;0.002;0.024;0.017;0.01;0.032;0.015;0.022
3103;0.002;0.002;-0.005;0.005;-0.002;-0.002;0;0.007;0.027;0.015;0.01;0.039;0.007;0.017
3104;0.002;0;-0.005;0.005;-0.005;-0.007;0;0.005;0.022;0.015;0.007;0.032;0.007;0.017
3105;0;0;-0.005;0.002;-0.002;0;0;0.005;0.024;0.015;0.01;0.037;0.017;0.024
3106;0;0;-0.005;0.005;-0.007;-0.002;0;0.007;0.024;0.017;0.01;0.034;0.002;0.017
3107;0.002;0;-0.005;0.002;-0.005;-0.005;0.002;0.005;0.022;0.015;0.01;0.034;0.007;0.017
3108;0;-0.002;-0.007;0.002;-0.002;-0.002;0;0.005;0.02;0.01;0.002;0.029;0.01;0.017
3109;0;0.002;-0.005;0.002;-0.005;-0.002;0;0.002;0.022;0.015;0.01;0.037;0.012;0.02
3110;0;0;-0.005;0.005;-0.005;-0.005;0;0.007;0.022;0.017;0.01;0.034;0.01;0.022
3111;0;0;-0.007;0.005;-0.002;0;0.002;0.007;0.027;0.012;0.01;0.034;0.01;0.017
3112;0.002;0;-0.002;0.002;-0.005;0;-0.002;0.002;0.022;0.012;0.007;0.032;0.012;0.024
3113;0.002;-0.002;-0.007;0.002;-0.007;-0.002;0;0.005;0.024;0.015;0.007;0.034;0.01;0.02
3114;0;0;-0.005;0.002;-0.005;-0.002;0;0.005;0.02;0.012;0.005;0.032;0.012;0.017
3115;0;0.002;-0.007;0.002;-0.005;0;0;0.002;0.024;0.015;0.01;0.034;0.007;0.024
3116;0.002;0;-0.002;0.005;-0.002;-0.002;0;0.005;0.022;0.012;0.007;0.032;0.007;0.017
3117;0.002;0;-0.005;0.005;-0.005;-0.002;0;0.005;0.024;0.017;0.007;0.034;0.015;0.022
3118;0;0;-0.005;0.002;-0.005;-0.002;0.002;0.005;0.022;0.012;0.01;0.032;0.005;0.02
3119;0.002;0;-0.01;0.002;-0.005;-0.002;0;0.005;0.027;0.015;0.01;0.037;0.01;0.024
3120;0;0;-0.005;0.005;-0.002;-0.005;0;0.005;0.024;0.012;0.007;0.034;0.01;0.022
3121;0.002;-0.002;-0.007;0.002;-0.005;-0.002;0.002;0.005;0.022;0.012;0.01;0.029;0.01;0.02
3122;0;0.002;-0.005;0.002;-0.002;-0.005;0;0.005;0.022;0.01;0.005;0.032;0.007;0.022
3123;0;0;-0.005;0.002;-0.005;-0.002;0.002;0.005;0.022;0.015;0.007;0.034;0.007;0.02
3124;0;0;-0.007;0.002;-0.007;-0.002;-0.002;0.005;0.024;0.012;0.007;0.037;0.005;0.02
3125;-0.002;-0.002;-0.005;0.002;-0.007;-0.002;0.002;0.005;0.024;0.017;0.012;0.037;0.012;0.02
3126;0.002;0;-0.007;0.002;-0.005;-0.005;0;0.005;0.022;0.015;0.007;0.032;0.01;0.02
3127;0.002;0.002;-0.007;0.002;-0.005;0;0;0.007;0.027;0.015;0.01;0.037;0.01;0.024
3128;0.002;0;-0.002;0.002;-0.005;-0.002;0;0.002;0.022;0.012;0.007;0.032;0;0.015
3129;0;0;0;0.002;-0.002;-0.002;0;0.007;0.024;0.012;0.007;0.032;0.022;0.027
3130;0.002;-0.002;-0.007;0.002;-0.005;-0.002;0;0.005;0.024;0.012;0.007;0.032;0.007;0.017
3131;-0.002;0;-0.007;0.002;-0.005;-0.002;0;0.002;0.027;0.015;0.01;0.032;0.01;0.024
3132;0.002;0.002;-0.002;0.005;-0.005;-0.005;0;0.005;0.024;0.017;0.007;0.037;0.017;0.027
3133;0;0;-0.007;0.005;-0.005;-0.002;0;0.005;0.024;0.015;0.01;0.032;0;0.015
3134;0;0;-0.005;0.005;-0.002;0;0;0.005;0.024;0.015;0.01;0.034;0.01;0.024
3135;0.002;0.002;-0.002;0.002;-0.005;-0.002;0;0.002;0.024;0.015;0.01;0.034;0.01;0.022
3136;0;0.002;-0.005;0.007;-0.005;-0.002;0;0.005;0.024;0.012;0.007;0.032;0.01;0.017
3137;0;0;-0.002;0.002;-0.002;-0.002;0;0.007;0.02;0.01;0.005;0.029;0.01;0.02
3138;0;0;-0.007;0.005;-0.005;-0.005;0.002;0.005;0.024;0.017;0.01;0.034;0.01;0.024
3139;0.002;0;-0.005;0.002;-0.002;0;0;0.007;0.024;0.012;0.01;0.034;0.01;0.02
3140;0;0.002;-0.007;0.005;-0.005;-0.005;0;0.005;0.024;0.015;0.01;0.034;0.01;0.017
3141;0;-0.002;-0.005;0.005;-0.005;0;0;0.005;0.022;0.012;0.007;0.032;0.01;0.02
3142;0.002;0.002;-0.002;0.002;-0.005;-0.002;0;0.005;0.022;0.015;0.01;0.034;0.007;0.017
3143;0.005;0;-0.005;0.005;-0.005;-0.002;0;0.007;0.024;0.012;0.007;0.034;0.005;0.017
3144;0.002;0.002;0;0.005;-0.002;-0.005;0;0.005;0.02;0.012;0.007;0.034;0.005;0.017
3145;0.005;0.002;-0.01;0.002;-0.007;0;0;0.002;0.027;0.015;0.01;0.037;0.012;0.022
3146;0.002;0;-0.002;0.007;-0.002;-0.005;0.002;0.005;0.027;0.015;0.007;0.032;0.01;0.02
3147;0.002;0.002;-0.002;0.005;-0.007;-0.002;0.002;0.005;0.024;0.015;0.007;0.032;0.02;0.027
3148;0.002;0;-0.002;0.002;-0.005;-0.002;0;0.005;0.022;0.015;0.007;0.032;0.005;0.015
3149;0.002;0.002;-0.007;0.002;-0.005;-0.002;0;0.005;0.027;0.015;0.012;0.034;0.007;0.022
3150;0;0.002;-0.002;0.005;-0.002;-0.005;0;0.002;0.024;0.015;0.012;0.032;0.01;0.022
3151;0;0;-0.002;0.002;-0.005;-0.002;0;0.005;0.024;0.012;0.007;0.034;0.012;0.022
3152;0.002;0;0;0.002;-0.002;-0.002;0.002;0.002;0.027;0.015;0.01;0.032;0.007;0.017
3153;0.002;0;-0.007;0.002;-0.002;-0.002;-0.002;0.007;0.022;0.012;0.007;0.032;0.012;0.02
3154;0;0;-0.005;0.002;-0.005;-0.005;0;0.005;0.024;0.017;0.01;0.034;0.012;0.022
3155;0.005;0;-0.005;0.005;-0.002;-0.005;0.002;0.002;0.024;0.015;0.007;0.037;0.015;0.02
3156;0.002;0.002;-0.01;0;-0.005;-0.002;0.005;0.007;0.029;0.015;0.012;0.037;0.007;0.022
3157;0;0;-0.002;0.005;-0.005;-0.002;0;0.007;0.02;0.012;0.005;0.029;0.01;0.017
3158;0.002;0;-0.002;0.002;-0.005;-0.002;0;0.005;0.024;0.015;0.01;0.034;0.005;0.02
3159;0;0;-0.007;0.002;-0.002;-0.002;0.002;0.007;0.024;0.017;0.007;0.034;0.01;0.022
3160;0;0;-0.007;0.005;-0.005;-0.005;0;0.005;0.024;0.015;0.01;0.034;0.01;0.02
3161;0.002;0;0;0.002;-0.002;0;0;0.007;0.022;0.015;0.007;0.034;0.01;0.02
3162;0.002;0.002;-0.002;0.002;-0.002;-0.005;0;0.002;0.024;0.015;0.007;0.032;0.01;0.02
3163;0;0;-0.005;0.005;-0.005;-0.005;0.002;0.007;0.024;0.015;0.007;0.032;0.007;0.02
3164;-0.002;-0.002;-0.002;0.005;-0.005;-0.002;0;0.002;0.022;0.015;0.007;0.034;0.017;0.024
3165;0.002;0;-0.002;0.005;-0.005;-0.005;0;0.005;0.024;0.012;0.007;0.034;0.005;0.017
3166;0;-0.002;-0.002;0.002;-0.005;-0.005;0;0.005;0.027;0.017;0.01;0.034;0.012;0.022
3167;0;0;-0.005;0.002;-0.002;-0.002;0;0.005;0.022;0.017;0.007;0.032;0;0.015
3168;0;0.002;-0.005;0.002;-0.005;-0.002;0.002;0.007;0.024;0.017;0.01;0.032;0.017;0.024
3169;0;-0.002;-0.005;0.005;-0.005;-0.002;0;0.005;0.024;0.015;0.007;0.037;0.002;0.02
3170;0;-0.002;-0.005;0.005;-0.002;-0.002;0.002;0.007;0.022;0.017;0.007;0.034;0.015;0.027
3171;-0.002;0;-0.007;0.002;-0.002;-0.002;0.002;0.007;0.024;0.017;0.01;0.034;0.012;0.022
3172;0.002;0;-0.005;0.002;-0.005;-0.002;0;0.005;0.024;0.017;0.007;0.034;0.005;0.017
3173;0.002;-0.002;-0.007;0;-0.005;-0.002;0.002;0.005;0.027;0.015;0.01;0.034;0.007;0.02
3174;0;0;-0.007;0.005;-0.002;-0.002;0.002;0.007;0.022;0.015;0.007;0.034;0.01;0.017
3175;0;-0.002;-0.005;0.002;-0.005;-0.002;0;0.005;0.022;0.015;0.007;0.029;0.012;0.022
3176;0;0.002;-0.005;0.005;-0.005;0;0;0.005;0.024;0.012;0.01;0.032;0.01;0.022
3177;0;0;-0.007;0;-0.005;-0.005;0;0.005;0.024;0.017;0.01;0.034;0.01;0.02
3178;0;-0.002;-0.007;0.002;-0.005;-0.002;0;0.002;0.024;0.012;0.01;0.032;0.005;0.015
3179;0;0;-0.005;0.002;-0.002;-0.002;0.002;0.005;0.024;0.017;0.007;0.032;0.012;0.02
3180;0;0;-0.007;0.005;-0.005;-0.002;0;0.005;0.024;0.017;0.01;0.037;0.01;0.022
3181;0.002;0;-0.005;0;-0.005;-0.002;0.002;0.002;0.024;0.017;0.007;0.032;0.007;0.02
3182;0.002;0;-0.005;0.002;-0.002;-0.005;0;0.005;0.024;0.017;0.01;0.037;0.012;0.02
3183;0;0;-0.002;0.005;-0.005;-0.005;0;0.002;0.022;0.015;0.01;0.032;0.01;0.022
3184;0.002;0;-0.005;0.005;-0.005;-0.005;0;0.002;0.024;0.015;0.007;0.032;0.01;0.02
3185;0;0;-0.005;0.002;-0.005;-0.002;0;0.007;0.022;0.015;0.01;0.034;0.01;0.02
3186;0.002;0;-0.007;0.005;-0.005;0;0;0.005;0.027;0.015;0.01;0.037;0.012;0.02
3187;0.002;-0.002;-0.002;0.002;-0.007;-0.007;0.002;0.005;0.02;0.012;0.01;0.032;0.007;0.02
3188;0.002;-0.002;-0.007;0.005;-0.002;-0.002;0.002;0.005;0.024;0.017;0.007;0.034;0.01;0.024
3189;0;0;0;0.002;-0.002;-0.002;0.002;0.005;0.022;0.015;0.007;0.032;0.007;0.022
3190;0.002;0;-0.007;0.005;-0.005;-0.005;0;0.005;0.029;0.02;0.012;0.037;0.007;0.022
3191;0.002;-0.005;-0.002;0.005;-0.002;-0.002;0.002;0.005;0.024;0.017;0.01;0.034;0.012;0.022
3192;0;0;-0.005;0.002;-0.002;-0.002;0;0.005;0.024;0.012;0.007;0.032;0.02;0.022
3193;0;0;-0.007;0.005;-0.002;-0.002;0;0.007;0.022;0.015;0.005;0.032;0.005;0.017
3194;0.002;0.002;-0.005;0.002;-0.005;-0.002;0;0.005;0.024;0.012;0.01;0.034;0.007;0.02
3195;0.002;0;-0.005;0.005;-0.005;-0.002;-0.002;0.005;0.024;0.015;0.01;0.037;0.012;0.022
3196;0.005;0;0;0.005;-0.002;-0.002;0.002;0.007;0.022;0.02;0.01;0.034;0.01;0.017
3197;0.002;0;-0.002;0.007;-0.005;-0.002;0;0.005;0.022;0.012;0.007;0.032;0.005;0.02
3198;0.005;0.002;-0.007;0.005;-0.005;-0.002;0.002;0.005;0.027;0.017;0.01;0.037;0.01;0.024
3199;0;0.002;-0.005;0.005;-0.002;-0.002;-0.002;0.002;0.022;0.012;0.007;0.032;0.015;0.022
3200;0.005;0.002;0;0.005;-0.005;-0.002;0.002;0.005;0.024;0.015;0.01;0.032;0.002;0.017
3201;0.005;0.002;-0.002;0.005;-0.007;-0.005;0.002;0.002;0.022;0.012;0.007;0.034;0.01;0.017
3202;0.005;0.002;-0.01;0.005;-0.002;-0.002;0.002;0.005;0.027;0.017;0.01;0.037;0.012;0.022
3203;0;0.002;-0.002;0.007;-0.005;-0.002;-0.002;0.002;0.02;0.012;0.005;0.027;0.015;0.02
3204;0.002;0;0;0.005;-0.002;-0.002;0.002;0.005;0.024;0.017;0.007;0.034;0.002;0.02
3205;0;0;-0.005;0.002;-0.007;-0.007;0.002;0.005;0.024;0.015;0.007;0.034;0.005;0.017
3206;0.005;0.002;-0.01;0.002;-0.005;0;0.002;0.005;0.024;0.015;0.007;0.034;0.007;0.02
3207;0.002;0;0;0.005;-0.005;-0.005;0;0.002;0.02;0.012;0.007;0.032;0.017;0.02
3208;0.002;0;-0.002;0.005;-0.002;-0.002;0;0.005;0.02;0.012;0.002;0.034;0.007;0.017
3209;0.005;0;0;0.007;-0.005;-0.005;0;0.007;0.022;0.015;0.007;0.034;0.007;0.017
3210;0.005;0;-0.005;0.005;-0.007;-0.005;0;0.005;0.02;0.01;0.005;0.029;0.015;0.024
3211;0.002;0.002;-0.005;0.005;-0.005;-0.005;0;0.002;0.024;0.015;0.007;0.034;0.002;0.017
3212;0.002;0;-0.002;0.002;-0.005;0;0.002;0.007;0.024;0.017;0.01;0.034;0.02;0.027
3213;0.002;0.002;-0.01;0.007;-0.002;-0.002;0;0.007;0.024;0.015;0.005;0.034;0.005;0.012
3214;0.005;0;-0.005;0.005;-0.005;-0.002;0;0.005;0.024;0.015;0.01;0.034;0.007;0.02
3215;0.005;0.002;-0.005;0.005;-0.005;-0.005;0;0.005;0.022;0.012;0.005;0.034;0.01;0.02
3216;0.005;0.002;-0.005;0.002;-0.005;-0.005;0;0.005;0.027;0.015;0.007;0.037;0.01;0.02
3217;0.005;0.002;-0.005;0.005;-0.005;0;0;0.005;0.022;0.012;0.005;0.034;0.007;0.02
3218;0.005;-0.002;-0.002;0.002;-0.002;-0.002;-0.002;0.002;0.024;0.015;0.01;0.034;0.01;0.017
3219;0;0.002;-0.007;0.002;-0.002;-0.002;0.002;0.005;0.024;0.015;0.007;0.034;0.012;0.02
3220;0;0;-0.005;0.005;-0.005;-0.005;0;0.005;0.02;0.015;0.007;0.032;0.012;0.017
3221;0.005;0.002;-0.01;0.005;-0.005;-0.005;0;0.005;0.027;0.017;0.01;0.039;0.005;0.022
3222;0;0.002;-0.002;0.005;-0.005;-0.002;0.002;0.005;0.022;0.012;0.005;0.029;0.015;0.02
3223;0;0;-0.002;0.005;-0.005;-0.005;0;0.002;0.022;0.015;0.005;0.032;0.012;0.024
3224;0.002;0.002;-0.005;0.002;-0.005;-0.005;0;0.007;0.022;0.015;0.01;0.037;0.017;0.024
3225;0.005;0;-0.007;0.002;-0.005;-0.002;0.002;0.005;0.027;0.017;0.01;0.037;0.007;0.02
3226;0.002;-0.002;-0.005;0.002;-0.005;-0.002;0;0.005;0.024;0.015;0.007;0.037;0.012;0.024
3227;0;0;-0.007;0.005;-0.002;-0.002;0;0.007;0.027;0.015;0.01;0.039;0.007;0.017
3228;0;0;-0.005;0.002;-0.005;-0.005;0;0.005;0.024;0.015;0.007;0.034;0.01;0.02
3229;0;-0.002;-0.005;0.002;-0.002;-0.005;0.002;0.005;0.027;0.017;0.007;0.037;0.005;0.015
3230;0;0;-0.01;0.005;-0.002;-0.002;0;0.007;0.024;0.015;0.01;0.037;0.012;0.015
3231;0;0.002;-0.005;0.005;-0.005;0;0;0.007;0.024;0.012;0.007;0.034;0.01;0.022
3232;0.005;0;-0.007;0.002;-0.005;-0.005;0;0.002;0.024;0.012;0.007;0.034;0.007;0.017
3233;0.002;-0.002;-0.007;0.005;-0.002;0;0.002;0.005;0.027;0.015;0.01;0.034;0.012;0.02
3234;0.002;-0.002;-0.007;0.002;-0.005;-0.005;0;0.005;0.022;0.01;0.007;0.034;0.007;0.017
3235;0.002;0;-0.007;0;-0.005;-0.002;0;0.002;0.024;0.015;0.01;0.032;0.01;0.02
3236;0.005;0;-0.002;0.005;-0.005;-0.005;0;0.002;0.024;0.015;0.007;0.032;0.005;0.015
3237;0;0.002;-0.002;0.002;-0.005;-0.005;0.002;0.005;0.024;0.017;0.012;0.037;0.01;0.02
3238;0.002;0;-0.005;0.005;-0.005;-0.005;0;0.005;0.027;0.015;0.01;0.037;0.012;0.02
3239;0.002;0;-0.005;0.005;-0.002;-0.002;0;0.005;0.024;0.015;0.01;0.032;0.007;0.02
3240;0.002;0;-0.002;0.005;-0.005;-0.002;0;0.005;0.024;0.015;0.007;0.032;0.005;0.02
3241;0.005;0;-0.002;0.002;-0.002;0;0;0.007;0.022;0.017;0.01;0.037;0.015;0.02
3242;0.002;0;-0.005;0.005;-0.005;-0.002;0;0.007;0.024;0.017;0.01;0.034;0.01;0.02
3243;0.005;0;-0.005;0.005;-0.005;0;0;0.007;0.022;0.015;0.007;0.032;0.007;0.02
3244;0.005;-0.002;0;0.005;-0.005;-0.005;0;0.005;0.029;0.022;0.01;0.037;0.012;0.02
3245;0.002;0.002;-0.007;0.002;-0.005;-0.002;0;0.005;0.029;0.017;0.012;0.034;0.01;0.022
3246;0;0;-0.005;0.002;-0.002;-0.005;0.002;0.005;0.022;0.015;0.007;0.032;0.007;0.02
3247;0.002;0;-0.007;0.005;-0.002;-0.002;0;0.007;0.027;0.017;0.01;0.034;0.012;0.024
3248;0.002;0.002;-0.005;0.005;-0.002;0;0.002;0.005;0.024;0.015;0.01;0.034;0.005;0.02
3249;0.002;0;-0.002;0.002;-0.005;-0.005;0;0.005;0.027;0.015;0.01;0.037;0.012;0.024
3250;0.005;0;-0.005;0.002;-0.002;-0.005;0;0.005;0.024;0.015;0.007;0.034;0.007;0.02
3251;0;0;-0.002;0.002;-0.005;-0.007;0;0.005;0.024;0.017;0.012;0.034;0.01;0.017
3252;0.002;0;-0.005;0.005;-0.005;-0.002;0;0.005;0.024;0.012;0.012;0.034;0.01;0.02
3253;0;0;-0.005;0.002;-0.007;-0.002;0;0.002;0.027;0.017;0.01;0.034;0.012;0.022
3254;0.002;0;-0.007;0.005;-0.002;-0.005;0;0.005;0.024;0.012;0.01;0.034;0.01;0.022
3255;0.002;0.002;-0.005;0.005;-0.002;-0.002;0.002;0.007;0.022;0.017;0.007;0.034;0.012;0.022
3256;0.002;0;-0.005;0.007;-0.005;-0.005;0.002;0.005;0.027;0.017;0.01;0.034;0.01;0.022
3257;0.005;0.002;-0.005;0.005;-0.005;-0.002;0;0.002;0.024;0.015;0.007;0.034;0.01;0.02
3258;0.005;0;0;0.002;-0.002;-0.005;0;0.005;0.024;0.012;0.01;0.037;0.01;0.022
3259;0.005;0;0;0.005;-0.007;-0.005;0;0.005;0.022;0.015;0.01;0.034;0.01;0.02
3260;0.002;0;-0.005;0.005;-0.005;-0.002;0;0.005;0.022;0.015;0.007;0.034;0.01;0.02
3261;0.002;0.002;0;0.002;-0.002;-0.005;0;0.005;0.024;0.015;0.007;0.037;0.012;0.02
3262;0.002;0;-0.007;0.005;-0.005;-0.002;0;0.005;0.022;0.012;0.007;0.032;0.012;0.02
3263;0.005;0;-0.005;0.005;-0.005;-0.005;0;0.005;0.022;0.015;0.007;0.032;0.005;0.02
3264;0.002;0.002;-0.005;0.002;-0.005;-0.002;0;0.005;0.022;0.017;0.007;0.034;0.015;0.024
3265;0.007;0;-0.002;0.005;-0.005;0;0;0.005;0.022;0.012;0.005;0.034;0.005;0.02
3266;0.005;0;-0.005;0.005;-0.002;-0.002;0;0.005;0.024;0.015;0.007;0.034;0.01;0.02
3267;0.005;0;-0.005;0.002;-0.007;-0.005;0;0.002;0.024;0.017;0.007;0.037;0.01;0.024
3268;0;0.002;-0.007;0.005;-0.002;-0.005;-0.002;0.005;0.022;0.015;0.005;0.032;0.01;0.022
3269;0.002;0;-0.007;0.005;-0.002;-0.002;0.002;0.007;0.024;0.015;0.01;0.039;0.01;0.024
3270;-0.002;0;-0.005;0.002;-0.002;-0.005;0;0.007;0.022;0.012;0.007;0.034;0.007;0.02
3271;0.002;0.002;-0.007;0.002;-0.005;-0.005;0.002;0.005;0.027;0.017;0.01;0.039;0.012;0.024
3272;0.002;0;-0.002;0.005;-0.005;0;0;0.002;0.051;0.042;0.037;0.063;0.044;0.044
3273;0.002;0;-0.002;0.005;-0.002;-0.002;0.002;0.005;0.032;0.022;0.015;0.044;0.005;0.024
3274;0.002;0;-0.002;0.005;-0.007;-0.002;0.002;0.007;0.027;0.02;0.012;0.039;0.027;0.029
3275;0.005;0;-0.005;0.005;-0.005;-0.002;0;0.005;0.02;0.012;0.005;0.032;0.01;0.02
3276;0.007;0.002;-0.007;0.002;-0.002;-0.002;0.002;0.005;0.024;0.017;0.007;0.037;0.007;0.017
3277;0.007;0;-0.01;0.002;-0.002;-0.005;0;0.005;0.022;0.015;0.01;0.037;0.007;0.02
3278;0.01;0;-0.005;0.002;-0.005;-0.005;0;0.005;0.024;0.012;0.01;0.037;0.01;0.02
3279;0.012;0;-0.005;0.002;-0.005;-0.002;0;0.007;0.024;0.012;0.01;0.037;0.007;0.022
3280;0.005;0;-0.005;0.005;-0.002;-0.002;0;0.005;0.02;0.01;0.007;0.032;0.012;0.02
3281;0;0.002;-0.005;0.005;-0.002;-0.002;0;0.007;0.022;0.015;0.01;0.037;0.01;0.02
3282;-0.005;0;-0.005;0.002;-0.002;-0.007;0.002;0.005;0.024;0.015;0.01;0.034;0.01;0.02
3283;-0.002;-0.002;-0.005;0.005;-0.002;-0.005;0;0.002;0.022;0.015;0.007;0.034;0.01;0.02
3284;0;0;-0.005;0.002;-0.005;-0.005;0;0.007;0.024;0.017;0.007;0.034;0.007;0.02
3285;0.005;0;-0.005;0.005;-0.002;-0.002;-0.002;0.002;0.022;0.015;0.007;0.034;0.007;0.02
3286;0.012;0;-0.005;0.002;-0.002;0;0;0.005;0.02;0.015;0.01;0.034;0.005;0.012
3287;0.01;0;-0.002;0.002;-0.002;-0.002;0;0.002;0.024;0.012;0.007;0.034;0.017;0.022
3288;0.007;0;-0.007;0.005;-0.002;-0.005;0.002;0.007;0.027;0.017;0.012;0.039;0.01;0.022
3289;-0.002;0;-0.002;0.007;-0.005;-0.002;0;0.002;0.017;0.007;0.002;0.027;0.012;0.012
3290;-0.002;0;-0.005;0.002;-0.007;-0.005;0.002;0.005;0.024;0.015;0.012;0.034;0.012;0.022
3291;0;0;-0.005;0.005;-0.005;-0.002;0;0.005;0.022;0.012;0.01;0.034;0.01;0.02
3292;0.002;0.002;-0.005;0.002;-0.005;-0.002;0;0.005;0.022;0.015;0.01;0.034;0.005;0.017
3293;0.012;0.002;-0.005;0.002;-0.002;-0.002;0;0.002;0.024;0.02;0.01;0.037;0.01;0.02
3294;0.01;0;-0.005;0.002;-0.005;-0.007;-0.002;0.007;0.024;0.015;0.01;0.034;0.015;0.022
3295;0.007;0;-0.007;0.002;-0.007;-0.005;-0.002;0.005;0.024;0.017;0.01;0.037;0.01;0.015
3296;-0.002;-0.002;-0.007;0.002;-0.005;-0.005;0;0.005;0.027;0.015;0.01;0.034;0.005;0.017
3297;-0.002;0.002;-0.007;0.005;-0.005;-0.005;0;0.005;0.027;0.015;0.012;0.042;0.012;0.024
3298;-0.002;0.002;-0.002;0.005;-0.005;-0.002;0;0.002;0.024;0.015;0.01;0.034;0.005;0.02
3299;-0.002;0.002;-0.002;0.005;-0.005;-0.002;0;0.005;0.02;0.01;0.005;0.032;0.007;0.015
3300;0.005;-0.002;-0.005;0.005;-0.002;-0.005;0;0.002;0.024;0.015;0.01;0.039;0.012;0.015
3301;0.002;0;-0.007;0;-0.005;-0.005;0;0.005;0.022;0.01;0.007;0.032;0.01;0.02
3302;0.01;0.002;-0.005;0.005;-0.002;-0.002;0;0.005;0.024;0.015;0.01;0.037;0.01;0.02
3303;0.005;0.002;-0.002;0.005;-0.005;0;0.002;0.005;0.022;0.02;0.012;0.037;0.007;0.015
3304;0.015;0;-0.005;0.005;-0.005;-0.005;0;0.005;0.022;0.015;0.01;0.034;0.015;0.02
3305;0.01;0;-0.005;0.002;-0.005;-0.005;0;0.005;0.022;0.017;0.01;0.034;0.007;0.017
3306;0.015;0.002;0;0.002;-0.002;-0.005;0.002;0.007;0.022;0.017;0.007;0.032;0.007;0.017
3307;0.007;0.002;-0.007;0.002;-0.007;-0.005;0;0.002;0.022;0.017;0.01;0.034;0.012;0.024
3308;-0.002;0.002;-0.007;0.005;-0.005;-0.002;0.002;0.005;0.022;0.015;0.007;0.034;0.01;0.022
3309;-0.01;0.002;-0.005;0.005;-0.007;-0.005;0.002;0.005;0.024;0.015;0.01;0.037;0.012;0.022
3310;-0.012;0.002;-0.005;0.005;-0.005;-0.005;0.002;0.005;0.022;0.012;0.005;0.032;0.005;0.017
3311;-0.012;0.002;-0.002;0.002;-0.005;-0.002;0;0.005;0.024;0.015;0.01;0.037;0.007;0.02
3312;-0.005;0.002;-0.002;0.007;-0.005;-0.005;0;0.005;0.024;0.017;0.005;0.032;0.01;0.017
3313;0.005;0;-0.005;0.005;-0.005;-0.002;0;0.005;0.024;0.015;0.01;0.034;0.01;0.022
3314;0.005;0.002;-0.005;0.005;-0.002;-0.002;0;0.002;0.024;0.015;0.012;0.037;0.007;0.017
3315;0.002;0;-0.005;0.002;-0.005;-0.002;0.002;0.005;0.024;0.015;0.01;0.034;0.007;0.02
3316;-0.002;0.002;-0.002;0.005;-0.002;-0.005;0;0.005;0.022;0.015;0.01;0.034;0.015;0.02
3317;-0.002;0;-0.005;0.005;-0.005;-0.002;0;0.005;0.027;0.015;0.01;0.034;0.007;0.022
3318;-0.005;0.002;-0.007;0.005;-0.002;-0.002;0;0.002;0.024;0.017;0.01;0.037;0.01;0.02
3319;0.012;0.002;-0.005;0.005;-0.005;-0.002;0.002;0.005;0.024;0.015;0.007;0.032;0.005;0.015
3320;0.024;0.002;-0.002;0.002;-0.002;-0.002;0;0.002;0.022;0.015;0.005;0.034;0.01;0.022
3321;0.027;0.005;-0.002;0.002;-0.005;-0.002;0.002;0.005;0.024;0.017;0.01;0.034;0.007;0.02
3322;0.02;0;-0.005;0.005;-0.002;-0.002;0;0.002;0.027;0.015;0.007;0.032;0.012;0.022
3323;0.015;0;-0.007;0.005;-0.002;-0.002;0;0.005;0.024;0.015;0.007;0.037;0.01;0.02
3324;0;-0.002;-0.005;0.002;-0.002;-0.002;0.002;0.005;0.022;0.015;0.007;0.034;0.007;0.02
3325;-0.01;0.002;-0.002;0.005;-0.005;-0.005;0;0.002;0.027;0.015;0.012;0.034;0.012;0.022
3326;-0.015;0;-0.005;0.005;-0.002;-0.002;0;0.005;0.024;0.017;0.007;0.032;0.01;0.017
3327;-0.012;0.002;-0.005;0.005;-0.005;-0.002;0;0.005;0.027;0.017;0.007;0.037;0.007;0.017
3328;-0.005;-0.002;-0.002;0.002;-0.005;-0.002;0;0.007;0.022;0.017;0.01;0.037;0.01;0.017
3329;0.005;0;-0.005;0.002;-0.005;-0.002;0.002;0.002;0.027;0.015;0.01;0.034;0.012;0.022
3330;0.005;0;0;0.005;-0.005;-0.002;0;0.002;0.024;0.017;0.007;0.034;0.01;0.022
3331;0.002;0;-0.002;0.005;-0.005;0;0;0.005;0.024;0.015;0.007;0.034;0.007;0.017
3332;0.007;0.002;-0.007;0.005;-0.002;-0.005;-0.002;0.005;0.029;0.017;0.007;0.037;0.02;0.022
3333;0.02;0.002;0;0.005;-0.002;-0.002;0;0.007;0.024;0.02;0.01;0.037;0.015;0.02
3334;0.029;0;0;0.005;-0.005;-0.005;0;0.005;0.02;0.012;0.007;0.032;0.007;0.012
3335;0.042;0.005;-0.01;0.005;-0.005;-0.002;0;0.005;0.027;0.017;0.01;0.037;0.01;0.024
3336;0.039;0.002;-0.002;0.002;-0.002;-0.002;0;0.005;0.022;0.017;0.007;0.034;0.012;0.015
3337;0.034;0;-0.007;0.005;-0.005;-0.002;0;0.005;0.022;0.015;0.005;0.034;0.007;0.017
3338;0.022;0.002;0;0.002;-0.005;-0.002;-0.002;0.005;0.027;0.02;0.012;0.037;0.002;0.02
3339;0.022;0.002;-0.005;0.002;-0.005;-0.002;0;0.005;0.024;0.017;0.01;0.037;0.007;0.017
3340;0.012;0.005;-0.007;0.005;-0.005;-0.002;0.002;0.005;0.024;0.015;0.01;0.034;0.01;0.02
3341;0;0.005;-0.007;0.002;-0.002;-0.002;0.002;0.005;0.029;0.015;0.01;0.037;0.015;0.024
3342;-0.007;0;-0.005;0.005;-0.005;-0.005;0;0.005;0.017;0.01;0.007;0.029;0.005;0.015
3343;0;0;-0.007;0.002;-0.005;-0.005;0;0.005;0.022;0.015;0.01;0.037;0.007;0.017
3344;-0.007;-0.005;-0.005;0.002;-0.002;-0.002;0;0.005;0.027;0.015;0.01;0.034;0.005;0.015
3345;0.002;-0.002;-0.002;0.002;-0.002;-0.002;0;0.005;0.022;0.015;0.01;0.037;0.01;0.017
3346;-0.005;0.002;-0.005;0.002;-0.005;-0.005;0;0.005;0.024;0.017;0.007;0.034;0.017;0.024
3347;0.017;0;-0.005;0.002;-0.005;-0.002;0.002;0.007;0.024;0.017;0.01;0.034;0.005;0.02
3348;-0.002;0;-0.002;0.005;-0.002;-0.002;-0.002;0.007;0.022;0.015;0.01;0.034;0.012;0.02
3349;0.005;0.005;-0.005;0.005;-0.005;-0.005;0;0.007;0.024;0.015;0.007;0.034;0.01;0.017
3350;-0.002;0;-0.007;0.002;-0.002;0;0;0.005;0.024;0.015;0.012;0.034;0.012;0.022
3351;0.007;0.002;-0.002;0;-0.002;-0.002;-0.002;0.005;0.024;0.015;0.012;0.037;0.007;0.022
3352;0.005;0;0;0;-0.005;-0.002;0;0.005;0.02;0.015;0.002;0.029;0.012;0.017
3353;-0.002;0;-0.002;0.002;-0.005;-0.002;0;0.005;0.02;0.015;0.007;0.032;0.005;0.02
3354;0.005;0;-0.012;0.002;-0.005;-0.002;0;0.005;0.027;0.02;0.015;0.039;0.015;0.027
3355;0.01;0;-0.005;0.005;-0.005;-0.005;0.002;0.007;0.017;0.01;0.002;0.029;0.017;0.017
3356;0.012;0;-0.007;0.005;-0.005;-0.005;0;0.007;0.027;0.02;0.012;0.039;-0.002;0.012
3357;0.015;0.005;-0.007;0.005;-0.005;-0.005;0;0.005;0.024;0.017;0.01;0.037;0.012;0.022
3358;0.017;-0.002;-0.005;0.002;-0.002;-0.005;0.002;0.005;0.024;0.015;0.01;0.037;0.007;0.022
3359;0.024;0;-0.005;0.002;-0.005;-0.002;0.002;0.005;0.017;0.012;0.007;0.034;0.007;0.017
3360;0.024;0.002;-0.002;0.002;-0.005;-0.002;-0.002;0.005;0.022;0.012;0.01;0.037;0.007;0.02
3361;0.027;0;-0.007;0.002;-0.002;-0.005;0.002;0.002;0.024;0.012;0.01;0.034;0.005;0.017
3362;0.029;0.002;-0.005;0.002;-0.005;-0.002;0.002;0.005;0.022;0.012;0.007;0.032;0.015;0.022
3363;0.034;0.002;-0.007;0.002;-0.005;-0.005;0.002;0.005;0.024;0.015;0.01;0.037;0.007;0.022
3364;0.029;-0.002;-0.002;0.005;-0.005;-0.002;0;0.005;0.022;0.012;0.005;0.032;0.01;0.017
3365;0.032;0.002;-0.005;0.002;-0.005;-0.002;0;0.005;0.02;0.015;0.01;0.034;0.012;0.02
3366;0.015;0;-0.002;0;-0.002;-0.002;-0.002;0.005;0.02;0.015;0.007;0.032;0.007;0.02
3367;0;0.002;-0.002;0.002;-0.007;-0.005;0;0.005;0.027;0.015;0.007;0.034;0.005;0.017
3368;-0.034;0;-0.005;0.005;-0.005;0;0;0.005;0.024;0.015;0.005;0.034;0.015;0.02
3369;-0.046;0.005;-0.007;0.002;-0.005;-0.005;0.002;0.005;0.029;0.015;0.015;0.039;0.012;0.027
3370;-0.059;0.002;0;0.005;-0.005;-0.005;0;0.002;0.02;0.01;0.005;0.029;0.005;0.017
3371;-0.046;0.002;-0.002;0.007;-0.005;-0.002;-0.002;0.005;0.017;0.01;0.002;0.029;0.007;0.017
3372;-0.034;0.007;-0.007;0.005;-0.002;-0.005;0;0.005;0.024;0.015;0.007;0.034;0.01;0.022
3373;-0.007;0.005;-0.005;0.005;-0.005;-0.005;0;0.005;0.024;0.015;0.01;0.037;0.017;0.024
3374;-0.002;0;-0.01;0.002;-0.005;-0.005;0;0.005;0.027;0.015;0.012;0.037;0;0.022
3375;0;0.002;-0.002;0.005;-0.002;-0.002;0;0.005;0.02;0.012;0.007;0.029;0.007;0.015
3376;0.007;0;-0.005;0.002;-0.005;-0.005;-0.002;0.005;0.024;0.015;0.007;0.034;0.007;0.02
3377;0.002;0.005;-0.002;0.005;-0.005;-0.005;0;0.002;0.024;0.017;0.01;0.037;0.012;0.024
3378;0.005;0.005;-0.005;0.002;-0.005;-0.002;0;0.005;0.024;0.017;0.012;0.037;0.012;0.022
3379;0.01;0;-0.005;0.005;-0.005;-0.002;0.002;0.007;0.027;0.015;0.012;0.034;0.01;0.024
3380;0.005;0.002;0;0.007;-0.005;-0.005;-0.002;0.005;0.02;0.015;0.007;0.029;0.01;0.02
3381;0.034;0;-0.002;0.002;-0.005;-0.002;0;0.007;0.024;0.015;0.007;0.034;0.012;0.02
3382;0.029;0.002;-0.007;0.005;-0.005;-0.005;0;0.005;0.024;0.015;0.007;0.034;0.01;0.022
3383;0.037;0.007;-0.007;0.005;-0.002;-0.005;0;0.002;0.024;0.017;0.01;0.034;0.015;0.027
3384;0.024;0.002;-0.002;0.005;-0.005;-0.002;0;0.005;0.022;0.012;0.005;0.029;0.002;0.012
3385;0.029;0.007;0;0.002;-0.005;-0.002;0.002;0.005;0.024;0.015;0.007;0.034;0.01;0.017
3386;0.029;0.002;-0.002;0.002;-0.007;-0.005;0;0.005;0.024;0.012;0.005;0.032;0.007;0.017
3387;0.039;0.005;-0.002;0.005;-0.005;-0.002;-0.002;0.005;0.024;0.017;0.007;0.034;0.007;0.017
3388;0.042;0.005;-0.005;0.002;-0.002;-0.002;0;0.005;0.027;0.015;0.01;0.032;0.015;0.022
3389;0.066;0.007;-0.005;0.002;-0.005;-0.002;0;0.002;0.024;0.012;0.007;0.034;0.002;0.015
3390;0.054;0.002;-0.007;0.002;-0.005;-0.005;0;0.007;0.032;0.017;0.012;0.039;0.01;0.024
3391;0.066;0;-0.005;0.005;-0.002;-0.007;0;0.005;0.02;0.012;0.007;0.032;0.012;0.017
3392;0.027;-0.005;0;0.005;-0.005;-0.005;0;0.005;0.022;0.015;0.01;0.034;0.005;0.017
3393;0.029;-0.002;-0.002;0.002;-0.005;-0.005;0;0.005;0.027;0.015;0.007;0.032;0.01;0.02
3394;0.005;-0.005;-0.005;0.002;-0.005;-0.005;0.002;0.005;0.024;0.015;0.01;0.034;0.007;0.017
3395;0.015;0.005;-0.005;0.002;-0.005;-0.002;-0.002;0.005;0.024;0.015;0.01;0.034;0.012;0.022
3396;0.01;0.005;-0.002;0.002;-0.005;-0.002;0;0.005;0.024;0.017;0.012;0.037;0;0.012
3397;0.002;-0.002;-0.005;0.002;-0.002;-0.005;0.002;0.002;0.024;0.015;0.01;0.034;0.01;0.02
3398;-0.012;0;-0.007;0.002;-0.007;-0.002;0;0.005;0.029;0.017;0.012;0.034;0.015;0.022
3399;-0.039;-0.005;0;0.005;-0.007;-0.005;0;0.005;0.02;0.012;0.007;0.029;0.007;0.017
3400;-0.061;0.005;-0.007;0.002;-0.005;-0.002;0;0.007;0.027;0.015;0.01;0.034;0.007;0.017
3401;-0.046;0;-0.002;0.002;-0.007;-0.002;0.002;0.005;0.024;0.012;0.01;0.034;0.01;0.02
3402;-0.029;0.005;-0.002;0.007;-0.002;-0.002;0.002;0.005;0.022;0.015;0.007;0.032;0.017;0.022
3403;-0.002;-0.005;-0.005;0.002;-0.005;-0.002;0.002;0.005;0.027;0.015;0.012;0.037;0.005;0.02
3404;0.02;-0.005;-0.005;0.005;-0.005;-0.005;0.002;0.005;0.024;0.015;0.01;0.034;0.01;0.017
3405;0.305;-0.002;-0.007;0.005;-0.002;-0.002;0;0.002;0.024;0.015;0.012;0.034;0.005;0.017
3406;0.72;0.005;-0.005;0.002;-0.005;-0.005;0;0.005;0.022;0.015;0.01;0.034;0.005;0.017
3407;0.906;0.002;-0.007;0.002;-0.005;-0.005;-0.002;0.005;0.027;0.015;0.01;0.034;0.012;0.017
3408;0.903;0.005;-0.005;0.005;-0.005;-0.005;0;0.005;0.022;0.017;0.01;0.034;0.005;0.017
3409;0.652;0;-0.007;0.005;-0.002;-0.002;0;0.005;0.024;0.017;0.007;0.037;0.017;0.017
3410;0.735;-0.002;-0.005;0.002;-0.005;-0.005;0;0.005;0.024;0.017;0.01;0.039;0.01;0.024
3411;0.593;-0.002;-0.002;0.005;-0.005;-0.005;-0.002;0.007;0.022;0.012;0.007;0.034;0.01;0.015
3412;0.667;-0.002;-0.007;0.002;-0.005;-0.005;-0.002;0.005;0.022;0.012;0.01;0.034;0.007;0.02
3413;0.496;0.002;-0.002;0.005;-0.007;-0.002;0;0.002;0.022;0.015;0.007;0.037;0.007;0.015
3414;0.315;0;-0.007;0.002;-0.005;-0.005;-0.002;0.002;0.027;0.017;0.01;0.039;0.01;0.022
3415;0.5;0.007;-0.005;0.005;-0.005;-0.005;-0.002;0.005;0.022;0.015;0.01;0.034;0.012;0.02
3416;0.447;0.007;0;0;-0.005;-0.002;-0.002;0.005;0.02;0.012;0.002;0.032;0.012;0.02
3417;0.508;0.012;-0.007;0.002;-0.002;-0.005;0;0.005;0.027;0.015;0.012;0.037;0.017;0.024
3418;0.242;0.01;-0.002;0.002;-0.005;-0.002;0.002;0.002;0.027;0.015;0.01;0.037;0.007;0.022
3419;0.544;0.007;-0.01;0.002;-0.002;-0.005;-0.002;0.005;0.024;0.015;0.01;0.034;0.02;0.024
3420;0.344;0.005;0;0.005;-0.002;-0.002;0;0.005;0.02;0.012;0.005;0.032;0.002;0.012
3421;0.427;0;-0.007;0.002;-0.005;-0.002;0;0.005;0.022;0.015;0.01;0.034;0.012;0.02
3422;0.303;0.002;-0.007;0.005;-0.007;-0.002;0;0.002;0.027;0.015;0.01;0.039;0.012;0.024
3423;0.527;0;-0.002;0.005;-0.005;0;0;0.005;0.02;0.012;0.005;0.032;0.015;0.02
3424;0.415;-0.007;-0.007;0.005;-0.002;-0.005;0;0.005;0.022;0.015;0.007;0.034;0.002;0.015
3425;0.32;-0.012;-0.002;0.007;-0.002;-0.005;0;0.005;0.022;0.015;0.01;0.037;0.01;0.017
3426;0.432;-0.01;0;0.005;-0.005;-0.005;0;0.007;0.022;0.012;0.007;0.032;0.01;0.02
3427;0.334;-0.007;-0.005;0.005;-0.007;-0.002;0;0.005;0.024;0.015;0.01;0.037;0.007;0.02
3428;0.356;-0.007;-0.005;0.005;-0.005;-0.002;0;0.005;0.022;0.015;0.01;0.037;0.01;0.022
3429;0.234;-0.002;-0.005;0.005;-0.005;-0.005;0.002;0.007;0.024;0.015;0.01;0.034;0.017;0.024
3430;0.342;-0.005;-0.005;0.005;-0.002;-0.005;0;0.002;0.024;0.017;0.012;0.039;0.005;0.015
3431;0.271;-0.012;-0.005;0.005;-0.005;-0.005;-0.002;0.005;0.027;0.015;0.01;0.034;0.01;0.022
3432;0.33;-0.002;-0.007;0.002;-0.005;-0.002;0.002;0.005;0.022;0.012;0.007;0.034;0.01;0.02
3433;0.3;0.005;-0.002;0.005;-0.005;-0.005;0;0.002;0.022;0.012;0.007;0.034;0.007;0.02
3434;0.342;0.005;-0.005;0.002;-0.005;-0.002;0.002;0.005;0.027;0.017;0.01;0.037;0.007;0.024
3435;0.393;-0.002;-0.002;0.005;-0.005;-0.005;0;0.005;0.02;0.012;0.005;0.032;0.01;0.02
3436;0.308;0.01;0;0.002;-0.007;-0.005;0;0.002;0.024;0.015;0.005;0.032;0.012;0.024
3437;0.298;0.002;-0.005;0.005;-0.005;-0.007;0;0.005;0.022;0.015;0.01;0.034;0.01;0.022
3438;0.322;0.007;-0.007;0.005;-0.002;-0.005;0;0.005;0.022;0.015;0.007;0.034;0.007;0.017
3439;0.41;0.002;-0.005;0.005;-0.005;-0.002;-0.002;0.002;0.024;0.017;0.007;0.034;0.017;0.027
3440;0.403;0.007;-0.007;0.002;-0.005;-0.002;0;0.005;0.024;0.015;0.005;0.037;0.007;0.02
3441;0.388;-0.002;-0.005;0.002;-0.005;-0.002;0;0.002;0.027;0.015;0.007;0.034;0.01;0.022
3442;0.381;0;-0.005;0.002;-0.005;-0.005;0;0.005;0.024;0.015;0.007;0.037;0.012;0.024
3443;0.352;0.007;-0.002;0.007;-0.005;-0.005;0.002;0.005;0.02;0.012;0.005;0.032;0.01;0.017
3444;0.332;0.02;0;0.005;-0.005;-0.005;0;0.005;0.022;0.015;0.01;0.034;0.005;0.02
3445;0.269;0.015;-0.002;0.005;-0.005;-0.002;0.002;0.005;0.024;0.015;0.01;0.034;0.012;0.022
3446;0.339;0.024;-0.002;0.005;-0.005;-0.002;0.002;0.002;0.024;0.017;0.01;0.034;0.007;0.022
3447;0.251;0.015;0;0.005;-0.002;-0.005;0.002;0.005;0.027;0.017;0.007;0.037;0.015;0.022
3448;0.247;0.012;-0.005;0.002;-0.005;-0.002;0;0.002;0.027;0.017;0.012;0.034;0;0.017
3449;0.259;0.01;-0.002;0.005;-0.002;-0.002;0;0.005;0.024;0.012;0.007;0.032;0.007;0.02
3450;0.286;0.007;-0.002;0.005;-0.007;-0.005;-0.002;0.005;0.024;0.015;0.007;0.034;0.015;0.024
3451;0.298;0.01;-0.005;0.005;-0.005;-0.002;0;0.005;0.027;0.017;0.01;0.032;0.005;0.02
3452;0.244;0.007;-0.007;0.005;-0.002;-0.002;0.002;0.005;0.027;0.015;0.007;0.034;0.01;0.02
3453;0.276;0.005;-0.007;0.002;-0.005;-0.002;0.002;0.005;0.027;0.015;0.01;0.037;0.007;0.02
3454;0.273;-0.005;-0.002;0.002;-0.002;-0.002;0.005;0.002;0.02;0.015;0.007;0.029;0.01;0.017
3455;0.3;-0.012;-0.005;0.005;-0.005;-0.002;0;0.002;0.024;0.012;0.007;0.034;0.007;0.02
3456;0.334;-0.007;-0.002;0.002;-0.005;-0.005;0;0.002;0.024;0.017;0.012;0.034;0.01;0.02
3457;0.303;-0.002;-0.005;0.005;-0.005;-0.002;0;0.002;0.024;0.012;0.007;0.034;0.007;0.017
3458;0.334;-0.002;-0.002;0.002;-0.002;-0.002;0;0.005;0.022;0.015;0.007;0.034;0.005;0.017
3459;0.3;0.007;-0.007;0.002;-0.002;-0.002;-0.002;0.005;0.024;0.015;0.01;0.032;0.01;0.02
3460;0.254;0.005;-0.002;0.005;-0.005;0;0;0.005;0.027;0.012;0.01;0.034;0.007;0.02
3461;0.225;0.012;-0.002;0.002;-0.002;-0.005;0;0.007;0.027;0.017;0.01;0.037;0.01;0.022
3462;0.266;0.01;-0.005;0;-0.005;-0.005;0;0.002;0.029;0.017;0.012;0.039;0.015;0.024
3463;0.232;0.002;-0.002;0.005;-0.005;-0.005;0;0.002;0.02;0.012;0.005;0.029;0.01;0.017
3464;0.212;0.005;-0.007;0.002;-0.005;-0.002;0.002;0.007;0.024;0.015;0.01;0.032;0.007;0.02
3465;0.239;0.002;-0.005;0.005;-0.007;-0.002;-0.002;0.005;0.022;0.015;0.007;0.034;0.012;0.022
3466;0.281;-0.007;-0.005;0.002;-0.005;-0.002;0;0.005;0.024;0.015;0.01;0.037;0.01;0.022
3467;0.295;-0.005;-0.005;0.005;-0.005;-0.002;-0.002;0.005;0.024;0.02;0.015;0.039;0.007;0.022
3468;0.281;0;-0.007;0.002;-0.002;-0.005;0;0.005;0.027;0.015;0.01;0.037;0.01;0.022
3469;0.334;-0.002;-0.002;0.005;-0.005;-0.005;0;0.005;0.02;0.015;0.007;0.032;0.002;0.015
3470;0.298;-0.01;-0.005;0.002;-0.005;-0.002;0.002;0.005;0.027;0.015;0.007;0.037;0.015;0.027
3471;0.315;-0.015;-0.005;0.002;-0.002;-0.005;0;0.002;0.02;0.012;0.007;0.032;0.01;0.02
3472;0.264;-0.012;-0.007;0.005;-0.002;0;0.002;0.005;0.022;0.012;0.01;0.032;0.002;0.015
3473;0.33;-0.012;-0.005;0.002;-0.002;-0.005;0;0.005;0.024;0.015;0.007;0.037;0.012;0.024
3474;0.315;-0.005;-0.005;0.002;-0.002;-0.005;0.002;0.005;0.024;0.015;0.01;0.032;0.012;0.02
3475;0.334;-0.002;-0.005;0.002;-0.005;-0.005;0;0.005;0.022;0.015;0.002;0.034;0.007;0.017
3476;0.312;0.007;-0.002;0.002;-0.002;0;0;0.005;0.024;0.015;0.007;0.032;0.01;0.022
3477;0.286;-0.005;-0.005;0.005;-0.005;-0.005;-0.002;0.002;0.024;0.015;0.01;0.034;0.012;0.02
3478;0.31;0.012;-0.007;0;-0.002;-0.002;0;0.002;0.022;0.012;0.007;0.032;0.01;0.02
3479;0.264;0;-0.002;0.005;-0.002;-0.002;0;0.005;0.022;0.015;0.01;0.032;0.012;0.022
3480;0.264;0.017;-0.007;0.002;-0.002;-0.002;0;0.005;0.029;0.017;0.012;0.037;0.007;0.024
3481;0.259;0;-0.005;0.002;-0.002;-0.002;0;0.005;0.02;0.015;0.005;0.032;0.01;0.02
3482;0.308;0.005;-0.002;0.002;-0.002;-0.005;0.002;0.005;0.024;0.015;0.01;0.032;0.01;0.02
3483;0.271;-0.005;-0.002;0;-0.005;-0.005;0;0.007;0.024;0.015;0.01;0.032;0.01;0.02
3484;0.261;-0.002;-0.005;0.002;-0.005;-0.005;0.002;0.005;0.024;0.015;0.01;0.037;0.01;0.02
3485;0.273;-0.005;-0.005;0.002;-0.005;-0.005;0.002;0.002;0.024;0.015;0.01;0.032;0.005;0.017
3486;0.291;-0.007;-0.005;0.005;-0.005;-0.002;0;0.002;0.024;0.012;0.01;0.034;0.007;0.02
3487;0.266;-0.007;0;0.002;-0.007;0;0;0.005;0.024;0.015;0.007;0.034;0.01;0.02
3488;0.254;-0.002;-0.005;0.005;-0.002;-0.005;0.002;0.005;0.024;0.017;0.01;0.037;0.01;0.02
3489;0.288;-0.005;-0.005;0.002;-0.002;-0.002;0;0.005;0.022;0.015;0.01;0.034;0.007;0.017
3490;0.259;0.005;0;0.005;-0.005;-0.005;0;0.005;0.022;0.012;0.007;0.032;0.015;0.022
3491;0.3;0.007;-0.007;0.002;-0.007;-0.005;-0.002;0.007;0.027;0.015;0.012;0.034;0.002;0.017
3492;0.259;0.01;-0.007;0.005;-0.005;-0.002;0.002;0.002;0.027;0.017;0.01;0.034;0.007;0.02
3493;0.278;0.015;0;0.005;-0.005;-0.002;0.002;0.005;0.024;0.017;0.007;0.034;0.02;0.024
3494;0.227;0.022;-0.007;0.002;-0.007;-0.005;0.002;0.002;0.027;0.017;0.01;0.034;0;0.022
3495;0.264;0.022;0;0.002;-0.002;-0.002;0.002;0.007;0.02;0.012;0.007;0.029;0.007;0.017
3496;0.251;0.027;-0.005;0.005;-0.005;-0.005;0;0.005;0.022;0.015;0.01;0.034;0.017;0.024
3497;0.269;0.015;-0.002;0.005;-0.002;-0.005;0.002;0.005;0.024;0.017;0.01;0.037;0.002;0.02
3498;0.293;0.012;-0.007;0.005;-0.007;-0.005;0;0.002;0.027;0.015;0.012;0.037;0.017;0.024
3499;0.295;0.002;0;0.005;-0.005;-0.002;0;0.005;0.022;0.015;0.007;0.032;0.002;0.017
3500;0.283;0.01;-0.002;0.002;-0.005;-0.005;0;0.005;0.024;0.015;0.01;0.034;0.01;0.02
3501;0.261;0.002;-0.005;0.005;-0.002;-0.002;0;0.002;0.022;0.017;0.007;0.037;0.01;0.022
3502;0.281;0.005;-0.005;0.005;-0.005;-0.002;0;0.005;0.024;0.012;0.01;0.032;0.017;0.027
3503;0.259;0.007;-0.002;0.002;-0.005;-0.002;0.002;0.005;0.024;0.017;0.007;0.034;0.005;0.017
3504;0.269;0.002;-0.005;0.005;-0.005;-0.002;0;0.005;0.022;0.015;0.007;0.034;0.01;0.022
3505;0.256;-0.002;-0.005;0.002;-0.005;-0.005;0;0.007;0.024;0.017;0.01;0.037;0.01;0.022
3506;0.271;-0.002;-0.005;0.005;-0.005;-0.005;-0.002;0.005;0.024;0.015;0.01;0.034;0.007;0.02
3507;0.254;0;-0.002;0.007;-0.002;-0.002;-0.002;0.005;0.022;0.015;0.01;0.034;0.01;0.022
3508;0.281;0.002;-0.005;0.002;-0.002;-0.002;0;0.007;0.024;0.015;0.01;0.032;0.007;0.022
3509;0.278;0;-0.007;0.005;-0.005;-0.002;0;0.007;0.027;0.02;0.015;0.039;0.012;0.024
3510;0.259;0.002;-0.002;0.002;0;-0.002;0.002;0.005;0.024;0.015;0.007;0.034;0.017;0.024
3511;0.251;-0.007;0;0.002;-0.005;-0.002;0.002;0.002;0.022;0.012;0.007;0.032;0.007;0.015
3512;0.271;-0.01;-0.002;0.005;-0.002;-0.002;0;0.002;0.024;0.015;0.007;0.034;0.01;0.022
3513;0.298;-0.017;0;0.005;-0.005;-0.005;0;0.002;0.02;0.015;0.005;0.034;0.007;0.02
3514;0.337;-0.015;-0.002;0.002;-0.005;-0.005;-0.002;0.002;0.027;0.017;0.012;0.037;0.015;0.024
3515;0.359;-0.015;-0.002;0;-0.005;-0.002;0;0.005;0.024;0.012;0.01;0.037;0.002;0.017
3516;0.317;-0.005;-0.005;0.005;-0.005;-0.005;0;0.007;0.024;0.012;0.01;0.032;0.017;0.024
3517;0.261;-0.012;-0.005;0.002;-0.007;-0.002;0.002;0.005;0.027;0.017;0.01;0.037;0.002;0.02
3518;0.229;-0.012;-0.002;0.005;-0.005;-0.005;0;0.007;0.017;0.012;0.005;0.032;0.01;0.02
3519;0.261;-0.007;-0.005;0.002;-0.002;-0.005;-0.002;0.005;0.022;0.012;0.005;0.032;0.01;0.02
3520;0.249;-0.012;0;0.002;-0.002;-0.005;0;0.005;0.024;0.017;0.01;0.037;0.007;0.022
3521;0.208;-0.002;-0.005;0.005;-0.002;-0.005;0.002;0.005;0.024;0.015;0.01;0.034;0.01;0.02
3522;0.19;0.005;-0.007;0.002;-0.007;-0.002;0;0.002;0.027;0.017;0.01;0.037;0.012;0.022
3523;0.217;0.015;-0.002;0.002;-0.005;-0.002;0;0.005;0.022;0.015;0.007;0.032;0.015;0.022
3524;0.208;0.007;-0.005;0;-0.002;-0.005;0;0.005;0.024;0.015;0.01;0.037;0.005;0.017
3525;0.205;0.015;-0.005;0.002;-0.005;-0.005;0.002;0.002;0.024;0.017;0.01;0.034;0.012;0.022
3526;0.181;0.012;-0.005;0.002;-0.005;-0.002;0;0.005;0.024;0.015;0.01;0.034;0.01;0.02
3527;0.227;0.017;-0.007;0.002;-0.002;-0.005;0;0.002;0.022;0.015;0.007;0.037;0.015;0.022
3528;0.249;0.01;-0.002;0.002;-0.005;-0.002;0;0.005;0.024;0.012;0.01;0.037;0.01;0.02
3529;0.234;0.015;-0.005;0.002;-0.002;-0.002;0;0.005;0.024;0.017;0.007;0.034;0.01;0.02
3530;0.234;0.005;0;0.005;-0.005;-0.005;0;0.002;0.024;0.015;0.01;0.037;0.01;0.02
3531;0.234;0.002;-0.007;0.002;-0.002;-0.005;0;0.002;0.024;0.015;0.007;0.037;0.01;0.02
3532;0.283;0;-0.002;0.005;-0.002;-0.002;0;0.005;0.022;0.015;0.007;0.034;0.01;0.02
3533;0.251;0.005;-0.005;0.002;-0.007;-0.005;0;0.005;0.022;0.012;0.01;0.037;0.017;0.022
3534;0.251;0.005;0;0.005;-0.002;-0.005;0;0.005;0.022;0.02;0.01;0.037;0.002;0.017
3535;0.232;0;-0.005;0.005;-0.005;-0.005;0;0.002;0.024;0.015;0.012;0.034;0.01;0.017
3536;0.256;0;-0.005;0.002;-0.005;-0.005;-0.002;0.002;0.024;0.015;0.01;0.037;0.007;0.02
3537;0.247;-0.002;-0.005;0.002;-0.005;-0.005;0;0.005;0.024;0.015;0.01;0.037;0.017;0.022
3538;0.251;-0.002;-0.005;0.005;-0.005;-0.002;0;0.005;0.024;0.015;0.007;0.037;0.005;0.017
3539;0.259;0.012;-0.007;0.002;-0.005;-0.005;0;0.007;0.027;0.017;0.012;0.039;0.012;0.022
3540;0.269;0.007;0;0.002;-0.002;-0.005;0;0.005;0.02;0.015;0.005;0.029;0.005;0.015
3541;0.271;0.002;-0.007;0.002;-0.002;-0.002;0;0.005;0.027;0.017;0.01;0.037;0.007;0.02
3542;0.278;0;-0.005;0.002;-0.005;-0.005;0;0.005;0.024;0.017;0.01;0.037;0.012;0.02
3543;0.269;-0.005;-0.005;0.005;-0.005;-0.002;0;0.002;0.024;0.02;0.01;0.034;0.015;0.022
3544;0.273;-0.005;-0.002;0.005;-0.005;-0.002;0;0.005;0.024;0.015;0.007;0.037;0.002;0.015
3545;0.256;0;-0.005;0.005;-0.002;-0.002;0;0.002;0.02;0.015;0.007;0.034;0.012;0.017
3546;0.247;0.007;-0.005;0.007;-0.002;-0.002;0;0.005;0.022;0.015;0.007;0.037;0.007;0.017
3547;0.244;-0.005;0;0.002;-0.002;-0.005;0;0.005;0.024;0.012;0.007;0.037;0.007;0.02
3548;0.249;0;-0.005;0.005;-0.002;-0.002;0.002;0.005;0.024;0.017;0.012;0.037;0.015;0.02
3549;0.229;0;-0.002;0.002;-0.005;-0.007;0;0.005;0.024;0.015;0.007;0.034;0.007;0.02
3550;0.229;-0.002;-0.005;0.005;-0.002;-0.005;-0.002;0.005;0.022;0.012;0.007;0.037;0.012;0.022
3551;0.227;-0.002;-0.002;0.005;-0.002;-0.005;0.002;0.005;0.027;0.017;0.007;0.037;0.007;0.02
3552;0.249;0.007;-0.005;0.002;-0.005;-0.005;0;0.005;0.024;0.015;0.01;0.032;0.007;0.015
3553;0.242;-0.002;-0.005;0.002;-0.005;-0.002;0;0.005;0.024;0.02;0.01;0.039;0.007;0.022
3554;0.244;0.002;-0.002;0.005;-0.007;-0.005;0;0.002;0.02;0.012;0.002;0.032;0.007;0.017
3555;0.264;-0.002;-0.002;0.002;-0.002;-0.005;0;0.002;0.022;0.012;0.005;0.034;0.017;0.017
3556;0.295;0;-0.005;0.005;-0.002;-0.005;-0.002;0.005;0.027;0.015;0.01;0.037;0.005;0.017
3557;0.305;-0.007;0;0.002;-0.002;-0.007;0;0.005;0.024;0.015;0.007;0.037;0.01;0.022
3558;0.286;-0.005;0;0.005;-0.005;-0.002;0;0.007;0.027;0.017;0.01;0.037;0.007;0.017
3559;0.276;-0.005;-0.002;0.005;-0.002;-0.005;0;0.005;0.027;0.015;0.007;0.037;0.012;0.027
3560;0.283;-0.012;-0.002;0.005;-0.002;-0.005;0;0.005;0.02;0.015;0.005;0.037;0.01;0.017
3561;0.283;-0.012;-0.002;0.005;-0.005;-0.005;0;0.007;0.027;0.017;0.01;0.037;0.01;0.02
3562;0.273;-0.002;0;0.002;-0.005;-0.002;0;0.007;0.024;0.015;0.005;0.037;0.005;0.015
3563;0.249;-0.002;-0.005;0.005;-0.002;-0.002;0;0.002;0.027;0.017;0.007;0.037;0.01;0.017
3564;0.237;-0.007;0;0.005;-0.005;-0.002;0;0.005;0.024;0.015;0.01;0.034;0.005;0.02
3565;0.266;-0.005;-0.005;0.005;-0.005;-0.002;0.002;0.005;0.024;0.02;0.01;0.037;0.02;0.024
3566;0.249;-0.002;0;0.002;-0.005;-0.005;0.002;0.005;0.024;0.017;0.007;0.034;0;0.015
3567;0.237;-0.007;-0.007;0.005;-0.005;-0.007;0;0.005;0.022;0.015;0.007;0.029;0.02;0.02
3568;0.212;-0.005;0;0.005;0;-0.002;0;0.007;0.024;0.02;0.012;0.037;0.002;0.015
3569;0.208;0.005;-0.002;0.005;-0.005;-0.002;0;0.005;0.027;0.017;0.012;0.034;0.015;0.022
3570;0.22;0;-0.002;0.005;-0.005;-0.002;-0.002;0.005;0.027;0.017;0.007;0.032;0.002;0.015
3571;0.225;0.01;-0.002;0.005;-0.005;-0.005;0;0.005;0.022;0.017;0.007;0.037;0.012;0.02
3572;0.222;0.015;-0.005;0.002;-0.005;-0.005;-0.002;0.005;0.022;0.017;0.01;0.039;0.007;0.02
3573;0.227;0.017;-0.005;0.005;-0.002;-0.005;0;0.002;0.027;0.015;0.012;0.037;0.01;0.02
3574;0.232;0.017;0;0.005;-0.002;-0.002;0;0.005;0.02;0.015;0.002;0.029;0.007;0.017
3575;0.227;0.02;-0.01;0.005;-0.005;-0.002;0;0.005;0.027;0.015;0.01;0.037;0.012;0.022
3576;0.225;0.027;0;0.005;-0.005;-0.002;0;0.005;0.022;0.015;0.007;0.029;0.007;0.017
3577;0.22;0.027;-0.01;0.007;-0.005;-0.005;0.002;0.005;0.024;0.017;0.007;0.034;0.017;0.022
3578;0.237;0.032;-0.005;0;-0.005;-0.005;0;0.005;0.024;0.017;0.012;0.034;0.002;0.017
3579;0.242;0.039;-0.005;0.002;-0.005;-0.002;0;0.005;0.022;0.015;0.01;0.032;0.017;0.02
3580;0.232;0.024;-0.007;0.002;-0.005;-0.002;0;0.005;0.022;0.012;0.007;0.032;0;0.017
3581;0.227;0.022;-0.005;0.002;-0.005;-0.005;0.002;0.002;0.022;0.015;0.007;0.034;0.012;0.02
3582;0.22;0.022;-0.005;0.002;-0.002;-0.002;0;0.002;0.024;0.015;0.01;0.034;0.012;0.022
3583;0.227;0.007;-0.002;0.005;-0.002;-0.002;0;0.007;0.024;0.015;0.012;0.034;0.01;0.02
3584;0.22;0.015;-0.005;0;-0.005;-0.002;0;0.005;0.024;0.017;0.01;0.034;0.01;0.02
3585;0.217;0.007;-0.007;0.002;-0.002;-0.002;0;0.005;0.024;0.015;0.007;0.034;0.01;0.02
3586;0.229;0.01;-0.007;0.002;-0.002;-0.002;0;0.002;0.027;0.02;0.007;0.034;0.005;0.02
3587;0.237;0.002;-0.002;0.005;-0.005;-0.002;0;0.007;0.024;0.015;0.01;0.034;0.01;0.022
3588;0.249;0;-0.007;0.002;-0.005;-0.005;0;0.005;0.024;0.017;0.01;0.037;0.01;0.02
3589;0.244;-0.007;-0.002;0.002;-0.002;-0.005;0;0.005;0.022;0.015;0.007;0.032;0.01;0.022
3590;0.264;-0.007;-0.005;0.002;-0.002;-0.005;0;0.002;0.024;0.015;0.01;0.034;0.01;0.022
3591;0.254;-0.012;-0.002;0;-0.007;-0.002;0.002;0.005;0.024;0.015;0.01;0.034;0.01;0.02
3592;0.261;-0.01;-0.005;0.002;-0.007;-0.002;0;0.002;0.022;0.015;0.007;0.032;0.005;0.02
3593;0.261;-0.012;-0.005;0.005;-0.005;-0.002;0.002;0.005;0.024;0.015;0.007;0.034;0.01;0.017
3594;0.293;-0.017;-0.002;0.002;-0.005;-0.002;0;0.002;0.022;0.015;0.01;0.034;0.012;0.022
3595;0.315;-0.02;-0.002;0.002;-0.005;-0.002;0;0.007;0.024;0.017;0.01;0.034;0.007;0.02
3596;0.293;-0.024;-0.005;0.002;-0.005;-0.002;0;0.005;0.024;0.015;0.01;0.034;0.005;0.02
3597;0.261;-0.024;-0.002;0.005;-0.005;-0.002;0.002;0.005;0.022;0.015;0.007;0.034;0.012;0.02
3598;0.266;-0.024;-0.005;0.002;-0.005;-0.002;0.002;0.005;0.024;0.015;0.01;0.037;0.01;0.022
3599;0.273;-0.012;-0.005;0.005;-0.002;-0.002;-0.002;0.007;0.02;0.012;0.007;0.032;0.01;0.022
3600;0.269;-0.007;-0.002;0.005;-0.005;-0.005;0;0.005;0.027;0.015;0.01;0.039;0.007;0.02
3601;0.259;-0.007;-0.002;0.002;-0.005;-0.002;0.002;0.005;0.024;0.017;0.01;0.039;0.012;0.022
3602;0.244;0.01;-0.007;0.005;-0.002;-0.005;0;0.005;0.027;0.017;0.01;0.034;0.012;0.024
3603;0.225;0.007;0;0.002;-0.002;-0.002;0;0.007;0.022;0.015;0.005;0.032;0.007;0.015
3604;0.227;0.022;-0.005;0.002;-0.005;-0.002;-0.002;0.005;0.02;0.012;0.005;0.029;0.01;0.022
3605;0.227;0.024;-0.002;0.005;-0.002;-0.002;0.002;0.005;0.024;0.015;0.01;0.034;0.01;0.022
3606;0.232;0.027;-0.005;0.002;-0.002;0;0;0.007;0.024;0.02;0.012;0.039;0.017;0.024
3607;0.22;0.024;-0.002;0.005;-0.005;-0.002;0;0.005;0.027;0.017;0.012;0.037;0.005;0.02
3608;0.237;0.02;0;0.002;-0.005;-0.002;0;0.002;0.024;0.015;0.007;0.032;0.007;0.017
3609;0.225;0.027;0;0.007;-0.005;-0.005;0;0.002;0.02;0.012;0.007;0.029;0.007;0.017
3610;0.229;0.015;-0.002;0.005;-0.002;-0.002;0.002;0.005;0.027;0.015;0.01;0.037;0.007;0.022
3611;0.234;0.015;-0.002;0.005;-0.005;-0.005;0.002;0.007;0.024;0.015;0.007;0.032;0.017;0.024
3612;0.254;0.012;-0.005;0.005;-0.002;-0.002;0;0.005;0.022;0.015;0.01;0.034;0.007;0.02
3613;0.259;0.01;-0.002;0.007;-0.005;-0.005;0.002;0.005;0.024;0.015;0.012;0.037;0.002;0.02
3614;0.239;0.007;-0.002;0.005;-0.005;-0.002;0;0.002;0.02;0.012;0.007;0.034;0.012;0.022
3615;0.237;0.01;-0.002;0.005;-0.005;-0.002;0;0.007;0.022;0.015;0.007;0.034;0.012;0.02
3616;0.234;0.007;0;0.005;-0.002;-0.002;0;0.005;0.022;0.015;0.01;0.037;0.007;0.022
3617;0.239;0.007;-0.002;0.005;-0.005;-0.005;-0.002;0.005;0.024;0.015;0.007;0.032;0.012;0.02
3618;0.247;-0.005;-0.002;0.005;-0.005;-0.005;0;0.002;0.022;0.015;0.007;0.032;0.01;0.022
3619;0.242;-0.005;-0.005;0.002;-0.005;-0.005;0;0.005;0.024;0.017;0.01;0.032;0.017;0.027
3620;0.239;-0.012;-0.005;0.005;-0.005;-0.002;0;0.002;0.024;0.017;0.007;0.037;0.002;0.02
3621;0.234;-0.017;-0.002;0.007;-0.005;-0.005;0;0.005;0.022;0.015;0.007;0.032;0.005;0.017
3622;0.227;-0.024;-0.005;0.002;-0.002;-0.005;0.002;0.007;0.024;0.015;0.01;0.029;0.01;0.022
3623;0.22;-0.02;-0.002;0.005;-0.002;-0.002;0;0.005;0.024;0.015;0.01;0.034;0.01;0.02
3624;0.215;0.061;-0.002;0.002;-0.005;-0.002;0;0.005;0.024;0.015;0.01;0.034;0.01;0.02
3625;0.212;0.134;-0.005;0.005;-0.005;-0.005;0;0.005;0.024;0.017;0.007;0.034;0.012;0.02
3626;0.2;0.256;-0.005;0.005;-0.005;-0.002;0;0.005;0.022;0.017;0.01;0.034;0.01;0.02
3627;0.198;0.322;-0.005;0.005;-0.005;-0.005;0;0.007;0.024;0.017;0.01;0.037;0.012;0.02
3628;0.193;0.374;-0.002;0.005;-0.002;-0.005;0.002;0.007;0.024;0.017;0.01;0.034;0.007;0.022
3629;0.205;0.376;-0.002;0.005;-0.005;-0.002;0;0.002;0.022;0.015;0.007;0.032;0.015;0.024
3630;0.2;0.393;-0.005;0.002;-0.005;-0.002;0.002;0.005;0.027;0.015;0.01;0.037;0.01;0.02
3631;0.2;0.381;-0.007;0.007;-0.005;-0.005;0;0.007;0.024;0.017;0.01;0.037;0.01;0.015
3632;0.195;0.403;-0.002;0.005;-0.002;0;0.002;0.005;0.024;0.015;0.01;0.034;0.01;0.02
3633;0.203;0.396;-0.005;0.005;-0.005;-0.005;0;0.005;0.024;0.015;0.01;0.034;0.012;0.022
3634;0.198;0.417;-0.005;0.005;-0.005;-0.005;0;0.005;0.024;0.017;0.01;0.037;0.007;0.022
3635;0.2;0.413;-0.002;0.005;-0.002;-0.002;0;0.007;0.022;0.015;0.01;0.032;0.007;0.017
3636;0.186;0.417;-0.005;0.002;-0.005;-0.005;0;0.005;0.024;0.015;0.007;0.037;0.01;0.022
3637;0.193;0.405;-0.002;0.005;-0.005;-0.002;0;0.005;0.029;0.02;0.012;0.039;0.005;0.02
3638;0.181;0.403;-0.005;0.002;-0.007;-0.005;0;0.002;0.027;0.017;0.01;0.037;0.007;0.02
3639;0.176;0.388;-0.002;0.005;-0.005;-0.005;0;0.002;0.024;0.017;0.012;0.037;0.007;0.022
3640;0.181;0.398;-0.007;0.002;-0.002;-0.005;0;0.005;0.024;0.015;0.01;0.034;0.007;0.017
3641;0.188;0.391;0;0.002;-0.005;-0.002;0;0.005;0.022;0.012;0.005;0.032;0.01;0.02
3642;0.188;0.413;-0.007;0.005;-0.005;-0.002;0;0.005;0.024;0.017;0.007;0.034;0.01;0.02
3643;0.19;0.381;-0.005;0.005;-0.002;-0.002;0.002;0.005;0.024;0.015;0.01;0.034;0.01;0.022
3644;0.2;0.435;-0.005;0.002;-0.005;-0.005;0;0.005;0.022;0.015;0.007;0.037;0.017;0.022
3645;0.22;0.386;-0.002;0.002;-0.005;-0.002;0;0.005;0.022;0.015;0.01;0.034;0.002;0.017
3646;0.222;0.432;-0.002;0.005;-0.005;-0.002;0.002;0.005;0.027;0.015;0.01;0.034;0.01;0.02
3647;0.208;0.41;-0.005;0.005;-0.005;0;0;0.005;0.022;0.017;0.01;0.032;0.005;0.02
3648;0.195;0.425;-0.007;0.005;-0.002;-0.002;0;0.002;0.024;0.015;0.01;0.034;0.01;0.017
3649;0.188;0.43;-0.002;0;-0.005;-0.005;0;0.005;0.024;0.017;0.007;0.034;0.007;0.022
3650;0.178;0.432;0;0.002;-0.002;-0.002;0;0.005;0.02;0.012;0.005;0.027;0.007;0.02
3651;0.166;0.405;-0.007;0.002;-0.002;-0.002;-0.002;0.002;0.027;0.015;0.007;0.034;0.01;0.024
3652;0.168;0.437;0;0.002;-0.002;-0.005;0;0.002;0.022;0.017;0.01;0.032;0.007;0.02
3653;0.173;0.393;-0.007;0.005;-0.005;-0.005;0;0.005;0.027;0.015;0.01;0.034;0.017;0.027
3654;0.171;0.422;-0.005;0.002;-0.002;-0.002;0.002;0.005;0.027;0.017;0.015;0.037;0.002;0.024
3655;0.183;0.391;-0.002;0.005;-0.005;-0.005;0;0.005;0.02;0.01;0.007;0.029;0.012;0.015
3656;0.19;0.42;-0.005;0.005;-0.005;-0.002;0;0.005;0.022;0.017;0.01;0.034;0.005;0.02
3657;0.208;0.386;0;0.002;-0.005;-0.002;0;0.005;0.027;0.015;0.01;0.034;0.007;0.022
3658;0.208;0.388;-0.005;0.002;-0.005;-0.002;0.002;0.005;0.022;0.017;0.01;0.037;0.01;0.017
3659;0.208;0.4;-0.005;0.005;-0.005;-0.005;0;0;0.024;0.017;0.01;0.034;0.007;0.02
3660;0.212;0.383;-0.007;0.005;-0.002;-0.002;0;0.005;0.027;0.02;0.01;0.037;0.015;0.024
3661;0.22;0.391;-0.005;0.002;-0.002;-0.002;0.002;0.002;0.027;0.017;0.007;0.034;0.002;0.02
3662;0.21;0.374;-0.005;0.005;-0.002;-0.002;0;0.005;0.022;0.015;0.007;0.032;0.012;0.02
3663;0.203;0.371;-0.007;0.002;-0.005;-0.005;0;0.005;0.027;0.015;0.01;0.034;0.007;0.02
3664;0.195;0.359;-0.005;0.002;-0.002;-0.002;-0.002;0.005;0.024;0.015;0.007;0.034;0.01;0.02
3665;0.19;0.374;-0.005;0.005;-0.005;-0.002;0;0;0.024;0.015;0.01;0.034;0.01;0.02
3666;0.183;0.354;-0.002;0.005;-0.005;-0.002;0.002;0.005;0.02;0.017;0.007;0.034;0.015;0.027
3667;0.181;0.378;-0.007;0.005;-0.005;-0.005;0.002;0.005;0.029;0.017;0.012;0.037;0.01;0.024
3668;0.176;0.334;0;0.002;-0.005;-0.007;0;0.005;0.02;0.012;0.005;0.034;0.01;0.017
3669;0.171;0.378;-0.005;0.005;-0.002;-0.002;0.002;0.002;0.024;0.017;0.01;0.034;0.007;0.022
3670;0.161;0.334;-0.002;0.005;-0.005;-0.005;0;0.002;0.024;0.017;0.005;0.034;0.01;0.022
3671;0.161;0.364;-0.005;0.005;-0.002;-0.002;0;0.005;0.024;0.015;0.012;0.034;0.017;0.022
3672;0.159;0.349;0;0.002;-0.005;-0.005;0;0.002;0.027;0.017;0.01;0.034;0.002;0.017
3673;0.178;0.352;0;0.005;-0.005;-0.005;0.002;0.005;0.022;0.015;0.007;0.034;0.01;0.017
3674;0.208;0.344;0;0.005;-0.005;-0.005;0.002;0.005;0.027;0.012;0.01;0.037;0.007;0.022
3675;0.232;0.342;0;0.005;-0.005;-0.002;0.002;0.005;0.024;0.017;0.01;0.034;0.015;0.024
3676;0.239;0.342;-0.002;0.005;-0.005;0;0.002;0.005;0.024;0.017;0.01;0.034;0.01;0.02
3677;0.249;0.339;0;0.005;-0.002;-0.005;0;0.005;0.022;0.017;0.01;0.034;0.007;0.017
3678;0.266;0.352;-0.005;0.002;-0.002;0;0;0.007;0.024;0.017;0.007;0.034;0.007;0.017
3679;0.269;0.337;0.002;0.002;-0.005;-0.002;0;0.005;0.024;0.015;0.007;0.034;0.005;0.017
3680;0.269;0.352;-0.007;0.002;-0.007;-0.002;0;0.002;0.027;0.015;0.01;0.037;0.015;0.024
3681;0.276;0.33;-0.002;0.005;-0.005;-0.005;-0.002;0.002;0.024;0.017;0.007;0.034;0.005;0.017
3682;0.269;0.361;-0.005;0.002;-0.005;-0.005;0;0.005;0.027;0.017;0.012;0.032;0.015;0.024
3683;0.264;0.347;-0.002;0.005;-0.002;-0.002;0.002;0.005;0.027;0.015;0.01;0.034;0.005;0.02
3684;0.249;0.371;-0.002;0.005;-0.005;0;0;0.005;0.027;0.015;0.012;0.034;0.01;0.022
3685;0.251;0.344;0;0.005;-0.005;-0.002;0;0.005;0.022;0.012;0.005;0.032;0.01;0.015
3686;0.239;0.381;-0.005;0.002;-0.005;0;0;0.005;0.027;0.02;0.012;0.037;0.01;0.022
3687;0.217;0.371;-0.005;0.002;-0.002;-0.002;0;0.005;0.022;0.012;0.007;0.034;0.01;0.02
3688;0.203;0.388;-0.01;0.002;-0.005;-0.002;0.002;0.002;0.027;0.015;0.01;0.034;0.017;0.027
3689;0.212;0.405;-0.002;0.002;-0.005;-0.005;0;0.005;0.022;0.017;0.007;0.032;0.005;0.015
3690;0.205;0.403;-0.01;0.005;-0.005;-0.002;0;0.002;0.024;0.017;0.01;0.037;0.01;0.02
3691;0.215;0.41;-0.002;0.002;-0.002;-0.005;0.002;0.005;0.027;0.017;0.01;0.032;0.01;0.02
3692;0.186;0.459;-0.002;0.002;-0.002;-0.005;0;0.005;0.024;0.015;0.01;0.034;0.007;0.017
3693;0.2;0.562;-0.007;0.005;-0.005;-0.005;0;0.005;0.022;0.017;0.012;0.034;0.01;0.022
3694;0.181;0.596;-0.005;0.005;-0.002;-0.002;0;0.005;0.024;0.015;0.012;0.037;0.007;0.02
3695;0.168;0.601;-0.002;0.002;-0.005;-0.002;0;0.005;0.027;0.015;0.007;0.034;0.01;0.017
3696;0.151;0.562;0.002;0.002;-0.005;-0.005;0;0.002;0.024;0.017;0.01;0.034;0.007;0.02
3697;0.164;0.513;-0.002;0.002;-0.002;-0.002;0;0.007;0.027;0.017;0.01;0.037;0.01;0.017
3698;0.178;0.576;-0.002;0.005;-0.005;-0.007;0;0.002;0.024;0.015;0.01;0.034;0.005;0.017
3699;0.171;0.476;-0.002;0.002;-0.005;-0.005;-0.002;0.005;0.024;0.015;0.01;0.032;0.012;0.02
3700;0.173;0.566;-0.002;0.005;-0.002;-0.002;0;0.002;0.027;0.017;0.012;0.037;0.005;0.02
3701;0.176;0.413;-0.005;0.002;-0.002;-0.002;0.002;0.005;0.024;0.012;0.012;0.034;0.005;0.015
3702;0.186;0.554;-0.007;0.002;-0.005;-0.005;0;0.005;0.029;0.015;0.01;0.037;0.01;0.02
3703;0.186;0.381;0;0.002;-0.005;-0.005;0;0.005;0.02;0.015;0.007;0.032;0.005;0.015
3704;0.193;0.598;-0.005;0.005;-0.005;-0.005;0;0.005;0.027;0.017;0.012;0.037;0.01;0.017
3705;0.2;0.378;-0.005;0.002;-0.002;-0.002;0.002;0.005;0.024;0.015;0.01;0.034;0.007;0.015
3706;0.198;0.61;-0.005;0.002;-0.002;-0.005;-0.002;0.002;0.024;0.015;0.007;0.037;0.015;0.022
3707;0.193;0.374;-0.007;0.002;-0.005;-0.005;0.002;0.005;0.029;0.017;0.01;0.037;0.002;0.015
3708;0.2;0.549;-0.01;0.005;-0.005;-0.002;0;0;0.027;0.017;0.01;0.034;0.012;0.02
3709;0.205;0.408;-0.01;0.002;-0.002;-0.005;0;0.005;0.027;0.017;0.012;0.037;0.01;0.024
3710;0.195;0.522;-0.005;0.005;-0.005;-0.002;0;0.002;0.022;0.015;0.005;0.034;0.01;0.015
3711;0.176;0.449;-0.005;0.002;-0.002;-0.002;0.002;0.002;0.024;0.017;0.01;0.037;0.01;0.02
3712;0.176;0.503;-0.005;0.002;-0.005;-0.002;0;0.002;0.027;0.017;0.01;0.037;0.01;0.02
3713;0.186;0.415;-0.007;0.005;-0.005;-0.005;0;0.005;0.024;0.017;0.01;0.037;0.012;0.02
3714;0.183;0.493;-0.002;0.005;-0.002;-0.002;0;0.005;0.024;0.015;0.01;0.034;0.012;0.02
3715;0.166;0.425;-0.002;0.005;-0.002;-0.005;0;0.002;0.027;0.017;0.01;0.037;0.007;0.017
3716;0.161;0.449;0;0.002;-0.005;-0.005;0.002;0.005;0.029;0.024;0.012;0.039;0.007;0.017
3717;0.164;0.5;0;0.005;-0.002;-0.007;0.002;0.005;0.024;0.012;0.01;0.037;0.007;0.017
3718;0.159;0.386;0;0;-0.005;-0.002;0;0.005;0.024;0.017;0.01;0.037;0.007;0.017
3719;0.149;0.466;-0.002;0.005;-0.005;-0.005;0.002;0.002;0.024;0.017;0.012;0.037;0.02;0.024
3720;0.168;0.371;-0.002;0.002;-0.005;-0.002;0;0.005;0.027;0.017;0.012;0.037;0.007;0.02
3721;0.176;0.425;-0.002;0.002;-0.002;-0.005;0.002;0.005;0.024;0.015;0.01;0.034;0.01;0.017
3722;0.19;0.33;-0.002;0.002;-0.002;-0.002;0;0.005;0.024;0.017;0.01;0.037;0;0.015
3723;0.186;0.425;-0.002;0.002;-0.002;-0.005;0.002;0.005;0.024;0.015;0.007;0.034;0.007;0.017
3724;0.195;0.337;-0.005;0.002;-0.005;-0.005;0;0.005;0.027;0.017;0.012;0.039;0.01;0.02
3725;0.195;0.415;0;0;-0.002;-0.005;0.002;0.005;0.024;0.015;0.01;0.039;0.007;0.017
3726;0.186;0.344;-0.002;0.005;-0.005;-0.005;0;0.005;0.027;0.015;0.012;0.034;0.01;0.022
3727;0.19;0.393;-0.002;0.005;-0.005;-0.002;0;0.002;0.024;0.012;0.007;0.037;0.01;0.02
3728;0.198;0.327;-0.007;0.005;-0.002;-0.002;0;0.005;0.024;0.015;0.007;0.034;0.015;0.022
3729;0.203;0.388;-0.005;0.005;-0.005;-0.005;0;0.005;0.027;0.015;0.007;0.034;0.002;0.012
3730;0.225;0.31;-0.005;0.005;-0.005;-0.002;0;0.005;0.024;0.015;0.007;0.037;0.007;0.02
3731;0.234;0.391;-0.007;0.005;-0.005;-0.005;0.002;0.007;0.024;0.015;0.01;0.034;0.01;0.017
3732;0.22;0.347;-0.005;0.005;-0.005;-0.005;0;0.005;0.022;0.015;0.01;0.037;0.01;0.02
3733;0.212;0.359;-0.002;0.005;-0.005;-0.005;0;0.002;0.024;0.015;0.01;0.039;0.007;0.02
3734;0.212;0.386;-0.005;0.005;-0.005;-0.002;0;0.005;0.024;0.017;0.01;0.037;0.012;0.022
3735;0.22;0.347;-0.002;0.005;-0.007;-0.002;0;0.005;0.022;0.017;0.007;0.037;0.007;0.017
3736;0.22;0.398;0;0.005;-0.005;-0.005;0.002;0.005;0.027;0.017;0.01;0.037;0.012;0.017
3737;0.215;0.334;0.002;0.005;-0.005;-0.005;0;0.005;0.024;0.017;0.012;0.037;0.007;0.02
3738;0.217;0.417;0.002;0.007;-0.002;-0.002;0.002;0.002;0.022;0.015;0.007;0.037;0.01;0.02
3739;0.212;0.393;0;0.005;-0.002;-0.005;0;0.005;0.024;0.015;0.007;0.034;0.015;0.022
3740;0.205;0.474;-0.002;0.007;-0.005;-0.005;0;0.005;0.022;0.017;0.01;0.034;0.007;0.017
3741;0.195;0.439;-0.005;0.005;-0.005;-0.005;0.002;0.002;0.024;0.015;0.01;0.037;0.005;0.017
3742;0.181;0.498;0;0.005;-0.002;-0.002;0;0.007;0.022;0.015;0.007;0.034;0.012;0.02
3743;0.181;0.425;-0.005;0.005;-0.005;-0.002;0;0.007;0.024;0.015;0.007;0.039;0;0.015
3744;0.181;0.488;-0.007;0.002;-0.005;-0.005;0;0.002;0.024;0.015;0.007;0.037;0.01;0.02
3745;0.176;0.413;-0.007;0.002;-0.005;-0.005;0.002;0.005;0.027;0.017;0.01;0.037;0.017;0.024
3746;0.181;0.459;-0.005;0.005;-0.005;-0.005;0;0.002;0.022;0.017;0.007;0.034;0.005;0.017
3747;0.178;0.371;-0.005;0.005;-0.002;-0.005;0;0.002;0.022;0.015;0.01;0.034;0.005;0.017
3748;0.171;0.442;-0.005;0.007;-0.005;-0.005;0;0.005;0.024;0.015;0.012;0.037;0.01;0.022
3749;0.183;0.383;-0.005;0.005;-0.005;-0.002;0;0.002;0.022;0.012;0.007;0.034;0.007;0.02
3750;0.195;0.398;-0.005;0.005;-0.005;-0.002;0.002;0.002;0.022;0.015;0.01;0.032;0.01;0.022
3751;0.188;0.403;-0.002;0.002;-0.002;-0.002;0.002;0.002;0.024;0.015;0.01;0.034;0.002;0.02
3752;0.176;0.393;-0.005;0.005;-0.002;-0.002;0;0.005;0.024;0.015;0.01;0.037;0.005;0.02
3753;0.19;0.391;-0.002;0.005;-0.002;-0.007;0;0.005;0.022;0.015;0.007;0.037;0.01;0.02
3754;0.222;0.408;-0.002;0;-0.002;-0.005;0;0.002;0.027;0.02;0.012;0.037;0.007;0.02
3755;0.244;0.381;0;0.005;-0.005;-0.002;0.002;0.002;0.022;0.015;0.01;0.034;0.01;0.022
3756;0.22;0.43;0.002;0.002;-0.002;-0.002;0;0.005;0.022;0.015;0.007;0.037;0.007;0.02
3757;0.208;0.425;0;0.005;-0.005;-0.005;0;0.002;0.02;0.017;0.007;0.032;0.01;0.022
3758;0.203;0.444;-0.002;0.005;-0.002;-0.002;0.002;0.005;0.022;0.017;0.01;0.034;0.015;0.024
3759;0.208;0.435;0;0.002;-0.005;-0.002;0;0.005;0.022;0.015;0.007;0.032;0.007;0.022
3760;0.188;0.41;0;0.002;-0.005;-0.002;-0.002;0.005;0.024;0.017;0.007;0.034;0.007;0.017
3761;0.168;0.405;-0.002;0.002;-0.002;-0.002;0;0.005;0.022;0.012;0.01;0.037;0.002;0.02
3762;0.166;0.393;-0.005;0.005;-0.005;-0.002;0.002;0.002;0.022;0.017;0.01;0.032;0.015;0.022
3763;0.183;0.393;-0.005;0.005;-0.005;-0.005;-0.002;0.005;0.027;0.017;0.012;0.037;0.01;0.022
3764;0.188;0.386;-0.002;0.002;-0.005;-0.002;0;0.005;0.022;0.015;0.007;0.037;0;0.012
3765;0.176;0.388;-0.005;0;-0.005;-0.005;0.002;0.005;0.022;0.015;0.007;0.032;0.007;0.02
3766;0.181;0.364;-0.005;0.002;-0.005;-0.002;0.002;0.002;0.024;0.015;0.01;0.034;0.007;0.022
3767;0.188;0.381;0;0.002;-0.002;-0.002;0.002;0.005;0.02;0.015;0.007;0.032;0.01;0.02
3768;0.19;0.381;-0.007;0.005;-0.002;-0.005;-0.002;0.002;0.022;0.015;0.01;0.037;0.015;0.024
3769;0.188;0.403;-0.007;0.002;-0.005;-0.005;0.002;0.005;0.024;0.015;0.01;0.034;0.007;0.02
3770;0.193;0.391;-0.002;0.002;-0.007;-0.005;0.002;0.002;0.022;0.017;0.01;0.032;0.01;0.02
3771;0.2;0.422;-0.007;0;-0.005;-0.005;0;0.007;0.027;0.017;0.01;0.037;0;0.017
3772;0.2;0.383;-0.002;0.005;-0.005;-0.002;0;0.002;0.015;0.015;0.005;0.029;0.007;0.017
3773;0.193;0.388;-0.002;0.005;-0.002;-0.005;-0.002;0.002;0.022;0.017;0.007;0.034;0.007;0.02
3774;0.178;0.347;0;0.002;-0.002;-0.005;0;0.005;0.024;0.015;0.01;0.037;0.007;0.02
3775;0.171;0.359;-0.002;0.002;-0.005;-0.005;0;0.005;0.024;0.017;0.01;0.034;0.01;0.022
3776;0.164;0.325;-0.002;0.005;-0.005;-0.005;0;0.005;0.024;0.015;0.01;0.037;0.007;0.024
3777;0.166;0.342;0.005;0.005;-0.002;-0.005;0;0.007;0.02;0.015;0.007;0.032;0.017;0.022
3778;0.168;0.354;-0.002;0.005;-0.005;-0.002;0.002;0.002;0.024;0.017;0.01;0.034;0.002;0.017
3779;0.173;0.356;-0.002;0.005;-0.005;-0.002;0;0.005;0.022;0.015;0.007;0.034;0.007;0.02
3780;0.164;0.361;-0.005;0.005;-0.005;-0.005;0;0.002;0.027;0.02;0.007;0.034;0.015;0.024
3781;0.166;0.361;-0.005;0.002;-0.005;-0.002;0.002;0.005;0.022;0.015;0.007;0.032;0.005;0.02
3782;0.164;0.349;-0.002;0.002;0;-0.005;0;0.005;0.022;0.017;0.01;0.037;0.01;0.02
3783;0.164;0.356;-0.005;0.005;-0.005;-0.005;0;0.005;0.024;0.017;0.01;0.034;0.01;0.022
3784;0.164;0.342;-0.007;0.005;-0.005;-0.005;0;0.005;0.024;0.017;0.012;0.039;0.01;0.022
3785;0.171;0.347;-0.002;0.002;-0.002;-0.002;0;0.005;0.022;0.017;0.007;0.034;0.007;0.017
3786;0.19;0.356;-0.007;0.005;-0.005;-0.005;0;0.002;0.024;0.017;0.01;0.034;0.01;0.022
3787;0.208;0.32;-0.007;0.002;-0.005;-0.005;0.002;0.005;0.024;0.017;0.007;0.037;0.01;0.02
3788;0.22;0.359;-0.007;0.005;-0.005;-0.005;0;0.007;0.022;0.015;0.01;0.037;0.002;0.02
3789;0.215;0.317;-0.007;0.002;-0.005;-0.002;0;0.002;0.022;0.015;0.01;0.039;0.005;0.015
3790;0.212;0.334;-0.01;0.002;-0.007;-0.002;0;0.005;0.024;0.02;0.01;0.034;0.007;0.022
3791;0.21;0.315;-0.005;0.002;-0.005;-0.005;0;0.002;0.024;0.017;0.01;0.037;0.01;0.02
3792;0.203;0.332;-0.007;0.002;-0.002;-0.005;0;0.005;0.024;0.017;0.007;0.037;0.012;0.02
3793;0.195;0.325;-0.007;0.002;-0.002;-0.002;0;0.005;0.024;0.017;0.01;0.039;0.01;0.022
3794;0.195;0.347;0;0.005;-0.005;-0.005;0;0.005;0.024;0.017;0.007;0.034;0.007;0.02
3795;0.2;0.322;-0.002;0.005;-0.002;-0.005;0;0.005;0.024;0.017;0.007;0.034;0.007;0.017
3796;0.203;0.364;-0.005;0.005;-0.005;-0.005;0;0.005;0.027;0.017;0.01;0.034;0.01;0.02
3797;0.198;0.337;0;0.005;-0.002;-0.002;-0.002;0.007;0.02;0.012;0.007;0.034;0.015;0.022
3798;0.186;0.366;0.002;0.005;-0.005;-0.005;-0.002;0.005;0.024;0.017;0.007;0.034;0.002;0.02
3799;0.19;0.354;-0.002;0.005;-0.002;-0.005;0;0.005;0.024;0.017;0.01;0.037;0.01;0.017
3800;0.195;0.354;-0.005;0.002;-0.005;-0.002;0;0.002;0.024;0.017;0.01;0.037;0.02;0.027
3801;0.205;0.347;-0.002;0.007;-0.002;-0.005;0.002;0.005;0.022;0.015;0.01;0.037;0.007;0.02
3802;0.195;0.334;0;0.005;-0.002;-0.005;0;0.005;0.017;0.012;0.002;0.032;0.005;0.015
3803;0.19;0.322;-0.005;0.005;-0.002;-0.002;0;0.005;0.024;0.015;0.007;0.037;0.012;0.022
3804;0.178;0.295;-0.005;0.005;-0.005;-0.005;0;0.005;0.024;0.017;0.012;0.037;0.01;0.02
3805;0.156;0.325;-0.005;0.005;-0.005;-0.002;0;0.002;0.024;0.017;0.01;0.037;0.015;0.022
3806;0.137;0.286;-0.005;0.002;-0.005;-0.005;0;0.005;0.022;0.017;0.01;0.037;0.002;0.022
3807;0.134;0.315;-0.005;0.005;-0.005;-0.005;0;0.005;0.027;0.02;0.01;0.037;0.007;0.02
3808;0.142;0.278;-0.002;0.005;-0.005;-0.005;0;0.005;0.022;0.017;0.007;0.037;0.012;0.024
3809;0.154;0.295;-0.002;0.005;-0.007;-0.005;0;0.002;0.022;0.017;0.01;0.037;0.01;0.017
3810;0.166;0.278;-0.002;0.002;-0.002;-0.005;0.002;0.005;0.022;0.015;0.01;0.037;0.01;0.02
3811;0.181;0.3;0;0.005;-0.002;0;0;0.005;0.024;0.017;0.01;0.037;0.007;0.02
3812;0.186;0.295;-0.002;0.005;-0.002;-0.002;0;0.005;0.024;0.017;0.012;0.037;0.007;0.022
3813;0.193;0.33;0;0.005;-0.007;-0.007;0;0.005;0.024;0.017;0.007;0.034;0.012;0.022
3814;0.205;0.322;0;0.005;-0.005;-0.005;0;0.005;0.022;0.017;0.007;0.034;0.015;0.022
3815;0.22;0.327;-0.002;0.005;-0.002;-0.002;0;0.005;0.027;0.017;0.01;0.039;0.005;0.022
3816;0.239;0.312;-0.002;0.002;-0.002;-0.002;0;0.005;0.024;0.015;0.01;0.037;0.015;0.022
3817;0.244;0.293;0.002;0.002;-0.005;-0.002;0;0.005;0.027;0.017;0.007;0.037;0.012;0.022
3818;0.254;0.312;0;0.002;-0.002;-0.005;0;0.005;0.027;0.017;0.01;0.037;0.005;0.02
3819;0.251;0.295;0.005;0.005;-0.002;0;0.002;0.005;0.024;0.017;0.01;0.034;0.007;0.022
3820;0.239;0.295;0.007;0.005;-0.005;-0.002;0;0.005;0.024;0.017;0.01;0.037;0.012;0.024
3821;0.227;0.295;0;0.005;-0.005;-0.005;0.002;0.007;0.024;0.02;0.012;0.037;0.01;0.024
3822;0.222;0.308;-0.002;0.005;-0.005;-0.005;0.002;0.007;0.022;0.017;0.01;0.034;0.005;0.017
3823;0.225;0.325;-0.005;0.005;-0.005;-0.005;0;0.002;0.027;0.015;0.01;0.039;0.007;0.022
3824;0.232;0.325;-0.002;0.005;-0.005;-0.005;-0.002;0.002;0.024;0.017;0.01;0.037;0.007;0.017
3825;0.229;0.295;-0.005;0.005;-0.002;-0.005;0;0.005;0.024;0.015;0.007;0.037;0.002;0.017
3826;0.222;0.273;-0.007;0.005;-0.005;-0.002;0;0.005;0.024;0.017;0.01;0.037;0.012;0.017
3827;0.222;0.242;-0.005;0.002;-0.002;-0.002;0;0.005;0.027;0.017;0.01;0.037;0.01;0.027
3828;0.212;0.264;-0.005;0;-0.002;-0.002;0;0.005;0.017;0.015;0.007;0.032;0.007;0.015
3829;0.205;0.239;-0.005;0.002;-0.005;-0.002;0.002;0.005;0.022;0.015;0.01;0.034;0.007;0.02
3830;0.208;0.273;-0.005;0.002;-0.002;-0.002;0;0.002;0.027;0.017;0.01;0.037;0.01;0.022
3831;0.217;0.247;-0.007;0.002;-0.002;-0.005;0;0.005;0.024;0.017;0.01;0.039;0.01;0.022
3832;0.225;0.278;-0.005;0.005;-0.005;-0.005;0.002;0.005;0.022;0.015;0.01;0.037;0.012;0.02
3833;0.227;0.215;-0.005;-0.002;-0.007;-0.002;0;0.007;0.022;0.015;0.007;0.034;0.007;0.02
3834;0.212;0.264;-0.01;0.002;-0.005;-0.005;0;0.007;0.024;0.015;0.012;0.037;0.012;0.02
3835;0.2;0.234;-0.007;0;-0.005;-0.005;0;0.007;0.022;0.017;0.01;0.037;0.007;0.02
3836;0.186;0.259;-0.007;0.002;-0.002;-0.005;0.002;0.005;0.024;0.02;0.01;0.034;0.005;0.017
3837;0.168;0.269;-0.005;0.005;-0.005;-0.005;0;0.002;0.024;0.02;0.01;0.037;0.017;0.024
3838;0.159;0.269;-0.002;0.005;-0.002;-0.007;0;0.002;0.022;0.017;0.012;0.037;0.012;0.022
3839;0.156;0.271;-0.005;0.005;-0.005;-0.005;0;0.007;0.024;0.017;0.007;0.034;0.01;0.02
3840;0.173;0.276;-0.002;0.005;-0.002;-0.005;0;0.005;0.024;0.017;0.01;0.037;0.01;0.017
3841;0.173;0.293;0.002;0.005;-0.005;-0.002;0;0.005;0.022;0.017;0.01;0.037;0.005;0.017
3842;0.176;0.298;0.002;0.005;-0.002;-0.005;0;0.005;0.022;0.017;0.01;0.034;0.01;0.02
3843;0.19;0.31;0.002;0.002;-0.005;-0.002;0;0.005;0.024;0.015;0.01;0.037;0.007;0.017
3844;0.21;0.288;0;0.002;-0.005;-0.005;0;0.005;0.022;0.017;0.012;0.034;0.015;0.022
3845;0.22;0.322;0;0.005;-0.005;-0.005;0;0.002;0.024;0.017;0.01;0.034;0.012;0.022
3846;0.232;0.273;-0.002;0.002;-0.005;-0.002;0.002;0.007;0.024;0.017;0.01;0.037;0.007;0.017
3847;0.244;0.315;-0.002;0.002;-0.002;-0.005;0;0.005;0.022;0.017;0.01;0.037;0.012;0.022
3848;0.261;0.276;-0.002;0.005;-0.002;-0.002;-0.002;0.005;0.024;0.02;0.01;0.039;0.01;0.02
3849;0.264;0.298;0;0.002;-0.002;-0.005;0;0.005;0.027;0.017;0.012;0.034;0;0.015
3850;0.256;0.288;0;0.005;-0.002;-0.002;0;0.005;0.024;0.015;0.01;0.037;0.007;0.015
3851;0.249;0.308;-0.01;0.005;-0.002;-0.002;0;0.005;0.027;0.015;0.01;0.037;0.01;0.024
3852;0.249;0.303;0.002;0.005;-0.005;-0.005;0;0.005;0.022;0.017;0.01;0.037;0.012;0.017
3853;0.249;0.32;0;0.005;-0.002;-0.005;0.002;0.005;0.027;0.02;0.012;0.039;0.01;0.02
3854;0.244;0.322;0.002;0.005;-0.005;-0.002;0;0.005;0.029;0.02;0.012;0.037;0.002;0.017
3855;0.242;0.344;-0.002;0.005;-0.002;-0.007;0;0.005;0.024;0.015;0.01;0.034;0.01;0.02
3856;0.229;0.337;0;0.002;-0.005;-0.005;0.002;0.005;0.024;0.017;0.007;0.037;0.012;0.022
3857;0.205;0.347;0;0.005;-0.002;-0.005;0.002;0.007;0.024;0.02;0.01;0.034;0.01;0.02
3858;0.176;0.339;-0.005;0.007;-0.002;-0.005;0;0.007;0.027;0.017;0.01;0.037;0.005;0.017
3859;0.159;0.308;-0.005;0.005;-0.002;-0.005;0;0.005;0.027;0.017;0.01;0.037;0.017;0.027
3860;0.159;0.3;-0.005;0.007;-0.002;-0.005;-0.002;0.005;0.024;0.015;0.007;0.037;0.01;0.02
3861;0.166;0.286;-0.005;0.005;-0.005;-0.005;-0.002;0.005;0.022;0.015;0.012;0.037;0.002;0.022
3862;0.178;0.288;-0.005;0.007;-0.005;-0.002;0.002;0.002;0.024;0.017;0.01;0.034;0.007;0.017
3863;0.181;0.276;-0.005;0.005;-0.005;-0.002;0;0.002;0.027;0.017;0.01;0.037;0.007;0.022
3864;0.193;0.278;-0.002;0.007;-0.002;-0.005;0.002;0.007;0.024;0.015;0.01;0.034;0.01;0.02
3865;0.186;0.259;0;0.005;-0.002;-0.002;0;0.005;0.022;0.015;0.007;0.034;0.007;0.015
3866;0.173;0.242;-0.002;0.005;-0.002;-0.005;0.002;0.007;0.027;0.017;0.01;0.037;0.012;0.02
3867;0.171;0.22;0.002;0.005;-0.005;-0.002;0.002;0.005;0.022;0.017;0.01;0.034;0.01;0.017
3868;0.178;0.225;0;0.002;-0.002;-0.005;0.002;0.005;0.024;0.02;0.01;0.034;0.012;0.022
3869;0.195;0.212;-0.005;0.002;-0.002;-0.005;0;0.005;0.027;0.02;0.01;0.037;0.002;0.015
3870;0.208;0.222;-0.005;0.002;-0.002;-0.002;0;0.005;0.024;0.017;0.01;0.037;0.015;0.022
3871;0.21;0.215;-0.005;0;-0.002;-0.002;0;0.005;0.027;0.02;0.01;0.037;0.01;0.02
3872;0.212;0.205;-0.002;0;-0.007;-0.002;0.002;0.007;0.024;0.017;0.01;0.034;0.002;0.017
3873;0.208;0.208;-0.002;0.002;-0.005;-0.002;0;0.005;0.027;0.02;0.012;0.034;0.007;0.02
3874;0.203;0.2;-0.005;0.002;-0.007;-0.005;0;0.002;0.024;0.015;0.01;0.034;0.01;0.017
3875;0.198;0.212;0;0;-0.002;-0.005;-0.002;0.005;0.027;0.015;0.01;0.037;0.007;0.02
3876;0.212;0.198;0.002;0.002;-0.002;-0.005;0;0.005;0.024;0.015;0.01;0.034;0.007;0.017
3877;0.217;0.225;0;0.005;-0.005;-0.005;-0.002;0.002;0.022;0.017;0.01;0.037;0.01;0.02
3878;0.229;0.225;0;0;-0.002;-0.002;0;0.005;0.027;0.017;0.007;0.037;0.015;0.024
3879;0.225;0.242;-0.002;0.002;-0.005;-0.005;0;0.002;0.022;0.015;0.007;0.034;0.007;0.015
3880;0.239;0.237;-0.005;0.002;-0.002;-0.005;0.002;0.005;0.027;0.017;0.01;0.037;0.01;0.02
3881;0.229;0.256;-0.002;0.002;-0.002;-0.002;0;0.002;0.022;0.015;0.007;0.032;0.007;0.015
3882;0.22;0.247;-0.005;0.005;-0.002;-0.002;0;0.005;0.027;0.017;0.01;0.037;0.005;0.012
3883;0.21;0.259;-0.002;0.002;-0.005;-0.002;-0.002;0.002;0.027;0.02;0.01;0.037;0.01;0.02
3884;0.212;0.254;-0.007;0.005;-0.002;-0.002;0;0.002;0.027;0.017;0.012;0.034;0.007;0.02
3885;0.215;0.266;-0.002;0.002;-0.005;-0.005;0.002;0.005;0.024;0.017;0.01;0.034;0.007;0.017
3886;0.212;0.269;-0.007;0.002;-0.005;-0.005;0;0.005;0.027;0.015;0.012;0.037;0.007;0.02
3887;0.212;0.295;-0.002;0.005;-0.002;-0.005;0.002;0.007;0.02;0.015;0.007;0.032;0.01;0.017
3888;0.212;0.291;-0.002;0.005;-0.002;-0.005;-0.002;0.005;0.024;0.017;0.01;0.034;0.007;0.02
3889;0.22;0.303;0;0.005;-0.002;-0.005;0.002;0.005;0.024;0.017;0.01;0.034;0.007;0.02
3890;0.229;0.288;-0.007;0.005;-0.002;-0.002;0.002;0.005;0.027;0.022;0.007;0.037;0.005;0.017
3891;0.232;0.291;-0.005;0.002;-0.002;-0.002;0.002;0.005;0.027;0.02;0.01;0.034;0.01;0.022
3892;0.239;0.295;-0.005;0.002;-0.002;-0.002;0;0.002;0.02;0.015;0.007;0.034;0.015;0.017
3893;0.251;0.298;-0.005;0.002;-0.005;-0.002;-0.002;0.005;0.024;0.017;0.01;0.037;0.002;0.02
3894;0.278;0.298;-0.007;0.005;-0.005;-0.005;0;0.005;0.022;0.015;0.01;0.034;0.007;0.02
3895;0.288;0.291;-0.002;0.002;-0.002;-0.005;0;0.002;0.024;0.017;0.007;0.034;0.01;0.017
3896;0.283;0.281;-0.002;0;-0.005;-0.005;0;0.002;0.027;0.015;0.01;0.034;0.007;0.022
3897;0.295;0.293;0.002;0.002;-0.005;-0.002;0;0.005;0.02;0.012;0.007;0.029;0.012;0.015
3898;0.315;0.276;0;0.002;-0.002;-0.002;0;0.002;0.027;0.017;0.012;0.034;0.007;0.017
3899;0.322;0.269;0;0.002;-0.005;-0.005;0;0.005;0.024;0.017;0.01;0.034;0.01;0.02
3900;0.327;0.261;0;0.007;-0.005;-0.005;0;0.005;0.027;0.017;0.01;0.034;0.015;0.022
3901;0.322;0.247;0.002;0.005;-0.002;-0.002;0;0.005;0.024;0.015;0.01;0.034;0.01;0.02
3902;0.32;0.249;-0.002;0.005;-0.005;-0.005;0.002;0.005;0.027;0.017;0.012;0.034;0.01;0.02
3903;0.305;0.239;-0.005;0.005;-0.002;-0.002;0;0.002;0.027;0.02;0.012;0.037;0.007;0.02
3904;0.288;0.234;-0.007;0.01;-0.005;-0.002;0;0.005;0.024;0.015;0.01;0.032;0.01;0.02
3905;0.281;0.229;0;0.01;-0.005;-0.002;0;0.005;0.024;0.015;0.012;0.034;0.002;0.017
3906;0.276;0.225;-0.005;0.007;0;-0.005;0;0.005;0.024;0.02;0.01;0.034;0.007;0.02
3907;0.266;0.237;-0.005;0.005;-0.005;-0.002;0;0.005;0.024;0.017;0.01;0.032;0.007;0.017
3908;0.254;0.232;-0.005;0.005;-0.007;-0.005;0;0.005;0.024;0.02;0.01;0.037;0.015;0.024
3909;0.244;0.234;-0.005;0.005;-0.007;-0.002;-0.002;0.002;0.027;0.02;0.015;0.039;0.005;0.015
3910;0.244;0.222;-0.005;0.005;-0.005;-0.002;0;0.005;0.027;0.015;0.01;0.034;0.01;0.02
3911;0.234;0.22;-0.005;0;-0.005;-0.002;0;0.005;0.024;0.017;0.01;0.034;0.01;0.02
3912;0.237;0.203;-0.01;0.002;-0.005;-0.002;0.002;0.005;0.027;0.015;0.01;0.037;0.01;0.022
3913;0.237;0.215;0;0.002;-0.002;-0.002;0.002;0.005;0.02;0.012;0.002;0.032;0.007;0.017
3914;0.234;0.205;-0.005;0;-0.005;-0.002;0;0.007;0.024;0.015;0.007;0.037;0.007;0.02
3915;0.237;0.222;-0.002;0.002;-0.005;-0.005;0;0.005;0.024;0.017;0.012;0.034;0.007;0.022
3916;0.234;0.215;-0.007;0.002;-0.005;-0.005;0;0.002;0.024;0.015;0.007;0.032;0.017;0.024
3917;0.237;0.232;-0.007;0.002;-0.005;-0.002;0;0.007;0.027;0.015;0.007;0.034;0.005;0.017
3918;0.234;0.227;-0.005;0.002;-0.002;-0.002;0;0.005;0.024;0.017;0.01;0.037;0.007;0.017
3919;0.229;0.249;-0.005;0.002;-0.002;-0.005;-0.002;0.005;0.024;0.015;0.01;0.034;0.012;0.022
3920;0.229;0.249;0;0.002;-0.002;-0.002;0;0.002;0.024;0.017;0.01;0.037;0.007;0.02
3921;0.227;0.266;0;0.005;-0.005;-0.002;0;0.005;0.024;0.015;0.01;0.034;0.01;0.02
3922;0.234;0.269;0;0.005;-0.002;-0.005;-0.002;0.002;0.027;0.017;0.007;0.034;0.01;0.02
3923;0.225;0.278;0.002;0.005;-0.005;-0.002;0.002;0.005;0.022;0.015;0.01;0.034;0.015;0.022
3924;0.229;0.281;-0.002;0.007;-0.002;-0.005;0;0.007;0.024;0.017;0.01;0.034;0.01;0.02
3925;0.237;0.276;-0.002;0.007;-0.002;-0.002;0.002;0.005;0.029;0.015;0.01;0.037;0.01;0.022
3926;0.242;0.269;-0.002;0.007;-0.005;-0.005;-0.002;0.002;0.022;0.015;0.007;0.032;0.01;0.015
3927;0.247;0.271;0.002;0.007;-0.005;-0.005;0;0.005;0.024;0.017;0.01;0.034;0.002;0.017
3928;0.264;0.261;0.002;0.007;-0.002;-0.002;0;0.002;0.024;0.015;0.01;0.034;0.007;0.02
3929;0.276;0.266;0;0.007;-0.002;-0.005;-0.002;0.005;0.027;0.015;0.01;0.034;0.01;0.022
3930;0.278;0.251;0.002;0.007;-0.002;-0.002;0.002;0.002;0.022;0.017;0.007;0.032;0.012;0.017
3931;0.276;0.254;-0.002;0.002;-0.002;-0.002;0;0.005;0.027;0.017;0.01;0.034;0.007;0.02
3932;0.278;0.242;-0.002;0.005;-0.002;-0.005;-0.002;0.005;0.027;0.02;0.012;0.037;0.012;0.024
3933;0.278;0.239;0.002;0.002;-0.002;-0.002;0;0.007;0.022;0.015;0.007;0.037;0.007;0.017
3934;0.276;0.237;0;0.002;-0.002;-0.002;0;0.005;0.027;0.015;0.01;0.037;0.005;0.015
3935;0.264;0.234;-0.002;0.002;-0.002;-0.002;0;0.007;0.032;0.02;0.015;0.042;0.007;0.022
3936;0.261;0.242;0.002;0.002;-0.002;-0.005;0;0.005;0.022;0.017;0.01;0.034;0.015;0.02
3937;0.254;0.244;0.007;0.002;-0.002;-0.005;0;0.005;0.027;0.017;0.01;0.034;0.01;0.02
3938;0.254;0.249;-0.005;0;-0.005;-0.007;0;0.002;0.027;0.02;0.012;0.037;0.002;0.02
3939;0.242;0.256;0.002;0;-0.002;-0.002;0;0.005;0.022;0.015;0.007;0.037;0.012;0.02
3940;0.244;0.249;0;0.002;-0.005;-0.002;0;0.002;0.024;0.02;0.007;0.037;0.007;0.017
3941;0.247;0.244;-0.002;0.002;-0.005;-0.002;0;0.005;0.027;0.017;0.007;0.032;0.005;0.017
3942;0.256;0.237;0;0;-0.005;-0.005;0.002;0.005;0.027;0.02;0.012;0.034;0.012;0.022
3943;0.266;0.227;-0.005;0.002;-0.002;-0.005;0;0.005;0.027;0.017;0.01;0.034;0.01;0.02
3944;0.266;0.22;-0.002;0.002;-0.005;-0.002;0;0.002;0.027;0.017;0.007;0.037;0.005;0.015
3945;0.273;0.212;-0.002;0.002;-0.002;-0.002;0;0.005;0.024;0.017;0.012;0.037;0.017;0.022
3946;0.264;0.208;-0.005;0.005;-0.005;-0.002;0.002;0.005;0.024;0.015;0.007;0.034;0.002;0.015
3947;0.254;0.198;-0.005;0.005;-0.005;-0.002;0;0.005;0.027;0.017;0.01;0.037;0.007;0.017
3948;0.244;0.188;-0.007;0.005;-0.002;-0.002;0;0.002;0.024;0.015;0.01;0.034;0.01;0.02
3949;0.242;0.173;-0.007;0.007;-0.005;-0.005;-0.002;0.005;0.022;0.015;0.01;0.034;0.01;0.02
3950;0.237;0.164;-0.002;0.002;-0.005;-0.002;0;0.002;0.024;0.015;0.01;0.037;0.007;0.02
3951;0.234;0.159;-0.012;0.002;-0.005;-0.005;0.002;0.005;0.024;0.017;0.01;0.034;0.012;0.02
3952;0.234;0.159;-0.012;0.005;-0.002;-0.005;0;0.005;0.027;0.017;0.01;0.034;0.007;0.022
3953;0.232;0.168;-0.01;0;-0.002;-0.005;0.002;0.005;0.02;0.017;0.007;0.032;0.01;0.017
3954;0.242;0.173;-0.01;0.002;-0.005;-0.005;0;0.002;0.027;0.017;0.01;0.039;0.012;0.024
3955;0.244;0.176;-0.012;0.002;-0.002;-0.005;0.002;0.002;0.024;0.015;0.012;0.037;0.005;0.02
3956;0.247;0.181;-0.007;0.005;-0.005;-0.005;0;0.005;0.024;0.015;0.01;0.037;0.005;0.017
3957;0.239;0.181;-0.01;0.002;-0.005;-0.005;0;0.007;0.022;0.015;0.01;0.034;0.007;0.017
3958;0.234;0.183;-0.005;0.005;-0.002;-0.002;0;0.005;0.024;0.015;0.007;0.034;0.007;0.022
3959;0.222;0.19;-0.007;0.005;-0.002;-0.002;0.002;0.005;0.022;0.02;0.012;0.034;0.007;0.02
3960;0.222;0.193;-0.002;0.007;-0.005;-0.005;-0.002;0.005;0.022;0.017;0.012;0.037;0.01;0.02
3961;0.227;0.195;-0.002;0.005;-0.002;-0.002;0;0.005;0.024;0.017;0.01;0.034;0.007;0.015
3962;0.234;0.186;0;0.002;-0.005;-0.002;0.002;0.005;0.024;0.015;0.012;0.037;0.01;0.02
3963;0.237;0.193;0;0.005;-0.002;-0.002;0.002;0.005;0.027;0.017;0.012;0.037;0.007;0.022
3964;0.242;0.2;-0.002;0.005;-0.005;-0.002;0;0.005;0.022;0.015;0.01;0.032;0.01;0.017
3965;0.232;0.205;0;0.007;-0.002;-0.002;0;0.007;0.024;0.012;0.01;0.032;0.017;0.024
3966;0.237;0.22;0;0.007;-0.005;-0.005;0;0.005;0.027;0.02;0.01;0.037;0.005;0.02
3967;0.229;0.22;-0.002;0.01;-0.002;-0.005;-0.002;0.005;0.024;0.015;0.01;0.032;0.005;0.015
3968;0.242;0.222;0.002;0.007;-0.005;-0.002;0;0.007;0.027;0.02;0.01;0.037;0.015;0.024
3969;0.234;0.22;0;0.007;-0.005;-0.005;0;0.007;0.024;0.017;0.012;0.034;0.01;0.02
3970;0.232;0.227;0.002;0.007;-0.005;-0.002;0;0.005;0.027;0.017;0.01;0.034;0.005;0.017
3971;0.232;0.227;0;0.002;-0.005;-0.005;0;0.002;0.022;0.017;0.007;0.037;0.007;0.015
3972;0.229;0.232;-0.005;0.005;-0.002;-0.005;0;0.007;0.024;0.012;0.01;0.037;0.01;0.015
3973;0.237;0.227;-0.007;0.002;-0.002;-0.005;0;0.005;0.024;0.015;0.01;0.034;0.005;0.017
3974;0.237;0.237;-0.005;0.002;-0.005;-0.005;0;0.005;0.024;0.02;0.012;0.034;0.007;0.02
3975;0.247;0.234;-0.007;0;-0.002;-0.005;0.002;0.007;0.027;0.017;0.01;0.039;0.005;0.015
3976;0.249;0.247;-0.005;0;-0.002;-0.005;0;0.005;0.024;0.017;0.01;0.037;0.01;0.02
3977;0.259;0.256;-0.005;0;-0.005;-0.005;0;0.005;0.024;0.017;0.01;0.034;0.01;0.02
3978;0.266;0.249;0;0.002;-0.002;-0.005;0;0.005;0.024;0.015;0.01;0.039;0.007;0.02
3979;0.269;0.244;0.005;0.002;-0.002;-0.005;0;0.005;0.022;0.017;0.01;0.032;0.005;0.017
3980;0.278;0.232;0.005;0.002;-0.005;-0.005;-0.002;0.007;0.027;0.017;0.01;0.037;0.01;0.02
3981;0.276;0.232;0.007;0.002;-0.002;-0.005;-0.002;0.005;0.027;0.017;0.007;0.034;0.012;0.022
3982;0.278;0.229;0.01;0.002;-0.005;-0.002;0;0.005;0.024;0.017;0.007;0.034;0.005;0.017
3983;0.271;0.227;0.007;0;-0.005;-0.005;0.002;0.005;0.027;0.017;0.01;0.037;0.007;0.022
3984;0.269;0.22;0.002;0;-0.002;-0.005;0;0.007;0.027;0.017;0.01;0.037;0.01;0.017
3985;0.254;0.217;0.005;0;-0.002;-0.002;0;0.005;0.022;0.017;0.007;0.032;0.01;0.017
3986;0.249;0.208;0.005;0.002;-0.005;-0.002;0;0.007;0.024;0.017;0.01;0.034;0.007;0.017
3987;0.251;0.212;0.002;0.005;-0.005;-0.002;0;0.005;0.027;0.017;0.012;0.037;0.012;0.022
3988;0.259;0.198;0;0.005;-0.002;-0.005;0;0.005;0.024;0.02;0.012;0.034;0.007;0.02
3989;0.254;0.205;0;0.005;-0.005;-0.005;0.002;0.005;0.024;0.017;0.012;0.037;0.007;0.017
3990;0.247;0.2;0.002;0.01;-0.005;-0.002;0.002;0.005;0.024;0.015;0.007;0.034;0.005;0.017
3991;0.249;0.193;-0.007;0.01;-0.005;-0.005;-0.002;0.005;0.027;0.02;0.012;0.034;0.015;0.02
3992;0.242;0.193;0;0.007;-0.005;0;0.002;0.007;0.024;0.017;0.01;0.034;0.007;0.017
3993;0.239;0.181;-0.002;0.01;-0.002;-0.002;0;0.005;0.024;0.015;0.007;0.032;0.01;0.017
3994;0.227;0.178;-0.005;0.007;-0.002;-0.005;0;0.005;0.029;0.017;0.01;0.037;0.005;0.017
3995;0.229;0.166;-0.002;0.007;-0.005;-0.005;0;0.005;0.022;0.02;0.01;0.034;0.015;0.017
3996;0.229;0.156;-0.01;0.005;-0.002;-0.002;0;0.005;0.024;0.017;0.012;0.037;0.007;0.017
3997;0.237;0.146;-0.007;0.002;-0.005;-0.002;0;0.005;0.024;0.017;0.01;0.037;0.005;0.017
3998;0.234;0.149;-0.012;0.002;-0.005;-0.002;0.002;0.007;0.027;0.017;0.012;0.037;0.01;0.017
3999;0.242;0.144;-0.01;0;-0.002;-0.002;0;0.005;0.029;0.02;0.012;0.039;0.01;0.02
4000;0.244;0.159;-0.007;0.005;-0.005;-0.005;0;0.005;0.024;0.017;0.012;0.037;0.01;0.015
4001;0.247;0.168;-0.005;0.002;-0.005;-0.005;0;0.002;0.027;0.015;0.01;0.034;0.01;0.017
4002;0.237;0.173;-0.01;0.002;-0.002;-0.002;0;0.005;0.024;0.017;0.012;0.037;0.012;0.017
4003;0.229;0.173;-0.002;0.002;-0.002;-0.005;0.002;0.005;0.024;0.02;0.012;0.037;0.01;0.02
4004;0.229;0.181;-0.005;0.005;-0.005;-0.002;0.002;0.005;0.024;0.017;0.01;0.037;0.01;0.02
4005;0.225;0.181;-0.002;0.002;-0.002;-0.005;0;0.005;0.024;0.015;0.01;0.039;0.01;0.02
4006;0.225;0.188;-0.002;0.005;-0.002;-0.005;-0.002;0.002;0.027;0.02;0.012;0.037;0.007;0.012
4007;0.227;0.188;-0.002;0.002;-0.005;-0.002;0;0.002;0.024;0.017;0.01;0.037;0.01;0.02
4008;0.222;0.19;-0.005;0;-0.005;-0.005;0;0.005;0.024;0.017;0.007;0.034;0.012;0.02
4009;0.227;0.183;-0.005;0.002;-0.002;-0.002;0.002;0.007;0.024;0.017;0.01;0.037;0.005;0.02
4010;0.227;0.183;-0.002;0;-0.002;-0.002;0;0.007;0.02;0.015;0.007;0.034;0.007;0.015
4011;0.232;0.181;0;0.002;-0.002;-0.005;-0.002;0.005;0.024;0.017;0.01;0.034;0.007;0.017
4012;0.229;0.171;-0.005;0.005;-0.002;-0.005;-0.002;0.005;0.027;0.015;0.01;0.034;0.007;0.02
4013;0.227;0.166;-0.005;0.002;-0.002;-0.002;0;0.005;0.024;0.017;0.01;0.037;0.01;0.015
4014;0.227;0.166;-0.002;0.002;-0.002;-0.002;0;0.007;0.024;0.015;0.012;0.037;0.017;0.024
4015;0.225;0.161;0;0.002;-0.002;0;0;0.005;0.024;0.017;0.007;0.037;0.005;0.015
4016;0.222;0.161;0.005;0.002;-0.002;-0.005;0;0.005;0.022;0.015;0.007;0.037;0.007;0.017
4017;0.22;0.171;0.002;0.005;-0.002;-0.005;0;0.005;0.024;0.017;0.01;0.037;0.01;0.02
4018;0.22;0.176;0.002;0.002;-0.005;-0.005;0;0.005;0.024;0.017;0.012;0.037;0.012;0.017
4019;0.227;0.173;-0.005;0.002;0;0;0.002;0.007;0.024;0.017;0.01;0.034;0.01;0.02
4020;0.237;0.173;-0.005;0.002;-0.005;-0.002;-0.002;0.005;0.027;0.015;0.012;0.039;0.01;0.02
4021;0.244;0.173;0;0.002;-0.005;-0.002;0.002;0.005;0.024;0.017;0.007;0.034;0.005;0.017
4022;0.247;0.171;0;0;-0.005;-0.007;0.002;0.005;0.022;0.012;0.007;0.034;0.002;0.012
4023;0.251;0.168;-0.002;-0.002;-0.005;-0.005;0.002;0.005;0.029;0.015;0.01;0.037;0.007;0.027
4024;0.249;0.168;0.002;0.002;-0.005;-0.005;0;0.005;0.022;0.022;0.01;0.034;0.015;0.022
4025;0.239;0.166;-0.002;0.002;-0.002;-0.007;0;0.002;0.022;0.017;0.01;0.037;0.01;0.02
4026;0.237;0.171;-0.005;0.005;-0.002;-0.005;0.002;0.005;0.024;0.02;0.01;0.037;-0.002;0.015
4027;0.232;0.176;0;0.005;-0.002;-0.002;0;0.007;0.024;0.017;0.01;0.034;0.02;0.022
4028;0.234;0.181;0.002;0.005;-0.005;0;0;0.005;0.024;0.015;0.01;0.037;0.005;0.02
4029;0.227;0.183;0;0.007;-0.005;-0.005;0;0.005;0.024;0.017;0.012;0.039;0.012;0.022
4030;0.227;0.19;0.002;0.007;-0.005;-0.007;0;0.005;0.024;0.015;0.01;0.034;0.017;0.024
4031;0.22;0.193;0.002;0.005;-0.005;-0.005;-0.002;0.007;0.022;0.017;0.007;0.037;0.01;0.017
4032;0.222;0.198;-0.002;0.005;-0.002;-0.005;0.002;0.007;0.024;0.017;0.01;0.037;0.007;0.02
4033;0.205;0.198;-0.002;0.005;-0.005;-0.005;-0.002;0.002;0.024;0.017;0.01;0.034;0.007;0.02
4034;0.198;0.193;-0.002;0.007;-0.005;-0.002;0;0.005;0.027;0.015;0.007;0.039;0.01;0.027
4035;0.188;0.188;0;0.005;-0.002;-0.005;0;0.005;0.022;0.015;0.01;0.037;0.005;0.015
4036;0.188;0.186;0.002;0.007;-0.005;-0.005;0;0.007;0.024;0.015;0.01;0.034;0.012;0.022
4037;0.195;0.193;0.005;0.007;-0.005;-0.005;0;0.005;0.02;0.015;0.007;0.037;0.007;0.017
4038;0.203;0.198;0.007;0.007;-0.005;-0.002;-0.002;0.005;0.027;0.017;0.01;0.037;0.015;0.024
4039;0.205;0.198;0.005;0.005;-0.002;-0.002;0;0.005;0.024;0.015;0.01;0.039;0.007;0.017
4040;0.21;0.195;0.007;0.005;-0.002;-0.007;0;0.002;0.024;0.017;0.012;0.034;0.007;0.02
4041;0.21;0.186;0.005;0.005;-0.002;-0.002;0;0.007;0.027;0.017;0.01;0.037;0.007;0.022
4042;0.212;0.181;0.007;0.005;-0.002;-0.005;0.002;0.005;0.022;0.017;0.007;0.034;0.01;0.017
4043;0.21;0.176;0.012;0.005;-0.005;-0.005;0.002;0.005;0.024;0.017;0.007;0.034;0.007;0.022
4044;0.208;0.171;0.012;0.005;-0.002;-0.002;0;0.005;0.024;0.015;0.01;0.037;0.01;0.02
4045;0.208;0.176;0.012;0.002;-0.002;-0.002;0.002;0.002;0.024;0.017;0.01;0.034;0.007;0.017
4046;0.2;0.178;0.007;0.005;-0.005;-0.002;0;0.005;0.022;0.017;0.007;0.037;0.01;0.022
4047;0.198;0.181;0.01;0;-0.002;-0.002;0;0.005;0.024;0.017;0.01;0.039;0.01;0.022
4048;0.195;0.188;0.012;0;-0.005;-0.005;0.002;0.005;0.024;0.015;0.01;0.039;0.012;0.022
4049;0.195;0.198;0.012;0;-0.005;-0.002;0;0.005;0.024;0.015;0.01;0.037;0.01;0.02
4050;0.19;0.2;0.01;0.002;-0.005;-0.005;0.002;0.005;0.024;0.015;0.01;0.037;0.01;0.022
4051;0.186;0.21;0.01;0.002;-0.005;-0.005;-0.002;0.005;0.022;0.015;0.01;0.034;0.01;0.02
4052;0.203;0.222;0.01;0;-0.002;-0.002;0;0.002;0.024;0.012;0.007;0.037;0.01;0.022
4053;0.205;0.225;0.007;0.005;-0.005;-0.005;0;0.005;0.024;0.017;0.012;0.037;0.01;0.02
4054;0.21;0.227;0.007;0.005;-0.005;-0.005;0;0.005;0.027;0.017;0.01;0.037;0.007;0.022
4055;0.21;0.22;0.01;0.007;-0.002;-0.005;0;0.005;0.022;0.017;0.007;0.034;0.007;0.015
4056;0.208;0.225;0.007;0.007;-0.005;-0.005;0;0.005;0.024;0.017;0.01;0.034;0.01;0.02
4057;0.205;0.222;0.007;0.01;-0.002;-0.005;-0.002;0.007;0.024;0.017;0.012;0.039;0.007;0.017
4058;0.2;0.215;0.005;0.012;-0.002;-0.005;0;0.005;0.024;0.017;0.01;0.034;0.007;0.02
4059;0.212;0.208;0.002;0.005;-0.005;-0.005;0.002;0.005;0.024;0.015;0.007;0.034;0.007;0.02
4060;0.225;0.21;0;0.007;-0.002;-0.002;0;0.005;0.027;0.017;0.01;0.034;0.01;0.024
4061;0.237;0.203;0.005;0.007;-0.002;-0.002;0;0.005;0.02;0.015;0.007;0.037;0.012;0.017
4062;0.237;0.205;0;0.007;-0.005;-0.002;-0.002;0.005;0.024;0.015;0.01;0.034;0.007;0.022
4063;0.232;0.193;0;0.005;-0.002;-0.002;0.002;0.007;0.027;0.015;0.012;0.037;0.01;0.02
4064;0.225;0.19;-0.01;0.002;-0.002;-0.005;0;0.005;0.024;0.015;0.01;0.034;0.01;0.022
4065;0.229;0.186;-0.01;0.005;-0.002;-0.005;0;0.005;0.024;0.017;0.012;0.037;0.012;0.024
4066;0.229;0.186;-0.005;0.002;-0.002;-0.005;0;0.002;0.022;0.015;0.007;0.034;0.01;0.017
4067;0.229;0.186;-0.015;0.002;-0.002;-0.002;0;0.005;0.024;0.015;0.01;0.032;0.007;0.017
4068;0.227;0.188;-0.01;0.002;-0.002;-0.005;0;0.005;0.024;0.017;0.01;0.034;0.007;0.017
4069;0.225;0.186;-0.012;0.002;-0.002;-0.002;0;0.002;0.024;0.017;0.01;0.039;0.005;0.02
4070;0.22;0.186;-0.015;0.005;-0.005;-0.005;0;0.002;0.027;0.017;0.01;0.039;0.012;0.02
4071;0.208;0.186;-0.012;0.005;-0.002;-0.002;0;0.005;0.024;0.015;0.012;0.034;0.005;0.017
4072;0.203;0.193;-0.017;0.002;-0.005;-0.002;-0.002;0.005;0.024;0.017;0.012;0.037;0.01;0.02
4073;0.198;0.203;-0.012;0.002;-0.002;-0.005;0;0.002;0.024;0.017;0.01;0.037;0.007;0.02
4074;0.19;0.212;-0.015;0.002;-0.002;-0.002;0;0.005;0.027;0.017;0.01;0.037;0.007;0.022
4075;0.183;0.225;-0.015;0;-0.005;-0.002;0;0.005;0.027;0.017;0.01;0.037;0.007;0.022
4076;0.183;0.225;-0.012;-0.002;-0.002;-0.002;0;0.002;0.02;0.015;0.01;0.034;0.007;0.015
4077;0.178;0.227;-0.012;-0.002;-0.005;-0.005;0;0.005;0.024;0.015;0.01;0.037;0.007;0.022
4078;0.176;0.22;-0.015;-0.002;-0.002;-0.002;-0.002;0.007;0.024;0.017;0.01;0.037;0.007;0.017
4079;0.178;0.212;-0.015;0.002;-0.002;-0.002;0.002;0.005;0.024;0.02;0.01;0.034;0.005;0.02
4080;0.178;0.215;-0.012;0.002;-0.005;-0.002;0;0.007;0.024;0.017;0.007;0.037;0.007;0.02
4081;0.186;0.222;-0.02;0.002;-0.002;-0.005;0;0.005;0.027;0.017;0.01;0.034;0.007;0.024
4082;0.19;0.227;-0.017;0.002;-0.002;-0.002;0;0.002;0.022;0.017;0.01;0.037;0.017;0.02
4083;0.203;0.225;-0.017;0.005;-0.002;-0.005;-0.002;0.005;0.022;0.017;0.01;0.034;0.007;0.02
4084;0.215;0.227;-0.02;0.007;-0.005;-0.002;0.002;0.002;0.027;0.017;0.01;0.037;0.01;0.02
4085;0.229;0.225;-0.02;0.007;-0.005;-0.002;0.002;0.005;0.022;0.017;0.01;0.037;0.007;0.02
4086;0.237;0.222;-0.024;0.005;-0.002;-0.002;0.002;0.002;0.027;0.02;0.012;0.034;0.007;0.022
4087;0.229;0.227;0.027;0.007;-0.002;-0.002;0.002;0.005;0.022;0.017;0.007;0.037;0.005;0.012
4088;0.227;0.229;0.178;0.007;-0.002;-0.002;0.002;0.005;0.024;0.017;0.01;0.034;0.007;0.02
4089;0.227;0.234;0.173;0.005;-0.005;-0.002;0;0.005;0.027;0.017;0.01;0.034;0.01;0.022
4090;0.225;0.232;0.291;0.005;-0.005;-0.002;0.002;0.005;0.024;0.017;0.012;0.034;0.01;0.02
4091;0.227;0.229;0.317;0.005;-0.002;-0.002;0;0.005;0.024;0.017;0.01;0.037;0.007;0.02
4092;0.232;0.229;0.286;0;-0.002;-0.005;0;0.005;0.024;0.017;0.01;0.039;0.007;0.02
4093;0.234;0.225;0.327;0;-0.002;-0.002;0;0.005;0.024;0.015;0.01;0.039;0.005;0.02
4094;0.242;0.232;0.229;0.002;-0.002;-0.005;0;0.005;0.024;0.017;0.015;0.039;0.007;0.02
4095;0.242;0.247;0.227;0.005;-0.002;-0.005;0.002;0.005;0.022;0.017;0.01;0.037;0.007;0.02
4096;0.244;0.261;0.232;0.005;-0.002;-0.002;0.002;0.002;0.024;0.015;0.01;0.037;0.01;0.022
4097;0.244;0.261;0.244;0.005;-0.005;-0.007;-0.002;0.002;0.024;0.015;0.007;0.037;0.005;0.02
4098;0.256;0.261;0.225;0.005;-0.005;-0.005;0;0.002;0.024;0.017;0.007;0.037;0.007;0.022
4099;0.259;0.256;0.261;0.007;-0.005;-0.002;-0.002;0.005;0.027;0.017;0.01;0.039;0.007;0.017
4100;0.251;0.247;0.276;0.005;-0.005;-0.002;0;0.005;0.024;0.017;0.01;0.034;0.01;0.024
4101;0.242;0.242;0.422;0.007;-0.005;-0.002;0;0.005;0.02;0.017;0.007;0.034;0.005;0.017
4102;0.237;0.225;0.361;0.005;-0.005;-0.002;0;0.005;0.032;0.02;0.01;0.039;0.007;0.02
4103;0.234;0.22;0.386;0.007;-0.002;-0.002;0;0.005;0.024;0.015;0.01;0.034;0.005;0.012
4104;0.234;0.22;0.4;0.005;-0.002;-0.002;0;0.005;0.022;0.015;0.01;0.037;0.007;0.017
4105;0.234;0.222;0.332;0.01;-0.002;-0.002;0.002;0.007;0.027;0.017;0.012;0.039;0.012;0.02
4106;0.239;0.217;0.354;0.01;0;-0.005;0.002;0.005;0.027;0.017;0.01;0.034;0.01;0.022
4107;0.234;0.217;0.322;0.007;0;-0.002;0.002;0.005;0.022;0.015;0.007;0.037;0.007;0.02
4108;0.237;0.215;0.278;0.01;-0.002;-0.005;0.002;0.005;0.027;0.015;0.01;0.037;0.015;0.024
4109;0.234;0.212;0.3;0.012;-0.005;-0.002;0.002;0.007;0.024;0.02;0.01;0.034;0.01;0.017
4110;0.234;0.212;0.244;0.007;-0.002;-0.002;0;0.005;0.024;0.017;0.012;0.039;0.007;0.022
4111;0.239;0.215;0.281;0.005;-0.002;-0.002;0;0.005;0.024;0.017;0.01;0.039;0.007;0.017
4112;0.244;0.227;0.305;0.007;-0.005;-0.005;0;0.005;0.024;0.017;0.01;0.037;0.01;0.02
4113;0.254;0.227;0.291;0.002;-0.005;-0.002;0.002;0.005;0.024;0.017;0.01;0.034;0.012;0.024
4114;0.259;0.227;0.239;0.002;-0.005;-0.005;0;0.002;0.027;0.017;0.007;0.037;0.01;0.022
4115;0.264;0.225;0.264;-0.002;-0.005;-0.005;0;0.002;0.024;0.015;0.007;0.037;0.01;0.022
4116;0.264;0.225;0.242;0;-0.005;-0.002;0;0.005;0.024;0.017;0.01;0.034;0.012;0.022
4117;0.264;0.225;0.229;0;-0.002;-0.002;0;0.007;0.022;0.015;0.01;0.037;0.007;0.02
4118;0.264;0.234;0.234;0;-0.002;0;0;0.005;0.024;0.015;0.007;0.034;0.007;0.02
4119;0.256;0.237;0.195;0.002;-0.002;-0.002;0;0.005;0.027;0.017;0.007;0.037;0.017;0.024
4120;0.249;0.242;0.198;0;-0.002;-0.002;0;0.005;0.029;0.02;0.01;0.037;0.007;0.022
4121;0.242;0.237;0.208;0.005;-0.005;-0.005;0;0.002;0.022;0.015;0.01;0.034;0.012;0.02
4122;0.244;0.234;0.234;0;-0.002;-0.002;0.002;0.005;0.024;0.017;0.01;0.034;0.007;0.022
4123;0.249;0.222;0.21;0.002;0;0;0;0.007;0.027;0.017;0.012;0.039;0.01;0.02
4124;0.244;0.225;0.232;0.005;-0.005;0;0;0.007;0.024;0.017;0.007;0.039;0.007;0.017
4125;0.244;0.227;0.22;0.002;-0.005;-0.005;0;0.005;0.024;0.015;0.012;0.039;0.015;0.027
4126;0.247;0.229;0.237;0.002;-0.002;-0.005;-0.002;0.005;0.022;0.017;0.01;0.034;0.005;0.017
4127;0.254;0.225;0.249;0.005;-0.002;0;0.002;0.007;0.027;0.015;0.01;0.034;0.012;0.024
4128;0.256;0.232;0.254;0;-0.005;-0.002;0.002;0.002;0.027;0.017;0.01;0.034;0.012;0.022
4129;0.259;0.222;0.247;0;-0.005;-0.002;0;0.002;0.029;0.02;0.012;0.037;0.01;0.022
4130;0.261;0.222;0.264;0.002;-0.002;-0.002;0;0.007;0.024;0.015;0.01;0.034;0.007;0.015
4131;0.273;0.222;0.232;0.002;-0.005;-0.002;0.005;0.005;0.024;0.017;0.01;0.034;0.012;0.027
4132;0.269;0.225;0.247;0.002;-0.002;-0.002;-0.002;0.007;0.024;0.015;0.012;0.037;0.007;0.017
4133;0.261;0.227;0.232;0;-0.005;-0.005;0.002;0.005;0.022;0.015;0.007;0.034;0.007;0.02
4134;0.249;0.229;0.259;0;-0.002;-0.005;0;0.005;0.024;0.017;0.007;0.034;0.007;0.02
4135;0.247;0.234;0.269;0.005;-0.002;-0.005;0;0.002;0.027;0.017;0.01;0.037;0.01;0.024
4136;0.239;0.239;0.283;0.005;-0.002;-0.005;0;0.005;0.02;0.017;0.007;0.034;0.007;0.015
4137;0.242;0.237;0.273;0.005;-0.002;-0.002;0;0.005;0.024;0.02;0.012;0.037;0.007;0.017
4138;0.244;0.239;0.278;0.005;-0.005;-0.005;0;0.005;0.027;0.02;0.012;0.037;0.005;0.02
4139;0.242;0.251;0.249;0.005;0;-0.002;0;0.002;0.027;0.015;0.012;0.034;0.01;0.022
4140;0.242;0.251;0.254;0.002;-0.002;-0.002;0;0.005;0.024;0.012;0.007;0.034;0.007;0.015
4141;0.239;0.256;0.276;0.005;-0.005;-0.002;0;0.007;0.024;0.015;0.007;0.037;0.01;0.022
4142;0.239;0.249;0.3;0;-0.002;-0.005;0;0.005;0.022;0.015;0.01;0.034;0.01;0.02
4143;0.237;0.239;0.288;0.002;-0.002;-0.002;0;0.005;0.029;0.017;0.01;0.037;0.012;0.024
4144;0.239;0.229;0.305;0.005;-0.007;-0.005;-0.002;0.005;0.024;0.015;0.01;0.037;0.01;0.022
4145;0.237;0.22;0.305;0.002;-0.002;-0.002;0.002;0.007;0.024;0.015;0.007;0.034;0.01;0.022
4146;0.229;0.215;0.339;0;-0.007;-0.002;0.002;0.005;0.027;0.015;0.012;0.037;0.012;0.022
4147;0.227;0.208;0.337;0;-0.005;-0.002;0;0.005;0.029;0.017;0.01;0.037;0.012;0.024
4148;0.22;0.208;0.342;0;-0.005;0;0;0.01;0.022;0.015;0.007;0.034;0.007;0.017
4149;0.217;0.203;0.317;0.005;-0.002;-0.002;0.002;0.007;0.024;0.015;0.01;0.037;0.007;0.017
4150;0.212;0.212;0.315;0.002;-0.002;-0.002;0.002;0.002;0.024;0.012;0.007;0.034;0.007;0.022
4151;0.212;0.217;0.303;0.005;-0.005;-0.002;0;0.002;0.024;0.015;0.01;0.034;0.012;0.022
4152;0.203;0.227;0.325;0.002;-0.002;-0.007;0;0.005;0.027;0.017;0.012;0.039;0.01;0.022
4153;0.195;0.225;0.303;0.005;-0.002;-0.005;0;0.005;0.024;0.015;0.007;0.037;0.005;0.02
4154;0.195;0.227;0.303;0.005;-0.002;-0.005;0;0.007;0.027;0.017;0.01;0.037;0.007;0.017
4155;0.2;0.229;0.291;0.007;-0.005;-0.005;0.002;0.005;0.024;0.012;0.007;0.034;0.01;0.022
4156;0.198;0.227;0.293;0.01;-0.005;-0.002;0.002;0.007;0.022;0.017;0.007;0.037;0.005;0.022
4157;0.2;0.225;0.305;0.007;-0.005;-0.002;0.002;0.01;0.029;0.017;0.01;0.037;0.007;0.02
4158;0.203;0.222;0.305;0.01;-0.002;-0.002;0;0.007;0.022;0.01;0.007;0.037;0.007;0.017
4159;0.212;0.22;0.322;0.007;-0.007;-0.005;0;0.005;0.024;0.017;0.01;0.037;0.01;0.02
4160;0.217;0.22;0.308;0.007;-0.005;-0.005;0;0.005;0.022;0.015;0.007;0.037;0.007;0.017
4161;0.225;0.205;0.291;0.007;-0.005;-0.005;0.002;0.005;0.024;0.015;0.01;0.037;0.01;0.022
4162;0.222;0.208;0.322;0.01;-0.005;-0.005;-0.002;0.005;0.022;0.017;0.01;0.034;0.007;0.02
4163;0.225;0.2;0.32;0.007;-0.002;0;0.002;0.007;0.027;0.02;0.01;0.042;0.012;0.022
4164;0.227;0.193;0.32;0.007;-0.005;-0.002;0.002;0.002;0.027;0.017;0.012;0.037;0.005;0.017
4165;0.232;0.193;0.293;0.007;-0.007;-0.002;0;0.005;0.024;0.017;0.01;0.037;0.012;0.024
4166;0.229;0.19;0.286;0.007;-0.005;-0.005;0;0.002;0.022;0.017;0.007;0.034;0.007;0.017
4167;0.227;0.195;0.271;0.002;-0.005;-0.007;0;0.005;0.022;0.015;0.01;0.034;0.005;0.02
4168;0.225;0.195;0.283;0.007;-0.002;-0.002;0.002;0.005;0.022;0.015;0.007;0.034;0.01;0.02
4169;0.222;0.193;0.281;0.007;-0.002;-0.002;0;0.005;0.022;0.017;0.01;0.037;0.01;0.02
4170;0.217;0.188;0.308;0.007;-0.005;-0.002;0.002;0.005;0.024;0.015;0.01;0.037;0.01;0.02
4171;0.212;0.19;0.298;0.007;-0.002;0;0;0.005;0.027;0.02;0.01;0.042;0.01;0.02
4172;0.215;0.188;0.308;0;-0.002;-0.002;0.002;0.005;0.024;0.015;0.01;0.039;0.007;0.015
4173;0.215;0.195;0.315;0.002;-0.005;-0.002;0;0.005;0.022;0.015;0.007;0.037;0.007;0.017
4174;0.222;0.195;0.3;0.005;-0.002;-0.005;0.002;0.007;0.022;0.017;0.01;0.037;0.01;0.02
4175;0.225;0.205;0.288;0;-0.005;-0.005;0;0.005;0.022;0.017;0.01;0.037;0.012;0.024
4176;0.225;0.203;0.286;0.002;-0.005;-0.005;0;0.007;0.022;0.017;0.012;0.039;0.007;0.022
4177;0.227;0.2;0.271;0.002;-0.002;-0.005;0.002;0.005;0.024;0.015;0.012;0.039;0.005;0.022
4178;0.227;0.2;0.278;-0.002;-0.002;-0.002;0.002;0.005;0.022;0.015;0.01;0.037;0.007;0.02
4179;0.229;0.2;0.295;0;-0.002;-0.005;0.002;0.002;0.022;0.02;0.01;0.037;0.007;0.022
4180;0.232;0.203;0.278;-0.002;-0.002;-0.005;0.002;0.005;0.022;0.02;0.012;0.039;0.007;0.02
4181;0.234;0.212;0.281;-0.002;0;-0.002;0;0.005;0.024;0.02;0.01;0.037;0.002;0.017
4182;0.237;0.217;0.266;0;-0.005;-0.005;0;0.002;0.022;0.017;0.01;0.039;0.015;0.02
4183;0.234;0.222;0.278;0;-0.002;-0.002;-0.002;0.005;0.024;0.02;0.012;0.039;0.005;0.02
4184;0.229;0.225;0.269;0;-0.002;-0.005;-0.002;0.005;0.024;0.017;0.007;0.039;0.005;0.017
4185;0.227;0.225;0.276;0;-0.005;-0.005;0.002;0.005;0.024;0.017;0.01;0.042;0.015;0.022
4186;0.225;0.232;0.276;0;-0.005;-0.007;0.002;0.005;0.027;0.017;0.01;0.039;0.01;0.027
4187;0.227;0.232;0.276;0.002;-0.002;-0.005;0.002;0.005;0.022;0.02;0.007;0.037;0.007;0.017
4188;0.227;0.237;0.281;0;-0.005;-0.002;0;0.005;0.017;0.015;0.01;0.037;0.007;0.015
4189;0.227;0.237;0.305;0;-0.002;-0.005;0;0.005;0.022;0.017;0.01;0.037;0.007;0.017
4190;0.227;0.239;0.3;0;-0.005;0;0.002;0.005;0.022;0.017;0.01;0.039;0.002;0.017
4191;0.217;0.247;0.291;0.002;-0.005;0;0;0.007;0.022;0.02;0.01;0.039;0.01;0.02
4192;0.21;0.249;0.3;0.005;-0.002;-0.007;0.002;0.005;0.02;0.015;0.01;0.034;0.005;0.017
4193;0.21;0.249;0.317;0.007;-0.005;-0.002;0;0.002;0.02;0.017;0.01;0.037;0.007;0.017
4194;0.21;0.251;0.291;0.005;-0.005;-0.007;0.002;0.002;0.022;0.017;0.007;0.037;0.01;0.017
4195;0.21;0.254;0.3;0.005;-0.005;-0.005;0.002;0.002;0.02;0.015;0.007;0.034;0.007;0.02
4196;0.217;0.254;0.305;0.005;-0.005;-0.002;0;0.005;0.024;0.02;0.01;0.039;0.01;0.02
4197;0.222;0.266;0.303;0.007;-0.002;-0.005;0;0.005;0.024;0.015;0.01;0.034;0.002;0.017
4198;0.232;0.264;0.31;0.007;-0.005;-0.007;0;0.005;0.022;0.017;0.015;0.039;0.007;0.02
4199;0.229;0.259;0.305;0.007;-0.005;-0.002;0.002;0.007;0.024;0.02;0.01;0.034;0.01;0.017
4200;0.229;0.254;0.322;0.005;-0.002;-0.002;0.002;0.005;0.024;0.015;0.012;0.039;0.005;0.015
4201;0.229;0.251;0.315;0.002;0;-0.002;0;0.005;0.022;0.015;0.01;0.037;0.005;0.017
4202;0.232;0.242;0.315;0.002;-0.002;-0.005;0;0.002;0.022;0.012;0.01;0.034;0.007;0.017
4203;0.237;0.244;0.32;0.005;-0.002;-0.005;0;0.005;0.027;0.02;0.01;0.039;0.01;0.017
4204;0.242;0.244;0.327;0.005;-0.002;-0.005;0.002;0.002;0.024;0.017;0.012;0.037;0.007;0.017
4205;0.244;0.237;0.325;0.007;-0.002;-0.002;0.002;0.005;0.024;0.017;0.007;0.034;0.007;0.02
4206;0.242;0.232;0.33;0.005;-0.002;-0.005;0;0.005;0.027;0.017;0.01;0.034;0.01;0.017
4207;0.232;0.232;0.349;0.005;0.002;-0.005;0;0.007;0.024;0.017;0.01;0.039;0.007;0.02
4208;0.227;0.227;0.347;0.005;-0.005;-0.002;0.002;0.002;0.027;0.017;0.012;0.037;0.01;0.02
4209;0.222;0.232;0.352;0.005;-0.002;-0.002;0.002;0.005;0.027;0.02;0.012;0.037;0.007;0.012
4210;0.22;0.232;0.347;0.005;-0.002;-0.002;0;0.002;0.024;0.017;0.01;0.034;0.007;0.015
4211;0.215;0.232;0.359;0.002;-0.002;-0.005;0;0.007;0.024;0.015;0.007;0.034;0.01;0.022
4212;0.217;0.232;0.486;0.002;-0.002;-0.005;0;0.005;0.027;0.022;0.012;0.039;0.01;0.02
4213;0.22;0.222;0.486;0.002;-0.002;-0.005;0.002;0.007;0.027;0.017;0.01;0.034;0.007;0.017
4214;0.215;0.222;0.649;0;-0.005;-0.002;0.002;0.005;0.022;0.012;0.005;0.029;0.007;0.017
4215;0.21;0.225;0.574;-0.002;-0.005;-0.002;0.002;0.002;0.024;0.017;0.012;0.037;0.007;0.017
4216;0.205;0.227;0.623;0;-0.002;-0.005;0.002;0.007;0.024;0.017;0.007;0.032;0.005;0.017
4217;0.195;0.237;0.464;0.005;-0.002;-0.002;0;0.005;0.022;0.02;0.01;0.037;0.015;0.02
4218;0.193;0.232;0.427;0.002;-0.002;-0.002;0.002;0.005;0.027;0.02;0.012;0.037;0;0.015
4219;0.2;0.234;0.613;0.005;-0.002;-0.002;0.002;0.005;0.027;0.02;0.01;0.034;0.017;0.02
4220;0.208;0.232;0.679;0.007;-0.005;-0.005;0;0.005;0.024;0.017;0.01;0.034;0.015;0.022
4221;0.215;0.227;0.686;0.007;-0.005;-0.002;0;0.007;0.027;0.022;0.012;0.037;0.007;0.017
4222;0.225;0.227;0.603;0.01;-0.007;-0.002;0;0.005;0.027;0.02;0.012;0.037;0.01;0.02
4223;0.222;0.227;0.557;0.007;-0.005;-0.002;0.002;0.005;0.024;0.015;0.01;0.034;0.01;0.015
4224;0.222;0.229;0.696;0.01;-0.007;-0.005;0.002;0.007;0.024;0.017;0.007;0.034;0.01;0.02
4225;0.217;0.227;0.698;0.01;-0.005;-0.005;0.002;0.005;0.027;0.02;0.012;0.037;0.005;0.017
4226;0.222;0.225;0.457;0.01;-0.007;-0.005;0.002;0.005;0.024;0.017;0.01;0.034;0.012;0.02
4227;0.227;0.225;0.554;0.01;-0.005;-0.002;0;0.005;0.027;0.017;0.01;0.037;0.01;0.017
4228;0.229;0.222;0.552;0.01;-0.002;-0.002;0;0.005;0.024;0.017;0.01;0.034;0.007;0.017
4229;0.232;0.225;0.447;0.007;-0.005;-0.005;0;0.002;0.024;0.015;0.01;0.032;0.01;0.02
4230;0.234;0.227;0.439;0.007;-0.002;-0.005;-0.002;0.005;0.027;0.015;0.01;0.034;0.01;0.022
4231;0.234;0.222;0.557;0.005;-0.002;-0.002;0.002;0.005;0.029;0.017;0.01;0.039;0.01;0.02
4232;0.234;0.222;0.557;0.005;-0.005;-0.005;-0.002;0.002;0.022;0.017;0.012;0.034;0.005;0.012
4233;0.229;0.222;0.581;0.002;-0.002;-0.005;-0.002;0.005;0.027;0.017;0.007;0.034;0.01;0.02
4234;0.222;0.225;0.63;0.005;-0.005;-0.002;0;0.007;0.027;0.02;0.012;0.034;0.007;0.017
4235;0.215;0.225;0.601;0.005;-0.002;-0.005;0;0.005;0.029;0.02;0.012;0.037;0.005;0.02
4236;0.205;0.225;0.632;0.007;-0.005;-0.005;0;0.002;0.027;0.015;0.01;0.037;0.005;0.015
4237;0.203;0.229;0.654;0.01;-0.002;-0.002;0;0;0.024;0.015;0.012;0.034;0.007;0.015
4238;0.2;0.225;0.701;0.007;-0.005;-0.005;0;0.007;0.024;0.017;0.01;0.037;0.007;0.017
4239;0.2;0.222;0.649;0.007;-0.002;-0.002;-0.002;0.005;0.027;0.017;0.012;0.037;0.01;0.017
4240;0.2;0.217;0.654;0.007;-0.005;-0.005;-0.002;0.002;0.029;0.02;0.01;0.034;0.007;0.017
4241;0.2;0.215;0.596;0.007;0;-0.002;0.002;0.002;0.024;0.017;0.01;0.034;0.005;0.02
4242;0.205;0.21;0.598;0.005;-0.002;-0.002;0.002;0.005;0.029;0.017;0.01;0.034;0.012;0.022
4243;0.205;0.208;0.835;0.005;0.002;-0.002;0;0.005;0.024;0.015;0.01;0.037;0.012;0.02
4244;0.205;0.2;0.627;0.007;-0.002;-0.005;-0.002;0.005;0.024;0.015;0.007;0.032;0.005;0.015
4245;0.203;0.2;0.681;0.005;-0.002;-0.002;0.002;0.007;0.029;0.017;0.01;0.034;0.012;0.024
4246;0.195;0.193;0.886;0.005;-0.002;-0.005;0.002;0.002;0.024;0.017;0.012;0.034;0.01;0.017
4247;0.188;0.193;0.886;0.002;-0.002;-0.005;0.002;0.005;0.032;0.02;0.012;0.037;0.01;0.017
4248;0.178;0.195;0.786;0;-0.002;-0.002;0.002;0.005;0.024;0.017;0.007;0.034;0.005;0.012
4249;0.171;0.198;0.972;0;-0.002;-0.005;0;0.005;0.027;0.017;0.007;0.034;0.01;0.02
4250;0.168;0.203;0.876;0.002;-0.002;-0.002;0.002;0.005;0.029;0.02;0.01;0.037;0.01;0.017
4251;0.164;0.212;0.928;0;-0.002;-0.002;0.002;0.005;0.027;0.017;0.01;0.037;0.015;0.022
4252;0.173;0.222;0.569;-0.002;-0.002;-0.002;0;0.005;0.029;0.02;0.012;0.037;0.007;0.017
4253;0.176;0.234;0.464;-0.007;-0.005;-0.005;0;0.005;0.029;0.017;0.01;0.034;0.007;0.02
4254;0.178;0.239;0.469;-0.002;-0.002;-0.002;0;0.005;0.029;0.017;0.012;0.037;0.007;0.02
4255;0.181;0.242;0.698;-0.005;-0.002;-0.005;0;0.005;0.027;0.015;0.01;0.037;0.005;0.015
4256;0.181;0.239;0.408;0;-0.002;-0.005;0;0.005;0.029;0.017;0.012;0.034;0.012;0.02
4257;0.186;0.249;0.41;-0.002;-0.002;-0.002;0;0.005;0.029;0.02;0.012;0.037;0.007;0.017
4258;0.193;0.249;0.33;0.005;-0.002;-0.002;0;0.005;0.029;0.02;0.015;0.037;0.007;0.022
4259;0.193;0.254;0.356;0;-0.005;-0.005;-0.002;0.005;0.029;0.017;0.01;0.037;0.015;0.022
4260;0.2;0.254;0.383;0;-0.002;-0.005;0;0.005;0.027;0.015;0.01;0.034;0.005;0.015
4261;0.2;0.254;0.601;0.002;-0.002;-0.007;0;0.005;0.024;0.012;0.007;0.034;0.015;0.022
4262;0.203;0.247;0.303;0.007;-0.005;-0.002;0;0.002;0.029;0.015;0.01;0.034;0.015;0.024
4263;0.195;0.251;0.535;0.005;-0.005;-0.005;0.002;0.005;0.027;0.02;0.01;0.037;0.007;0.012
4264;0.193;0.247;0.554;0.005;-0.005;-0.002;0;0.005;0.027;0.015;0.01;0.034;0.01;0.022
4265;0.19;0.249;0.442;0.005;-0.005;0;0;0.007;0.029;0.015;0.012;0.037;0.01;0.015
4266;0.186;0.251;0.522;0.007;-0.005;-0.002;0.002;0.005;0.029;0.017;0.01;0.034;0.012;0.022
4267;0.181;0.249;0.635;0.007;-0.005;-0.005;0.002;0.005;0.027;0.017;0.01;0.037;0.007;0.017
4268;0.181;0.249;0.425;0.01;-0.005;-0.005;0;0.005;0.027;0.02;0.01;0.034;0.007;0.022
4269;0.178;0.247;0.435;0.007;-0.007;-0.005;0.002;0.005;0.029;0.017;0.012;0.034;0.005;0.017
4270;0.181;0.237;0.706;0.007;-0.005;0;0;0.007;0.027;0.015;0.01;0.034;0.007;0.02
4271;0.173;0.239;0.635;0.01;-0.005;-0.005;0.002;0.005;0.029;0.02;0.012;0.037;0.007;0.017
4272;0.173;0.232;0.706;0.01;-0.002;-0.002;0;0.007;0.024;0.015;0.007;0.032;0.007;0.02
4273;0.173;0.237;0.791;0.005;-0.002;-0.007;0;0.007;0.027;0.015;0.01;0.034;0.01;0.017
4274;0.176;0.232;0.71;0.005;-0.005;-0.005;0;0.005;0.024;0.015;0.01;0.034;0.01;0.022
4275;0.183;0.234;0.693;0.005;-0.002;-0.002;0;0.005;0.027;0.015;0.007;0.037;0.007;0.02
4276;0.188;0.229;0.715;0.007;-0.005;-0.002;0;0.005;0.024;0.017;0.007;0.034;0.007;0.02
4277;0.193;0.227;0.706;0.007;-0.005;-0.005;-0.002;0.002;0.027;0.017;0.007;0.034;0.01;0.017
4278;0.193;0.22;0.769;0.007;-0.007;-0.002;0;0.005;0.027;0.017;0.012;0.034;0.01;0.02
4279;0.188;0.22;0.745;0.007;-0.002;-0.005;0;0.007;0.027;0.017;0.007;0.034;0.005;0.012
4280;0.183;0.217;0.964;0.005;-0.005;-0.005;0;0.002;0.029;0.017;0.012;0.037;0.01;0.02
4281;0.171;0.22;0.842;0.01;-0.002;-0.005;0;0.002;0.024;0.017;0.01;0.034;0.007;0.015
4282;0.168;0.225;0.767;0.01;0;-0.005;0.002;0.005;0.032;0.017;0.012;0.037;0.012;0.02
4283;0.168;0.225;0.742;0.01;-0.002;-0.005;-0.002;0.005;0.027;0.017;0.01;0.037;0.007;0.02
4284;0.168;0.229;0.598;0.007;0;-0.002;0;0.005;0.027;0.017;0.01;0.034;0.012;0.017
4285;0.171;0.234;0.645;0.01;-0.002;-0.002;-0.002;0.002;0.029;0.022;0.01;0.034;0.012;0.022
4286;0.176;0.227;0.688;0.01;0;-0.002;0;0.007;0.032;0.02;0.01;0.034;0.01;0.024
4287;0.173;0.229;0.54;0.01;-0.002;-0.002;0;0.005;0.022;0.015;0.007;0.034;0.005;0.012
4288;0.168;0.234;0.583;0.012;0;-0.002;0;0.005;0.029;0.015;0.01;0.034;0.015;0.027
4289;0.173;0.239;0.625;0.012;0;0;-0.002;0.007;0.029;0.02;0.012;0.037;0.005;0.01
4290;0.171;0.242;0.735;0.012;-0.002;-0.005;0.002;0.005;0.024;0.015;0.007;0.034;0.005;0.02
4291;0.168;0.237;0.659;0.012;-0.005;-0.002;0.002;0.002;0.024;0.017;0.01;0.034;0.01;0.015
4292;0.168;0.237;0.64;0.01;-0.002;-0.002;0;0.002;0.027;0.017;0.01;0.034;0.01;0.02
4293;0.166;0.232;0.547;0.005;-0.002;-0.005;0;0.005;0.024;0.015;0.007;0.029;0.007;0.02
4294;0.161;0.227;0.698;0.005;-0.005;-0.002;0.002;0.005;0.029;0.017;0.01;0.034;0.01;0.02
4295;0.154;0.229;0.84;0.007;-0.002;-0.002;0;0.005;0.029;0.022;0.015;0.039;0.005;0.02
4296;0.154;0.234;0.823;0.005;-0.002;-0.005;0.002;0.007;0.024;0.017;0.007;0.034;0.012;0.02
4297;0.151;0.239;0.918;0.005;-0.005;-0.002;0;0.005;0.027;0.017;0.01;0.037;0.01;0.02
4298;0.146;0.249;1.418;0.002;-0.002;-0.005;0;0.005;0.027;0.017;0.01;0.034;0.007;0.017
4299;0.154;0.249;1.499;0.002;-0.002;-0.005;0;0.005;0.027;0.017;0.01;0.034;0.01;0.022
4300;0.151;0.244;0.454;0.005;-0.002;-0.002;0;0.005;0.032;0.02;0.01;0.037;0.007;0.017
4301;0.159;0.237;0.488;0.005;-0.002;-0.002;0;0.005;0.027;0.02;0.01;0.032;0.012;0.022
4302;0.166;0.232;0.53;0.005;-0.005;-0.002;0;0.005;0.029;0.017;0.01;0.034;0.007;0.02
4303;0.183;0.229;0.471;0.007;-0.005;-0.002;0;0.005;0.027;0.017;0.01;0.034;0.007;0.015
4304;0.19;0.227;0.662;0;-0.005;-0.002;0;0.005;0.027;0.017;0.01;0.037;0.012;0.02
4305;0.198;0.222;0.537;0;-0.002;-0.005;0.002;0.005;0.027;0.017;0.012;0.034;0.007;0.017
4306;0.208;0.222;0.574;0;-0.007;-0.01;0;0.005;0.029;0.02;0.012;0.037;0.005;0.015
4307;0.21;0.22;0.737;-0.002;-0.005;-0.005;0.002;0.005;0.027;0.02;0.007;0.034;0.01;0.02
4308;0.205;0.217;0.908;-0.005;-0.005;-0.002;0;0.002;0.027;0.017;0.012;0.037;0.01;0.02
4309;0.2;0.22;0.808;-0.007;-0.005;-0.002;0;0.005;0.027;0.017;0.007;0.034;0.005;0.015
4310;0.2;0.217;0.908;-0.005;-0.005;-0.002;0;0.005;0.027;0.015;0.012;0.037;0.005;0.015
4311;0.203;0.225;0.623;-0.007;-0.005;-0.002;0.002;0.005;0.029;0.02;0.01;0.034;0.007;0.017
4312;0.2;0.227;0.75;-0.01;-0.005;-0.005;0;0.002;0.027;0.017;0.01;0.034;0.01;0.017
4313;0.203;0.229;0.762;-0.01;0;-0.002;0;0.005;0.027;0.02;0.01;0.034;0.007;0.017
4314;0.203;0.232;0.591;-0.01;-0.002;-0.002;0.002;0.005;0.024;0.015;0.007;0.034;0.01;0.022
4315;0.203;0.232;0.823;-0.007;-0.005;-0.002;0;0.005;0.027;0.017;0.01;0.037;0.01;0.02
4316;0.2;0.237;0.588;-0.007;-0.002;-0.005;-0.002;0.007;0.024;0.017;0.007;0.037;0.01;0.015
4317;0.198;0.237;0.837;-0.012;0;-0.002;0.002;0.007;0.027;0.015;0.01;0.034;0.012;0.02
4318;0.195;0.234;0.637;-0.007;-0.005;-0.005;0.002;0.005;0.024;0.017;0.01;0.034;0.007;0.017
4319;0.203;0.229;0.874;-0.007;-0.005;-0.002;0;0.005;0.027;0.017;0.01;0.037;0.01;0.024
4320;0.203;0.234;0.923;-0.01;-0.002;-0.005;0.002;0.007;0.024;0.022;0.012;0.039;0.01;0.012
4321;0.2;0.227;0.652;-0.007;-0.005;-0.005;0.002;0.005;0.027;0.02;0.01;0.034;0.007;0.017
4322;0.198;0.227;0.728;-0.007;-0.005;-0.005;0;0.007;0.022;0.017;0.01;0.037;0.007;0.017
4323;0.193;0.232;1.016;-0.007;-0.002;-0.005;0.002;0.005;0.024;0.02;0.012;0.037;0.01;0.02
4324;0.186;0.229;0.864;-0.005;-0.002;-0.005;0;0.005;0.027;0.02;0.012;0.037;0.012;0.017
4325;0.178;0.232;0.803;0.002;-0.005;-0.002;-0.002;0.005;0.027;0.017;0.01;0.037;0.005;0.02
4326;0.178;0.229;0.732;0.002;-0.005;-0.007;0;0.005;0.027;0.017;0.01;0.037;0.005;0.015
4327;0.181;0.229;0.715;0;-0.007;-0.007;0;0.005;0.027;0.015;0.007;0.034;0.007;0.017
4328;0.188;0.225;0.767;0.005;-0.002;-0.002;0;0.002;0.029;0.02;0.012;0.034;0.017;0.024
4329;0.19;0.222;0.918;0.007;-0.002;-0.005;0;0.007;0.027;0.02;0.01;0.039;0.007;0.017
4330;0.193;0.225;0.869;0.01;-0.002;-0.005;0.002;0.005;0.029;0.017;0.01;0.034;0.012;0.017
4331;0.198;0.227;0.911;0.01;-0.005;-0.005;0.002;0.005;0.029;0.02;0.012;0.042;0.007;0.015
4332;0.198;0.217;0.852;0.015;-0.002;-0.002;0;0.005;0.029;0.02;0.012;0.034;0.01;0.02
4333;0.198;0.22;0.764;0.012;-0.002;-0.002;0;0.007;0.032;0.017;0.01;0.037;0.01;0.017
4334;0.198;0.22;0.508;0.015;0;-0.002;0.002;0.007;0.034;0.02;0.012;0.042;0.01;0.02
4335;0.203;0.215;0.369;0.015;-0.005;-0.002;0.002;0.007;0.034;0.017;0.01;0.037;0.007;0.017
4336;0.21;0.215;0.334;0.015;-0.002;-0.005;0.002;0.005;0.037;0.02;0.012;0.037;0.007;0.02
4337;0.203;0.22;0.342;0.01;-0.005;-0.005;0;0.005;0.037;0.017;0.012;0.037;0.01;0.017
4338;0.2;0.217;0.344;0.015;0;-0.002;0.002;0.007;0.042;0.017;0.007;0.037;0.005;0.024
4339;0.19;0.215;0.361;0.017;-0.002;-0.005;0;0.005;0.044;0.02;0.01;0.037;0.01;0.017
4340;0.186;0.217;0.352;0.017;-0.007;-0.005;0;0.005;0.046;0.015;0.01;0.037;0.007;0.017
4341;0.186;0.217;0.337;0.015;-0.002;-0.002;-0.002;0.005;0.054;0.015;0.007;0.037;0.01;0.02
4342;0.19;0.22;0.295;0.017;-0.002;-0.002;0;0.007;0.061;0.015;0.01;0.037;0.007;0.022
4343;0.198;0.22;0.261;0.02;-0.002;-0.002;0;0.005;0.063;0.015;0.007;0.037;0.007;0.017
4344;0.198;0.225;0.334;0.02;-0.005;-0.005;0.002;0.005;0.071;0.015;0.007;0.034;0.005;0.02
4345;0.198;0.222;0.417;0.02;-0.002;-0.002;0.002;0.002;0.076;0.017;0.007;0.034;0.005;0.015
4346;0.193;0.225;0.576;0.02;-0.002;-0.005;0;0.005;0.081;0.017;0.01;0.034;0.007;0.017
4347;0.195;0.227;0.581;0.02;-0.002;-0.002;0;0.005;0.088;0.017;0.01;0.034;0.012;0.022
4348;0.19;0.225;0.786;0.017;-0.005;-0.007;0;0.005;0.095;0.017;0.012;0.037;0.005;0.017
4349;0.188;0.225;4.749;0.017;-0.002;-0.005;-0.002;0.005;0.1;0.017;0.01;0.037;0.007;0.017
4350;0.193;0.227;4.998;0.017;-0.005;-0.007;-0.002;0.002;0.105;0.017;0.01;0.037;0;0.015
4351;0.195;0.227;4.998;0.015;-0.002;-0.002;-0.002;0.005;0.112;0.02;0.01;0.037;0.005;0.017
4352;0.193;0.225;4.998;0.017;-0.002;-0.007;0;0.007;0.117;0.02;0.007;0.037;0.007;0.022
4353;0.186;0.227;4.998;0.012;-0.002;-0.005;0.002;0.007;0.125;0.015;0.01;0.037;0.005;0.015
4354;0.181;0.232;4.998;0.012;-0.002;-0.005;0;0.007;0.134;0.015;0.01;0.032;0.012;0.02
4355;0.181;0.229;4.998;0.007;-0.005;-0.002;0;0.005;0.144;0.015;0.007;0.034;0.007;0.015
4356;0.178;0.229;4.998;0.01;-0.002;-0.005;0;0.005;0.156;0.012;0.01;0.037;0.007;0.017
4357;0.186;0.225;4.998;0.005;-0.005;-0.002;0;0.005;0.168;0.017;0.005;0.034;0;0.012
4358;0.193;0.22;4.998;0.005;-0.007;-0.002;0;0.002;0.183;0.017;0.01;0.034;0.005;0.017
4359;0.205;0.222;4.998;0.002;-0.002;-0.005;0;0.005;0.2;0.017;0.007;0.034;0.01;0.02
4360;0.21;0.22;4.998;0.002;-0.007;-0.005;0;0.005;0.22;0.015;0.007;0.037;0.005;0.017
4361;0.215;0.222;4.998;-0.005;-0.002;-0.002;0;0.005;0.242;0.012;0.007;0.034;0.002;0.017
4362;0.212;0.222;4.998;-0.005;-0.007;-0.002;0;0.005;0.261;0.012;0.007;0.034;0.007;0.017
4363;0.208;0.217;4.998;-0.005;-0.005;-0.005;0;0.005;0.288;0.017;0.007;0.034;0.005;0.02
4364;0.198;0.22;4.998;-0.007;-0.007;-0.005;0;0.005;0.317;0.017;0.007;0.037;0.002;0.015
4365;0.19;0.225;4.998;-0.005;-0.005;-0.007;-0.002;0.005;0.347;0.015;0.007;0.034;0.002;0.017
4366;0.188;0.227;4.998;-0.007;-0.007;-0.002;0.002;0.005;0.386;0.017;0.007;0.037;0.005;0.012
4367;0.188;0.232;4.998;-0.007;-0.005;-0.005;0;0.005;0.427;0.022;0.012;0.037;0.007;0.017
4368;0.186;0.229;4.998;-0.012;-0.007;-0.002;0;0.005;0.469;0.015;0.005;0.034;0.002;0.02
4369;0.178;0.229;4.998;-0.01;-0.01;-0.005;0.002;0.002;0.513;0.017;0.007;0.034;0.002;0.015
4370;0.171;0.229;4.998;-0.015;-0.007;-0.005;0;0.002;0.564;0.015;0.007;0.039;0.007;0.017
4371;0.164;0.225;4.998;-0.015;-0.007;-0.005;0.002;0.005;0.618;0.017;0.007;0.034;0.01;0.02
4372;0.154;0.222;4.998;-0.015;-0.002;-0.002;0;0.005;0.669;0.017;0.005;0.032;0;0.017
4373;0.156;0.217;4.998;-0.017;-0.005;-0.002;0;0.002;0.732;0.017;0.01;0.034;0.005;0.017
4374;0.161;0.208;4.998;-0.02;-0.002;-0.002;0;0.005;0.818;0.017;0.01;0.037;0.007;0.022
4375;0.166;0.21;4.998;-0.017;-0.007;-0.002;0;0.005;0.942;0.017;0.007;0.034;0.005;0.017
4376;0.166;0.205;4.998;-0.017;-0.005;-0.002;0;0.005;1.091;0.017;0.007;0.032;0.007;0.017
4377;0.166;0.205;4.998;-0.017;-0.002;-0.007;0.002;0.002;1.223;0.02;0.01;0.039;0.002;0.017
4378;0.171;0.2;4.998;-0.015;-0.005;-0.005;0;0.005;1.338;0.02;0.012;0.039;0.005;0.015
4379;0.173;0.2;4.998;-0.015;-0.007;-0.005;0.002;0.005;1.433;0.02;0.007;0.037;0.002;0.015
4380;0.188;0.203;4.998;-0.015;-0.005;-0.002;0.002;0.005;1.506;0.02;0.01;0.037;0.005;0.015
4381;0.193;0.205;4.998;-0.012;-0.005;-0.002;0;0.005;1.548;0.02;0.007;0.037;0.005;0.015
4382;0.2;0.208;4.998;-0.01;-0.005;-0.005;0;0.002;1.565;0.024;0.007;0.037;0;0.015
4383;0.208;0.208;4.998;-0.01;-0.005;-0.005;0;0.005;1.57;0.02;0.01;0.037;0.005;0.017
4384;0.208;0.205;4.998;-0.007;-0.007;-0.005;0;0.005;1.577;0.022;0.01;0.037;0.002;0.017
4385;0.208;0.203;4.998;-0.005;-0.005;-0.005;0;0.005;1.584;0.02;0.007;0.037;0.005;0.015
4386;0.203;0.195;4.998;-0.002;-0.005;-0.005;0.002;0.005;1.592;0.02;0.007;0.037;-0.002;0.012
4387;0.208;0.193;4.998;0;-0.007;-0.007;0.002;0.007;1.602;0.015;0.005;0.032;0.002;0.015
4388;0.203;0.195;4.998;0.002;-0.007;0;0;0.002;1.616;0.017;0.01;0.034;0.005;0.015
4389;0.198;0.193;4.998;0.005;-0.005;-0.005;0.002;0.005;1.631;0.017;0.01;0.037;0.005;0.017
4390;0.193;0.195;4.998;0.002;-0.002;-0.002;0;0.005;1.65;0.017;0.007;0.032;0.007;0.017
4391;0.188;0.195;4.998;0.002;-0.005;-0.005;0;0.002;1.677;0.017;0.007;0.034;0.005;0.015
4392;0.186;0.193;4.998;0.005;-0.005;0;0.002;0.005;1.716;0.017;0.007;0.034;0.002;0.015
4393;0.176;0.198;4.998;0.002;-0.007;-0.002;0.002;0.005;1.758;0.015;0.007;0.034;0.005;0.017
4394;0.171;0.2;4.998;0.01;-0.005;-0.005;0.002;0.002;1.807;0.02;0.007;0.034;0.002;0.012
4395;0.173;0.205;4.998;0.017;-0.002;-0.005;0.002;0.005;1.858;0.02;0.007;0.034;0.005;0.012
4396;0.186;0.208;4.998;0.02;-0.005;0;0;0.002;1.914;0.017;0.01;0.032;0.01;0.02
4397;0.193;0.208;4.658;0.024;-0.002;-0.005;0;0.005;1.965;0.02;0.007;0.034;0.002;0.017
4398;0.2;0.203;2.236;0.022;-0.005;-0.005;-0.002;0.005;2.014;0.02;0.007;0.034;0.002;0.015
4399;0.205;0.205;1.611;0.02;-0.002;-0.002;0;0.005;2.073;0.022;0.01;0.037;0.007;0.012
4400;0.208;0.203;1.042;0.015;-0.005;-0.002;0;0.005;2.131;0.02;0.007;0.034;0.007;0.017
4401;0.208;0.2;0.847;0.012;-0.007;-0.002;0;0.005;2.192;0.017;0.005;0.034;0.007;0.017
4402;0.203;0.198;0.779;0.005;-0.005;-0.002;0;0.002;2.246;0.02;0.01;0.034;0.007;0.017
4403;0.203;0.2;0.708;0.007;-0.007;-0.002;0;0.007;2.295;0.02;0.01;0.034;0.005;0.017
4404;0.198;0.205;0.574;0.007;-0.007;0;-0.002;0.007;2.341;0.02;0.01;0.037;0;0.007
4405;0.198;0.205;0.615;0.007;-0.005;-0.005;0;0.005;2.383;0.017;0.007;0.032;0.007;0.017
4406;0.19;0.217;0.61;0.005;-0.007;-0.002;0;0.005;2.422;0.02;0.01;0.034;0.007;0.015
4407;0.188;0.217;0.515;0.01;-0.005;-0.002;0.005;0.005;2.444;0.017;0.007;0.032;0.005;0.015
4408;0.181;0.22;0.444;0.012;-0.007;-0.002;0.002;0.005;2.461;0.02;0.01;0.032;0.01;0.015
4409;0.183;0.222;0.525;0.015;-0.007;-0.005;0;0.005;2.48;0.02;0.01;0.037;0.005;0.017
4410;0.186;0.222;0.493;0.015;-0.002;-0.005;0;0.002;2.5;0.022;0.01;0.034;0.005;0.015
4411;0.186;0.227;0.383;0.017;-0.002;-0.005;0;0.005;2.534;0.02;0.007;0.037;0.007;0.017
4412;0.186;0.229;0.374;0.017;-0.005;-0.005;0;0.005;2.576;0.017;0.01;0.034;0.005;0.015
4413;0.183;0.232;0.342;0.015;-0.002;-0.005;0.002;0.005;2.617;0.02;0.01;0.037;0.007;0.015
4414;0.183;0.232;0.31;0.017;-0.002;-0.005;0.002;0.005;2.654;0.017;0.012;0.034;0;0.015
4415;0.178;0.232;0.295;0.015;-0.005;-0.005;0.002;0.005;2.688;0.017;0.01;0.034;0.005;0.012
4416;0.173;0.229;0.334;0.015;-0.005;-0.005;-0.002;0.005;2.72;0.017;0.01;0.034;0.005;0.02
4417;0.176;0.229;0.33;0.015;-0.005;-0.005;0.002;0.002;2.747;0.022;0.012;0.037;0;0.015
4418;0.183;0.227;0.352;0.015;-0.007;-0.002;0.002;0.005;2.771;0.022;0.01;0.037;0.007;0.015
4419;0.186;0.22;0.32;0.012;-0.007;-0.002;0.002;0.005;2.798;0.017;0.01;0.034;0.007;0.02
4420;0.19;0.217;0.31;0.012;-0.005;-0.002;0.005;0.005;2.827;0.012;0.01;0.032;0.005;0.012
4421;0.193;0.208;0.322;0.01;-0.005;-0.005;0;0.002;2.874;0.017;0.007;0.037;0.005;0.017
4422;0.198;0.203;0.291;0.01;-0.005;-0.002;0;0.005;2.935;0.02;0.01;0.034;0.005;0.02
4423;0.193;0.2;0.288;0.007;-0.005;-0.002;0;0.005;3;0.02;0.007;0.037;0.002;0.012
4424;0.195;0.2;0.295;0;-0.002;-0.005;0;0.002;3.069;0.02;0.007;0.037;0.01;0.015
4425;0.198;0.193;0.276;-0.002;-0.005;-0.005;0;0.007;3.145;0.022;0.012;0.037;0.01;0.015
4426;0.203;0.193;0.273;-0.012;-0.002;-0.005;0;0.005;3.213;0.02;0.01;0.037;0.002;0.015
4427;0.208;0.19;0.281;-0.015;-0.005;-0.007;0;0.007;3.276;0.024;0.012;0.039;0.012;0.02
4428;0.212;0.19;0.269;-0.015;-0.002;-0.005;0;0.007;3.33;0.022;0.01;0.037;0.002;0.015
4429;0.21;0.186;0.259;-0.02;-0.007;-0.002;0;0.002;3.389;0.022;0.01;0.034;0.007;0.02
4430;0.205;0.188;0.261;-0.017;-0.005;-0.002;0;0.007;3.457;0.022;0.01;0.034;0.007;0.017
4431;0.2;0.186;0.276;-0.024;-0.007;-0.005;0;0.005;3.53;0.022;0.012;0.039;0.005;0.017
4432;0.2;0.183;0.278;-0.022;-0.005;-0.005;0;0.005;3.611;0.022;0.01;0.037;0.012;0.02
4433;0.195;0.186;0.281;-0.017;-0.007;-0.005;0.002;0.005;3.696;0.02;0.012;0.037;0.007;0.02
4434;0.208;0.188;0.295;-0.017;-0.005;-0.002;0;0.002;3.787;0.024;0.015;0.037;0.012;0.02
4435;0.198;0.19;0.283;-0.017;-0.005;-0.005;0;0.005;3.877;0.022;0.012;0.039;0.002;0.015
4436;0.195;0.19;0.295;-0.02;-0.002;-0.005;-0.002;0.005;3.97;0.027;0.012;0.039;0.005;0.017
4437;0.186;0.195;0.286;-0.02;0;-0.002;0;0.005;4.062;0.027;0.012;0.039;0.005;0.015
4438;0.19;0.193;0.276;-0.024;0;-0.005;0;0.005;4.155;0.022;0.012;0.037;0.01;0.017
4439;0.186;0.203;0.278;-0.034;0;-0.002;-0.002;0.002;4.26;0.022;0.015;0.034;0.007;0.02
4440;0.186;0.205;0.291;-0.032;-0.002;-0.002;0;0.005;4.358;0.027;0.015;0.042;0.01;0.015
4441;0.186;0.208;0.315;-0.039;-0.002;-0.002;0;0.007;4.438;0.022;0.015;0.037;0.007;0.017
4442;0.195;0.215;0.31;-0.039;-0.002;-0.005;-0.002;0.002;4.5;0.024;0.01;0.034;0.015;0.027
4443;0.186;0.212;0.298;-0.042;-0.002;-0.005;-0.002;0.002;4.563;0.022;0.012;0.039;0.005;0.015
4444;0.188;0.215;0.288;-0.044;-0.002;-0.002;0;0.002;4.624;0.027;0.012;0.037;0.015;0.022
4445;0.181;0.217;0.291;-0.042;-0.002;-0.005;0;0.005;4.668;0.027;0.012;0.037;0.01;0.02
4446;0.186;0.217;0.3;-0.039;-0.002;-0.005;0;0.005;4.702;0.024;0.012;0.037;0.007;0.015
4447;0.171;0.217;0.295;-0.039;-0.005;-0.002;0;0.005;4.707;0.022;0.012;0.037;0.005;0.01
4448;0.168;0.217;0.291;-0.037;0;-0.005;0;0.007;4.707;0.024;0.01;0.037;0.007;0.017
4449;0.166;0.215;0.271;-0.037;-0.002;-0.007;0;0.005;4.692;0.022;0.01;0.039;0.01;0.017
4450;0.168;0.215;0.247;-0.032;-0.002;-0.005;0.002;0.005;4.666;0.022;0.012;0.037;0.01;0.017
4451;0.161;0.208;0.259;-0.024;-0.005;-0.002;0;0.005;4.634;0.02;0.012;0.039;0.007;0.012
4452;0.164;0.208;0.244;-0.022;-0.005;-0.002;0;0.002;4.6;0.02;0.012;0.037;0.012;0.022
4453;0.164;0.203;0.242;-0.02;-0.005;-0.007;0;0.005;4.565;0.02;0.01;0.037;0.007;0.015
4454;0.168;0.2;0.237;-0.015;-0.002;-0.005;0;0.007;4.541;0.017;0.01;0.034;0.01;0.017
4455;0.168;0.195;0.222;-0.007;-0.005;-0.005;0;0.005;4.529;0.02;0.01;0.034;0.007;0.015
4456;0.173;0.193;0.234;-0.002;-0.005;-0.005;0;0.002;4.521;0.02;0.01;0.037;0.01;0.017
4457;0.176;0.193;0.234;0.002;-0.007;-0.005;0;0.005;4.526;0.02;0.01;0.037;0.007;0.017
4458;0.173;0.193;0.222;0.042;-0.007;-0.007;0.002;0.005;4.536;0.02;0.012;0.034;0;0.012
4459;0.176;0.195;0.225;0.161;-0.007;-0.005;0;0.005;4.548;0.02;0.007;0.037;0.005;0.017
4460;0.164;0.193;0.208;0.239;-0.007;-0.005;0;0.005;4.568;0.02;0.01;0.037;0.012;0.017
4461;0.168;0.193;0.208;0.286;-0.005;-0.005;0;0.002;4.587;0.02;0.01;0.037;0.005;0.02
4462;0.176;0.19;0.217;0.359;-0.005;-0.005;-0.002;0.005;4.609;0.02;0.012;0.037;0.01;0.017
4463;0.171;0.19;0.222;0.349;-0.002;-0.002;0;0.005;4.636;0.017;0.01;0.037;0.005;0.017
4464;0.178;0.198;0.215;0.369;-0.002;-0.002;0;0.005;4.68;0.02;0.01;0.039;0.005;0.017
4465;0.176;0.198;0.217;0.354;0;-0.002;-0.002;0.005;4.736;0.017;0.01;0.034;0.01;0.022
4466;0.181;0.198;0.208;0.349;-0.002;-0.002;0;0.005;4.788;0.02;0.012;0.037;0.002;0.012
4467;0.183;0.2;0.217;0.354;-0.002;-0.005;0;0.005;4.836;0.022;0.012;0.039;0.01;0.017
4468;0.181;0.193;0.227;0.371;-0.005;0;0;0.007;4.89;0.022;0.01;0.039;0.007;0.02
4469;0.188;0.2;0.225;0.361;-0.005;-0.002;0;0.005;4.956;0.02;0.01;0.034;0.002;0.015
4470;0.188;0.203;0.232;0.383;-0.005;-0.002;0;0.005;4.998;0.02;0.012;0.039;0.01;0.017
4471;0.193;0.21;0.225;0.391;-0.002;-0.002;0;0.005;4.998;0.022;0.01;0.037;0.007;0.015
4472;0.198;0.212;0.22;0.437;-0.005;-0.002;-0.002;0.005;4.998;0.017;0.01;0.034;0.007;0.02
4473;0.2;0.21;0.217;0.405;-0.002;-0.002;0;0.007;4.998;0.02;0.012;0.034;0.002;0.015
4474;0.203;0.212;0.217;0.415;-0.005;-0.005;0;0.002;4.998;0.024;0.012;0.042;0.007;0.015
4475;0.198;0.212;0.212;0.442;-0.005;-0.005;0;0.005;4.998;0.02;0.012;0.037;0.005;0.02
4476;0.19;0.215;0.215;0.405;-0.002;-0.005;0;0.005;4.998;0.022;0.012;0.034;0.01;0.015
4477;0.188;0.217;0.217;0.381;-0.002;-0.005;0;0.005;4.998;0.02;0.01;0.034;0.005;0.015
4478;0.183;0.215;0.215;0.398;-0.002;-0.005;-0.002;0.005;4.998;0.02;0.007;0.034;0.005;0.015
4479;0.183;0.215;0.217;0.356;-0.002;-0.005;-0.002;0.005;4.998;0.017;0.01;0.034;0.01;0.017
4480;0.178;0.217;0.22;0.354;0.002;-0.007;0;0.005;4.998;0.022;0.01;0.037;0.007;0.017
4481;0.186;0.22;0.232;0.322;0;-0.005;-0.002;0.002;4.998;0.017;0.01;0.034;0.007;0.02
4482;0.183;0.215;0.242;0.325;-0.002;-0.005;-0.002;0.005;4.998;0.02;0.01;0.037;0.007;0.015
4483;0.176;0.22;0.247;0.278;-0.002;-0.002;0;0.005;4.998;0.017;0.01;0.034;0.007;0.01
4484;0.176;0.217;0.237;0.269;0;-0.002;0;0.005;4.998;0.02;0.01;0.037;0.01;0.02
4485;0.173;0.217;0.244;0.251;-0.002;-0.002;0.002;0.005;4.998;0.017;0.01;0.037;0.007;0.022
4486;0.176;0.217;0.247;0.269;0;-0.005;0;0.005;4.998;0.02;0.01;0.034;0.007;0.012
4487;0.176;0.222;0.247;0.234;-0.002;-0.002;-0.002;0.005;4.998;0.017;0.01;0.034;0.007;0.015
4488;0.176;0.222;0.242;0.259;-0.002;-0.002;0;0.002;4.998;0.02;0.012;0.039;0.01;0.017
4489;0.176;0.22;0.232;0.276;-0.002;-0.002;0;0.005;4.998;0.022;0.012;0.037;0.01;0.02
4490;0.171;0.222;0.222;0.3;-0.002;-0.005;0;0.007;4.998;0.02;0.012;0.037;0.007;0.022
4491;0.171;0.217;0.215;0.303;-0.005;-0.002;0;0.005;4.998;0.02;0.012;0.037;0.01;0.017
4492;0.164;0.217;0.222;0.337;-0.002;-0.002;-0.002;0.005;4.998;0.02;0.012;0.037;0.01;0.017
4493;0.164;0.215;0.22;0.3;-0.002;-0.002;0;0.005;4.998;0.017;0.01;0.032;0.007;0.017
4494;0.164;0.212;0.215;0.293;-0.002;-0.002;0;0.005;4.998;0.02;0.01;0.034;0.012;0.022
4495;0.166;0.205;0.205;0.32;-0.002;-0.002;0;0.007;4.998;0.02;0.012;0.034;0.01;0.022
4496;0.168;0.195;0.21;0.281;-0.005;-0.005;-0.002;0.005;4.998;0.02;0.01;0.039;0.007;0.015
4497;0.168;0.193;0.215;0.298;-0.005;-0.002;0;0.005;4.998;0.02;0.01;0.037;0.01;0.02
4498;0.171;0.186;0.217;0.288;-0.007;-0.002;0;0.005;4.998;0.022;0.012;0.037;0.01;0.02
4499;0.176;0.183;0.212;0.298;-0.005;-0.002;0;0.005;4.998;0.02;0.012;0.037;0.007;0.02
4500;0.173;0.183;0.22;0.312;-0.007;-0.005;0;0.005;4.998;0.022;0.01;0.037;0.005;0.012
4501;0.173;0.181;0.227;0.305;-0.005;-0.005;-0.002;0.005;4.998;0.02;0.007;0.037;0.005;0.017
4502;0.173;0.178;0.229;0.308;-0.005;-0.002;0;0.002;4.998;0.02;0.012;0.039;0.01;0.02
4503;0.176;0.178;0.242;0.312;-0.002;-0.002;0;0.005;4.998;0.02;0.01;0.039;0.012;0.02
4504;0.178;0.186;0.244;0.278;-0.002;-0.005;0.002;0.007;4.998;0.017;0.01;0.037;0.005;0.022
4505;0.178;0.188;0.251;0.276;-0.005;-0.005;0;0.005;4.998;0.02;0.012;0.034;0.01;0.017
4506;0.171;0.198;0.259;0.271;-0.002;-0.005;0.002;0.002;4.998;0.017;0.01;0.037;0.012;0.022
4507;0.173;0.203;0.288;0.271;-0.002;-0.002;0;0.007;4.998;0.017;0.01;0.037;0.005;0.017
4508;0.161;0.205;0.3;0.249;0;-0.002;0.002;0.005;4.998;0.017;0.01;0.037;0.007;0.017
4509;0.154;0.217;0.295;0.234;0;-0.005;0.002;0.005;4.998;0.02;0.007;0.037;0.005;0.022
4510;0.139;0.217;0.293;0.21;-0.002;-0.005;0.002;0.002;4.998;0.02;0.01;0.034;0.007;0.02
4511;0.139;0.227;0.298;0.198;-0.005;-0.002;0;0.007;4.998;0.017;0.01;0.037;0.01;0.017
4512;0.137;0.229;0.3;0.212;-0.002;-0.005;0;0.005;4.998;0.017;0.007;0.032;0.007;0.017
4513;0.137;0.227;0.308;0.222;-0.005;-0.002;0;0.002;4.998;0.017;0.012;0.034;0.007;0.022
4514;0.142;0.229;0.308;0.234;-0.007;-0.005;0;0.002;4.998;0.02;0.01;0.037;0.007;0.02
4515;0.144;0.227;0.286;0.229;-0.005;-0.002;0;0.005;4.998;0.022;0.012;0.037;0.007;0.02
4516;0.146;0.225;0.271;0.254;-0.005;-0.005;0;0.005;4.998;0.017;0.007;0.037;0.007;0.017
4517;0.144;0.225;0.264;0.254;-0.005;-0.005;0;0.007;4.98;0.017;0.01;0.037;0.01;0.02
4518;0.146;0.22;0.261;0.271;-0.007;-0.002;0;0.005;4.941;0.017;0.012;0.037;0.005;0.022
4519;0.146;0.222;0.261;0.266;-0.005;-0.005;0;0.005;4.9;0.017;0.01;0.037;0.01;0.022
4520;0.149;0.222;0.244;0.269;-0.002;-0.002;0;0.007;4.863;0.017;0.012;0.037;0.01;0.024
4521;0.151;0.225;0.237;0.266;-0.005;-0.005;-0.005;0.005;4.824;0.017;0.01;0.037;0.005;0.017
4522;0.154;0.22;0.237;0.264;-0.005;-0.002;-0.002;0.002;4.788;0.017;0.012;0.037;0.01;0.02
4523;0.156;0.217;0.222;0.259;-0.005;-0.002;-0.002;0.005;4.751;0.017;0.007;0.034;0.01;0.02
4524;0.151;0.212;0.229;0.266;-0.007;-0.002;0;0.005;4.714;0.015;0.007;0.034;0.01;0.024
4525;0.156;0.212;0.22;0.271;-0.005;-0.005;-0.002;0.007;4.68;0.017;0.012;0.037;0.007;0.022
4526;0.159;0.208;0.205;0.286;-0.007;-0.002;-0.002;0.005;4.646;0.017;0.012;0.037;0.01;0.022
4527;0.166;0.21;0.203;0.295;-0.005;-0.002;0;0.005;4.612;0.015;0.012;0.034;0.007;0.02
4528;0.176;0.205;0.208;0.295;-0.007;-0.002;0.002;0.005;4.578;0.017;0.007;0.037;0.01;0.024
4529;0.176;0.198;0.217;0.305;-0.005;-0.005;0.002;0.005;4.548;0.017;0.01;0.039;0.01;0.022
4530;0.173;0.195;0.222;0.295;-0.007;-0.005;0;0.005;4.519;0.02;0.01;0.037;0.01;0.02
4531;0.166;0.186;0.215;0.291;-0.005;-0.002;0;0.005;4.485;0.012;0.007;0.032;0.01;0.024
4532;0.164;0.186;0.222;0.281;-0.005;-0.005;0;0.005;4.46;0.017;0.012;0.034;0.01;0.022
4533;0.159;0.181;0.217;0.271;-0.002;-0.002;0;0.005;4.434;0.02;0.012;0.037;0.007;0.02
4534;0.159;0.181;0.229;0.261;-0.007;-0.005;0.002;0.002;4.409;0.02;0.007;0.037;0.007;0.022
4535;0.161;0.178;0.244;0.251;-0.007;-0.002;0;0.005;4.382;0.017;0.01;0.037;0.007;0.022
4536;0.166;0.181;0.242;0.247;-0.005;-0.007;0;0.005;4.353;0.017;0.01;0.034;0.012;0.024
4537;0.168;0.173;0.242;0.242;-0.002;-0.005;-0.002;0.005;4.326;0.02;0.01;0.037;0.007;0.022
4538;0.168;0.171;0.239;0.247;-0.002;-0.002;0;0.002;4.299;0.017;0.01;0.037;0.01;0.022
4539;0.171;0.171;0.244;0.259;-0.002;-0.005;-0.002;0.005;4.272;0.015;0.01;0.039;0.01;0.02
4540;0.166;0.168;0.234;0.259;-0.002;-0.002;-0.002;0.005;4.246;0.017;0.007;0.037;0.012;0.027
4541;0.171;0.168;0.234;0.269;-0.002;0;0;0.007;4.219;0.02;0.012;0.034;0.01;0.017
4542;0.168;0.166;0.242;0.273;-0.005;-0.002;0;0.002;4.189;0.017;0.01;0.037;0.012;0.027
4543;0.171;0.166;0.247;0.288;-0.002;-0.005;-0.002;0.002;4.16;0.02;0.012;0.037;0.01;0.02
4544;0.168;0.168;0.251;0.295;-0.005;-0.002;0;0.002;4.128;0.02;0.012;0.042;0.01;0.022
4545;0.171;0.168;0.251;0.286;-0.007;-0.002;0.002;0.005;4.092;0.017;0.01;0.037;0.01;0.022
4546;0.171;0.166;0.251;0.286;-0.005;-0.002;0;0.005;4.06;0.017;0.012;0.037;0.012;0.027
4547;0.164;0.171;0.251;0.273;-0.007;-0.002;0;0.005;4.019;0.015;0.01;0.039;0.012;0.017
4548;0.159;0.171;0.251;0.237;-0.007;-0.005;0.002;0.007;3.987;0.02;0.01;0.037;0.007;0.02
4549;0.151;0.173;0.251;0.227;-0.01;-0.002;0;0.005;3.948;0.017;0.012;0.039;0.01;0.022
4550;0.149;0.178;0.249;0.227;-0.005;-0.005;0;0.005;3.911;0.02;0.012;0.039;0.01;0.017
4551;0.149;0.183;0.249;0.222;-0.007;-0.005;-0.002;0.005;3.875;0.017;0.01;0.039;0.01;0.024
4552;0.149;0.181;0.254;0.234;-0.007;-0.005;0;0.002;3.84;0.015;0.015;0.037;0.007;0.02
4553;0.144;0.181;0.266;0.242;-0.007;0;0.002;0.005;3.809;0.015;0.012;0.039;0.012;0.022
4554;0.139;0.183;0.266;0.251;-0.007;0;0;0.002;3.774;0.017;0.012;0.037;0.012;0.027
4555;0.134;0.181;0.271;0.239;-0.007;-0.005;-0.002;0.002;3.738;0.017;0.012;0.039;0.015;0.02
4556;0.137;0.186;0.276;0.232;-0.007;-0.002;0.002;0.002;3.701;0.017;0.012;0.039;0.007;0.02
4557;0.139;0.188;0.276;0.234;-0.005;-0.005;0;0.005;3.667;0.017;0.012;0.037;0.01;0.022
4558;0.144;0.183;0.281;0.227;-0.007;-0.002;0;0.005;3.633;0.017;0.012;0.037;0.015;0.029
4559;0.144;0.183;0.295;0.227;-0.007;-0.005;0;0.005;3.589;0.02;0.012;0.037;0.015;0.02
4560;0.149;0.176;0.31;0.225;-0.005;-0.005;0;0.005;3.552;0.017;0.01;0.039;0.012;0.022
4561;0.149;0.183;0.303;0.225;-0.007;-0.005;0;0.005;3.508;0.015;0.015;0.037;0.007;0.022
4562;0.146;0.186;0.295;0.225;-0.01;-0.007;-0.002;0.002;3.464;0.015;0.012;0.037;0.012;0.022
4563;0.139;0.186;0.281;0.222;-0.007;-0.005;0.002;0.005;3.418;0.017;0.01;0.039;0.01;0.022
4564;0.137;0.186;0.276;0.225;-0.005;-0.005;-0.002;0.002;3.372;0.02;0.01;0.037;0.01;0.02
4565;0.132;0.186;0.271;0.225;-0.005;-0.005;-0.002;0.005;3.333;0.017;0.012;0.037;0.015;0.024
4566;0.132;0.186;0.269;0.222;-0.005;-0.007;0;0.002;3.293;0.017;0.012;0.037;0.012;0.02
4567;0.132;0.183;0.254;0.234;-0.007;-0.005;0;0.005;3.262;0.012;0.01;0.034;0.01;0.02
4568;0.132;0.183;0.251;0.232;-0.007;-0.007;0.002;0.005;3.232;0.015;0.01;0.037;0.007;0.017
4569;0.134;0.186;0.234;0.222;-0.007;-0.005;0.002;0.002;3.208;0.02;0.012;0.037;0.01;0.017
4570;0.139;0.186;0.229;0.222;-0.007;-0.002;0;0.005;3.179;0.015;0.007;0.032;0.012;0.022
4571;0.144;0.183;0.229;0.217;-0.007;-0.002;0.002;0.007;3.149;0.017;0.01;0.034;0.005;0.02
4572;0.144;0.181;0.222;0.215;-0.007;-0.002;-0.002;0.005;3.123;0.017;0.01;0.034;0.012;0.02
4573;0.146;0.183;0.22;0.217;-0.007;-0.005;-0.002;0.002;3.093;0.015;0.01;0.037;0.007;0.017
4574;0.146;0.186;0.227;0.225;-0.005;-0.002;0;0.005;3.066;0.017;0.01;0.032;0.01;0.02
4575;0.154;0.186;0.234;0.234;-0.005;-0.002;-0.002;0.005;3.042;0.015;0.007;0.034;0.005;0.02
4576;0.159;0.183;0.239;0.247;-0.007;-0.002;-0.002;0.005;3.02;0.015;0.015;0.034;0.007;0.017
4577;0.161;0.19;0.242;0.237;-0.005;-0.005;0;0.002;3.003;0.017;0.012;0.034;0.007;0.012
4578;0.159;0.19;0.242;0.237;-0.007;-0.002;0.002;0.002;2.986;0.012;0.007;0.032;0.01;0.022
4579;0.156;0.19;0.244;0.22;-0.007;-0.002;-0.002;0.005;2.976;0.015;0.01;0.034;0.005;0.015
4580;0.156;0.19;0.251;0.212;-0.005;-0.002;0;0.005;2.964;0.015;0.01;0.034;0.005;0.012
4581;0.156;0.19;0.261;0.2;-0.005;0;0.002;0.005;2.954;0.015;0.01;0.034;0.007;0.02
4582;0.161;0.19;0.264;0.21;-0.005;-0.002;0.005;0.005;2.937;0.015;0.007;0.034;0.007;0.02
4583;0.161;0.19;0.266;0.225;-0.002;-0.005;0;0.005;2.915;0.015;0.01;0.037;0.005;0.015
4584;0.166;0.195;0.269;0.232;-0.007;-0.002;0.002;0.005;2.891;0.015;0.012;0.034;0.007;0.015
4585;0.176;0.203;0.271;0.256;-0.007;-0.002;0.002;0.005;2.864;0.015;0.007;0.034;0.005;0.02
4586;0.181;0.203;0.266;0.347;-0.007;-0.007;0.002;0.005;2.834;0.012;0.007;0.037;0.005;0.017
4587;0.186;0.208;0.264;0.349;-0.007;-0.005;0;0.002;2.803;0.015;0.01;0.032;0.005;0.015
4588;0.19;0.208;0.259;0.361;-0.007;-0.005;0;0.007;2.773;0.012;0.01;0.034;0.005;0.017
4589;0.195;0.208;0.271;0.378;-0.007;-0.005;0;0.005;2.744;0.015;0.007;0.034;0.007;0.015
4590;0.2;0.21;0.259;0.352;-0.005;-0.005;0;0.002;2.71;0.012;0.01;0.037;0.007;0.017
4591;0.2;0.212;0.259;0.332;-0.007;-0.005;0.002;0.005;2.683;0.015;0.01;0.032;0.007;0.017
4592;0.205;0.217;0.269;0.327;-0.005;-0.002;0;0.007;2.656;0.017;0.01;0.032;0.005;0.015
4593;0.205;0.217;0.269;0.305;-0.007;-0.002;0;0.005;2.627;0.017;0.007;0.034;0.01;0.017
4594;0.203;0.22;0.271;0.327;-0.01;-0.005;-0.002;0.002;2.603;0.012;0.007;0.032;0.007;0.017
4595;0.198;0.217;0.266;0.303;-0.007;-0.002;0;0.005;2.583;0.012;0.012;0.034;0.005;0.017
4596;0.193;0.222;0.264;0.339;-0.007;-0.002;0;0.005;2.563;0.015;0.01;0.034;0.002;0.015
4597;0.183;0.227;0.266;0.325;-0.007;0;0.002;0.007;2.551;0.015;0.01;0.034;0.01;0.02
4598;0.183;0.225;0.261;0.322;-0.01;-0.002;0.002;0.005;2.542;0.012;0.01;0.032;0.007;0.015
4599;0.181;0.225;0.273;0.334;-0.005;-0.002;0;0.005;2.534;0.015;0.01;0.037;0.007;0.017
4600;0.181;0.217;0.286;0.325;-0.007;-0.005;0;0.002;2.527;0.015;0.01;0.032;0.005;0.017
4601;0.178;0.215;0.305;0.32;-0.005;-0.002;0;0.007;2.524;0.01;0.007;0.034;0.005;0.02
4602;0.176;0.21;0.312;0.308;-0.005;-0.002;0;0.005;2.527;0.015;0.01;0.037;0.01;0.02
4603;0.173;0.205;0.325;0.308;-0.005;-0.002;-0.002;0.005;2.534;0.012;0.01;0.037;0.002;0.012
4604;0.171;0.205;0.347;0.305;-0.007;-0.005;-0.002;0.005;2.549;0.015;0.01;0.034;0.007;0.02
4605;0.176;0.198;0.342;0.295;-0.005;0;-0.002;0.005;2.559;0.017;0.012;0.034;0.007;0.017
4606;0.176;0.198;0.342;0.281;-0.007;-0.002;0.002;0.005;2.571;0.015;0.01;0.032;0.007;0.02
4607;0.181;0.19;0.366;0.278;-0.005;-0.002;0;0.005;2.581;0.017;0.012;0.037;0.01;0.017
4608;0.181;0.186;0.354;0.251;-0.005;-0.005;0;0.005;2.578;0.015;0.01;0.037;0.01;0.017
4609;0.183;0.19;0.352;0.256;-0.007;-0.002;0;0.005;2.573;0.015;0.012;0.037;0.007;0.017
4610;0.176;0.181;0.344;0.261;-0.007;-0.005;0;0.002;2.568;0.017;0.01;0.037;0.005;0.017
4611;0.168;0.178;0.344;0.264;-0.005;-0.002;-0.002;0.005;2.559;0.012;0.01;0.034;0.007;0.017
4612;0.164;0.176;0.383;0.256;-0.005;-0.002;0.002;0.005;2.549;0.015;0.012;0.034;0.007;0.017
4613;0.161;0.173;0.361;0.254;-0.01;-0.005;0;0.005;2.546;0.017;0.01;0.037;0.007;0.017
4614;0.164;0.176;0.356;0.256;-0.01;-0.005;0;0.005;2.539;0.015;0.007;0.034;0.007;0.024
4615;0.161;0.181;0.327;0.254;-0.01;-0.002;0;0.007;2.529;0.015;0.012;0.037;0.005;0.012
4616;0.161;0.183;0.339;0.244;-0.007;-0.005;-0.002;0.005;2.522;0.017;0.012;0.037;0.01;0.017
4617;0.164;0.183;0.332;0.242;-0.01;-0.002;0.002;0.002;2.512;0.015;0.012;0.037;0.01;0.017
4618;0.161;0.181;0.352;0.239;-0.007;-0.002;0;0.002;2.505;0.017;0.012;0.037;0.007;0.02
4619;0.161;0.183;0.327;0.234;-0.007;0;-0.002;0.005;2.498;0.017;0.012;0.037;0.007;0.022
4620;0.156;0.186;0.496;0.247;-0.007;-0.002;-0.002;0.007;2.488;0.017;0.01;0.034;0.007;0.012
4621;0.166;0.186;0.439;0.244;-0.007;-0.005;-0.002;0.007;2.483;0.015;0.01;0.037;0.007;0.02
4622;0.171;0.19;0.53;0.247;-0.007;-0.005;-0.002;0.002;2.476;0.015;0.01;0.034;0.007;0.02
4623;0.176;0.19;0.557;0.247;-0.007;-0.002;0;0.002;2.473;0.017;0.01;0.037;0.007;0.02
4624;0.176;0.193;0.571;0.249;-0.002;-0.002;0;0.005;2.468;0.017;0.01;0.034;0.01;0.017
4625;0.176;0.195;0.496;0.254;-0.005;-0.002;0.002;0.002;2.461;0.02;0.01;0.034;0.01;0.02
4626;0.176;0.195;0.613;0.259;-0.005;-0.002;-0.002;0.002;2.454;0.02;0.01;0.034;0.012;0.015
4627;0.171;0.193;0.596;0.266;-0.002;-0.005;0;0.002;2.446;0.015;0.012;0.034;0.005;0.015
4628;0.168;0.195;0.71;0.269;0;-0.002;0.002;0.005;2.434;0.015;0.007;0.034;0.01;0.02
4629;0.171;0.195;0.715;0.283;-0.005;-0.002;0;0.002;2.427;0.015;0.01;0.034;0.007;0.02
4630;0.173;0.19;0.632;0.295;-0.002;-0.002;0;0.005;2.415;0.017;0.012;0.034;0.007;0.015
4631;0.176;0.19;0.625;0.325;-0.005;-0.002;0;0.005;2.402;0.017;0.012;0.037;0.01;0.017
4632;0.181;0.183;0.688;0.361;-0.005;-0.002;0.002;0.005;2.39;0.017;0.007;0.034;0.01;0.024
4633;0.178;0.183;1.028;0.349;-0.005;-0.002;0.002;0.005;2.378;0.015;0.01;0.034;0.007;0.017
4634;0.181;0.178;4.631;0.322;-0.007;-0.002;0.002;0.002;2.371;0.017;0.012;0.037;0.012;0.02
4635;0.183;0.176;4.998;0.298;-0.007;-0.002;0.002;0.005;2.358;0.02;0.012;0.037;0.007;0.022
4636;0.188;0.173;1.538;0.281;-0.007;-0.002;0.002;0.002;2.349;0.017;0.012;0.037;0.005;0.017
4637;0.186;0.171;1.306;0.266;-0.007;-0.002;0;0.005;2.334;0.02;0.01;0.039;0.01;0.015
4638;0.19;0.168;4.998;0.266;-0.007;-0.002;0;0.005;2.329;0.017;0.01;0.037;0.005;0.015
4639;0.188;0.171;4.998;0.288;-0.007;-0.002;0;0.005;2.307;0.02;0.012;0.037;0.01;0.017
4640;0.19;0.166;4.998;0.312;-0.007;-0.002;-0.002;0.005;2.275;0.02;0.012;0.039;0.012;0.022
4641;0.186;0.173;4.998;0.327;-0.005;-0.002;-0.002;0.005;2.236;0.02;0.01;0.037;0.002;0.015
4642;0.183;0.168;4.998;0.327;-0.005;-0.005;-0.002;0.005;2.205;0.02;0.007;0.037;0.01;0.02
4643;0.181;0.168;4.998;0.298;-0.007;-0.005;0;0.005;2.273;0.017;0.01;0.037;0.012;0.022
4644;0.181;0.171;4.998;0.291;-0.002;-0.005;0;0.007;2.244;0.017;0.012;0.037;0.007;0.015
4645;0.183;0.168;4.998;0.276;-0.005;-0.005;-0.002;0.005;2.229;0.017;0.01;0.037;0.002;0.015
4646;0.183;0.176;4.998;0.259;-0.007;-0.005;-0.002;0.002;2.256;0.02;0.012;0.039;0.01;0.017
4647;0.178;0.176;4.998;0.251;-0.005;-0.005;-0.002;0.005;2.231;0.017;0.01;0.034;0.005;0.017
4648;0.181;0.181;4.998;0.247;-0.005;-0.002;-0.002;0.007;2.261;0.022;0.012;0.037;0.01;0.02
4649;0.178;0.186;4.998;0.239;-0.002;-0.002;-0.002;0.005;2.227;0.017;0.012;0.034;0.007;0.02
4650;0.173;0.181;4.998;0.242;-0.002;-0.002;-0.002;0.002;2.195;0.017;0.01;0.034;0.005;0.017
4651;0.171;0.186;4.998;0.254;-0.002;0;0;0.005;2.163;0.02;0.012;0.037;0.007;0.017
4652;0.173;0.186;4.998;0.264;-0.005;-0.002;-0.002;0.005;2.183;0.017;0.01;0.037;0.012;0.017
4653;0.176;0.188;4.998;0.273;-0.002;-0.002;-0.002;0.005;2.17;0.017;0.012;0.034;0.007;0.017
4654;0.176;0.195;4.998;0.273;-0.005;-0.005;0;0.002;2.161;0.02;0.015;0.037;0.01;0.015
4655;0.176;0.195;4.998;0.273;-0.005;-0.002;-0.002;0.005;2.144;0.017;0.01;0.034;0.01;0.022
4656;0.171;0.195;2.791;0.286;-0.005;-0.002;0;0.005;2.114;0.017;0.012;0.037;0.01;0.022
4657;0.171;0.195;1.611;0.278;-0.005;-0.002;0.002;0.005;2.073;0.017;0.012;0.039;0.01;0.015
4658;0.166;0.19;1.167;0.295;-0.007;-0.002;0;0.005;2.056;0.015;0.01;0.034;0.01;0.024
4659;0.166;0.188;0.857;0.303;-0.007;-0.005;0;0.002;2.141;0.022;0.012;0.037;0.01;0.017
4660;0.168;0.183;0.94;0.281;-0.01;-0.005;0;0.005;2.136;0.02;0.007;0.037;0.012;0.022
4661;0.171;0.183;0.769;0.278;-0.012;-0.002;0.002;0.005;2.129;0.02;0.012;0.034;0.007;0.02
4662;0.176;0.181;0.723;0.259;-0.007;-0.005;0.002;0.002;2.119;0.02;0.01;0.037;0.007;0.017
4663;0.176;0.183;0.444;0.239;-0.005;-0.005;0;0.002;2.114;0.02;0.01;0.037;0.012;0.02
4664;0.178;0.193;0.554;0.234;-0.01;-0.002;0.002;0.005;2.104;0.02;0.01;0.037;0.01;0.022
4665;0.178;0.188;0.525;0.234;-0.007;-0.002;0;0.007;2.095;0.02;0.01;0.039;0.01;0.02
4666;0.181;0.193;0.447;0.225;-0.002;-0.002;0;0.005;2.083;0.02;0.012;0.037;0.01;0.02
4667;0.183;0.193;0.698;0.239;-0.005;0;0;0.005;2.075;0.017;0.01;0.039;0.01;0.017
4668;0.19;0.198;0.574;0.229;-0.005;-0.005;0;0.005;2.068;0.017;0.01;0.034;0.01;0.02
4669;0.19;0.203;0.415;0.234;-0.007;0;-0.002;0.005;2.061;0.02;0.012;0.037;0.007;0.015
4670;0.19;0.208;0.405;0.237;-0.005;-0.002;-0.002;0.002;2.053;0.02;0.012;0.037;0.007;0.02
4671;0.19;0.21;0.408;0.256;-0.005;-0.002;0;0.005;2.043;0.02;0.01;0.034;0.007;0.02
4672;0.19;0.208;0.479;0.271;-0.005;-0.002;0;0.007;2.034;0.017;0.01;0.039;0.01;0.022
4673;0.186;0.21;0.562;0.276;-0.007;-0.002;0;0.002;2.019;0.02;0.01;0.034;0.01;0.02
4674;0.178;0.208;0.513;0.288;-0.007;-0.002;0;0.007;2;0.02;0.01;0.034;0.007;0.015
4675;0.178;0.208;0.444;0.283;-0.007;-0.005;0;0.002;1.985;0.015;0.012;0.037;0.01;0.02
4676;0.176;0.21;0.474;0.269;-0.005;-0.005;0;0.005;1.96;0.017;0.01;0.037;0.007;0.02
4677;0.181;0.215;0.581;0.264;-0.007;-0.002;0.002;0.005;1.943;0.017;0.012;0.039;0.01;0.02
4678;0.178;0.212;0.581;0.266;-0.007;-0.005;0;0.005;1.934;0.02;0.012;0.037;0.01;0.02
4679;0.176;0.215;0.356;0.269;-0.005;-0.005;-0.002;0.005;1.934;0.017;0.015;0.039;0.012;0.02
4680;0.173;0.208;0.271;0.288;-0.007;-0.005;0;0.002;1.948;0.017;0.012;0.034;0.007;0.02
4681;0.176;0.208;0.256;0.298;-0.005;-0.002;-0.002;0.005;1.978;0.022;0.015;0.039;0.005;0.017
4682;0.178;0.205;0.251;0.315;-0.007;-0.002;-0.002;0.005;2;0.015;0.012;0.037;0.012;0.024
4683;0.178;0.205;0.234;0.322;-0.007;-0.005;0;0.002;2.031;0.02;0.012;0.037;0.005;0.012
4684;0.186;0.198;0.212;0.315;-0.007;-0.002;-0.002;0.005;2.065;0.017;0.01;0.034;0.01;0.022
4685;0.188;0.2;0.222;0.31;-0.01;0;-0.002;0.005;2.1;0.017;0.012;0.037;0.007;0.02
4686;0.188;0.195;0.227;0.298;-0.007;-0.002;-0.005;0.007;2.131;0.015;0.012;0.037;0.012;0.017
4687;0.183;0.193;0.244;0.281;-0.007;-0.002;-0.002;0.007;2.156;0.017;0.007;0.034;0.007;0.022
4688;0.178;0.188;0.244;0.266;-0.007;0;-0.002;0.007;2.175;0.017;0.015;0.039;0.005;0.017
4689;0.178;0.186;0.244;0.251;-0.007;-0.002;-0.002;0.007;2.185;0.017;0.012;0.034;0.01;0.022
4690;0.178;0.183;0.247;0.239;-0.007;-0.002;-0.005;0.005;2.195;0.017;0.012;0.039;0.007;0.022
4691;0.178;0.181;0.249;0.234;-0.007;-0.005;0;0.007;2.195;0.02;0.012;0.037;0.01;0.02
4692;0.183;0.181;0.388;0.242;-0.007;-0.002;0;0.005;2.188;0.02;0.007;0.037;0.01;0.022
4693;0.186;0.178;0.476;0.254;-0.002;-0.002;-0.002;0.007;2.18;0.017;0.012;0.037;0.015;0.024
4694;0.19;0.181;0.371;0.264;-0.005;-0.005;-0.005;0.005;2.17;0.017;0.012;0.037;0.01;0.017
4695;0.19;0.176;0.247;0.266;-0.005;-0.002;0;0.007;2.153;0.017;0.012;0.039;0.007;0.017
4696;0.188;0.176;0.266;0.261;-0.005;-0.002;0;0.002;2.139;0.017;0.01;0.037;0.012;0.027
4697;0.193;0.168;0.366;0.271;-0.005;0;0;0.005;2.122;0.017;0.01;0.039;0.01;0.02
4698;0.2;0.176;0.425;0.261;-0.007;-0.005;-0.002;0.005;2.104;0.02;0.012;0.039;0.007;0.02
4699;0.2;0.171;0.454;0.288;-0.002;-0.002;-0.002;0.007;2.095;0.02;0.012;0.039;0.007;0.017
4700;0.2;0.171;0.454;0.305;-0.007;-0.005;-0.005;0.005;2.08;0.017;0.012;0.037;0.007;0.017
4701;0.2;0.168;0.408;0.3;-0.005;-0.002;-0.005;0.005;2.068;0.015;0.007;0.037;0.01;0.027
4702;0.195;0.168;0.405;0.298;-0.002;-0.002;-0.002;0.002;2.056;0.02;0.012;0.039;0.005;0.017
4703;0.188;0.166;0.413;0.288;-0.002;-0.005;0;0.005;2.043;0.017;0.01;0.037;0.007;0.02
4704;0.178;0.166;0.339;0.273;0;-0.002;0.002;0.005;2.029;0.017;0.01;0.037;0.01;0.02
4705;0.181;0.161;0.569;0.278;0;0;0;0.005;2.014;0.017;0.01;0.039;0.015;0.027
4706;0.178;0.161;0.613;0.303;-0.002;-0.005;0;0.005;1.995;0.015;0.012;0.037;0.01;0.017
4707;0.173;0.156;0.635;0.295;-0.005;0;0.002;0.005;1.98;0.017;0.012;0.037;0.01;0.017
4708;0.173;0.159;0.579;0.281;-0.007;-0.002;0;0.005;1.96;0.02;0.012;0.037;0.007;0.02
4709;0.173;0.159;0.452;0.269;-0.007;0;0;0.005;1.941;0.015;0.012;0.037;0.007;0.022
4710;0.173;0.156;0.52;0.256;-0.005;-0.002;0.002;0.005;1.924;0.022;0.012;0.042;0.012;0.02
4711;0.173;0.164;0.608;0.237;-0.01;-0.002;0.002;0.005;1.899;0.015;0.01;0.037;0.01;0.022
4712;0.171;0.166;0.706;0.239;-0.007;-0.002;0;0.005;1.877;0.017;0.012;0.039;0.005;0.017
4713;0.173;0.166;0.627;0.249;-0.007;0;0;0.005;1.853;0.017;0.01;0.039;0.012;0.027
4714;0.178;0.168;0.681;0.254;-0.007;-0.005;0;0.002;1.831;0.015;0.012;0.037;0.007;0.017
4715;0.186;0.171;0.61;0.254;-0.002;-0.002;0;0.005;1.804;0.017;0.01;0.037;0.015;0.024
4716;0.19;0.173;0.72;0.264;-0.005;-0.002;0.002;0.005;1.78;0.02;0.012;0.039;0.007;0.017
4717;0.195;0.181;0.701;0.261;-0.002;-0.002;0.002;0.007;1.748;0.017;0.01;0.037;0.005;0.022
4718;0.2;0.186;0.706;0.266;-0.005;-0.002;0;0.007;1.726;0.017;0.01;0.037;0.01;0.022
4719;0.198;0.203;0.393;0.256;-0.002;0;0;0.005;1.702;0.017;0.01;0.037;0.007;0.022
4720;0.19;0.208;0.491;0.264;-0.002;0;0;0.007;1.675;0.015;0.012;0.037;0.005;0.02
4721;0.19;0.208;0.327;0.244;-0.002;0;-0.002;0.005;1.653;0.017;0.01;0.034;0.005;0.015
4722;0.19;0.21;0.454;0.244;-0.002;-0.002;0;0.005;1.628;0.017;0.012;0.039;0.01;0.017
4723;0.186;0.203;0.5;0.242;-0.005;-0.002;0;0.005;1.606;0.017;0.012;0.034;0.01;0.022
4724;0.181;0.203;0.342;0.249;-0.007;-0.005;0;0.002;1.582;0.02;0.01;0.037;0.01;0.024
4725;0.181;0.205;0.281;0.234;-0.01;-0.005;-0.002;0.005;1.553;0.017;0.01;0.037;0.007;0.017
4726;0.173;0.203;0.269;0.269;-0.005;-0.002;-0.002;0.007;1.531;0.017;0.01;0.034;0.007;0.015
4727;0.171;0.198;0.281;0.273;-0.007;-0.005;-0.002;0.005;1.506;0.015;0.01;0.034;0.012;0.017
4728;0.166;0.195;0.278;0.291;-0.007;-0.005;0;0.005;1.482;0.015;0.007;0.034;0.007;0.022
4729;0.164;0.193;0.369;0.288;-0.002;-0.005;0;0.005;1.46;0.015;0.01;0.037;0.005;0.02
4730;0.166;0.193;0.339;0.305;-0.005;-0.005;-0.002;0.005;1.436;0.017;0.012;0.037;0.012;0.02
4731;0.168;0.19;0.273;0.278;-0.002;0;0;0.01;1.414;0.017;0.01;0.037;0.002;0.012
4732;0.166;0.186;0.488;0.273;-0.005;-0.002;0;0.005;1.389;0.015;0.01;0.037;0.007;0.02
4733;0.166;0.186;0.295;0.247;-0.002;-0.002;-0.002;0.005;1.367;0.017;0.01;0.032;0.007;0.02
4734;0.164;0.188;0.405;0.249;-0.002;-0.002;0;0.002;1.333;0.017;0.007;0.037;0.01;0.015
4735;0.164;0.183;0.334;0.227;-0.005;-0.002;0;0.005;1.304;0.015;0.01;0.034;0.007;0.02
4736;0.168;0.181;0.247;0.239;-0.007;-0.002;-0.002;0.005;1.272;0.015;0.01;0.034;0.007;0.022
4737;0.171;0.181;0.269;0.249;-0.005;-0.005;0;0.005;1.243;0.017;0.015;0.037;0.005;0.015
4738;0.176;0.178;0.332;0.256;-0.007;0;0;0.007;1.213;0.015;0.007;0.034;0.007;0.017
4739;0.181;0.178;0.286;0.242;-0.007;-0.002;0;0.005;1.201;0.015;0.007;0.032;0.01;0.022
4740;0.183;0.176;0.452;0.237;-0.007;-0.002;0;0.005;1.223;0.017;0.01;0.037;0.005;0.015
4741;0.188;0.178;0.466;0.249;-0.01;-0.005;0;0.005;1.213;0.017;0.012;0.034;0.01;0.017
4742;0.19;0.176;0.354;0.242;-0.007;-0.005;0;0.007;1.201;0.015;0.01;0.034;0.007;0.017
4743;0.198;0.183;0.303;0.283;-0.01;-0.005;-0.002;0.002;1.182;0.012;0.01;0.034;0.002;0.012
4744;0.203;0.186;0.339;0.342;-0.007;-0.005;0;0.005;1.162;0.015;0.012;0.034;0.005;0.015
4745;0.21;0.186;0.356;0.383;-0.01;-0.002;0;0.005;1.16;0.017;0.01;0.037;0.01;0.02
4746;0.208;0.188;0.403;0.388;-0.01;-0.005;-0.002;0.005;1.152;0.015;0.01;0.034;0.007;0.02
4747;0.205;0.186;0.349;0.378;-0.007;-0.005;-0.002;0.005;1.138;0.02;0.012;0.037;0.01;0.012
4748;0.203;0.186;0.625;0.383;-0.01;-0.005;0;0.005;1.125;0.015;0.01;0.034;0.007;0.015
4749;0.198;0.186;0.381;0.337;-0.007;-0.002;0;0.002;1.116;0.02;0.01;0.034;0.007;0.02
4750;0.193;0.186;0.354;0.298;-0.01;-0.005;0;0.005;1.106;0.017;0.01;0.037;0.007;0.017
4751;0.193;0.193;0.364;0.269;-0.005;-0.005;0.002;0.005;1.094;0.02;0.012;0.034;0.007;0.015
4752;0.193;0.193;0.342;0.271;-0.005;-0.007;0.002;0.005;1.084;0.017;0.007;0.032;0.005;0.015
4753;0.193;0.19;0.41;0.264;-0.007;-0.002;0;0.005;1.077;0.017;0.012;0.034;0.005;0.02
4754;0.193;0.193;0.334;0.286;-0.005;-0.005;0;0.005;1.069;0.017;0.01;0.037;0.007;0.017
4755;0.19;0.195;0.286;0.286;-0.007;-0.005;0;0.005;1.06;0.015;0.007;0.034;0.005;0.017
4756;0.19;0.195;0.332;0.291;-0.007;-0.005;0;0.005;1.052;0.017;0.01;0.037;0.01;0.017
4757;0.188;0.2;0.515;0.298;-0.007;-0.005;0;0.005;1.042;0.02;0.012;0.037;0.005;0.02
4758;0.193;0.203;0.339;0.288;-0.005;-0.002;0;0.002;1.033;0.017;0.01;0.034;0.01;0.02
4759;0.19;0.205;0.254;0.264;-0.005;-0.002;0.002;0.007;1.023;0.015;0.01;0.034;0.012;0.022
4760;0.193;0.203;0.349;0.256;-0.005;-0.005;-0.002;0.005;1.013;0.017;0.01;0.032;0.007;0.017
4761;0.198;0.205;0.325;0.242;-0.002;-0.005;0;0.005;1.001;0.017;0.012;0.034;0.005;0.017
4762;0.198;0.205;0.342;0.22;-0.002;-0.005;0;0.005;0.984;0.015;0.007;0.032;0.01;0.02
4763;0.193;0.198;0.269;0.232;0;0;0;0.005;0.974;0.015;0.01;0.037;0.005;0.02
4764;0.193;0.2;0.3;0.208;-0.002;0;0;0.005;0.962;0.015;0.012;0.039;0.01;0.02
4765;0.193;0.2;0.242;0.22;0;0;0;0.005;0.947;0.017;0.01;0.037;0.007;0.02
4766;0.193;0.195;0.22;0.242;0;0;-0.002;0.007;0.938;0.017;0.01;0.037;0.002;0.012
4767;0.193;0.195;0.22;0.281;-0.002;0;-0.002;0.005;0.928;0.017;0.007;0.034;0.007;0.02
4768;0.193;0.193;0.244;0.276;0;0;-0.005;0.005;0.92;0.017;0.01;0.032;0.007;0.015
4769;0.195;0.188;0.259;0.271;0;0;-0.002;0.002;0.913;0.017;0.007;0.034;0.007;0.022
4770;0.195;0.183;0.234;0.276;-0.002;0;-0.002;0.005;0.911;0.017;0.01;0.037;0.005;0.017
4771;0.195;0.183;0.247;0.251;-0.002;0;-0.002;0.005;0.906;0.017;0.01;0.037;0.007;0.017
4772;0.195;0.178;0.244;0.251;-0.005;0;-0.002;0.005;0.908;0.02;0.012;0.039;0.007;0.02
4773;0.198;0.176;0.234;0.247;-0.002;-0.002;-0.002;0.002;0.908;0.017;0.01;0.032;0.01;0.022
4774;0.193;0.173;0.239;0.251;0;-0.002;0;0.005;0.908;0.017;0.01;0.037;0.007;0.02
4775;0.193;0.176;0.244;0.261;-0.002;-0.002;0;0.002;0.911;0.02;0.01;0.037;0.007;0.017
4776;0.188;0.173;0.259;0.237;-0.005;-0.002;-0.002;0.002;0.913;0.015;0.01;0.034;0.007;0.022
4777;0.181;0.171;0.249;0.247;-0.005;-0.005;-0.002;0.005;0.918;0.017;0.012;0.037;0.002;0.012
4778;0.178;0.168;0.244;0.234;-0.005;-0.005;-0.002;0.005;0.923;0.017;0.007;0.032;0.01;0.02
4779;0.173;0.168;0.237;0.232;-0.007;-0.005;-0.005;0.005;0.93;0.015;0.007;0.034;0.007;0.022
4780;0.171;0.171;0.232;0.239;-0.007;-0.005;0;0.002;0.94;0.017;0.012;0.039;0.007;0.02
4781;0.173;0.176;0.232;0.254;-0.007;-0.005;-0.005;0.005;0.947;0.017;0.007;0.037;0.01;0.02
4782;0.171;0.178;0.232;0.266;-0.005;-0.002;-0.002;0.005;0.955;0.015;0.01;0.037;0.005;0.017
4783;0.173;0.181;0.237;0.251;-0.007;-0.007;-0.002;0.005;0.967;0.017;0.012;0.037;0.007;0.015
4784;0.181;0.183;0.225;0.254;-0.005;-0.005;0;0.005;0.977;0.017;0.01;0.032;0.007;0.02
4785;0.186;0.183;0.215;0.264;-0.007;-0.005;0;0.005;0.986;0.015;0.012;0.034;0.005;0.017
4786;0.195;0.186;0.215;0.251;-0.005;-0.005;0.002;0.002;0.999;0.017;0.012;0.034;0.01;0.017
4787;0.205;0.188;0.208;0.244;-0.005;-0.005;0.002;0.005;1.006;0.015;0.01;0.037;0.01;0.017
4788;0.21;0.188;0.198;0.264;-0.005;-0.005;0.002;0.002;1.018;0.017;0.007;0.037;0.007;0.02
4789;0.21;0.186;0.195;0.244;-0.002;-0.005;0.002;0.002;1.028;0.017;0.007;0.034;0.01;0.022
4790;0.212;0.183;0.188;0.247;-0.005;-0.005;0;0.002;1.038;0.017;0.007;0.034;0.007;0.017
4791;0.208;0.181;0.19;0.254;-0.002;-0.005;0;0.002;1.047;0.017;0.01;0.034;0.007;0.017
4792;0.205;0.183;0.205;0.247;-0.005;-0.005;-0.002;0.005;1.057;0.017;0.012;0.034;0.01;0.02
4793;0.208;0.173;0.21;0.256;-0.005;-0.005;0;0.002;1.067;0.02;0.017;0.042;0.007;0.02
4794;0.208;0.173;0.203;0.259;-0.007;-0.007;0;0.002;1.069;0.015;0.012;0.032;0.007;0.02
4795;0.21;0.171;0.215;0.256;-0.01;-0.002;0;0.005;1.077;0.017;0.007;0.034;0.007;0.022
4796;0.208;0.173;0.21;0.256;-0.01;-0.002;0;0.005;1.084;0.02;0.015;0.039;0.007;0.015
4797;0.208;0.176;0.205;0.239;-0.015;-0.005;-0.002;0.005;1.089;0.02;0.01;0.034;0.007;0.017
4798;0.205;0.176;0.242;0.232;-0.012;0;0;0.005;1.091;0.017;0.01;0.037;0.007;0.022
4799;0.205;0.173;0.237;0.251;-0.01;-0.002;0.002;0.005;1.096;0.015;0.01;0.037;0.007;0.017
4800;0.203;0.173;0.203;0.33;-0.01;0;0;0.005;1.099;0.017;0.007;0.037;0.007;0.024
4801;0.208;0.176;0.203;0.352;-0.01;-0.002;0;0.002;1.101;0.017;0.01;0.037;0.007;0.012
4802;0.21;0.173;0.2;0.254;-0.01;0;0;0.005;1.101;0.017;0.01;0.034;0.012;0.024
4803;0.217;0.171;0.205;0.33;-0.012;-0.002;-0.002;0.005;1.104;0.017;0.012;0.039;0.01;0.015
4804;0.217;0.176;0.205;0.288;-0.007;-0.002;0;0.005;1.099;0.017;0.01;0.037;0.01;0.022
4805;0.215;0.171;0.21;0.217;-0.007;-0.005;0.002;0.005;1.101;0.02;0.012;0.039;0.007;0.015
4806;0.208;0.171;0.222;0.261;-0.005;-0.002;0.002;0.002;1.096;0.015;0.007;0.032;0.007;0.024
4807;0.2;0.168;0.212;0.225;-0.005;-0.002;-0.002;0.005;1.094;0.017;0.01;0.037;0.007;0.015
4808;0.2;0.168;0.212;0.227;-0.007;-0.005;-0.002;0.005;1.086;0.017;0.01;0.037;0.01;0.022
4809;0.203;0.166;0.208;0.234;-0.007;-0.002;-0.002;0.002;1.082;0.015;0.007;0.034;0.007;0.02
4810;0.208;0.164;0.208;0.222;-0.007;-0.002;0;0.005;1.074;0.012;0.007;0.032;0.01;0.02
4811;0.21;0.164;0.205;0.256;-0.007;-0.005;0;0.005;1.072;0.02;0.01;0.037;0.007;0.015
4812;0.215;0.164;0.193;0.242;-0.002;-0.005;0;0.005;1.064;0.017;0.012;0.037;0.012;0.022
4813;0.21;0.164;0.195;0.251;-0.005;-0.005;0.002;0.007;1.06;0.015;0.01;0.037;0.007;0.012
4814;0.208;0.164;0.2;0.288;-0.005;-0.002;-0.002;0.005;1.052;0.017;0.012;0.037;0.007;0.02
4815;0.205;0.166;0.2;0.312;-0.002;-0.002;-0.002;0.005;1.047;0.015;0.012;0.034;0.005;0.017
4816;0.203;0.164;0.198;0.269;-0.002;-0.002;-0.005;0.005;1.04;0.015;0.012;0.037;0.01;0.022
4817;0.208;0.164;0.2;0.281;-0.002;-0.002;-0.005;0.002;1.035;0.017;0.01;0.037;0.007;0.022
4818;0.205;0.161;0.2;0.242;-0.002;-0.002;-0.002;0.005;1.025;0.017;0.012;0.039;0.007;0.02
4819;0.205;0.164;0.203;0.249;-0.002;-0.002;-0.002;0.005;1.021;0.017;0.01;0.034;0.005;0.017
4820;0.205;0.159;0.2;0.222;-0.002;-0.002;-0.002;0.002;1.013;0.017;0.01;0.034;0.01;0.02
4821;0.205;0.161;0.205;0.256;0;-0.005;-0.002;0.005;1.006;0.015;0.007;0.037;0.01;0.02
4822;0.203;0.159;0.212;0.273;-0.002;-0.002;-0.002;0.005;1.006;0.015;0.015;0.037;0.005;0.017
4823;0.2;0.154;0.215;0.291;-0.002;-0.002;0;0.005;1.001;0.017;0.01;0.037;0.01;0.017
4824;0.2;0.154;0.215;0.317;0.002;-0.002;0;0.005;0.996;0.02;0.012;0.039;0.015;0.022
4825;0.2;0.151;0.203;0.312;0;0;0;0.002;0.994;0.02;0.01;0.037;0.007;0.022
4826;0.2;0.154;0.208;0.281;0;-0.002;0;0.005;0.996;0.02;0.012;0.039;0.002;0.012
4827;0.2;0.154;0.205;0.286;0.002;0;0;0.005;1.001;0.02;0.01;0.039;0.01;0.02
4828;0.205;0.151;0.203;0.278;0.002;0;0;0.005;1.006;0.02;0.015;0.039;0.007;0.015
4829;0.208;0.149;0.205;0.269;0.002;0;0;0.005;1.008;0.015;0.007;0.032;0.007;0.022
4830;0.208;0.146;0.208;0.281;0.005;-0.002;0.002;0.005;1.023;0.017;0.012;0.037;0.01;0.017
4831;0.212;0.146;0.21;0.266;0;-0.002;0.002;0.002;1.03;0.017;0.012;0.037;0.007;0.017
4832;0.21;0.149;0.215;0.261;0.002;-0.005;0;0.005;1.045;0.015;0.015;0.039;0.007;0.017
4833;0.215;0.149;0.212;0.247;0;-0.002;-0.002;0.005;1.052;0.017;0.01;0.034;0.007;0.02
4834;0.212;0.154;0.215;0.244;0.002;-0.002;0;0.005;1.064;0.017;0.012;0.037;0.007;0.02
4835;0.212;0.156;0.212;0.251;0;-0.005;-0.002;0.007;1.077;0.017;0.012;0.037;0.007;0.015
4836;0.208;0.154;0.212;0.249;-0.002;-0.005;-0.005;0.005;1.084;0.017;0.01;0.034;0.007;0.02
4837;0.203;0.159;0.222;0.247;0;-0.005;-0.002;0.005;1.096;0.02;0.012;0.039;0.01;0.015
4838;0.198;0.161;0.222;0.264;0.002;-0.005;-0.002;0.005;1.106;0.015;0.007;0.032;0.007;0.02
4839;0.198;0.166;0.225;0.273;0.002;-0.002;-0.005;0.005;1.116;0.015;0.01;0.037;0.007;0.022
4840;0.203;0.166;0.225;0.259;0.002;-0.005;-0.005;0.005;1.118;0.017;0.012;0.037;0.01;0.015
4841;0.205;0.166;0.215;0.271;0.002;0;-0.005;0.002;1.125;0.015;0.01;0.034;0.01;0.015
4842;0.21;0.164;0.225;0.256;0.002;-0.005;-0.002;0.002;1.13;0.015;0.01;0.037;0.007;0.017
4843;0.212;0.166;0.225;0.261;0;-0.002;-0.005;0.002;1.135;0.017;0.012;0.034;0.007;0.015
4844;0.215;0.171;0.237;0.271;-0.005;-0.007;-0.002;0.002;1.138;0.017;0.012;0.037;0.01;0.017
4845;0.215;0.171;0.227;0.283;-0.002;-0.002;-0.005;0.005;1.14;0.015;0.01;0.034;0.007;0.017
4846;0.212;0.173;0.227;0.264;-0.005;-0.005;-0.002;0.005;1.143;0.015;0.012;0.037;0.007;0.017
4847;0.2;0.176;0.234;0.276;-0.005;0;-0.002;0.005;1.147;0.015;0.01;0.034;0.007;0.02
4848;0.198;0.178;0.242;0.276;-0.007;-0.005;-0.002;0.005;1.15;0.017;0.012;0.037;0.007;0.017
4849;0.193;0.181;0.256;0.283;-0.007;-0.002;-0.002;0.007;1.145;0.015;0.007;0.034;0.007;0.015
4850;0.193;0.183;0.261;0.273;-0.007;-0.002;0;0.005;1.147;0.015;0.01;0.034;0.012;0.017
4851;0.19;0.186;0.264;0.276;-0.01;-0.005;0;0.005;1.15;0.015;0.01;0.037;0.007;0.02
4852;0.19;0.186;0.283;0.256;-0.01;-0.002;0;0.01;1.145;0.015;0.012;0.037;0.005;0.02
4853;0.188;0.186;0.288;0.273;-0.012;-0.002;0;0.005;1.14;0.015;0.01;0.037;0.01;0.015
4854;0.188;0.183;0.295;0.249;-0.01;-0.005;0;0.005;1.135;0.015;0.01;0.034;0.007;0.017
4855;0.19;0.186;0.278;0.242;-0.01;-0.005;0;0.005;1.133;0.012;0.01;0.034;0.007;0.017
4856;0.193;0.183;0.298;0.254;-0.01;-0.005;0;0.005;1.125;0.017;0.01;0.037;0.007;0.02
4857;0.203;0.186;0.264;0.276;-0.01;-0.005;-0.002;0.005;1.121;0.017;0.01;0.037;0.007;0.017
4858;0.21;0.186;0.278;0.278;-0.01;0;0.002;0.005;1.113;0.012;0.01;0.034;0.007;0.017
4859;0.222;0.183;0.271;0.286;-0.01;-0.002;0;0.005;1.108;0.012;0.01;0.037;0.005;0.017
4860;0.229;0.183;0.269;0.273;-0.012;-0.002;0;0.002;1.099;0.015;0.01;0.034;0.01;0.024
4861;0.234;0.186;0.259;0.283;-0.007;-0.002;-0.002;0.007;1.089;0.02;0.01;0.039;0.007;0.012
4862;0.237;0.183;0.237;0.281;-0.007;-0.002;0;0.005;1.079;0.017;0.007;0.034;0.007;0.02
4863;0.227;0.188;0.217;0.281;-0.007;0;0;0.005;1.069;0.022;0.012;0.037;0.01;0.02
4864;0.225;0.186;0.193;0.278;-0.007;-0.002;0;0.005;1.06;0.02;0.007;0.034;0.007;0.02
4865;0.22;0.188;0.2;0.303;-0.01;-0.002;0.002;0.005;1.047;0.022;0.012;0.039;0.007;0.015
4866;0.215;0.186;0.195;0.305;-0.007;-0.002;0.002;0.002;1.035;0.029;0.01;0.037;0.005;0.015
4867;0.212;0.188;0.195;0.293;-0.007;-0.005;0;0.002;1.025;0.037;0.012;0.037;0.01;0.02
4868;0.205;0.186;0.2;0.312;-0.007;-0.002;0.002;0.005;1.016;0.042;0.01;0.037;0.01;0.02
4869;0.198;0.183;0.195;0.283;-0.005;0;0.002;0.002;1.001;0.044;0.01;0.034;0.007;0.017
4870;0.193;0.183;0.193;0.291;-0.002;-0.005;0;0.005;0.994;0.054;0.01;0.037;0.007;0.017
4871;0.19;0.183;0.193;0.283;-0.005;-0.007;-0.002;0.002;0.984;0.056;0.01;0.037;0.012;0.024
4872;0.19;0.181;0.195;0.276;-0.002;-0.005;-0.002;0.005;0.974;0.063;0.01;0.037;0.002;0.012
4873;0.193;0.176;0.2;0.261;-0.002;-0.002;0.002;0.005;0.959;0.066;0.007;0.037;0.002;0.02
4874;0.193;0.173;0.203;0.261;-0.007;-0.002;0.002;0.005;0.955;0.081;0.012;0.039;0.01;0.024
4875;0.2;0.176;0.2;0.232;-0.002;-0.002;0.002;0.005;0.942;0.085;0.01;0.037;0.01;0.024
4876;0.195;0.176;0.203;0.232;-0.002;0;0.002;0.005;0.933;0.095;0.01;0.039;0.005;0.017
4877;0.195;0.176;0.208;0.212;-0.002;0;-0.002;0.005;0.923;0.105;0.01;0.039;0.007;0.017
4878;0.193;0.176;0.2;0.203;-0.002;0;0;0.002;0.916;0.115;0.007;0.034;0.007;0.02
4879;0.193;0.181;0.2;0.215;-0.002;0;-0.002;0.005;0.911;0.122;0.012;0.039;0.007;0.017
4880;0.19;0.181;0.19;0.205;-0.002;-0.002;-0.002;0.005;0.901;0.12;0.007;0.034;0.002;0.02
4881;0.19;0.183;0.19;0.212;-0.005;0;-0.002;0.005;0.891;0.122;0.01;0.034;0.007;0.015
4882;0.19;0.186;0.186;0.232;-0.002;0;-0.002;0.005;0.889;0.125;0.01;0.037;0.01;0.024
4883;0.188;0.186;0.178;0.229;0;-0.002;0;0.005;0.881;0.12;0.01;0.037;0.01;0.022
4884;0.188;0.19;0.173;0.237;0;-0.005;0;0.005;0.874;0.12;0.01;0.039;0.005;0.015
4885;0.19;0.188;0.171;0.261;-0.002;-0.002;0;0.005;0.864;0.117;0.01;0.034;0.007;0.02
4886;0.195;0.195;0.168;0.261;0;-0.002;-0.002;0.005;0.859;0.122;0.015;0.039;0.007;0.017
4887;0.2;0.195;0.161;0.273;0;0;0.002;0.007;0.85;0.112;0.01;0.039;0.007;0.02
4888;0.205;0.195;0.156;0.295;-0.002;-0.005;0;0.005;0.84;0.11;0.01;0.034;0.007;0.022
4889;0.21;0.195;0.164;0.291;-0.002;-0.005;0;0.005;0.835;0.112;0.01;0.034;0.01;0.022
4890;0.212;0.195;0.161;0.298;-0.002;-0.005;0;0.005;0.825;0.112;0.012;0.039;0.01;0.015
4891;0.217;0.193;0.156;0.295;-0.002;-0.002;0;0.002;0.815;0.105;0.007;0.034;0.01;0.022
4892;0.22;0.19;0.161;0.293;-0.005;-0.005;0;0.005;0.808;0.115;0.01;0.037;0.005;0.017
4893;0.22;0.188;0.164;0.288;0;-0.005;0;0.005;0.801;0.127;0.01;0.037;0.007;0.02
4894;0.212;0.186;0.161;0.273;0;-0.002;0;0.005;0.791;0.146;0.01;0.034;0.007;0.015
4895;0.208;0.186;0.154;0.261;0.002;-0.002;0;0.002;0.786;0.173;0.01;0.037;0.007;0.02
4896;0.2;0.183;0.149;0.254;0.002;-0.005;0.002;0.002;0.779;0.198;0.012;0.037;0.007;0.017
4897;0.198;0.178;0.159;0.254;0;-0.007;0;0.002;0.771;0.229;0.015;0.034;0.012;0.02
4898;0.193;0.181;0.156;0.249;0.005;-0.005;0;0.002;0.764;0.256;0.012;0.037;0.005;0.017
4899;0.193;0.186;0.156;0.247;0.002;-0.007;0;0.002;0.757;0.276;0.01;0.034;0.007;0.017
4900;0.193;0.183;0.154;0.234;0.002;-0.007;0;0.007;0.747;0.293;0.01;0.037;0.01;0.022
4901;0.198;0.186;0.151;0.232;0.005;-0.005;0;0.005;0.74;0.32;0.012;0.037;0.007;0.017
4902;0.203;0.186;0.168;0.227;0;-0.005;-0.002;0.005;0.735;0.366;0.012;0.039;0.007;0.015
4903;0.205;0.183;0.173;0.237;0;-0.005;0;0.005;0.728;0.427;0.01;0.037;0.002;0.015
4904;0.205;0.181;0.181;0.234;-0.002;-0.005;-0.005;0.005;0.72;0.491;0.012;0.034;0.007;0.017
4905;0.205;0.176;0.193;0.234;0;-0.005;0;0.002;0.715;0.547;0.007;0.032;0.01;0.027
4906;0.208;0.178;0.227;0.244;-0.005;-0.002;-0.002;0.005;0.708;0.593;0.012;0.034;0.01;0.015
4907;0.21;0.178;0.229;0.237;-0.005;-0.005;-0.002;0.002;0.703;0.632;0.01;0.034;0.007;0.022
4908;0.212;0.178;0.3;0.227;-0.002;-0.002;0;0.005;0.696;0.664;0.015;0.037;0.007;0.012
4909;0.222;0.176;0.376;0.242;-0.002;-0.005;-0.002;0.005;0.686;0.686;0.007;0.034;0.005;0.02
4910;0.217;0.181;0.427;0.227;0;-0.002;0;0.005;0.684;0.706;0.012;0.034;0.01;0.017
4911;0.22;0.181;0.403;0.234;0;-0.005;0;0.005;0.679;0.723;0.015;0.037;0.005;0.012
4912;0.21;0.173;0.361;0.237;0;-0.002;0;0.002;0.669;0.745;0.007;0.032;0.01;0.024
4913;0.22;0.178;0.381;0.232;0.002;-0.005;0;0.005;0.671;0.774;0.012;0.037;0.007;0.01
4914;0.215;0.173;0.383;0.225;0;-0.007;0.002;0.005;0.667;0.801;0.01;0.034;0.01;0.017
4915;0.215;0.173;0.291;0.227;0.002;-0.007;0.002;0.002;0.662;0.83;0.01;0.032;0.007;0.015
4916;0.212;0.173;0.273;0.227;-0.002;-0.005;0;0.002;0.654;0.862;0.012;0.037;0.005;0.015
4917;0.217;0.173;0.264;0.225;0;-0.005;0;0.005;0.652;0.889;0.01;0.037;0.01;0.02
4918;0.208;0.171;0.293;0.225;-0.002;-0.007;0.002;0.002;0.642;0.918;0.007;0.032;0.002;0.015
4919;0.203;0.171;0.293;0.234;-0.002;-0.005;0;0.007;0.642;0.947;0.012;0.037;0.01;0.02
4920;0.2;0.168;0.254;0.234;-0.002;-0.002;0;0.005;0.635;0.977;0.012;0.037;0.005;0.012
4921;0.198;0.171;0.259;0.242;-0.005;-0.005;0;0.005;0.63;0.999;0.01;0.034;0.007;0.017
4922;0.193;0.171;0.242;0.239;-0.005;0;0;0.002;0.627;1.021;0.01;0.032;0.007;0.017
4923;0.195;0.173;0.208;0.254;-0.005;0;0.002;0.005;0.627;1.045;0.012;0.034;0.01;0.02
4924;0.193;0.171;0.198;0.249;-0.007;0;0;0.002;0.623;1.064;0.012;0.037;0.007;0.015
4925;0.198;0.173;0.193;0.251;-0.007;0;0;0.005;0.623;1.084;0.007;0.034;0.007;0.012
4926;0.193;0.171;0.193;0.256;-0.01;-0.002;0;0.002;0.623;1.101;0.01;0.034;0.005;0.015
4927;0.19;0.173;0.19;0.259;-0.007;-0.005;-0.002;0.005;0.625;1.121;0.01;0.037;0.005;0.015
4928;0.188;0.173;0.188;0.259;-0.01;-0.002;0;0.005;0.627;1.138;0.01;0.034;0.007;0.017
4929;0.198;0.173;0.188;0.264;-0.007;-0.005;-0.002;0.005;0.63;1.162;0.007;0.034;0.005;0.017
4930;0.2;0.173;0.188;0.261;-0.007;-0.002;0;0.005;0.632;1.184;0.007;0.034;0.007;0.022
4931;0.208;0.178;0.181;0.264;-0.007;-0.005;-0.002;0.005;0.637;1.206;0.01;0.037;0.005;0.012
4932;0.21;0.176;0.183;0.266;-0.007;-0.007;0;0.005;0.637;1.226;0.005;0.032;0.005;0.02
4933;0.22;0.183;0.186;0.269;-0.01;-0.005;0;0.005;0.64;1.245;0.007;0.037;0.007;0.012
4934;0.225;0.183;0.188;0.276;-0.01;0;0;0.005;0.64;1.262;0.005;0.034;0.007;0.02
4935;0.222;0.188;0.195;0.286;-0.007;0;-0.002;0.002;0.647;1.289;0.01;0.037;0.007;0.012
4936;0.222;0.19;0.273;0.291;-0.01;0.002;-0.002;0.002;0.647;1.306;0.002;0.032;0.005;0.015
4937;0.227;0.193;0.388;0.291;-0.005;-0.002;0;0.002;0.647;1.333;0.01;0.037;0.007;0.015
4938;0.215;0.193;0.398;0.293;-0.007;-0.002;0.002;0.005;0.647;1.355;0.007;0.037;0.007;0.02
4939;0.217;0.193;0.432;0.283;-0.007;0.002;0.002;0.005;0.645;1.375;0.005;0.034;0.005;0.015
4940;0.208;0.2;0.444;0.276;-0.005;-0.002;0.002;0.005;0.645;1.401;0.005;0.037;0.005;0.015
4941;0.205;0.203;0.469;0.281;-0.002;0;0;0.005;0.647;1.426;0.007;0.037;0.01;0.017
4942;0.203;0.205;0.603;0.273;-0.002;0;0.005;0.005;0.647;1.443;0.01;0.037;0.005;0.017
4943;0.198;0.205;0.447;0.278;0;0;0;0.002;0.642;1.46;0.005;0.032;0.01;0.017
4944;0.19;0.205;0.41;0.271;0;0.002;0.002;0.005;0.645;1.477;0.01;0.037;0.007;0.015
4945;0.19;0.205;0.476;0.271;0.002;0;0.002;0.005;0.647;1.494;0.007;0.034;0.002;0.012
4946;0.19;0.21;0.5;0.273;-0.002;0;0.002;0.005;0.649;1.511;0.01;0.039;0.005;0.015
4947;0.188;0.21;0.508;0.271;-0.005;0;0.002;0.005;0.647;1.531;0.007;0.034;0.005;0.015
4948;0.181;0.212;0.542;0.269;-0.002;-0.002;0;0.002;0.652;1.558;0.007;0.039;0.005;0.015
4949;0.178;0.21;0.505;0.271;-0.005;0;0.002;0.005;0.652;1.589;0.007;0.034;0.007;0.02
4950;0.178;0.208;0.586;0.269;-0.002;-0.002;0;0.005;0.659;1.633;0.01;0.034;0.002;0.012
4951;0.181;0.205;0.522;0.266;-0.007;-0.005;0;0.002;0.662;1.677;0.007;0.037;0.002;0.017
4952;0.181;0.2;0.635;0.273;-0.007;-0.005;0;0.005;0.669;1.729;0.01;0.037;0.002;0.012
4953;0.188;0.2;0.596;0.271;-0.01;-0.005;-0.002;0.005;0.667;1.772;0.007;0.034;0.007;0.02
4954;0.186;0.198;0.598;0.264;-0.01;-0.005;-0.002;0.005;0.671;1.809;0.01;0.037;0.005;0.012
4955;0.188;0.195;0.576;0.269;-0.007;-0.005;0;0.005;0.671;1.843;0.007;0.034;0.01;0.02
4956;0.193;0.188;0.532;0.264;-0.007;-0.007;-0.005;0.005;0.674;1.873;0.01;0.034;0.005;0.017
4957;0.2;0.19;0.649;0.256;-0.007;-0.005;-0.002;0.005;0.674;1.895;0.012;0.037;0.002;0.017
4958;0.203;0.188;0.586;0.261;-0.01;-0.007;-0.002;0.002;0.671;1.909;0.01;0.037;0.007;0.015
4959;0.212;0.188;0.442;0.264;-0.007;-0.005;-0.002;0.005;0.674;1.919;0.012;0.034;0.005;0.022
4960;0.215;0.186;0.635;0.261;-0.005;-0.005;0;0.005;0.671;1.924;0.015;0.037;0.005;0.02
4961;0.222;0.188;0.623;0.259;-0.005;-0.007;0;0.005;0.669;1.934;0.012;0.037;0.005;0.015
4962;0.229;0.186;0.542;0.261;-0.005;-0.007;0;0.005;0.667;1.938;0.012;0.034;0.007;0.02
4963;0.234;0.193;0.508;0.259;0;-0.005;0;0.005;0.667;1.956;0.015;0.039;0.007;0.017
4964;0.242;0.19;0.518;0.264;-0.002;-0.007;0;0.002;0.662;1.97;0.012;0.037;0.002;0.015
4965;0.239;0.193;0.642;0.269;-0.002;-0.002;-0.002;0.005;0.659;1.982;0.012;0.037;0.007;0.02
4966;0.242;0.193;0.535;0.271;0.002;-0.005;-0.002;0.002;0.654;1.997;0.012;0.034;0.007;0.017
4967;0.234;0.19;0.562;0.273;0;-0.002;-0.002;0.005;0.652;2.012;0.012;0.034;0.005;0.015
4968;0.232;0.19;0.542;0.273;0.002;-0.005;0;0.002;0.647;2.026;0.012;0.034;0.007;0.022
4969;0.225;0.195;0.535;0.273;0.005;-0.002;0;0.005;0.647;2.053;0.015;0.037;0.005;0.015
4970;0.22;0.2;0.491;0.276;0.005;0;-0.002;0.002;0.642;2.075;0.01;0.034;0.007;0.017
4971;0.212;0.2;0.62;0.276;0.002;-0.002;-0.002;0.005;0.637;2.107;0.01;0.037;0.005;0.015
4972;0.208;0.2;0.596;0.276;0.007;0;0;0.005;0.637;2.136;0.015;0.037;0.007;0.02
4973;0.2;0.193;0.608;0.276;0.005;0.002;-0.002;0.005;0.632;2.173;0.01;0.037;0.005;0.022
4974;0.2;0.19;0.579;0.271;0.005;-0.002;-0.002;0.005;0.63;2.212;0.015;0.037;0.005;0.015
4975;0.195;0.193;0.566;0.269;0.007;-0.002;0;0.005;0.63;2.263;0.012;0.042;0.007;0.01
4976;0.193;0.198;0.559;0.271;0.007;0;-0.002;0.007;0.623;2.305;0.007;0.032;0.007;0.02
4977;0.198;0.198;0.559;0.266;0.005;-0.002;-0.002;0.005;0.623;2.349;0.012;0.037;0.007;0.017
4978;0.195;0.2;0.601;0.266;0.005;-0.005;0.002;0.005;0.62;2.378;0.015;0.039;0.007;0.015
4979;0.198;0.2;0.662;0.269;0.007;-0.005;0;0.007;0.613;2.385;0.01;0.032;0.005;0.017
4980;0.195;0.193;0.564;0.271;0.007;-0.005;0.002;0.007;0.61;2.395;0.012;0.037;0.007;0.017
4981;0.195;0.193;0.61;0.269;0.005;-0.007;0.002;0.005;0.61;2.397;0.012;0.037;0.005;0.012
4982;0.2;0.183;0.627;0.273;0.002;-0.007;0.002;0.007;0.613;2.393;0.012;0.034;0.005;0.015
4983;0.2;0.186;0.623;0.273;0.002;-0.007;0.002;0.005;0.608;2.388;0.015;0.037;0.002;0.015
4984;0.208;0.183;0.608;0.273;0;-0.005;0.002;0.002;0.605;2.38;0.015;0.037;0.005;0.015
4985;0.208;0.181;0.593;0.278;0;-0.005;0.002;0.005;0.608;2.375;0.01;0.039;0.012;0.022
4986;0.217;0.178;0.586;0.286;0;-0.002;0.002;0.005;0.603;2.368;0.01;0.037;0.002;0.012
4987;0.217;0.178;0.581;0.288;0.002;-0.002;0.002;0.002;0.605;2.366;0.01;0.034;0.007;0.017
4988;0.22;0.178;0.588;0.288;0;-0.002;0;0.005;0.605;2.356;0.01;0.037;0.007;0.017
4989;0.22;0.173;0.513;0.288;0.002;-0.002;0;0.005;0.603;2.351;0.007;0.037;0.005;0.015
4990;0.22;0.176;0.444;0.288;0.007;0;0.002;0.005;0.603;2.341;0.012;0.037;0.005;0.02
4991;0.22;0.176;0.471;0.281;0;0;0;0.007;0.603;2.334;0.01;0.037;0.007;0.015
4992;0.217;0.176;0.481;0.281;0.002;0;-0.002;0.005;0.603;2.327;0.015;0.037;0.007;0.017
4993;0.212;0.183;0.476;0.283;0;0;-0.002;0.005;0.605;2.317;0.01;0.037;0.007;0.017
4994;0.212;0.181;0.469;0.286;0;0;0;0.002;0.608;2.307;0.012;0.037;0.007;0.017
4995;0.208;0.183;0.42;0.288;-0.005;0.002;-0.002;0.005;0.605;2.297;0.012;0.039;0.007;0.022
4996;0.205;0.19;0.339;0.283;-0.007;0;-0.002;0.005;0.605;2.285;0.01;0.037;0.01;0.017
4997;0.198;0.19;0.491;0.286;-0.007;0.002;-0.002;0.005;0.605;2.278;0.012;0.039;0.01;0.015
4998;0.193;0.195;0.525;0.283;-0.01;0;-0.002;0.005;0.608;2.268;0.007;0.032;0.005;0.022
4999;0.186;0.198;0.505;0.283;-0.01;0.005;0;0.005;0.61;2.261;0.012;0.037;0.007;0.015
5000;0.186;0.2;0.532;0.283;-0.01;0.002;-0.002;0.002;0.608;2.253;0.01;0.039;0.002;0.015
5001;0.186;0.2;0.562;0.276;-0.01;0;0;0.002;0.608;2.241;0.01;0.034;0.005;0.015
5002;0.188;0.198;0.527;0.271;-0.007;0;0;0.005;0.608;2.231;0.012;0.039;0.005;0.015
5003;0.19;0.193;0.469;0.271;-0.005;0;0;0.005;0.61;2.219;0.007;0.034;0.01;0.022
5004;0.195;0.198;0.486;0.269;-0.005;0;0.002;0.005;0.61;2.207;0.012;0.039;0.007;0.015
5005;0.198;0.195;0.488;0.269;0;0;0;0.005;0.605;2.19;0.012;0.037;0.005;0.017
5006;0.203;0.198;0.449;0.266;-0.002;-0.002;0;0.005;0.603;2.173;0.01;0.037;0.007;0.017
5007;0.205;0.198;0.522;0.264;-0.002;-0.005;0;0.005;0.603;2.161;0.01;0.037;0.007;0.02
5008;0.208;0.195;0.598;0.259;-0.005;-0.005;-0.002;0.005;0.603;2.148;0.01;0.037;0.01;0.017
5009;0.21;0.193;0.601;0.256;-0.005;-0.002;-0.002;0.005;0.601;2.136;0.007;0.037;0.005;0.02
5010;0.208;0.186;0.42;0.266;-0.005;-0.002;-0.002;0.005;0.598;2.124;0.007;0.037;0.007;0.017
5011;0.21;0.188;0.54;0.266;-0.007;-0.002;-0.005;0.005;0.598;2.112;0.01;0.037;0.007;0.022
5012;0.208;0.19;0.664;0.269;-0.007;-0.007;-0.005;0.007;0.596;2.1;0.012;0.037;0.007;0.015
5013;0.203;0.19;0.518;0.266;-0.01;-0.005;-0.002;0.005;0.596;2.083;0.01;0.037;0.007;0.017
5014;0.2;0.19;0.264;0.269;-0.01;-0.005;-0.005;0.002;0.588;2.065;0.01;0.037;0.007;0.017
5015;0.2;0.188;0.508;0.264;-0.007;-0.002;-0.002;0.005;0.586;2.048;0.01;0.037;0.01;0.017
5016;0.195;0.188;0.488;0.264;-0.007;-0.002;0;0.005;0.583;2.036;0.012;0.037;0.01;0.017
5017;0.198;0.19;0.452;0.261;-0.007;-0.002;0.002;0.005;0.581;2.014;0.007;0.037;0.012;0.022
5018;0.2;0.19;0.54;0.261;-0.007;-0.005;0;0.005;0.576;2;0.01;0.037;0.007;0.017
5019;0.205;0.19;0.62;0.259;-0.007;-0.005;0;0.005;0.576;1.987;0.01;0.037;0.005;0.012
5020;0.21;0.19;0.562;0.256;-0.005;-0.005;0.002;0.005;0.571;1.978;0.007;0.037;0.007;0.017
5021;0.21;0.19;0.542;0.256;-0.007;-0.002;0;0.005;0.566;1.965;0.01;0.037;0.01;0.017
5022;0.21;0.19;0.618;0.256;-0.01;-0.005;0;0.005;0.566;1.958;0.01;0.037;0.007;0.017
5023;0.217;0.188;0.496;0.256;-0.012;-0.005;0;0.007;0.564;1.956;0.01;0.039;0.01;0.017
5024;0.215;0.188;0.388;0.254;-0.012;-0.005;0.002;0.007;0.559;1.951;0.012;0.037;0.007;0.022
5025;0.215;0.186;0.369;0.256;-0.007;-0.007;0;0.005;0.562;1.951;0.01;0.039;0.01;0.02
5026;0.208;0.183;0.557;0.259;-0.01;-0.007;0;0.005;0.557;1.948;0.007;0.034;0.01;0.022
5027;0.205;0.181;0.637;0.266;-0.005;-0.007;0.002;0.002;0.554;1.946;0.01;0.037;0.005;0.017
5028;0.208;0.183;0.605;0.266;0.034;-0.005;0.002;0.005;0.554;1.946;0.01;0.037;0.007;0.02
5029;0.198;0.181;0.466;0.261;0.115;-0.005;0.002;0.002;0.552;1.943;0.01;0.037;0.007;0.02
5030;0.198;0.183;0.505;0.261;0.159;-0.007;0.002;0.007;0.552;1.941;0.01;0.039;0.007;0.02
5031;0.2;0.178;0.449;0.261;0.203;-0.01;0.002;0.005;0.552;1.931;0.01;0.037;0.007;0.022
5032;0.203;0.176;0.52;0.259;0.232;-0.005;0.002;0.005;0.547;1.926;0.01;0.037;0.005;0.02
5033;0.203;0.176;0.493;0.259;0.254;-0.005;0.002;0.002;0.547;1.917;0.01;0.037;0.007;0.02
5034;0.205;0.176;0.518;0.261;0.281;-0.002;0.002;0.005;0.542;1.912;0.012;0.039;0.007;0.022
5035;0.203;0.178;0.339;0.259;0.271;-0.002;0;0.005;0.542;1.897;0.01;0.034;0.01;0.02
5036;0.203;0.178;0.269;0.259;0.251;-0.002;0.002;0.005;0.537;1.887;0.01;0.037;0.007;0.017
5037;0.2;0.178;0.242;0.256;0.278;-0.002;-0.002;0.005;0.532;1.877;0.01;0.037;0.007;0.02
5038;0.2;0.178;0.215;0.251;0.286;-0.002;-0.002;0.005;0.532;1.87;0.012;0.037;0.012;0.022
5039;0.2;0.181;0.208;0.251;0.273;-0.005;-0.002;0.002;0.527;1.86;0.01;0.039;0.007;0.02
5040;0.2;0.181;0.208;0.249;0.278;-0.002;0;0.007;0.522;1.853;0.007;0.034;0.012;0.022
5041;0.198;0.183;0.212;0.247;0.293;-0.002;0;0.005;0.525;1.851;0.01;0.039;0.007;0.02
5042;0.195;0.188;0.21;0.244;0.31;-0.005;0.002;0.005;0.52;1.846;0.01;0.037;0.01;0.02
5043;0.195;0.188;0.205;0.237;0.312;-0.002;0.002;0.007;0.518;1.843;0.015;0.039;0.007;0.017
5044;0.193;0.19;0.203;0.237;0.332;-0.005;0.002;0.005;0.518;1.838;0.012;0.037;0.01;0.017
5045;0.195;0.19;0.195;0.237;0.337;-0.002;0;0.005;0.51;1.841;0.012;0.037;0.007;0.022
5046;0.195;0.195;0.188;0.232;0.347;0;0.002;0.002;0.508;1.836;0.01;0.042;0.01;0.02
5047;0.195;0.195;0.186;0.232;0.356;0;0.002;0.005;0.505;1.841;0.012;0.039;0.005;0.017
5048;0.195;0.2;0.188;0.227;0.352;0;0;0.005;0.503;1.836;0.01;0.039;0.01;0.022
5049;0.2;0.2;0.183;0.229;0.356;-0.002;0;0.007;0.5;1.838;0.012;0.039;0.005;0.02
5050;0.2;0.2;0.173;0.229;0.354;0;0;0.005;0.5;1.838;0.01;0.037;0.007;0.017
5051;0.203;0.203;0.173;0.234;0.339;0;0;0.005;0.498;1.841;0.012;0.042;0.007;0.022
5052;0.203;0.205;0.168;0.244;0.349;0.002;0.002;0.007;0.493;1.841;0.01;0.037;0.007;0.02
5053;0.203;0.208;0.164;0.251;0.337;0;0;0.007;0.491;1.841;0.012;0.037;0.01;0.017
5054;0.203;0.205;0.159;0.254;0.334;0;-0.002;0.005;0.488;1.841;0.012;0.037;0.007;0.02
5055;0.203;0.205;0.154;0.254;0.327;-0.002;-0.002;0.005;0.488;1.831;0.01;0.039;0.01;0.022
5056;0.203;0.2;0.154;0.251;0.322;0;-0.002;0.002;0.486;1.824;0.015;0.039;0.007;0.017
5057;0.203;0.198;0.151;0.254;0.315;0;0;0.005;0.481;1.812;0.012;0.037;0.012;0.027
5058;0.2;0.193;0.149;0.259;0.32;0;0.002;0.005;0.481;1.802;0.012;0.037;0.007;0.02
5059;0.2;0.193;0.151;0.261;0.315;-0.002;0;0.005;0.479;1.787;0.012;0.042;0.007;0.015
5060;0.203;0.193;0.154;0.249;0.305;0;0;0.002;0.476;1.77;0.012;0.042;0.007;0.015
5061;0.198;0.19;0.156;0.251;0.317;-0.002;-0.002;0.005;0.471;1.75;0.012;0.037;0.01;0.02
5062;0.198;0.188;0.156;0.249;0.308;0;0;0.005;0.469;1.729;0.01;0.034;0.005;0.02
5063;0.198;0.188;0.166;0.244;0.291;-0.002;0.002;0.007;0.471;1.707;0.012;0.037;0.007;0.015
5064;0.21;0.19;0.166;0.244;0.291;0;0;0.005;0.466;1.685;0.01;0.034;0.012;0.024
5065;0.21;0.195;0.171;0.242;0.286;-0.005;0.002;0.007;0.469;1.663;0.012;0.039;0.007;0.015
5066;0.21;0.198;0.166;0.242;0.271;-0.002;-0.002;0.005;0.464;1.636;0.012;0.034;0.005;0.02
5067;0.21;0.205;0.173;0.239;0.266;-0.002;0;0.007;0.469;1.614;0.017;0.039;0.007;0.015
5068;0.21;0.203;0.173;0.237;0.266;-0.002;0;0.005;0.461;1.584;0.01;0.034;0.007;0.02
5069;0.205;0.205;0.173;0.239;0.266;-0.002;0;0.007;0.464;1.562;0.012;0.037;0.007;0.017
5070;0.203;0.21;0.181;0.232;0.283;0;0.002;0.005;0.464;1.543;0.02;0.042;0.007;0.017
5071;0.198;0.21;0.178;0.234;0.276;0;0;0.007;0.459;1.519;0.015;0.037;0.007;0.015
5072;0.198;0.212;0.178;0.239;0.281;0;0;0.005;0.461;1.497;0.012;0.037;0.01;0.02
5073;0.198;0.212;0.181;0.239;0.298;0;0;0.005;0.461;1.479;0.015;0.037;0.012;0.017
5074;0.195;0.215;0.183;0.239;0.295;0;0;0.005;0.459;1.458;0.015;0.034;0.012;0.02
5075;0.188;0.212;0.183;0.244;0.288;0;-0.002;0.005;0.459;1.443;0.015;0.037;0.007;0.017
5076;0.186;0.21;0.188;0.244;0.286;-0.002;0;0.005;0.461;1.426;0.017;0.037;0.01;0.017
5077;0.183;0.212;0.188;0.251;0.293;-0.002;-0.002;0.005;0.464;1.411;0.017;0.037;0.01;0.02
5078;0.181;0.21;0.186;0.254;0.293;-0.002;-0.002;0.007;0.464;1.399;0.015;0.037;0.005;0.02
5079;0.181;0.203;0.186;0.259;0.295;-0.002;-0.005;0.005;0.464;1.389;0.017;0.037;0.01;0.02
5080;0.183;0.2;0.181;0.264;0.3;-0.005;0;0.007;0.469;1.375;0.015;0.034;0.007;0.02
5081;0.19;0.198;0.178;0.264;0.291;-0.007;0;0.005;0.469;1.367;0.017;0.037;0.01;0.02
5082;0.19;0.19;0.178;0.264;0.303;-0.007;0;0.007;0.476;1.355;0.02;0.037;0.005;0.017
5083;0.193;0.193;0.178;0.259;0.298;-0.005;0.005;0.005;0.479;1.35;0.02;0.039;0.01;0.015
5084;0.188;0.19;0.176;0.256;0.293;-0.005;0.002;0.005;0.481;1.338;0.017;0.039;0.007;0.017
5085;0.186;0.188;0.168;0.259;0.31;-0.002;0.002;0.005;0.481;1.328;0.017;0.037;0.007;0.017
5086;0.183;0.19;0.168;0.254;0.308;-0.005;0.002;0.005;0.491;1.321;0.02;0.039;0.005;0.02
5087;0.186;0.188;0.168;0.249;0.31;-0.005;0.005;0.005;0.493;1.311;0.02;0.037;0.01;0.02
5088;0.183;0.186;0.166;0.249;0.31;-0.007;0.002;0.005;0.496;1.306;0.017;0.037;0.007;0.02
5089;0.188;0.183;0.168;0.242;0.308;-0.002;0.002;0.005;0.498;1.299;0.017;0.037;0.007;0.02
5090;0.188;0.183;0.161;0.247;0.308;-0.005;0.002;0.002;0.503;1.294;0.017;0.034;0.01;0.017
5091;0.188;0.188;0.156;0.242;0.308;-0.005;0;0.005;0.505;1.289;0.02;0.037;0.012;0.02
5092;0.19;0.186;0.159;0.242;0.3;-0.005;0;0.007;0.51;1.284;0.017;0.037;0.007;0.017
5093;0.186;0.188;0.161;0.247;0.293;-0.005;0;0.002;0.513;1.279;0.02;0.037;0.007;0.017
5094;0.178;0.188;0.164;0.247;0.291;-0.007;0.002;0.007;0.515;1.279;0.02;0.037;0.007;0.02
5095;0.176;0.188;0.164;0.247;0.288;-0.005;0;0.007;0.518;1.277;0.017;0.037;0.007;0.02
5096;0.173;0.188;0.164;0.247;0.288;-0.007;0.002;0.002;0.52;1.274;0.02;0.037;0.007;0.02
5097;0.173;0.19;0.164;0.251;0.288;-0.005;0.005;0.007;0.522;1.27;0.02;0.032;0.01;0.02
5098;0.168;0.19;0.161;0.247;0.298;-0.007;0.005;0.005;0.525;1.267;0.02;0.039;0.002;0.015
5099;0.168;0.193;0.161;0.249;0.288;-0.002;0.007;0.007;0.525;1.262;0.02;0.037;0.007;0.02
5100;0.166;0.193;0.161;0.244;0.293;-0.005;0.005;0.005;0.527;1.26;0.02;0.037;0.005;0.02
5101;0.164;0.193;0.159;0.244;0.298;-0.005;0.007;0.005;0.532;1.255;0.022;0.034;0.007;0.017
5102;0.161;0.195;0.161;0.237;0.3;-0.002;0.007;0.007;0.532;1.248;0.022;0.037;0.007;0.02
5103;0.161;0.198;0.159;0.237;0.312;-0.002;0.007;0.005;0.535;1.248;0.027;0.042;0.007;0.017
5104;0.161;0.195;0.164;0.237;0.303;-0.002;0.007;0.002;0.535;1.24;0.024;0.039;0.007;0.02
5105;0.161;0.195;0.156;0.232;0.295;-0.002;0.007;0.005;0.537;1.233;0.027;0.037;0.007;0.017
5106;0.164;0.195;0.156;0.239;0.295;-0.005;0.005;0.005;0.542;1.23;0.029;0.037;0.01;0.017
5107;0.166;0.195;0.154;0.234;0.286;-0.007;0.007;0.005;0.542;1.221;0.029;0.034;0.005;0.02
5108;0.171;0.195;0.159;0.229;0.288;-0.007;0.007;0.005;0.54;1.213;0.029;0.032;0.007;0.017
5109;0.178;0.19;0.154;0.227;0.283;-0.007;0.005;0.007;0.544;1.206;0.034;0.037;0.01;0.02
5110;0.183;0.19;0.154;0.227;0.291;-0.002;0.005;0.007;0.544;1.199;0.037;0.037;0.007;0.017
5111;0.183;0.188;0.151;0.225;0.291;-0.005;0.002;0.007;0.542;1.189;0.039;0.039;0.01;0.02
5112;0.188;0.186;0.151;0.225;0.291;-0.005;0.005;0.005;0.544;1.182;0.042;0.037;0.005;0.012
5113;0.188;0.188;0.149;0.222;0.303;-0.002;0.005;0.005;0.542;1.172;0.042;0.037;0.005;0.015
5114;0.188;0.186;0.154;0.222;0.305;-0.005;0.005;0.007;0.54;1.162;0.044;0.039;0.01;0.024
5115;0.188;0.19;0.149;0.22;0.312;0;0.002;0.002;0.537;1.157;0.042;0.037;0.01;0.017
5116;0.186;0.193;0.146;0.217;0.312;0;0.005;0.007;0.537;1.15;0.039;0.037;0.007;0.02
5117;0.181;0.188;0.151;0.217;0.315;0;0.002;0.005;0.532;1.145;0.032;0.034;0.005;0.02
5118;0.181;0.19;0.146;0.217;0.32;0;0.002;0.005;0.53;1.14;0.037;0.039;0.01;0.015
5119;0.181;0.188;0.146;0.217;0.322;0.002;0;0.005;0.525;1.135;0.029;0.034;0.01;0.02
5120;0.183;0.188;0.144;0.225;0.33;0;0;0.007;0.522;1.135;0.029;0.037;0.007;0.02
5121;0.181;0.188;0.149;0.225;0.347;0.002;0;0.005;0.518;1.133;0.029;0.039;0.007;0.02
5122;0.183;0.186;0.151;0.227;0.359;-0.002;-0.002;0.002;0.51;1.135;0.027;0.039;0.007;0.02
5123;0.186;0.183;0.154;0.225;0.376;-0.002;-0.002;0.005;0.513;1.135;0.032;0.042;0.007;0.017
5124;0.19;0.183;0.151;0.227;0.369;0.002;0;0.005;0.508;1.135;0.029;0.037;0.007;0.017
5125;0.193;0.183;0.149;0.227;0.374;0;-0.002;0.005;0.5;1.123;0.024;0.032;0.007;0.024
5126;0.193;0.186;0.156;0.227;0.381;-0.002;-0.002;0.002;0.5;1.125;0.029;0.037;0.01;0.02
5127;0.193;0.19;0.156;0.227;0.391;-0.002;0;0.007;0.498;1.121;0.034;0.037;0.01;0.02
5128;0.193;0.188;0.151;0.234;0.391;-0.002;-0.002;0.005;0.498;1.116;0.034;0.034;0.005;0.022
5129;0.188;0.188;0.151;0.232;0.393;0;0;0.005;0.496;1.111;0.039;0.037;0.007;0.02
5130;0.186;0.193;0.154;0.237;0.393;0;-0.005;0.002;0.496;1.106;0.046;0.039;0.005;0.012
5131;0.178;0.19;0.149;0.237;0.408;0;-0.007;0.005;0.488;1.094;0.049;0.034;0.007;0.022
5132;0.173;0.193;0.151;0.234;0.403;0.005;-0.007;0.005;0.491;1.091;0.068;0.042;0.002;0.012
5133;0.171;0.193;0.154;0.232;0.403;0.005;-0.01;0.005;0.493;1.082;0.076;0.039;0.01;0.02
5134;0.171;0.193;0.149;0.234;0.41;0.005;-0.01;0.007;0.488;1.072;0.085;0.037;0.007;0.022
5135;0.166;0.19;0.146;0.232;0.413;0.002;-0.01;0.005;0.488;1.064;0.095;0.037;0.007;0.015
5136;0.171;0.195;0.144;0.227;0.415;0.002;-0.01;0.002;0.483;1.055;0.105;0.037;0.007;0.015
5137;0.171;0.19;0.146;0.225;0.427;0.002;-0.007;0.005;0.483;1.047;0.115;0.037;0.01;0.02
5138;0.164;0.19;0.144;0.22;0.449;0.002;-0.002;0.007;0.481;1.038;0.127;0.037;0.007;0.015
5139;0.161;0.188;0.142;0.215;0.457;0;0;0.007;0.479;1.028;0.137;0.037;0.007;0.02
5140;0.159;0.186;0.134;0.212;0.437;-0.005;0.005;0.007;0.479;1.016;0.149;0.037;0.01;0.02
5141;0.161;0.186;0.137;0.212;0.439;-0.005;0.005;0.005;0.479;1.008;0.154;0.037;0.005;0.02
5142;0.161;0.186;0.139;0.212;0.43;-0.007;0.005;0.007;0.483;0.996;0.166;0.042;0.005;0.015
5143;0.164;0.186;0.134;0.21;0.413;-0.005;0.005;0.005;0.479;0.981;0.168;0.034;0.007;0.017
5144;0.164;0.186;0.139;0.21;0.408;-0.007;0.007;0.005;0.479;0.974;0.171;0.037;0.01;0.017
5145;0.166;0.183;0.137;0.208;0.413;-0.002;0.005;0.005;0.481;0.964;0.178;0.037;0.005;0.02
5146;0.164;0.183;0.139;0.215;0.417;-0.007;0.005;0.007;0.486;0.952;0.186;0.039;0.005;0.017
5147;0.164;0.186;0.139;0.22;0.403;-0.005;0.005;0.007;0.483;0.938;0.19;0.034;0.005;0.017
5148;0.164;0.188;0.142;0.227;0.408;-0.005;0.002;0.005;0.486;0.923;0.205;0.037;0.007;0.017
5149;0.161;0.188;0.144;0.232;0.413;-0.005;0;0.005;0.491;0.913;0.217;0.037;0.005;0.02
5150;0.159;0.188;0.144;0.234;0.417;-0.007;0;0.007;0.491;0.901;0.222;0.039;0.007;0.017
5151;0.159;0.193;0.146;0.239;0.425;-0.007;-0.002;0.007;0.5;0.886;0.232;0.039;0.007;0.012
5152;0.156;0.193;0.149;0.247;0.413;-0.002;0;0.005;0.503;0.874;0.242;0.037;0.007;0.012
5153;0.151;0.19;0.151;0.256;0.4;-0.005;0;0.007;0.505;0.862;0.254;0.034;0.007;0.02
5154;0.149;0.188;0.154;0.256;0.403;-0.005;0.002;0.005;0.51;0.85;0.273;0.032;0.01;0.02
5155;0.144;0.188;0.161;0.249;0.371;0;0.002;0.005;0.52;0.845;0.303;0.037;0.007;0.01
5156;0.139;0.186;0.161;0.247;0.342;-0.005;0.005;0.005;0.52;0.828;0.334;0.037;0.002;0.015
5157;0.134;0.183;0.168;0.244;0.366;-0.002;0.005;0.005;0.53;0.823;0.378;0.034;0.005;0.012
5158;0.132;0.183;0.171;0.244;0.364;-0.005;0.007;0.005;0.535;0.815;0.43;0.037;0.01;0.015
5159;0.137;0.181;0.171;0.242;0.354;-0.002;0.007;0.007;0.535;0.806;0.476;0.034;0.005;0.02
5160;0.139;0.181;0.173;0.234;0.339;-0.005;0.005;0.007;0.544;0.796;0.53;0.037;0.002;0.01
5161;0.137;0.181;0.173;0.237;0.337;-0.005;0.01;0.002;0.549;0.789;0.574;0.039;0.005;0.015
5162;0.139;0.183;0.178;0.232;0.366;-0.005;0.007;0.005;0.552;0.779;0.62;0.037;0.007;0.017
5163;0.144;0.186;0.173;0.222;0.347;-0.005;0.01;0.002;0.552;0.767;0.679;0.037;0.005;0.017
5164;0.144;0.183;0.176;0.217;0.327;-0.002;0.007;0.007;0.557;0.754;0.745;0.037;0.007;0.015
5165;0.151;0.183;0.168;0.215;0.337;-0.005;0.005;0.005;0.566;0.752;0.818;0.042;0.002;0.012
5166;0.154;0.183;0.173;0.208;0.347;-0.005;0.005;0.002;0.564;0.732;0.867;0.039;0.007;0.017
5167;0.159;0.188;0.173;0.203;0.344;-0.005;0;0.002;0.564;0.723;0.925;0.037;0.005;0.012
5168;0.159;0.186;0.168;0.198;0.332;-0.007;0;0.005;0.569;0.715;0.979;0.037;0.007;0.017
5169;0.159;0.183;0.168;0.2;0.354;-0.007;0.002;0.005;0.571;0.706;1.03;0.042;0.002;0.012
5170;0.154;0.181;0.161;0.198;0.359;-0.007;0.002;0.007;0.574;0.698;1.079;0.039;0.01;0.017
5171;0.149;0.178;0.164;0.198;0.349;-0.007;0.005;0.007;0.576;0.688;1.13;0.039;0.007;0.017
5172;0.146;0.178;0.161;0.203;0.344;-0.005;0.002;0.01;0.579;0.681;1.184;0.039;0.007;0.017
5173;0.139;0.178;0.159;0.205;0.349;-0.01;0.005;0.007;0.579;0.671;1.233;0.039;0.005;0.015
5174;0.132;0.181;0.159;0.208;0.352;-0.005;0.005;0.002;0.583;0.669;1.289;0.039;0.005;0.015
5175;0.134;0.178;0.159;0.203;0.352;-0.007;0.005;0.005;0.581;0.657;1.35;0.039;0.007;0.015
5176;0.129;0.176;0.156;0.203;0.339;-0.007;0.002;0.005;0.588;0.654;1.426;0.042;0.007;0.017
5177;0.132;0.171;0.156;0.198;0.359;-0.007;0;0.007;0.586;0.652;1.501;0.042;0.01;0.017
5178;0.132;0.176;0.159;0.2;0.366;-0.007;0.002;0.005;0.586;0.642;1.575;0.039;0.002;0.015
5179;0.134;0.171;0.164;0.2;0.349;-0.007;0;0.002;0.588;0.64;1.646;0.039;0.007;0.017
5180;0.142;0.171;0.164;0.205;0.349;-0.005;-0.005;0.007;0.588;0.64;1.719;0.037;0.005;0.015
5181;0.146;0.173;0.164;0.208;0.366;-0.005;-0.002;0.005;0.588;0.637;1.78;0.042;0.005;0.015
5182;0.151;0.173;0.161;0.212;0.361;-0.002;-0.002;0.007;0.588;0.64;1.836;0.044;0.005;0.015
5183;0.149;0.173;0.161;0.217;0.361;-0.002;0;0.005;0.591;0.637;1.89;0.039;0.005;0.017
5184;0.149;0.171;0.166;0.222;0.361;-0.002;-0.002;0.005;0.593;0.645;1.943;0.042;0.007;0.015
5185;0.144;0.168;0.161;0.229;0.383;-0.002;-0.002;0.005;0.588;0.642;1.997;0.042;0.007;0.017
5186;0.137;0.171;0.164;0.232;0.378;-0.002;-0.002;0.005;0.588;0.649;2.051;0.044;0.007;0.007
5187;0.134;0.171;0.164;0.237;0.376;-0.002;-0.002;0.005;0.586;0.645;2.087;0.039;0.007;0.02
5188;0.129;0.173;0.164;0.242;0.381;-0.002;-0.002;0.005;0.581;0.647;2.124;0.042;0.005;0.015
5189;0.134;0.171;0.166;0.242;0.378;-0.002;-0.002;0.005;0.581;0.647;2.153;0.042;0.005;0.017
5190;0.132;0.173;0.168;0.242;0.381;0;0;0.007;0.579;0.645;2.18;0.042;0.007;0.015
5191;0.129;0.171;0.164;0.239;0.374;0;0;0.007;0.576;0.642;2.2;0.037;0.007;0.015
5192;0.129;0.173;0.168;0.242;0.378;-0.002;-0.002;0.005;0.571;0.637;2.217;0.039;0.005;0.017
5193;0.125;0.173;0.171;0.244;0.383;-0.005;-0.002;0.005;0.574;0.637;2.234;0.044;0.007;0.012
5194;0.122;0.176;0.171;0.242;0.378;-0.002;-0.005;0.005;0.569;0.627;2.258;0.042;0.005;0.017
5195;0.12;0.176;0.178;0.244;0.369;-0.005;-0.005;0.005;0.564;0.62;2.29;0.037;0.007;0.024
5196;0.125;0.173;0.178;0.247;0.374;0;-0.005;0.01;0.562;0.618;2.327;0.039;0.005;0.015
5197;0.122;0.173;0.183;0.242;0.364;-0.005;0;0.005;0.557;0.608;2.371;0.039;0.007;0.02
5198;0.122;0.171;0.181;0.239;0.366;-0.007;-0.002;0.002;0.557;0.608;2.422;0.039;0.007;0.017
5199;0.127;0.173;0.188;0.242;0.369;-0.002;0;0.005;0.554;0.605;2.468;0.042;0.005;0.015
5200;0.127;0.171;0.188;0.239;0.366;-0.002;0;0.005;0.549;0.603;2.517;0.042;0.007;0.02
5201;0.127;0.171;0.186;0.237;0.359;0;0;0.007;0.544;0.598;2.576;0.037;0.01;0.022
5202;0.125;0.171;0.183;0.232;0.356;0;0.002;0.005;0.552;0.603;2.668;0.042;0.01;0.015
5203;0.12;0.166;0.183;0.227;0.354;0.005;0;0.005;0.552;0.603;2.739;0.042;0.01;0.017
5204;0.127;0.168;0.178;0.227;0.354;0.002;-0.002;0.005;0.549;0.596;2.795;0.039;0.01;0.022
5205;0.125;0.168;0.183;0.227;0.349;0.007;-0.002;0.005;0.552;0.598;2.849;0.044;0.007;0.017
5206;0.125;0.166;0.178;0.227;0.347;0.005;0;0.005;0.552;0.593;2.888;0.039;0.01;0.017
5207;0.127;0.166;0.173;0.225;0.352;0.005;-0.005;0.007;0.549;0.593;2.917;0.042;0.007;0.022
5208;0.127;0.166;0.178;0.215;0.349;0.005;0;0.007;0.549;0.596;2.944;0.042;0.007;0.015
5209;0.132;0.171;0.171;0.212;0.339;0.005;-0.002;0.007;0.547;0.596;2.964;0.046;0.007;0.017
5210;0.127;0.161;0.171;0.205;0.337;0.002;-0.002;0.007;0.544;0.588;2.971;0.037;0.012;0.029
5211;0.132;0.164;0.176;0.203;0.344;0.007;-0.002;0.007;0.544;0.586;2.983;0.039;0.01;0.02
5212;0.132;0.164;0.171;0.2;0.344;0.005;-0.005;0.007;0.544;0.588;2.998;0.039;0.007;0.022
5213;0.137;0.161;0.171;0.195;0.337;0.002;0;0.007;0.54;0.581;3.01;0.042;0.012;0.022
5214;0.137;0.161;0.173;0.195;0.337;0.005;-0.002;0.007;0.542;0.581;3.018;0.042;0.005;0.017
5215;0.132;0.161;0.171;0.19;0.342;0.002;0;0.005;0.537;0.571;3.03;0.039;0.007;0.017
5216;0.129;0.161;0.173;0.186;0.334;0;0.005;0.005;0.537;0.569;3.054;0.042;0.01;0.017
5217;0.134;0.159;0.178;0.186;0.334;0.002;0.002;0.005;0.532;0.564;3.074;0.037;0.01;0.022
5218;0.129;0.164;0.171;0.186;0.33;0;0.005;0.002;0.532;0.559;3.101;0.044;0.01;0.015
5219;0.134;0.161;0.173;0.188;0.332;0;0.01;0.005;0.53;0.552;3.115;0.042;0.007;0.02
5220;0.139;0.161;0.168;0.188;0.33;-0.002;0.01;0.005;0.527;0.547;3.125;0.037;0.01;0.017
5221;0.146;0.164;0.171;0.188;0.327;-0.002;0.005;0.005;0.527;0.542;3.132;0.042;0.01;0.024
5222;0.149;0.161;0.168;0.19;0.325;-0.007;0.007;0.005;0.525;0.535;3.132;0.044;0.005;0.015
5223;0.154;0.164;0.166;0.195;0.33;-0.005;0.007;0.005;0.518;0.525;3.123;0.039;0.007;0.02
5224;0.154;0.166;0.166;0.195;0.332;-0.007;0.007;0.005;0.515;0.52;3.118;0.044;0.01;0.02
5225;0.159;0.166;0.164;0.198;0.334;-0.007;0.01;0.005;0.51;0.513;3.113;0.039;0.01;0.02
5226;0.159;0.168;0.156;0.2;0.332;-0.007;0.005;0.002;0.505;0.505;3.113;0.042;0.005;0.02
5227;0.164;0.171;0.164;0.203;0.337;-0.005;0.007;0.005;0.503;0.503;3.113;0.037;0.012;0.02
5228;0.161;0.171;0.161;0.208;0.334;-0.01;0.007;0.005;0.5;0.496;3.123;0.039;0.01;0.022
5229;0.164;0.176;0.156;0.21;0.334;-0.01;0.005;0.007;0.493;0.491;3.127;0.042;0.01;0.02
5230;0.164;0.176;0.156;0.217;0.334;-0.007;0.002;0.005;0.491;0.491;3.132;0.042;0.01;0.022
5231;0.159;0.173;0.156;0.225;0.339;-0.005;0.005;0.005;0.488;0.491;3.142;0.039;0.01;0.02
5232;0.159;0.176;0.159;0.232;0.339;-0.005;0.002;0.005;0.481;0.483;3.145;0.039;0.01;0.022
5233;0.154;0.178;0.156;0.239;0.337;-0.002;0;0.007;0.479;0.483;3.145;0.037;0.007;0.02
5234;0.156;0.181;0.164;0.239;0.334;-0.007;0.002;0.005;0.476;0.481;3.145;0.039;0.007;0.02
5235;0.156;0.176;0.164;0.239;0.337;-0.005;0.002;0.005;0.474;0.479;3.137;0.039;0.007;0.02
5236;0.161;0.176;0.161;0.234;0.339;-0.002;0.002;0.005;0.469;0.479;3.125;0.037;0.01;0.022
5237;0.166;0.176;0.168;0.232;0.339;-0.005;0;0.01;0.469;0.479;3.123;0.039;0.007;0.017
5238;0.166;0.176;0.173;0.227;0.344;-0.005;0;0.005;0.466;0.471;3.12;0.037;0.01;0.02
5239;0.164;0.171;0.173;0.222;0.352;-0.005;-0.002;0.005;0.469;0.471;3.123;0.037;0.012;0.02
5240;0.159;0.176;0.181;0.217;0.347;-0.007;-0.002;0.005;0.466;0.461;3.123;0.039;0.005;0.022
5241;0.154;0.176;0.178;0.208;0.349;-0.002;-0.002;0.01;0.469;0.464;3.12;0.037;0.007;0.02
5242;0.156;0.171;0.186;0.203;0.359;-0.007;-0.002;0.007;0.466;0.459;3.11;0.037;0.01;0.022
5243;0.149;0.171;0.193;0.195;0.361;-0.007;-0.002;0.007;0.469;0.457;3.098;0.037;0.012;0.02
5244;0.149;0.176;0.2;0.188;0.366;-0.007;-0.005;0.005;0.471;0.454;3.083;0.039;0.007;0.017
5245;0.144;0.176;0.227;0.183;0.366;-0.007;-0.002;0.01;0.469;0.447;3.071;0.037;0.012;0.022
5246;0.144;0.176;0.237;0.178;0.369;-0.007;-0.005;0.007;0.474;0.444;3.064;0.042;0.007;0.017
5247;0.139;0.178;0.325;0.181;0.371;-0.005;-0.005;0.01;0.474;0.437;3.049;0.034;0.01;0.024
5248;0.139;0.183;0.293;0.183;0.374;-0.007;-0.007;0.01;0.474;0.432;3.04;0.039;0.007;0.017
5249;0.142;0.186;0.291;0.183;0.376;-0.007;-0.007;0.005;0.476;0.43;3.027;0.042;0.01;0.022
5250;0.146;0.186;0.254;0.188;0.369;-0.01;-0.007;0.005;0.476;0.427;3.015;0.037;0.007;0.02
5251;0.151;0.186;0.215;0.186;0.369;-0.01;-0.007;0.005;0.476;0.425;3.003;0.039;0.01;0.017
5252;0.154;0.19;0.278;0.186;0.364;-0.01;-0.005;0.002;0.474;0.42;2.986;0.034;0.005;0.02
5253;0.159;0.188;0.288;0.186;0.364;-0.01;-0.002;0.005;0.476;0.425;2.971;0.039;0.01;0.017
5254;0.159;0.188;0.264;0.183;0.364;-0.01;-0.002;0.007;0.479;0.422;2.954;0.039;0.01;0.024
5255;0.161;0.193;0.259;0.19;0.359;-0.01;-0.005;0.007;0.474;0.417;2.927;0.039;0.01;0.02
5256;0.154;0.19;0.344;0.188;0.356;-0.012;-0.005;0.005;0.471;0.415;2.903;0.037;0.01;0.02
5257;0.161;0.188;0.291;0.193;0.359;-0.012;-0.002;0.007;0.469;0.413;2.876;0.037;0.012;0.024
5258;0.164;0.186;0.32;0.195;0.359;-0.007;-0.002;0.005;0.469;0.413;2.849;0.037;0.007;0.015
5259;0.164;0.183;0.349;0.205;0.349;-0.007;-0.007;0.005;0.466;0.408;2.817;0.037;0.005;0.02
5260;0.161;0.178;0.276;0.212;0.352;-0.01;-0.002;0.007;0.466;0.41;2.786;0.039;0.007;0.02
5261;0.159;0.181;0.271;0.217;0.356;-0.005;-0.002;0.007;0.461;0.408;2.747;0.034;0.012;0.017
5262;0.151;0.178;0.239;0.232;0.356;-0.005;-0.002;0.007;0.461;0.41;2.708;0.037;0.005;0.02
5263;0.151;0.181;0.249;0.227;0.361;-0.007;-0.002;0.007;0.459;0.41;2.671;0.034;0.007;0.015
5264;0.146;0.178;0.247;0.225;0.366;-0.005;0;0.007;0.457;0.41;2.637;0.037;0.007;0.02
5265;0.149;0.173;0.256;0.229;0.369;-0.005;0.002;0.007;0.452;0.408;2.607;0.032;0.01;0.017
5266;0.154;0.171;0.239;0.222;0.369;-0.007;0.002;0.007;0.449;0.408;2.573;0.034;0.002;0.015
5267;0.161;0.171;0.249;0.222;0.374;-0.01;0.002;0.007;0.449;0.405;2.539;0.034;0.01;0.017
5268;0.161;0.171;0.283;0.222;0.374;-0.005;0.002;0.01;0.444;0.403;2.498;0.032;0.007;0.022
5269;0.164;0.173;0.298;0.215;0.369;-0.005;0.002;0.007;0.442;0.405;2.463;0.034;0.007;0.017
5270;0.161;0.173;0.242;0.208;0.371;-0.007;0.002;0.01;0.442;0.403;2.427;0.037;0.007;0.017
5271;0.164;0.173;0.234;0.203;0.366;-0.005;0.005;0.007;0.437;0.4;2.383;0.032;0.01;0.02
5272;0.159;0.176;0.259;0.195;0.366;-0.002;0.007;0.005;0.437;0.398;2.351;0.034;0.01;0.022
5273;0.159;0.181;0.261;0.195;0.359;-0.007;0.005;0.007;0.432;0.4;2.31;0.032;0.007;0.017
5274;0.159;0.183;0.232;0.193;0.356;0;0.002;0.007;0.432;0.396;2.273;0.034;0.01;0.022
5275;0.159;0.188;0.227;0.198;0.354;-0.005;0;0.005;0.427;0.393;2.234;0.034;0.005;0.017
5276;0.156;0.188;0.225;0.2;0.352;0;0.002;0.005;0.427;0.388;2.197;0.034;0.007;0.02
5277;0.154;0.193;0.222;0.195;0.352;-0.002;0.005;0.005;0.425;0.388;2.166;0.034;0.007;0.01
5278;0.151;0.195;0.225;0.195;0.344;-0.002;0.005;0.005;0.42;0.386;2.126;0.034;0.01;0.02
5279;0.151;0.195;0.222;0.195;0.334;-0.002;0.005;0.007;0.415;0.378;2.092;0.037;0.012;0.02
5280;0.151;0.195;0.208;0.2;0.334;-0.002;0.002;0.007;0.413;0.376;2.056;0.034;0.007;0.02
5281;0.154;0.198;0.215;0.2;0.334;-0.005;0.005;0.007;0.41;0.374;2.021;0.034;0.01;0.022
5282;0.159;0.2;0.217;0.2;0.332;-0.002;0;0.005;0.403;0.371;1.987;0.032;0.007;0.022
5283;0.164;0.2;0.222;0.198;0.327;-0.007;0.002;0.005;0.4;0.369;1.953;0.032;0.007;0.022
5284;0.164;0.2;0.21;0.19;0.325;-0.005;0;0.005;0.4;0.366;1.921;0.034;0.007;0.017
5285;0.164;0.203;0.21;0.186;0.322;-0.007;0.002;0.002;0.391;0.361;1.887;0.029;0.01;0.022
5286;0.166;0.203;0.22;0.188;0.322;-0.005;0.002;0.005;0.391;0.364;1.858;0.034;0.007;0.017
5287;0.166;0.2;0.217;0.186;0.32;0;0;0.005;0.386;0.359;1.829;0.037;0.012;0.02
5288;0.166;0.198;0.217;0.186;0.32;0.002;0;0.002;0.378;0.356;1.799;0.034;0.01;0.022
5289;0.168;0.195;0.21;0.186;0.317;0;0;0.005;0.378;0.352;1.772;0.034;0.005;0.015
5290;0.173;0.198;0.222;0.186;0.315;0;0.002;0.005;0.374;0.349;1.748;0.037;0.007;0.017
5291;0.176;0.193;0.249;0.181;0.317;0;0.002;0.005;0.369;0.349;1.724;0.034;0.01;0.02
5292;0.176;0.193;0.249;0.176;0.317;0.002;0.005;0.007;0.366;0.347;1.702;0.037;0.002;0.017
5293;0.166;0.188;0.22;0.178;0.315;0.002;0.002;0.007;0.364;0.342;1.677;0.034;0.007;0.015
5294;0.173;0.186;0.229;0.181;0.315;-0.002;0;0.005;0.361;0.342;1.655;0.034;0.01;0.02
5295;0.168;0.183;0.225;0.178;0.312;0.002;0.005;0.01;0.354;0.337;1.636;0.034;0.01;0.022
5296;0.173;0.178;0.232;0.181;0.315;0;0.002;0.007;0.354;0.337;1.614;0.034;0.005;0.02
5297;0.176;0.181;0.215;0.181;0.317;0;0.002;0.005;0.349;0.332;1.594;0.032;0.007;0.02
5298;0.178;0.176;0.227;0.176;0.322;0;0.002;0.007;0.349;0.334;1.575;0.037;0.007;0.015
5299;0.173;0.173;0.249;0.176;0.32;0;0;0.007;0.344;0.33;1.553;0.037;0.007;0.02
5300;0.168;0.173;0.293;0.178;0.317;0.002;0;0.007;0.342;0.322;1.528;0.034;0.012;0.02
5301;0.164;0.168;0.271;0.176;0.315;0;0;0.005;0.342;0.325;1.509;0.034;0.01;0.02
5302;0.159;0.171;0.286;0.178;0.317;0.002;-0.002;0.007;0.342;0.32;1.489;0.034;0.007;0.02
5303;0.156;0.168;0.312;0.183;0.315;0.005;0;0.007;0.337;0.317;1.475;0.034;0.005;0.022
5304;0.161;0.171;0.31;0.183;0.315;0;-0.005;0.007;0.337;0.312;1.462;0.034;0.007;0.017
5305;0.166;0.173;0.286;0.181;0.317;0;-0.005;0.005;0.337;0.31;1.458;0.032;0.007;0.022
5306;0.171;0.176;0.3;0.178;0.317;0.002;-0.007;0.005;0.339;0.31;1.462;0.037;0.012;0.017
5307;0.173;0.178;0.315;0.183;0.312;0.005;-0.01;0.005;0.342;0.308;1.465;0.032;0.007;0.02
5308;0.173;0.178;0.349;0.181;0.317;0.002;-0.007;0.002;0.344;0.305;1.472;0.037;0.007;0.017
5309;0.176;0.181;0.349;0.183;0.322;0.005;-0.005;0.005;0.347;0.305;1.472;0.034;0.01;0.02
5310;0.178;0.181;0.356;0.186;0.322;0.002;-0.01;0.007;0.349;0.305;1.477;0.034;0.015;0.022
5311;0.183;0.183;0.352;0.186;0.31;0.005;-0.01;0.005;0.349;0.303;1.482;0.034;0.007;0.017
5312;0.19;0.183;0.427;0.186;0.308;0;-0.01;0.005;0.352;0.303;1.492;0.037;0.007;0.02
5313;0.198;0.183;0.305;0.186;0.312;0;-0.01;0.005;0.354;0.303;1.509;0.039;0.007;0.017
5314;0.203;0.183;0.254;0.19;0.315;-0.002;-0.007;0.005;0.352;0.303;1.519;0.037;0.007;0.02
5315;0.2;0.183;0.225;0.186;0.315;0;-0.007;0.005;0.352;0.305;1.533;0.037;0.007;0.017
5316;0.198;0.186;0.188;0.186;0.317;0;-0.007;0.005;0.347;0.3;1.533;0.034;0.007;0.017
5317;0.188;0.183;0.188;0.188;0.327;0;-0.005;0.005;0.347;0.303;1.538;0.032;0.005;0.012
5318;0.186;0.183;0.215;0.186;0.325;0.002;-0.005;0.005;0.349;0.303;1.545;0.037;0.007;0.017
5319;0.186;0.186;0.298;0.186;0.32;0.005;-0.005;0.005;0.347;0.303;1.545;0.037;0.007;0.017
5320;0.183;0.183;0.281;0.188;0.32;0.002;-0.005;0.007;0.339;0.3;1.543;0.037;0.007;0.017
5321;0.183;0.183;0.303;0.19;0.322;0.005;-0.007;0.007;0.337;0.3;1.543;0.034;0.007;0.017
5322;0.183;0.181;0.276;0.186;0.33;0.005;-0.007;0.005;0.334;0.3;1.548;0.037;0.007;0.015
5323;0.186;0.178;0.242;0.186;0.332;0.005;-0.007;0.007;0.334;0.3;1.553;0.037;0.005;0.015
5324;0.183;0.178;0.21;0.186;0.342;0.007;-0.002;0.005;0.33;0.298;1.56;0.034;0.007;0.02
5325;0.181;0.183;0.222;0.186;0.349;0.005;-0.005;0.007;0.322;0.3;1.57;0.039;0.007;0.017
5326;0.176;0.181;0.237;0.186;0.342;0.005;-0.005;0.005;0.32;0.3;1.592;0.037;0.01;0.02
5327;0.178;0.186;0.229;0.188;0.332;0.002;-0.005;0.005;0.32;0.3;1.611;0.034;0.007;0.02
5328;0.186;0.186;0.254;0.188;0.327;-0.002;-0.002;0.002;0.315;0.3;1.631;0.034;0.007;0.022
5329;0.188;0.188;0.271;0.186;0.332;-0.002;-0.005;0.002;0.315;0.3;1.646;0.034;0.007;0.015
5330;0.193;0.186;0.295;0.181;0.325;-0.002;0.002;0.005;0.31;0.3;1.648;0.037;0.007;0.02
5331;0.193;0.188;0.266;0.183;0.322;-0.002;-0.002;0.005;0.303;0.298;1.638;0.034;0.01;0.022
5332;0.195;0.186;0.254;0.181;0.322;-0.005;0.002;0.005;0.308;0.295;1.631;0.037;0.01;0.017
5333;0.193;0.188;0.261;0.178;0.325;-0.002;0.002;0.005;0.303;0.298;1.616;0.039;0.01;0.015
5334;0.193;0.183;0.256;0.181;0.315;-0.005;0;0.007;0.298;0.293;1.599;0.034;0.01;0.02
5335;0.195;0.183;0.337;0.173;0.305;0.002;0.005;0.005;0.298;0.293;1.594;0.037;0.01;0.015
5336;0.2;0.178;0.322;0.173;0.315;0;0.002;0.005;0.293;0.293;1.58;0.034;0.01;0.024
5337;0.203;0.181;0.388;0.168;0.32;-0.002;0.002;0.005;0.293;0.291;1.577;0.037;0.007;0.017
5338;0.208;0.181;0.356;0.168;0.317;0.005;0.002;0.005;0.295;0.291;1.575;0.037;0.01;0.015
5339;0.205;0.178;0.361;0.161;0.315;0.002;0.002;0.005;0.288;0.288;1.562;0.034;0.01;0.022
5340;0.21;0.178;0.342;0.164;0.32;0.002;0.005;0.005;0.283;0.283;1.555;0.034;0.005;0.02
5341;0.21;0.178;0.366;0.164;0.317;0.002;0.005;0.005;0.286;0.283;1.55;0.039;0.012;0.017
5342;0.208;0.176;0.405;0.161;0.32;0.002;0.005;0.005;0.283;0.278;1.543;0.034;0.01;0.024
5343;0.212;0.176;0.352;0.164;0.32;0.005;0.005;0.005;0.281;0.278;1.536;0.039;0.007;0.017
5344;0.212;0.176;0.271;0.161;0.332;0.002;0.002;0.005;0.281;0.276;1.528;0.037;0.005;0.02
5345;0.212;0.176;0.254;0.164;0.332;0;0.005;0.005;0.273;0.271;1.519;0.034;0.01;0.022
5346;0.212;0.176;0.254;0.166;0.327;0.002;0.005;0.007;0.278;0.273;1.519;0.037;0.007;0.02
5347;0.208;0.178;0.259;0.168;0.325;-0.002;0.005;0.007;0.271;0.264;1.514;0.037;0.005;0.015
5348;0.205;0.181;0.266;0.171;0.327;0.002;0.005;0.007;0.269;0.269;1.509;0.037;0.01;0.02
5349;0.205;0.181;0.244;0.176;0.334;0.002;0.005;0.005;0.269;0.269;1.509;0.037;0.01;0.022
5350;0.205;0.183;0.239;0.176;0.342;0.002;0;0.005;0.266;0.266;1.506;0.037;0.007;0.02
5351;0.205;0.183;0.247;0.176;0.342;0.002;0.002;0.005;0.264;0.266;1.511;0.039;0.005;0.015
5352;0.212;0.183;0.254;0.178;0.344;0;0;0.005;0.264;0.266;1.514;0.037;0.01;0.022
5353;0.212;0.183;0.291;0.176;0.342;0.002;0;0.005;0.259;0.266;1.521;0.037;0.007;0.022
5354;0.212;0.188;0.342;0.176;0.339;0;0.002;0.005;0.261;0.266;1.528;0.037;0.01;0.022
5355;0.208;0.188;0.283;0.178;0.332;0.002;0;0.007;0.254;0.264;1.528;0.037;0.012;0.02
5356;0.21;0.19;0.251;0.173;0.327;0.002;0;0.005;0.259;0.266;1.523;0.037;0.007;0.02
5357;0.205;0.19;0.256;0.176;0.325;0;-0.002;0.002;0.256;0.269;1.519;0.039;0.007;0.022
5358;0.205;0.195;0.259;0.173;0.325;-0.005;0.002;0.005;0.251;0.264;1.504;0.037;0.01;0.022
5359;0.208;0.195;0.31;0.171;0.322;0;0;0.005;0.251;0.269;1.499;0.037;0.007;0.02
5360;0.205;0.195;0.278;0.171;0.317;-0.002;0.002;0.005;0.249;0.269;1.492;0.034;0.007;0.024
5361;0.21;0.198;0.276;0.171;0.315;-0.002;0.002;0.002;0.251;0.273;1.487;0.037;0.007;0.017
5362;0.21;0.195;0.244;0.168;0.317;0;0.002;0.007;0.254;0.278;1.479;0.039;0.005;0.015
5363;0.217;0.193;0.239;0.164;0.308;-0.002;0;0.002;0.249;0.271;1.46;0.032;0.007;0.027
5364;0.217;0.195;0.205;0.166;0.3;-0.002;-0.002;0.005;0.249;0.276;1.448;0.037;0.005;0.02
5365;0.22;0.193;0.222;0.164;0.305;-0.002;-0.005;0.005;0.251;0.278;1.44;0.039;0.007;0.022
5366;0.225;0.188;0.222;0.166;0.303;-0.007;-0.005;0.005;0.244;0.276;1.421;0.034;0.007;0.022
5367;0.229;0.188;0.254;0.166;0.3;-0.005;-0.007;0.007;0.244;0.276;1.431;0.032;0.005;0.02
5368;0.234;0.186;0.225;0.168;0.3;-0.005;-0.007;0.005;0.249;0.283;1.448;0.039;0.002;0.015
5369;0.232;0.183;0.239;0.171;0.303;-0.005;-0.012;0.005;0.247;0.283;1.45;0.037;0.007;0.02
5370;0.234;0.183;0.271;0.171;0.308;-0.005;-0.012;0.007;0.242;0.286;1.445;0.032;0.007;0.02
5371;0.232;0.183;0.286;0.176;0.308;-0.005;-0.012;0.007;0.247;0.288;1.445;0.034;0.01;0.02
5372;0.234;0.181;0.254;0.183;0.31;-0.007;-0.012;0.005;0.247;0.288;1.445;0.037;0.002;0.015
5373;0.234;0.186;0.259;0.186;0.312;-0.007;-0.007;0.007;0.247;0.293;1.44;0.034;0.005;0.022
5374;0.234;0.183;0.283;0.193;0.308;-0.005;-0.005;0.005;0.249;0.298;1.431;0.034;0.007;0.02
5375;0.237;0.183;0.283;0.198;0.308;-0.005;-0.005;0.007;0.249;0.303;1.418;0.037;0.01;0.02
5376;0.234;0.186;0.264;0.2;0.31;-0.005;-0.005;0.007;0.249;0.305;1.399;0.037;0.007;0.02
5377;0.229;0.183;0.234;0.2;0.303;-0.005;-0.005;0.005;0.249;0.308;1.389;0.034;0.007;0.015
5378;0.225;0.188;0.217;0.2;0.3;-0.002;-0.005;0.002;0.251;0.315;1.377;0.034;0.005;0.02
5379;0.222;0.188;0.227;0.2;0.3;-0.005;-0.005;0.005;0.251;0.32;1.362;0.034;0.01;0.022
5380;0.22;0.193;0.212;0.203;0.295;-0.002;-0.007;0.005;0.256;0.33;1.355;0.037;0.007;0.017
5381;0.222;0.19;0.227;0.2;0.295;-0.005;-0.007;0.005;0.256;0.334;1.34;0.037;0.005;0.022
5382;0.217;0.193;0.242;0.198;0.295;-0.005;-0.002;0.005;0.259;0.342;1.333;0.037;0.005;0.017
5383;0.222;0.195;0.234;0.198;0.295;-0.007;0;0.005;0.261;0.349;1.321;0.034;0.005;0.02
5384;0.222;0.198;0.239;0.193;0.298;-0.005;-0.002;0.005;0.266;0.354;1.318;0.037;0.005;0.017
5385;0.212;0.195;0.261;0.19;0.298;-0.005;-0.002;0.005;0.266;0.359;1.309;0.037;0.007;0.017
5386;0.212;0.198;0.249;0.188;0.298;-0.002;0;0.005;0.273;0.366;1.313;0.042;0.007;0.015
5387;0.208;0.198;0.261;0.188;0.295;-0.002;0;0.005;0.271;0.369;1.304;0.032;0.002;0.02
5388;0.21;0.198;0.269;0.186;0.3;-0.005;-0.002;0.005;0.278;0.378;1.309;0.039;0.005;0.022
5389;0.21;0.195;0.276;0.186;0.303;-0.005;0;0.002;0.281;0.386;1.313;0.039;0.007;0.015
5390;0.212;0.193;0.249;0.183;0.305;-0.005;0.002;0.002;0.281;0.393;1.318;0.037;0.007;0.017
5391;0.212;0.193;0.269;0.183;0.3;-0.005;0;0.005;0.281;0.393;1.326;0.034;0.005;0.022
5392;0.212;0.193;0.256;0.181;0.308;-0.01;0;0.005;0.283;0.4;1.34;0.039;0.01;0.015
5393;0.215;0.19;0.232;0.178;0.308;-0.012;-0.002;0.005;0.283;0.405;1.345;0.037;0.005;0.02
5394;0.215;0.19;0.232;0.173;0.3;-0.012;-0.002;0.007;0.281;0.408;1.357;0.037;0.007;0.017
5395;0.215;0.186;0.232;0.171;0.3;-0.012;-0.005;0.005;0.283;0.413;1.365;0.039;0.005;0.022
5396;0.217;0.186;0.208;0.171;0.305;-0.012;-0.002;0.005;0.281;0.417;1.365;0.037;0.007;0.022
5397;0.222;0.183;0.215;0.171;0.303;-0.012;-0.005;0.005;0.288;0.427;1.372;0.042;0.007;0.017
5398;0.222;0.183;0.21;0.171;0.308;-0.01;0;0.007;0.281;0.425;1.365;0.039;0.01;0.017
5399;0.222;0.183;0.203;0.173;0.31;-0.012;0;0.005;0.278;0.425;1.362;0.037;0.005;0.015
5400;0.22;0.181;0.2;0.176;0.31;-0.012;0.005;0.005;0.278;0.43;1.365;0.039;0.005;0.017
5401;0.217;0.183;0.19;0.176;0.308;-0.01;0.005;0.007;0.276;0.435;1.365;0.037;0.01;0.017
5402;0.215;0.181;0.183;0.183;0.303;-0.007;0.005;0.005;0.273;0.437;1.355;0.037;0.007;0.017
5403;0.212;0.181;0.186;0.178;0.3;-0.007;0.007;0.005;0.273;0.437;1.36;0.034;0.007;0.022
5404;0.21;0.181;0.195;0.173;0.305;-0.007;0.007;0.005;0.271;0.437;1.37;0.037;0.007;0.017
5405;0.212;0.183;0.193;0.176;0.308;-0.005;0.007;0.005;0.271;0.442;1.384;0.037;0.005;0.015
5406;0.21;0.181;0.19;0.176;0.305;-0.005;0.005;0.007;0.269;0.439;1.399;0.037;0.007;0.02
5407;0.208;0.181;0.176;0.176;0.303;-0.005;0.005;0.005;0.269;0.447;1.418;0.037;0.007;0.017
5408;0.203;0.183;0.176;0.176;0.31;-0.002;0.005;0.002;0.271;0.447;1.445;0.039;0.007;0.02
5409;0.198;0.183;0.186;0.176;0.317;-0.005;0.005;0.002;0.266;0.449;1.462;0.039;0.007;0.02
5410;0.2;0.183;0.19;0.178;0.327;-0.005;0.005;0.002;0.266;0.449;1.472;0.037;0.007;0.017
5411;0.2;0.181;0.198;0.176;0.33;-0.005;0.002;0.005;0.266;0.449;1.475;0.037;0.005;0.02
5412;0.205;0.181;0.186;0.178;0.322;-0.005;0.002;0.002;0.266;0.457;1.477;0.039;0.007;0.017
5413;0.208;0.181;0.188;0.176;0.315;-0.002;0.002;0.005;0.266;0.459;1.477;0.039;0.005;0.017
5414;0.21;0.181;0.19;0.178;0.315;0.002;0;0.005;0.266;0.464;1.479;0.039;0.007;0.02
5415;0.21;0.186;0.198;0.173;0.312;0.032;0.002;0.005;0.264;0.469;1.482;0.039;0.005;0.017
5416;0.215;0.183;0.203;0.171;0.31;0.112;-0.002;0.005;0.261;0.471;1.487;0.037;0.007;0.02
5417;0.215;0.183;0.198;0.168;0.312;0.166;0;0.002;0.264;0.479;1.494;0.042;0.007;0.015
5418;0.217;0.186;0.203;0.164;0.31;0.22;-0.002;0.002;0.261;0.483;1.497;0.039;0.007;0.022
5419;0.22;0.186;0.203;0.166;0.305;0.281;0;0.005;0.256;0.483;1.492;0.032;0.007;0.02
5420;0.225;0.19;0.195;0.161;0.298;0.283;0;0.005;0.266;0.496;1.501;0.042;0.007;0.012
5421;0.225;0.19;0.188;0.164;0.291;0.303;-0.002;0.002;0.259;0.496;1.501;0.034;0.007;0.022
5422;0.227;0.19;0.186;0.159;0.3;0.322;-0.002;0.007;0.261;0.503;1.519;0.039;0.007;0.015
5423;0.229;0.19;0.186;0.159;0.305;0.3;-0.005;0.005;0.261;0.508;1.533;0.039;0.007;0.017
5424;0.227;0.188;0.171;0.159;0.3;0.356;-0.002;0.005;0.259;0.505;1.538;0.037;0.007;0.02
5425;0.227;0.188;0.166;0.159;0.303;0.33;-0.005;0.005;0.259;0.51;1.548;0.037;0.007;0.02
5426;0.225;0.188;0.166;0.159;0.303;0.369;-0.005;0.005;0.259;0.518;1.553;0.037;0.007;0.017
5427;0.225;0.186;0.166;0.161;0.303;0.369;-0.005;0.002;0.261;0.52;1.55;0.037;0.007;0.015
5428;0.225;0.186;0.164;0.164;0.303;0.364;-0.005;0.002;0.261;0.527;1.545;0.042;0.007;0.02
5429;0.222;0.183;0.161;0.164;0.305;0.369;-0.005;0.005;0.261;0.532;1.533;0.039;0.007;0.017
5430;0.22;0.183;0.161;0.171;0.315;0.378;-0.002;0.005;0.264;0.532;1.523;0.039;0.007;0.017
5431;0.217;0.186;0.164;0.173;0.317;0.376;-0.002;0.005;0.261;0.54;1.514;0.039;0.005;0.017
5432;0.212;0.183;0.166;0.173;0.317;0.386;-0.002;0.007;0.261;0.54;1.501;0.039;0.007;0.017
5433;0.208;0.186;0.166;0.173;0.315;0.393;0;0.005;0.261;0.544;1.489;0.039;0.007;0.017
5434;0.205;0.186;0.164;0.178;0.32;0.4;0;0.005;0.261;0.544;1.482;0.039;0.01;0.017
5435;0.205;0.186;0.168;0.181;0.32;0.398;0;0.002;0.261;0.549;1.472;0.042;0.01;0.015
5436;0.205;0.19;0.166;0.181;0.315;0.383;-0.002;0.005;0.261;0.549;1.462;0.042;0.01;0.015
5437;0.21;0.19;0.166;0.183;0.325;0.403;0;0.007;0.259;0.549;1.445;0.039;0.007;0.017
5438;0.212;0.188;0.166;0.183;0.334;0.378;0;0.002;0.261;0.549;1.436;0.042;0.01;0.02
5439;0.208;0.188;0.161;0.186;0.342;0.386;-0.002;0.007;0.256;0.552;1.418;0.039;0.007;0.02
5440;0.208;0.19;0.164;0.186;0.347;0.386;-0.002;0.007;0.259;0.554;1.406;0.042;0.002;0.015
5441;0.21;0.19;0.156;0.188;0.339;0.383;-0.002;0.005;0.259;0.554;1.389;0.042;0.007;0.015
5442;0.208;0.188;0.156;0.193;0.337;0.369;-0.002;0.005;0.256;0.557;1.379;0.039;0.01;0.024
5443;0.208;0.186;0.151;0.19;0.334;0.359;0;0.005;0.256;0.559;1.37;0.042;0.007;0.017
5444;0.208;0.188;0.144;0.195;0.332;0.361;-0.002;0.002;0.256;0.562;1.353;0.039;0.007;0.017
5445;0.21;0.186;0.144;0.205;0.339;0.344;0.002;0.005;0.256;0.564;1.34;0.042;0.007;0.02
5446;0.212;0.188;0.144;0.205;0.352;0.359;0.005;0.005;0.256;0.566;1.328;0.042;0.007;0.012
5447;0.21;0.188;0.137;0.205;0.347;0.342;0.005;0.005;0.254;0.569;1.304;0.039;0.007;0.02
5448;0.21;0.19;0.137;0.208;0.334;0.349;0;0.005;0.254;0.574;1.296;0.042;0.01;0.015
5449;0.208;0.19;0.132;0.2;0.337;0.352;0;0.002;0.256;0.576;1.279;0.042;0.007;0.017
5450;0.208;0.195;0.134;0.205;0.349;0.339;0;0.002;0.256;0.583;1.265;0.042;0.007;0.017
5451;0.208;0.2;0.127;0.203;0.347;0.356;0;0.005;0.256;0.581;1.25;0.042;0.01;0.015
5452;0.208;0.203;0.134;0.2;0.332;0.349;0;0.005;0.256;0.586;1.235;0.044;0.005;0.017
5453;0.21;0.203;0.129;0.195;0.33;0.349;0;0.005;0.251;0.583;1.211;0.034;0.007;0.02
5454;0.21;0.208;0.134;0.193;0.339;0.354;0;0.002;0.259;0.593;1.201;0.042;0.005;0.015
5455;0.208;0.205;0.132;0.188;0.337;0.339;0;0.005;0.259;0.591;1.184;0.039;0.007;0.012
5456;0.205;0.205;0.134;0.183;0.322;0.347;0;0.007;0.259;0.598;1.167;0.039;0.007;0.017
5457;0.2;0.205;0.137;0.181;0.327;0.354;0.002;0.005;0.261;0.601;1.152;0.039;0.005;0.015
5458;0.198;0.205;0.142;0.178;0.332;0.339;0.002;0.002;0.264;0.605;1.143;0.037;0.007;0.02
5459;0.195;0.203;0.144;0.176;0.334;0.361;0.005;0.002;0.264;0.608;1.13;0.039;0.012;0.022
5460;0.195;0.203;0.151;0.178;0.325;0.347;0.005;0.002;0.266;0.613;1.113;0.039;0.007;0.02
5461;0.195;0.205;0.149;0.176;0.325;0.359;0.005;0.005;0.266;0.613;1.101;0.037;0.007;0.017
5462;0.198;0.203;0.154;0.173;0.332;0.364;0.007;0.002;0.271;0.618;1.091;0.034;0.01;0.02
5463;0.198;0.203;0.159;0.173;0.325;0.366;0.002;0.005;0.276;0.625;1.089;0.039;0.005;0.015
5464;0.203;0.203;0.151;0.176;0.32;0.374;0.005;0.005;0.273;0.62;1.074;0.032;0.007;0.017
5465;0.203;0.2;0.159;0.176;0.325;0.398;0.002;0.002;0.276;0.623;1.072;0.032;0.01;0.015
5466;0.21;0.2;0.164;0.176;0.337;0.393;0.002;0.005;0.278;0.627;1.067;0.034;0.007;0.02
5467;0.212;0.2;0.156;0.173;0.339;0.41;0.002;0.005;0.278;0.627;1.057;0.042;0.007;0.012
5468;0.217;0.198;0.159;0.173;0.337;0.405;0.002;0.005;0.278;0.627;1.045;0.054;0.007;0.015
5469;0.217;0.195;0.159;0.173;0.342;0.413;0.002;0.007;0.278;0.63;1.028;0.081;0.002;0.015
5470;0.22;0.198;0.164;0.173;0.339;0.417;0;0.005;0.281;0.63;1.018;0.127;0.002;0.012
5471;0.217;0.193;0.161;0.168;0.342;0.42;0.002;0.005;0.281;0.637;1.006;0.203;0.002;0.015
5472;0.215;0.195;0.159;0.171;0.337;0.439;0.002;0.007;0.281;0.635;0.991;0.286;0.002;0.015
5473;0.212;0.193;0.156;0.166;0.349;0.457;0.002;0.005;0.278;0.635;0.981;0.396;0.005;0.012
5474;0.205;0.193;0.159;0.171;0.344;0.464;0;0.007;0.283;0.637;0.967;0.53;0.005;0.012
5475;0.203;0.19;0.159;0.168;0.337;0.491;-0.002;0.005;0.281;0.637;0.957;0.693;0.007;0.015
5476;0.203;0.19;0.156;0.168;0.342;0.483;-0.005;0.002;0.283;0.637;0.947;0.857;0.005;0.015
5477;0.198;0.19;0.154;0.166;0.342;0.476;-0.002;0.005;0.286;0.637;0.942;1.013;0.007;0.012
5478;0.198;0.188;0.159;0.168;0.334;0.469;0;0.002;0.288;0.635;0.938;1.162;0.007;0.017
5479;0.193;0.188;0.154;0.166;0.327;0.457;0;0.005;0.288;0.63;0.935;1.316;0.007;0.015
5480;0.19;0.186;0.156;0.164;0.325;0.457;0;0.005;0.291;0.63;0.933;1.492;0.007;0.012
5481;0.193;0.186;0.159;0.161;0.322;0.452;0;0.002;0.293;0.627;0.933;1.694;0.01;0.012
5482;0.188;0.186;0.159;0.161;0.32;0.449;0.002;0.005;0.295;0.627;0.933;1.912;0.015;0.015
5483;0.188;0.183;0.159;0.161;0.315;0.442;0.002;0.002;0.298;0.625;0.94;2.151;0.017;0.02
5484;0.19;0.186;0.161;0.168;0.312;0.442;0;0.002;0.3;0.623;0.947;2.441;0.012;0.012
5485;0.188;0.186;0.159;0.168;0.315;0.427;0.002;0.002;0.303;0.62;0.95;2.764;0.012;0.017
5486;0.188;0.186;0.166;0.176;0.312;0.435;0;0.002;0.305;0.62;0.95;3.044;0.015;0.017
5487;0.188;0.186;0.156;0.178;0.315;0.435;-0.002;0.002;0.305;0.618;0.95;3.264;0.017;0.012
5488;0.193;0.186;0.161;0.183;0.322;0.437;-0.002;0.002;0.308;0.613;0.945;3.479;0.017;0.017
5489;0.19;0.186;0.154;0.183;0.332;0.437;-0.007;0.002;0.31;0.613;0.942;3.711;0.022;0.015
5490;0.19;0.186;0.161;0.188;0.327;0.439;-0.005;0.005;0.308;0.605;0.933;3.945;0.02;0.02
5491;0.193;0.186;0.164;0.19;0.322;0.447;-0.015;0.005;0.308;0.608;0.923;4.182;0.02;0.015
5492;0.193;0.181;0.161;0.193;0.317;0.449;-0.015;0.005;0.31;0.608;0.916;4.424;0.02;0.015
5493;0.19;0.181;0.164;0.188;0.317;0.459;-0.02;0.005;0.31;0.605;0.906;4.67;0.022;0.017
5494;0.188;0.178;0.159;0.193;0.317;0.471;-0.017;0.007;0.31;0.603;0.898;4.907;0.022;0.015
5495;0.186;0.178;0.161;0.19;0.322;0.476;-0.012;0.007;0.308;0.601;0.886;4.998;0.022;0.015
5496;0.183;0.178;0.164;0.19;0.322;0.471;-0.015;0.007;0.312;0.601;0.876;4.998;0.022;0.015
5497;0.186;0.176;0.164;0.193;0.325;0.474;-0.012;0.007;0.308;0.601;0.864;4.998;0.022;0.017
5498;0.186;0.178;0.164;0.19;0.33;0.439;-0.012;0.007;0.308;0.601;0.852;4.998;0.024;0.015
5499;0.186;0.178;0.173;0.193;0.325;0.437;-0.012;0.007;0.308;0.598;0.837;4.998;0.024;0.02
5500;0.186;0.178;0.171;0.193;0.327;0.415;-0.012;0.005;0.305;0.598;0.823;4.998;0.024;0.015
5501;0.181;0.181;0.173;0.19;0.334;0.398;-0.012;0.007;0.308;0.598;0.813;4.998;0.024;0.02
5502;0.183;0.181;0.173;0.188;0.332;0.4;-0.012;0.005;0.305;0.598;0.801;4.998;0.024;0.015
5503;0.176;0.183;0.173;0.186;0.33;0.376;-0.01;0.005;0.308;0.598;0.791;4.998;0.022;0.015
5504;0.173;0.186;0.176;0.181;0.334;0.369;-0.012;0.002;0.305;0.598;0.781;4.998;0.027;0.017
5505;0.171;0.186;0.178;0.183;0.334;0.361;-0.01;0.005;0.305;0.601;0.771;4.998;0.024;0.015
5506;0.171;0.186;0.173;0.176;0.33;0.361;-0.007;0.002;0.303;0.601;0.762;4.998;0.024;0.02
5507;0.166;0.188;0.173;0.173;0.339;0.342;-0.007;0.002;0.303;0.601;0.754;4.998;0.024;0.02
5508;0.168;0.188;0.173;0.171;0.339;0.352;-0.005;0.005;0.308;0.601;0.754;4.998;0.024;0.012
5509;0.166;0.188;0.171;0.166;0.342;0.342;0;0.005;0.305;0.601;0.75;4.998;0.022;0.02
5510;0.166;0.188;0.166;0.164;0.337;0.339;-0.005;0.005;0.308;0.605;0.75;4.998;0.02;0.012
5511;0.166;0.188;0.164;0.164;0.332;0.339;-0.002;0.002;0.303;0.605;0.745;4.998;0.022;0.017
5512;0.166;0.188;0.164;0.161;0.334;0.334;0;0.002;0.308;0.605;0.742;4.998;0.024;0.012
5513;0.166;0.186;0.161;0.164;0.332;0.344;0.002;0.005;0.305;0.603;0.73;4.998;0.02;0.022
5514;0.168;0.186;0.159;0.161;0.32;0.344;0.002;0.007;0.31;0.605;0.725;4.998;0.017;0.017
5515;0.166;0.186;0.154;0.159;0.32;0.347;0.005;0.005;0.31;0.608;0.715;4.998;0.02;0.012
5516;0.168;0.188;0.149;0.156;0.33;0.361;0.005;0.005;0.305;0.608;0.703;4.998;0.015;0.015
5517;0.168;0.183;0.151;0.154;0.33;0.344;0.005;0.005;0.308;0.605;0.693;4.998;0.015;0.015
5518;0.171;0.183;0.146;0.154;0.33;0.347;0.002;0.005;0.308;0.608;0.681;4.998;0.01;0.015
5519;0.168;0.183;0.144;0.151;0.33;0.354;0.002;0.005;0.308;0.605;0.671;4.998;0.01;0.017
5520;0.166;0.183;0.139;0.149;0.33;0.33;-0.002;0.005;0.305;0.601;0.659;4.998;0.005;0.01
5521;0.171;0.181;0.134;0.151;0.325;0.337;0;0.005;0.308;0.601;0.647;4.998;0.005;0.012
5522;0.171;0.181;0.137;0.149;0.332;0.327;0.002;0.005;0.308;0.598;0.635;4.998;0.007;0.015
5523;0.168;0.181;0.129;0.149;0.334;0.33;0.002;0.005;0.305;0.596;0.62;4.998;0.005;0.015
5524;0.171;0.178;0.132;0.149;0.332;0.33;0.005;0.007;0.308;0.591;0.613;4.998;0.002;0.007
5525;0.171;0.178;0.129;0.149;0.334;0.332;0.002;0.005;0.305;0.588;0.601;4.998;0;0.01
5526;0.168;0.178;0.127;0.149;0.33;0.334;0.007;0.007;0.305;0.583;0.588;4.998;0;0.01
5527;0.168;0.181;0.132;0.149;0.332;0.334;0.007;0.007;0.303;0.581;0.581;4.998;0;0.01
5528;0.171;0.183;0.137;0.154;0.334;0.334;0.007;0.007;0.308;0.576;0.571;4.998;-0.002;0.007
5529;0.173;0.186;0.137;0.151;0.325;0.342;0.007;0.007;0.305;0.571;0.562;4.998;0.002;0.012
5530;0.176;0.19;0.139;0.154;0.327;0.344;0.007;0.005;0.308;0.571;0.559;4.998;0.002;0.01
5531;0.178;0.193;0.146;0.151;0.332;0.349;0.007;0.005;0.308;0.569;0.549;4.998;0.005;0.012
5532;0.176;0.198;0.146;0.151;0.322;0.356;0.007;0.007;0.305;0.566;0.544;4.998;0.005;0.012
5533;0.171;0.198;0.149;0.154;0.315;0.352;0.007;0.007;0.308;0.566;0.542;4.998;0.007;0.012
5534;0.171;0.2;0.154;0.156;0.317;0.354;0.005;0.002;0.305;0.566;0.535;4.998;0.01;0.012
5535;0.171;0.2;0.156;0.154;0.322;0.361;0.005;0.005;0.305;0.569;0.53;4.998;0.007;0.012
5536;0.164;0.2;0.161;0.156;0.315;0.366;0.002;0.005;0.305;0.574;0.522;4.998;0.005;0.012
5537;0.159;0.2;0.161;0.156;0.315;0.361;0.002;0.005;0.308;0.576;0.522;4.998;0.007;0.015
5538;0.161;0.203;0.161;0.159;0.32;0.366;0.002;0.005;0.308;0.581;0.518;4.998;0.012;0.012
5539;0.161;0.203;0.171;0.156;0.322;0.364;0.007;0.005;0.305;0.579;0.51;4.998;0.015;0.015
5540;0.164;0.203;0.171;0.161;0.315;0.361;0.005;0.005;0.308;0.586;0.508;4.998;0.015;0.015
5541;0.159;0.203;0.173;0.159;0.312;0.364;0.007;0.005;0.305;0.593;0.503;4.998;0.015;0.015
5542;0.161;0.203;0.178;0.156;0.315;0.366;0.007;0.005;0.305;0.601;0.5;4.998;0.012;0.012
5543;0.161;0.203;0.178;0.156;0.317;0.369;0.007;0.005;0.308;0.608;0.493;4.998;0.015;0.012
5544;0.156;0.205;0.173;0.156;0.312;0.376;0.005;0.005;0.308;0.618;0.491;4.998;0.02;0.015
5545;0.156;0.205;0.176;0.156;0.32;0.381;0.005;0.005;0.308;0.627;0.483;4.998;0.02;0.015
5546;0.156;0.205;0.178;0.159;0.33;0.383;0.005;0.005;0.31;0.637;0.479;4.998;0.02;0.017
5547;0.154;0.205;0.181;0.156;0.327;0.388;0.005;0.005;0.308;0.647;0.471;4.998;0.02;0.015
5548;0.151;0.2;0.178;0.161;0.32;0.383;0.005;0.005;0.308;0.654;0.466;4.998;0.02;0.017
5549;0.151;0.2;0.173;0.156;0.32;0.378;0.002;0.005;0.308;0.664;0.466;4.998;0.022;0.017
5550;0.151;0.195;0.173;0.161;0.322;0.381;0.007;0.005;0.305;0.674;0.461;4.998;0.02;0.015
5551;0.151;0.19;0.168;0.161;0.327;0.383;0.005;0.007;0.308;0.681;0.457;4.998;0.02;0.015
5552;0.149;0.186;0.168;0.164;0.33;0.381;0.005;0.002;0.31;0.691;0.454;4.998;0.02;0.015
5553;0.149;0.183;0.171;0.171;0.325;0.383;0.005;0.002;0.308;0.698;0.447;4.998;0.02;0.015
5554;0.149;0.176;0.176;0.171;0.325;0.383;0.002;0.002;0.31;0.706;0.449;4.998;0.02;0.017
5555;0.149;0.173;0.173;0.173;0.325;0.378;0.002;0.005;0.31;0.71;0.452;4.998;0.017;0.015
5556;0.151;0.171;0.176;0.173;0.322;0.378;0.002;0.002;0.31;0.713;0.452;4.998;0.017;0.017
5557;0.154;0.171;0.173;0.173;0.325;0.376;0;0.002;0.308;0.715;0.457;4.998;0.017;0.017
5558;0.154;0.168;0.168;0.176;0.337;0.376;0.002;0.002;0.31;0.713;0.461;4.998;0.017;0.015
5559;0.156;0.171;0.173;0.173;0.342;0.376;0;0.005;0.308;0.71;0.461;4.998;0.02;0.017
5560;0.154;0.171;0.171;0.173;0.332;0.376;0;0.005;0.305;0.713;0.466;4.998;0.015;0.015
5561;0.151;0.166;0.176;0.173;0.33;0.378;-0.002;0.007;0.305;0.71;0.466;4.998;0.015;0.015
5562;0.149;0.166;0.176;0.173;0.334;0.381;-0.002;0.005;0.305;0.708;0.466;4.998;0.015;0.015
5563;0.154;0.164;0.176;0.171;0.339;0.376;-0.007;0.005;0.3;0.706;0.464;4.998;0.012;0.015
5564;0.151;0.164;0.176;0.173;0.337;0.386;-0.007;0.005;0.293;0.698;0.459;4.998;0.015;0.02
5565;0.149;0.164;0.178;0.168;0.33;0.383;-0.002;0.005;0.298;0.701;0.464;4.998;0.015;0.017
5566;0.151;0.161;0.181;0.168;0.342;0.391;0;0.005;0.298;0.696;0.461;4.998;0.015;0.02
5567;0.151;0.159;0.178;0.168;0.342;0.396;0.005;0.007;0.291;0.691;0.457;4.998;0.01;0.017
5568;0.154;0.156;0.173;0.166;0.332;0.396;0.005;0.007;0.291;0.691;0.452;4.998;0.012;0.02
5569;0.149;0.161;0.176;0.164;0.327;0.393;0.01;0.01;0.293;0.686;0.452;4.998;0.012;0.012
5570;0.146;0.159;0.171;0.164;0.33;0.396;0.01;0.012;0.288;0.684;0.442;4.998;0.01;0.017
5571;0.146;0.159;0.173;0.164;0.327;0.396;0.01;0.005;0.291;0.679;0.439;4.998;0.01;0.017
5572;0.146;0.156;0.176;0.161;0.327;0.403;0.01;0.005;0.288;0.674;0.437;4.998;0.01;0.02
5573;0.144;0.156;0.176;0.159;0.327;0.4;0.007;0.005;0.283;0.671;0.432;4.998;0.01;0.02
5574;0.139;0.159;0.178;0.161;0.33;0.4;0.005;0.007;0.281;0.669;0.432;4.998;0.007;0.015
5575;0.139;0.156;0.181;0.159;0.33;0.396;0.005;0.007;0.281;0.667;0.432;4.998;0.01;0.017
5576;0.137;0.156;0.186;0.161;0.327;0.391;0.002;0.005;0.281;0.664;0.43;4.998;0.01;0.017
5577;0.132;0.154;0.195;0.159;0.33;0.388;0.002;0.005;0.281;0.662;0.43;4.998;0.007;0.017
5578;0.127;0.151;0.264;0.159;0.334;0.386;0.005;0.005;0.278;0.659;0.427;4.998;0.005;0.015
5579;0.122;0.154;0.308;0.159;0.342;0.381;0.007;0.005;0.278;0.659;0.43;4.998;0.005;0.017
5580;0.12;0.151;0.352;0.159;0.347;0.381;0.002;0.002;0.276;0.659;0.43;4.998;0.005;0.02
5581;0.117;0.146;0.381;0.154;0.347;0.378;0.007;0.002;0.276;0.659;0.43;4.998;0.007;0.02
5582;0.12;0.146;0.364;0.154;0.347;0.376;0.007;0.005;0.273;0.659;0.432;4.998;0.002;0.017
5583;0.117;0.146;0.43;0.154;0.349;0.378;0.01;0.005;0.271;0.659;0.435;4.998;0.005;0.02
5584;0.12;0.146;0.327;0.151;0.349;0.374;0.01;0.005;0.271;0.657;0.435;4.998;-0.002;0.017
5585;0.12;0.149;0.295;0.154;0.349;0.376;0.012;0.005;0.269;0.659;0.435;4.998;0;0.017
5586;0.115;0.149;0.315;0.151;0.349;0.376;0.01;0.005;0.266;0.652;0.432;4.998;0;0.017
5587;0.112;0.149;0.356;0.151;0.347;0.381;0.01;0.005;0.266;0.654;0.435;4.998;-0.002;0.015
5588;0.115;0.149;0.312;0.151;0.349;0.381;0.005;0.002;0.266;0.652;0.435;4.998;-0.005;0.015
5589;0.115;0.149;0.386;0.149;0.352;0.378;0.007;0.005;0.266;0.654;0.437;4.998;0;0.015
5590;0.117;0.154;0.347;0.154;0.354;0.374;0.005;0.005;0.269;0.652;0.437;4.998;-0.005;0.012
5591;0.12;0.151;0.354;0.159;0.352;0.371;0.005;0.005;0.269;0.652;0.439;4.998;-0.002;0.017
5592;0.12;0.151;0.327;0.164;0.354;0.364;0.007;0.007;0.269;0.657;0.444;4.998;-0.005;0.012
5593;0.117;0.151;0.298;0.166;0.352;0.364;0.01;0.01;0.269;0.657;0.447;4.998;0;0.015
5594;0.117;0.149;0.308;0.168;0.354;0.369;0.01;0.007;0.269;0.657;0.447;4.998;0.002;0.015
5595;0.117;0.149;0.332;0.173;0.349;0.371;0.01;0.01;0.271;0.659;0.452;4.998;-0.002;0.015
5596;0.117;0.151;0.291;0.171;0.349;0.374;0.01;0.01;0.273;0.662;0.457;4.998;0.005;0.017
5597;0.12;0.151;0.381;0.173;0.359;0.369;0.01;0.007;0.273;0.664;0.457;4.998;0;0.015
5598;0.117;0.154;0.378;0.171;0.369;0.369;0.01;0.007;0.273;0.669;0.464;4.998;0.002;0.017
5599;0.117;0.154;0.398;0.171;0.374;0.371;0.007;0.005;0.276;0.674;0.474;4.998;-0.002;0.012
5600;0.117;0.156;0.432;0.173;0.371;0.374;0.01;0.005;0.278;0.674;0.476;4.998;0;0.017
5601;0.117;0.156;0.415;0.168;0.381;0.376;0.005;0.005;0.276;0.676;0.483;4.998;-0.002;0.012
5602;0.117;0.156;0.383;0.161;0.386;0.381;0.002;0.005;0.278;0.679;0.491;4.998;0.002;0.012
5603;0.115;0.159;0.405;0.159;0.388;0.386;0.002;0.007;0.278;0.679;0.5;4.998;0.005;0.015
5604;0.115;0.161;0.466;0.159;0.383;0.388;-0.002;0.007;0.278;0.681;0.505;4.998;0.002;0.015
5605;0.112;0.161;0.461;0.159;0.383;0.393;-0.002;0.005;0.278;0.679;0.513;4.998;0.002;0.015
5606;0.117;0.154;0.486;0.156;0.386;0.391;-0.005;0.002;0.278;0.676;0.515;4.998;0;0.015
5607;0.117;0.154;0.454;0.159;0.388;0.391;-0.007;0.005;0.278;0.674;0.52;4.998;0.005;0.015
5608;0.115;0.154;0.464;0.159;0.386;0.391;-0.01;0.005;0.281;0.671;0.532;4.998;0.002;0.017
5609;0.117;0.154;0.464;0.159;0.391;0.388;-0.007;0.005;0.283;0.669;0.544;4.998;0.005;0.015
5610;0.115;0.154;0.366;0.164;0.391;0.391;-0.01;0.005;0.281;0.662;0.544;4.998;0;0.015
5611;0.115;0.154;0.432;0.164;0.383;0.386;-0.01;0.002;0.286;0.657;0.544;4.998;0;0.012
5612;0.117;0.156;0.437;0.164;0.391;0.388;-0.012;0.005;0.283;0.649;0.549;4.998;0.005;0.017
5613;0.12;0.159;0.547;0.161;0.391;0.388;-0.012;0.005;0.288;0.642;0.557;4.998;0.005;0.012
5614;0.12;0.159;0.466;0.166;0.388;0.383;-0.01;0.005;0.286;0.637;0.564;4.998;0;0.015
5615;0.117;0.161;0.574;0.164;0.398;0.383;-0.01;0.005;0.293;0.63;0.576;4.998;-0.002;0.012
5616;0.115;0.164;0.554;0.166;0.415;0.386;-0.01;0.007;0.288;0.62;0.61;4.998;0.002;0.015
5617;0.115;0.166;0.547;0.164;0.417;0.383;-0.01;0.005;0.288;0.618;0.632;4.998;0.005;0.015
5618;0.115;0.166;0.527;0.168;0.415;0.383;-0.007;0.005;0.293;0.61;0.645;4.998;0.002;0.012
5619;0.115;0.168;0.469;0.171;0.422;0.381;-0.01;0.007;0.293;0.605;0.652;4.998;0.002;0.012
5620;0.112;0.168;0.439;0.171;0.427;0.376;-0.01;0.005;0.295;0.598;0.654;4.998;0.002;0.017
5621;0.117;0.171;0.427;0.171;0.422;0.376;-0.01;0.007;0.295;0.591;0.654;4.998;0.002;0.015
5622;0.115;0.168;0.413;0.173;0.417;0.376;-0.01;0.007;0.295;0.586;0.667;4.998;0.005;0.017
5623;0.115;0.166;0.356;0.173;0.417;0.381;-0.01;0.005;0.298;0.579;0.669;4.998;0.002;0.017
5624;0.112;0.164;0.339;0.173;0.427;0.383;-0.01;0.005;0.3;0.574;0.674;4.998;0.005;0.017
5625;0.112;0.166;0.334;0.173;0.422;0.378;-0.01;0.007;0.3;0.571;0.676;4.998;0.007;0.017
5626;0.11;0.166;0.325;0.168;0.415;0.383;-0.007;0.007;0.303;0.566;0.674;4.998;0.007;0.017
5627;0.107;0.166;0.32;0.166;0.413;0.383;-0.007;0.01;0.305;0.559;0.674;4.998;0.005;0.015
5628;0.11;0.166;0.317;0.164;0.415;0.383;-0.007;0.007;0.308;0.557;0.669;4.998;0.005;0.017
5629;0.107;0.168;0.317;0.166;0.405;0.391;-0.01;0.007;0.31;0.557;0.667;4.998;0.007;0.017
5630;0.105;0.166;0.312;0.166;0.4;0.391;-0.01;0.007;0.308;0.559;0.662;4.998;0.007;0.017
5631;0.105;0.166;0.315;0.168;0.41;0.393;-0.01;0.007;0.315;0.557;0.654;4.998;0.002;0.015
5632;0.103;0.168;0.317;0.166;0.415;0.391;-0.01;0.007;0.317;0.562;0.647;4.998;0.007;0.017
5633;0.098;0.164;0.32;0.166;0.405;0.386;-0.01;0.01;0.322;0.569;0.642;4.998;0.005;0.017
5634;0.098;0.161;0.322;0.171;0.408;0.388;-0.01;0.007;0.325;0.571;0.632;4.998;0;0.012
5635;0.1;0.156;0.32;0.168;0.403;0.388;-0.007;0.007;0.327;0.579;0.627;4.998;0.002;0.015
5636;0.103;0.154;0.32;0.173;0.4;0.388;-0.002;0.005;0.325;0.583;0.615;4.998;0.005;0.017
5637;0.1;0.151;0.361;0.176;0.393;0.391;-0.002;0.005;0.332;0.593;0.605;4.998;0.007;0.015
5638;0.095;0.146;0.349;0.173;0.388;0.391;-0.002;0.005;0.332;0.598;0.596;4.998;0.002;0.012
5639;0.098;0.144;0.378;0.171;0.393;0.398;-0.002;0.005;0.337;0.605;0.588;4.998;0.005;0.017
5640;0.1;0.144;0.356;0.173;0.393;0.396;-0.002;0.007;0.337;0.605;0.579;4.998;0.005;0.017
5641;0.095;0.139;0.381;0.173;0.391;0.4;0;0.007;0.339;0.608;0.569;4.998;0.002;0.012
5642;0.095;0.137;0.457;0.171;0.393;0.4;0;0.005;0.339;0.608;0.559;4.998;0.007;0.017
5643;0.095;0.139;0.466;0.168;0.398;0.398;0.002;0.007;0.339;0.613;0.549;4.998;0.002;0.015
5644;0.093;0.139;0.386;0.168;0.396;0.398;0.002;0.007;0.349;0.615;0.549;4.998;0.005;0.012
5645;0.09;0.134;0.344;0.161;0.393;0.391;-0.002;0.007;0.347;0.613;0.54;4.998;0.002;0.015
5646;0.095;0.132;0.291;0.166;0.398;0.393;-0.002;0.005;0.349;0.613;0.535;4.998;0.002;0.015
5647;0.095;0.132;0.354;0.166;0.4;0.388;-0.005;0.007;0.349;0.613;0.527;4.998;0.005;0.015
5648;0.095;0.129;0.31;0.171;0.403;0.388;-0.005;0.007;0.349;0.61;0.52;4.998;0.005;0.017
5649;0.1;0.132;0.251;0.173;0.398;0.386;-0.01;0.005;0.354;0.61;0.515;4.998;0.005;0.015
5650;0.098;0.132;0.242;0.176;0.4;0.388;-0.007;0.005;0.354;0.613;0.51;4.998;0.005;0.015
5651;0.105;0.129;0.21;0.181;0.396;0.391;-0.01;0.005;0.356;0.613;0.505;4.998;0.005;0.012
5652;0.107;0.132;0.217;0.183;0.396;0.393;-0.01;0.005;0.359;0.613;0.498;4.998;0.005;0.012
5653;0.107;0.132;0.203;0.19;0.391;0.393;-0.007;0.005;0.359;0.615;0.491;4.998;0.01;0.017
5654;0.107;0.137;0.188;0.193;0.388;0.396;-0.002;0.002;0.361;0.618;0.486;4.998;0.005;0.012
5655;0.11;0.139;0.19;0.195;0.386;0.396;-0.002;0.005;0.361;0.623;0.476;4.998;0.007;0.015
5656;0.107;0.144;0.183;0.198;0.381;0.403;-0.002;0.005;0.361;0.623;0.474;4.998;0.007;0.017
5657;0.11;0.146;0.186;0.198;0.381;0.398;0.002;0.007;0.359;0.627;0.466;4.998;0.007;0.02
5658;0.11;0.149;0.188;0.2;0.381;0.4;0;0.007;0.359;0.632;0.459;4.998;0.01;0.015
5659;0.112;0.151;0.193;0.203;0.381;0.403;0.005;0.007;0.359;0.637;0.452;4.998;0.01;0.017
5660;0.115;0.156;0.198;0.203;0.381;0.403;0.002;0.007;0.361;0.642;0.447;4.998;0.007;0.012
5661;0.115;0.159;0.198;0.203;0.378;0.408;0.005;0.01;0.356;0.642;0.437;4.998;0.005;0.017
5662;0.115;0.161;0.198;0.205;0.378;0.413;0.002;0.01;0.359;0.647;0.435;4.998;0.007;0.015
5663;0.12;0.161;0.205;0.208;0.376;0.417;0.005;0.01;0.359;0.649;0.43;4.998;0.007;0.015
5664;0.117;0.156;0.205;0.21;0.374;0.417;0.002;0.007;0.359;0.652;0.425;4.998;0.007;0.02
5665;0.117;0.159;0.203;0.212;0.376;0.413;0.002;0.007;0.359;0.645;0.417;4.998;0.01;0.017
5666;0.117;0.159;0.2;0.215;0.378;0.413;0;0.007;0.361;0.649;0.413;4.998;0.01;0.017
5667;0.12;0.156;0.198;0.217;0.376;0.408;0.002;0.007;0.364;0.645;0.405;4.998;0.01;0.017
5668;0.12;0.154;0.203;0.217;0.378;0.408;0;0.007;0.364;0.64;0.4;4.998;0.007;0.015
5669;0.122;0.151;0.215;0.215;0.378;0.41;0;0.007;0.364;0.632;0.396;4.998;0.012;0.022
5670;0.117;0.149;0.229;0.212;0.383;0.42;0.002;0.007;0.369;0.627;0.391;4.998;0.01;0.017
5671;0.122;0.149;0.234;0.215;0.383;0.422;0;0.005;0.371;0.623;0.383;4.998;0.01;0.017
5672;0.117;0.146;0.239;0.21;0.383;0.422;0;0.007;0.374;0.618;0.381;4.998;0.012;0.017
5673;0.117;0.144;0.247;0.21;0.383;0.422;-0.002;0.007;0.376;0.615;0.374;4.998;0.007;0.017
5674;0.117;0.144;0.237;0.205;0.383;0.425;-0.002;0.002;0.376;0.61;0.371;4.998;0.012;0.015
5675;0.115;0.144;0.227;0.203;0.386;0.422;0;0.002;0.381;0.605;0.369;4.998;0.007;0.015
5676;0.11;0.144;0.208;0.2;0.388;0.42;0;0.002;0.383;0.603;0.364;4.998;0.007;0.02
5677;0.107;0.146;0.2;0.198;0.393;0.42;0.002;0.005;0.386;0.598;0.361;4.998;0.007;0.02
5678;0.11;0.151;0.198;0.193;0.396;0.415;0.007;0.005;0.388;0.601;0.359;4.998;0.005;0.012
5679;0.107;0.149;0.188;0.193;0.386;0.413;0.005;0.005;0.388;0.598;0.354;4.998;0.01;0.017
5680;0.11;0.151;0.186;0.19;0.386;0.413;0.007;0.005;0.391;0.598;0.354;4.998;0.007;0.017
5681;0.105;0.151;0.181;0.188;0.396;0.41;0.007;0.005;0.391;0.593;0.347;4.998;0.007;0.017
5682;0.107;0.154;0.181;0.188;0.393;0.403;0.01;0.005;0.391;0.593;0.347;4.998;0.007;0.02
5683;0.107;0.159;0.181;0.19;0.388;0.405;0.007;0.005;0.388;0.591;0.347;4.998;0.007;0.02
5684;0.105;0.159;0.178;0.19;0.381;0.405;0.007;0.007;0.391;0.588;0.344;4.998;0.01;0.02
5685;0.107;0.159;0.173;0.19;0.374;0.405;0.002;0.007;0.393;0.588;0.344;4.998;0.007;0.02
5686;0.107;0.161;0.178;0.193;0.364;0.408;0.002;0.007;0.388;0.579;0.342;4.998;0.007;0.02
5687;0.11;0.159;0.178;0.195;0.361;0.4;0.002;0.005;0.393;0.579;0.347;4.998;0.007;0.017
5688;0.11;0.164;0.176;0.198;0.356;0.403;0;0.005;0.391;0.571;0.344;4.998;0.005;0.015
5689;0.11;0.161;0.173;0.195;0.356;0.4;0.002;0.007;0.391;0.569;0.347;4.998;0.007;0.02
5690;0.11;0.164;0.178;0.198;0.349;0.4;0;0.005;0.391;0.564;0.349;4.998;0.007;0.017
5691;0.112;0.164;0.178;0.195;0.354;0.403;0;0.01;0.391;0.562;0.347;4.998;0.01;0.017
5692;0.11;0.161;0.176;0.19;0.352;0.403;0;0.01;0.388;0.557;0.347;4.998;0.007;0.017
5693;0.112;0.161;0.176;0.188;0.344;0.403;0;0.007;0.386;0.557;0.344;4.998;0.007;0.017
5694;0.112;0.164;0.181;0.19;0.347;0.405;0.005;0.007;0.388;0.554;0.349;4.998;0.007;0.017
5695;0.112;0.166;0.176;0.188;0.354;0.408;0.002;0.007;0.386;0.549;0.347;4.998;0.007;0.012
5696;0.112;0.164;0.178;0.188;0.352;0.41;0.007;0.007;0.381;0.544;0.344;4.998;0.01;0.02
5697;0.11;0.161;0.178;0.186;0.347;0.413;0.01;0.007;0.378;0.542;0.344;4.998;0.01;0.015
5698;0.107;0.164;0.181;0.183;0.342;0.415;0.012;0.005;0.381;0.537;0.339;4.998;0.01;0.02
5699;0.107;0.161;0.181;0.183;0.344;0.41;0.012;0.005;0.378;0.535;0.337;4.998;0.007;0.017
5700;0.107;0.164;0.181;0.188;0.344;0.41;0.015;0.005;0.376;0.53;0.334;4.998;0.007;0.02
5701;0.11;0.164;0.186;0.188;0.337;0.408;0.015;0.005;0.376;0.527;0.337;4.998;0.01;0.02
5702;0.11;0.166;0.181;0.19;0.342;0.405;0.017;0.005;0.378;0.525;0.334;4.998;0.01;0.02
5703;0.112;0.166;0.188;0.193;0.347;0.405;0.02;0.007;0.371;0.518;0.33;4.998;0.005;0.015
5704;0.112;0.164;0.183;0.193;0.342;0.405;0.02;0.005;0.366;0.513;0.327;4.998;0.007;0.017
5705;0.112;0.164;0.183;0.193;0.334;0.408;0.02;0.005;0.369;0.51;0.327;4.998;0.007;0.02
5706;0.112;0.166;0.188;0.195;0.339;0.408;0.02;0.005;0.371;0.51;0.327;4.998;0.01;0.02
5707;0.112;0.166;0.186;0.195;0.342;0.408;0.02;0.005;0.364;0.505;0.33;4.998;0.007;0.022
5708;0.112;0.164;0.188;0.198;0.332;0.405;0.017;0.002;0.364;0.503;0.327;4.998;0.005;0.02
5709;0.117;0.164;0.183;0.198;0.332;0.408;0.015;0.007;0.361;0.5;0.327;4.998;0.007;0.02
5710;0.115;0.164;0.178;0.2;0.334;0.413;0.012;0.01;0.359;0.503;0.33;4.998;0.01;0.02
5711;0.117;0.164;0.178;0.2;0.332;0.413;0.015;0.007;0.354;0.508;0.327;4.998;0.005;0.017
5712;0.117;0.161;0.181;0.203;0.327;0.415;0.015;0.005;0.354;0.513;0.33;4.998;0.007;0.02
5713;0.117;0.161;0.176;0.203;0.32;0.417;0.02;0.01;0.349;0.518;0.33;4.998;0.007;0.02
5714;0.12;0.159;0.178;0.203;0.317;0.417;0.012;0.007;0.349;0.527;0.334;4.998;0.007;0.02
5715;0.117;0.156;0.171;0.2;0.315;0.42;0.017;0.007;0.342;0.532;0.332;4.998;0.01;0.02
5716;0.117;0.159;0.171;0.2;0.308;0.422;0.015;0.01;0.342;0.54;0.332;4.998;0.007;0.02
5717;0.117;0.159;0.168;0.198;0.31;0.427;0.015;0.007;0.339;0.547;0.332;4.998;0.007;0.02
5718;0.117;0.159;0.168;0.198;0.312;0.43;0.01;0.005;0.334;0.549;0.33;4.998;0.007;0.02
5719;0.12;0.159;0.161;0.195;0.315;0.432;0.015;0.002;0.334;0.549;0.33;4.998;0.01;0.022
5720;0.12;0.164;0.166;0.195;0.308;0.437;0.015;0.007;0.327;0.549;0.33;4.998;0.007;0.02
5721;0.117;0.159;0.161;0.195;0.312;0.435;0.015;0.005;0.327;0.549;0.327;4.998;0.01;0.02
5722;0.12;0.159;0.166;0.193;0.315;0.435;0.012;0.005;0.325;0.547;0.327;4.998;0.007;0.02
5723;0.117;0.156;0.164;0.195;0.31;0.435;0.017;0.005;0.317;0.54;0.322;4.998;0.01;0.022
5724;0.122;0.159;0.164;0.193;0.3;0.435;0.015;0.007;0.32;0.547;0.327;4.998;0.01;0.02
5725;0.122;0.159;0.164;0.195;0.3;0.437;0.015;0.007;0.317;0.542;0.322;4.998;0.007;0.02
5726;0.122;0.156;0.168;0.195;0.298;0.437;0.017;0.007;0.315;0.537;0.325;4.998;0.007;0.022
5727;0.122;0.159;0.166;0.193;0.291;0.435;0.015;0.007;0.312;0.537;0.325;4.998;0.007;0.02
5728;0.122;0.156;0.168;0.19;0.283;0.435;0.015;0.007;0.31;0.532;0.327;4.998;0.007;0.02
5729;0.125;0.154;0.171;0.19;0.286;0.432;0.015;0.007;0.31;0.53;0.327;4.998;0.007;0.022
5730;0.125;0.159;0.173;0.188;0.286;0.432;0.012;0.005;0.305;0.522;0.325;4.998;0.007;0.02
5731;0.129;0.159;0.173;0.19;0.278;0.427;0.015;0.007;0.305;0.52;0.322;4.998;0.007;0.017
5732;0.127;0.159;0.171;0.19;0.278;0.43;0.015;0.007;0.303;0.513;0.322;4.998;0.007;0.02
5733;0.132;0.159;0.173;0.193;0.283;0.427;0.02;0.007;0.303;0.51;0.322;4.998;0.015;0.029
5734;0.134;0.161;0.176;0.195;0.286;0.425;0.02;0.007;0.295;0.505;0.322;4.998;0.01;0.022
5735;0.134;0.161;0.176;0.195;0.283;0.42;0.017;0.005;0.298;0.505;0.325;4.998;0.007;0.022
5736;0.137;0.164;0.176;0.198;0.283;0.415;0.015;0.01;0.293;0.498;0.322;4.998;0.007;0.017
5737;0.142;0.161;0.173;0.2;0.286;0.408;0.015;0.007;0.293;0.498;0.322;4.998;0.012;0.024
5738;0.144;0.164;0.176;0.205;0.281;0.405;0.012;0.007;0.288;0.491;0.32;4.998;0.01;0.022
5739;0.144;0.166;0.176;0.205;0.276;0.398;0.007;0.007;0.286;0.491;0.32;4.998;0.01;0.022
5740;0.146;0.166;0.176;0.21;0.278;0.393;0.007;0.005;0.283;0.488;0.315;4.998;0.007;0.024
5741;0.146;0.168;0.171;0.212;0.283;0.391;0.007;0.005;0.283;0.483;0.315;4.998;0.01;0.022
5742;0.149;0.168;0.171;0.215;0.283;0.386;0.002;0.005;0.278;0.483;0.312;4.998;0.01;0.024
5743;0.149;0.171;0.171;0.215;0.281;0.383;0.005;0.002;0.278;0.481;0.312;4.998;0.007;0.024
5744;0.149;0.171;0.168;0.22;0.278;0.381;0.005;0.007;0.273;0.481;0.312;4.998;0.01;0.022
5745;0.146;0.176;0.168;0.222;0.281;0.378;0.002;0.005;0.271;0.479;0.308;4.998;0.012;0.024
5746;0.144;0.176;0.164;0.227;0.278;0.386;0.005;0.005;0.269;0.476;0.31;4.998;0.01;0.022
5747;0.144;0.176;0.168;0.234;0.276;0.386;0.005;0.005;0.269;0.476;0.305;4.998;0.007;0.022
5748;0.144;0.178;0.159;0.237;0.276;0.388;0.005;0.005;0.264;0.476;0.3;4.998;0.01;0.02
5749;0.144;0.181;0.164;0.244;0.276;0.386;0.007;0.005;0.261;0.474;0.3;4.998;0.01;0.022
5750;0.142;0.181;0.161;0.247;0.276;0.381;0.005;0.005;0.259;0.479;0.3;4.998;0.012;0.024
5751;0.142;0.181;0.164;0.249;0.273;0.383;0.007;0.005;0.261;0.476;0.295;4.998;0.007;0.024
5752;0.139;0.178;0.164;0.254;0.266;0.383;0.005;0.002;0.256;0.479;0.293;4.998;0.007;0.022
5753;0.139;0.178;0.159;0.254;0.261;0.388;0.005;0.005;0.256;0.476;0.286;4.998;0.01;0.022
5754;0.142;0.178;0.154;0.254;0.254;0.393;0.002;0.007;0.254;0.491;0.281;4.998;0.01;0.022
5755;0.142;0.178;0.156;0.254;0.249;0.391;0.002;0.005;0.254;0.498;0.281;4.998;0.007;0.022
5756;0.149;0.181;0.156;0.254;0.244;0.391;0.002;0.007;0.251;0.508;0.276;4.998;0.005;0.022
5757;0.151;0.178;0.154;0.254;0.242;0.391;-0.002;0.01;0.249;0.52;0.273;4.998;0.01;0.022
5758;0.156;0.176;0.151;0.254;0.237;0.393;-0.002;0.01;0.247;0.527;0.266;4.998;0.01;0.024
5759;0.161;0.173;0.154;0.254;0.237;0.393;-0.005;0.007;0.249;0.542;0.264;4.998;0.005;0.02
5760;0.161;0.173;0.156;0.254;0.242;0.398;0;0.01;0.244;0.547;0.259;4.998;0.007;0.022
5761;0.166;0.173;0.154;0.251;0.242;0.396;-0.002;0.007;0.249;0.562;0.259;4.998;0.007;0.022
5762;0.173;0.171;0.151;0.249;0.247;0.398;0.002;0.01;0.244;0.566;0.251;4.998;0.005;0.022
5763;0.178;0.173;0.154;0.244;0.259;0.398;-0.002;0.007;0.244;0.576;0.251;4.998;0.007;0.022
5764;0.183;0.166;0.146;0.244;0.266;0.398;0;0.01;0.239;0.581;0.244;4.998;0.002;0.022
5765;0.186;0.171;0.154;0.239;0.266;0.396;0;0.007;0.244;0.596;0.247;4.998;0.01;0.02
5766;0.188;0.168;0.151;0.239;0.266;0.4;0.002;0.007;0.234;0.603;0.237;4.998;0.005;0.024
5767;0.188;0.168;0.151;0.234;0.276;0.4;0.002;0.007;0.239;0.62;0.242;4.998;0.007;0.02
5768;0.188;0.168;0.151;0.229;0.283;0.398;0.002;0.005;0.234;0.635;0.237;4.998;0.005;0.022
5769;0.188;0.166;0.154;0.227;0.276;0.398;0;0.005;0.234;0.649;0.237;4.998;0;0.022
5770;0.186;0.166;0.156;0.225;0.269;0.388;0.002;0.005;0.229;0.664;0.229;4.998;0.007;0.022
5771;0.186;0.171;0.159;0.22;0.264;0.391;0;0.007;0.232;0.676;0.229;4.998;0.005;0.022
5772;0.186;0.168;0.159;0.22;0.256;0.388;-0.005;0.005;0.229;0.693;0.229;4.998;0.01;0.022
5773;0.183;0.168;0.159;0.222;0.256;0.396;-0.005;0.005;0.227;0.703;0.225;4.998;0.007;0.024
5774;0.186;0.173;0.159;0.22;0.259;0.398;-0.007;0.005;0.225;0.71;0.225;4.998;0.005;0.017
5775;0.183;0.168;0.159;0.217;0.261;0.4;-0.005;0.01;0.22;0.715;0.22;4.998;0.002;0.022
5776;0.186;0.168;0.164;0.212;0.261;0.4;-0.01;0.005;0.22;0.728;0.222;4.998;0.005;0.022
5777;0.19;0.171;0.164;0.21;0.256;0.403;-0.01;0.007;0.22;0.732;0.222;4.998;0.005;0.017
5778;0.19;0.171;0.166;0.21;0.254;0.41;-0.01;0.007;0.215;0.737;0.217;4.998;0.005;0.02
5779;0.19;0.171;0.164;0.208;0.251;0.415;0.034;0.007;0.217;0.742;0.215;4.998;0.005;0.017
5780;0.193;0.171;0.164;0.205;0.251;0.417;0.134;0.007;0.22;0.75;0.215;4.998;0.005;0.022
5781;0.195;0.171;0.161;0.203;0.251;0.42;0.176;0.007;0.21;0.757;0.212;4.998;0.005;0.022
5782;0.195;0.173;0.164;0.203;0.249;0.42;0.3;0.01;0.212;0.767;0.208;4.998;0.005;0.017
5783;0.198;0.173;0.161;0.2;0.242;0.422;0.415;0.007;0.215;0.781;0.21;4.998;0.005;0.017
5784;0.203;0.176;0.161;0.195;0.237;0.422;0.352;0.01;0.21;0.789;0.205;4.998;0.007;0.017
5785;0.2;0.176;0.161;0.195;0.234;0.427;0.388;0.01;0.205;0.801;0.205;4.998;0.005;0.02
5786;0.203;0.176;0.164;0.198;0.229;0.43;0.442;0.01;0.208;0.813;0.203;4.998;0.005;0.022
5787;0.203;0.176;0.166;0.2;0.227;0.43;0.41;0.01;0.208;0.828;0.203;4.998;0.005;0.02
5788;0.208;0.176;0.164;0.198;0.222;0.422;0.381;0.01;0.205;0.845;0.203;4.998;0.005;0.02
5789;0.208;0.176;0.166;0.2;0.225;0.42;0.474;0.007;0.203;0.854;0.205;4.998;0.002;0.015
5790;0.21;0.178;0.178;0.203;0.225;0.415;0.479;0.007;0.203;0.872;0.205;4.998;0.007;0.02
5791;0.21;0.176;0.181;0.203;0.229;0.415;0.425;0.007;0.195;0.881;0.208;4.998;0.005;0.02
5792;0.212;0.176;0.186;0.205;0.234;0.413;0.518;0.01;0.198;0.896;0.208;4.998;0.007;0.02
5793;0.212;0.173;0.205;0.205;0.239;0.41;0.496;0.005;0.198;0.906;0.21;4.998;0.005;0.02
5794;0.215;0.173;0.244;0.208;0.239;0.415;0.481;0.007;0.198;0.918;0.21;4.998;0.005;0.022
5795;0.212;0.173;0.239;0.21;0.234;0.417;0.496;0.007;0.195;0.93;0.212;4.998;0.005;0.015
5796;0.212;0.173;0.271;0.208;0.237;0.42;0.579;0.007;0.193;0.94;0.212;4.998;0.005;0.02
5797;0.21;0.176;0.308;0.212;0.242;0.417;0.483;0.007;0.19;0.955;0.212;4.998;0.002;0.02
5798;0.21;0.173;0.256;0.217;0.244;0.42;0.527;0.007;0.19;0.964;0.212;4.998;0;0.017
5799;0.21;0.173;0.295;0.217;0.242;0.42;0.576;0.007;0.193;0.979;0.217;4.998;0.005;0.017
5800;0.212;0.171;0.249;0.222;0.247;0.42;0.491;0.005;0.19;0.991;0.217;4.998;0.002;0.017
5801;0.212;0.173;0.225;0.225;0.247;0.422;0.483;0.005;0.188;0.999;0.217;4.998;0.002;0.017
5802;0.212;0.176;0.205;0.227;0.247;0.422;0.544;0.007;0.183;1.008;0.217;4.998;0.002;0.02
5803;0.21;0.178;0.2;0.229;0.249;0.42;0.457;0.005;0.186;1.013;0.22;4.998;0.005;0.017
5804;0.21;0.176;0.188;0.232;0.251;0.417;0.461;0.005;0.181;1.018;0.222;4.998;0.012;0.015
5805;0.21;0.173;0.21;0.232;0.254;0.413;0.53;0.005;0.178;1.018;0.222;4.998;0.032;0.017
5806;0.21;0.173;0.205;0.232;0.256;0.415;0.461;0.007;0.178;1.016;0.229;4.998;0.063;0.017
5807;0.212;0.178;0.193;0.232;0.254;0.415;0.461;0.007;0.176;1.013;0.227;4.998;0.12;0.015
5808;0.215;0.173;0.186;0.232;0.254;0.42;0.454;0.007;0.173;1.011;0.232;4.998;0.21;0.017
5809;0.217;0.176;0.176;0.227;0.256;0.422;0.466;0.007;0.176;1.016;0.232;4.998;0.315;0.017
5810;0.212;0.176;0.173;0.225;0.259;0.427;0.41;0.005;0.173;1.011;0.234;4.998;0.496;0.017
5811;0.215;0.176;0.173;0.22;0.259;0.427;0.403;0.007;0.173;1.011;0.239;4.998;0.715;0.017
5812;0.21;0.173;0.168;0.215;0.256;0.43;0.413;0.007;0.168;1.008;0.239;4.998;0.894;0.022
5813;0.212;0.176;0.164;0.212;0.259;0.432;0.374;0.007;0.171;1.008;0.244;4.998;1.069;0.02
5814;0.212;0.173;0.159;0.21;0.259;0.427;0.381;0.005;0.166;1.008;0.244;4.998;1.245;0.02
5815;0.215;0.173;0.159;0.21;0.254;0.43;0.396;0.007;0.168;1.011;0.247;4.998;1.416;0.022
5816;0.217;0.171;0.151;0.208;0.254;0.425;0.378;0.005;0.166;1.008;0.247;4.998;1.575;0.02
5817;0.217;0.171;0.151;0.208;0.251;0.425;0.388;0.005;0.166;1.008;0.247;4.998;1.714;0.022
5818;0.22;0.171;0.156;0.205;0.249;0.42;0.4;0.005;0.168;1.008;0.249;4.998;1.833;0.02
5819;0.22;0.171;0.154;0.208;0.242;0.422;0.388;0.005;0.164;1.001;0.249;4.998;1.934;0.02
5820;0.22;0.168;0.154;0.21;0.244;0.422;0.361;0.002;0.164;1.001;0.249;4.998;2.004;0.022
5821;0.222;0.173;0.154;0.208;0.237;0.43;0.391;0.002;0.168;0.996;0.249;4.998;2.043;0.017
5822;0.22;0.171;0.146;0.208;0.232;0.425;0.383;0.007;0.161;0.989;0.247;4.998;2.063;0.017
5823;0.225;0.171;0.151;0.208;0.225;0.43;0.352;0.007;0.168;0.989;0.249;4.998;2.087;0.017
5824;0.227;0.173;0.154;0.208;0.22;0.427;0.371;0.007;0.164;0.981;0.249;4.998;2.119;0.02
5825;0.229;0.176;0.151;0.21;0.217;0.43;0.369;0.005;0.164;0.974;0.244;4.998;2.183;0.022
5826;0.227;0.176;0.156;0.205;0.21;0.425;0.361;0.007;0.166;0.974;0.249;4.998;2.266;0.017
5827;0.232;0.178;0.156;0.208;0.21;0.425;0.398;0.007;0.166;0.972;0.247;4.998;2.373;0.02
5828;0.232;0.176;0.159;0.21;0.215;0.422;0.391;0.005;0.164;0.964;0.244;4.998;2.505;0.02
5829;0.234;0.176;0.159;0.205;0.217;0.42;0.391;0.007;0.166;0.962;0.244;4.998;2.654;0.02
5830;0.232;0.178;0.161;0.205;0.22;0.417;0.391;0.007;0.164;0.957;0.239;4.998;2.793;0.017
5831;0.234;0.181;0.166;0.205;0.229;0.41;0.396;0.01;0.168;0.955;0.242;4.998;2.937;0.017
5832;0.232;0.181;0.171;0.205;0.237;0.41;0.391;0.01;0.166;0.95;0.237;4.998;3.091;0.024
5833;0.234;0.178;0.171;0.203;0.239;0.408;0.393;0.01;0.164;0.947;0.234;4.998;3.242;0.022
5834;0.234;0.178;0.173;0.205;0.239;0.41;0.422;0.01;0.164;0.945;0.232;4.998;3.389;0.02
5835;0.232;0.181;0.176;0.203;0.239;0.413;0.403;0.007;0.168;0.947;0.234;4.998;3.521;0.022
5836;0.229;0.178;0.173;0.2;0.244;0.417;0.396;0.01;0.166;0.942;0.229;4.998;3.63;0.022
5837;0.229;0.178;0.176;0.203;0.249;0.422;0.422;0.007;0.164;0.94;0.225;4.998;3.738;0.02
5838;0.229;0.178;0.178;0.205;0.254;0.422;0.391;0.007;0.168;0.94;0.227;4.998;3.831;0.02
5839;0.229;0.176;0.173;0.208;0.256;0.43;0.4;0.007;0.161;0.938;0.222;4.998;3.943;0.022
5840;0.232;0.176;0.181;0.205;0.254;0.437;0.408;0.01;0.164;0.94;0.225;4.998;4.058;0.02
5841;0.232;0.173;0.188;0.208;0.251;0.439;0.398;0.007;0.166;0.942;0.222;4.998;4.175;0.022
5842;0.229;0.171;0.193;0.21;0.254;0.444;0.388;0.01;0.164;0.94;0.22;4.998;4.277;0.02
5843;0.229;0.173;0.203;0.212;0.251;0.444;0.396;0.007;0.166;0.942;0.225;4.998;4.385;0.022
5844;0.232;0.171;0.198;0.212;0.249;0.439;0.398;0.01;0.164;0.938;0.22;4.998;4.492;0.022
5845;0.229;0.171;0.212;0.215;0.244;0.437;0.388;0.01;0.166;0.938;0.22;4.998;4.585;0.022
5846;0.227;0.171;0.225;0.212;0.244;0.435;0.413;0.007;0.166;0.933;0.22;4.998;4.646;0.022
5847;0.232;0.173;0.3;0.217;0.244;0.432;0.413;0.007;0.166;0.928;0.222;4.998;4.695;0.022
5848;0.232;0.168;0.3;0.217;0.242;0.43;0.391;0.007;0.166;0.925;0.217;4.998;4.753;0.022
5849;0.232;0.176;0.303;0.217;0.244;0.425;0.393;0.005;0.164;0.918;0.215;4.988;4.844;0.017
5850;0.232;0.171;0.42;0.217;0.251;0.417;0.408;0.002;0.164;0.913;0.22;4.963;4.958;0.017
5851;0.229;0.171;2.512;0.22;0.256;0.413;0.393;0.005;0.164;0.908;0.217;4.944;4.998;0.02
5852;0.229;0.173;2.227;0.22;0.259;0.41;0.391;0.002;0.164;0.898;0.22;4.927;4.998;0.02
5853;0.229;0.173;4.998;0.217;0.256;0.408;0.403;0.005;0.164;0.891;0.217;4.907;4.998;0.02
5854;0.229;0.178;4.998;0.22;0.261;0.405;0.4;0.007;0.166;0.881;0.217;4.895;4.998;0.02
5855;0.232;0.176;4.998;0.22;0.269;0.403;0.405;0.005;0.164;0.872;0.217;4.888;4.998;0.02
5856;0.232;0.178;4.998;0.22;0.269;0.403;0.42;0.007;0.161;0.864;0.217;4.888;4.998;0.017
5857;0.229;0.178;4.998;0.22;0.276;0.4;0.422;0.007;0.164;0.857;0.22;4.897;4.998;0.02
5858;0.232;0.178;4.998;0.222;0.278;0.398;0.43;0.007;0.164;0.842;0.217;4.9;4.998;0.02
5859;0.234;0.181;4.998;0.22;0.271;0.398;0.439;0.007;0.161;0.837;0.217;4.902;4.998;0.02
5860;0.232;0.186;4.998;0.22;0.271;0.398;0.437;0.005;0.164;0.828;0.217;4.895;4.998;0.02
5861;0.234;0.183;4.998;0.217;0.266;0.4;0.444;0.007;0.161;0.82;0.22;4.893;4.998;0.02
5862;0.232;0.186;4.998;0.215;0.266;0.405;0.442;0.01;0.164;0.815;0.222;4.885;4.998;0.017
5863;0.234;0.181;4.998;0.215;0.259;0.405;0.449;0.007;0.164;0.808;0.22;4.871;4.998;0.017
5864;0.234;0.183;4.998;0.217;0.266;0.403;0.444;0.007;0.161;0.803;0.222;4.856;4.998;0.022
5865;0.232;0.181;4.998;0.22;0.273;0.405;0.427;0.007;0.161;0.796;0.222;4.844;4.998;0.017
5866;0.234;0.183;4.998;0.222;0.276;0.405;0.435;0.007;0.159;0.789;0.227;4.827;4.998;0.022
5867;0.237;0.181;4.998;0.22;0.281;0.405;0.422;0.007;0.156;0.784;0.229;4.814;4.998;0.015
5868;0.234;0.181;4.998;0.222;0.291;0.41;0.425;0.007;0.161;0.779;0.232;4.797;4.998;0.02
5869;0.239;0.178;4.998;0.217;0.293;0.413;0.43;0.01;0.159;0.771;0.232;4.783;4.998;0.022
5870;0.239;0.178;4.998;0.22;0.298;0.417;0.42;0.007;0.161;0.767;0.234;4.763;4.998;0.02
5871;0.239;0.178;4.998;0.22;0.305;0.417;0.422;0.005;0.159;0.754;0.244;4.746;4.998;0.017
5872;0.242;0.181;4.05;0.222;0.31;0.422;0.422;0.002;0.161;0.747;0.247;4.736;4.998;0.02
5873;0.242;0.176;1.99;0.227;0.312;0.42;0.42;0.005;0.159;0.74;0.251;4.717;4.998;0.02
5874;0.242;0.178;1.018;0.227;0.32;0.422;0.417;0.005;0.156;0.728;0.259;4.7;4.998;0.02
5875;0.242;0.178;0.557;0.229;0.317;0.42;0.417;0.002;0.161;0.723;0.266;4.685;4.998;0.024
5876;0.237;0.178;0.344;0.232;0.315;0.42;0.422;0.002;0.161;0.71;0.271;4.668;4.998;0.017
5877;0.237;0.178;0.251;0.234;0.31;0.42;0.425;0.002;0.161;0.701;0.273;4.653;4.998;0.02
5878;0.234;0.178;0.208;0.232;0.312;0.417;0.425;0.005;0.161;0.691;0.283;4.639;4.998;0.02
5879;0.234;0.178;0.183;0.232;0.312;0.415;0.425;0.005;0.159;0.679;0.286;4.629;4.998;0.02
5880;0.232;0.178;0.173;0.232;0.305;0.413;0.427;0.007;0.161;0.669;0.288;4.607;4.998;0.02
5881;0.234;0.181;0.168;0.229;0.305;0.41;0.43;0.007;0.161;0.657;0.295;4.59;4.998;0.02
5882;0.229;0.183;0.164;0.229;0.305;0.408;0.432;0.007;0.161;0.647;0.295;4.57;4.998;0.02
5883;0.225;0.183;0.161;0.229;0.308;0.41;0.435;0.007;0.156;0.632;0.295;4.541;4.998;0.022
5884;0.229;0.186;0.164;0.227;0.303;0.408;0.442;0.007;0.164;0.627;0.298;4.521;4.998;0.017
5885;0.229;0.183;0.166;0.229;0.298;0.4;0.437;0.007;0.159;0.615;0.291;4.49;4.998;0.02
5886;0.229;0.186;0.156;0.227;0.298;0.396;0.442;0.007;0.159;0.605;0.295;4.465;4.998;0.02
5887;0.229;0.183;0.154;0.227;0.298;0.391;0.439;0.007;0.156;0.598;0.293;4.436;4.998;0.015
5888;0.225;0.186;0.146;0.225;0.295;0.393;0.439;0.005;0.159;0.588;0.295;4.404;4.998;0.017
5889;0.225;0.186;0.149;0.225;0.298;0.388;0.437;0.007;0.156;0.579;0.293;4.365;4.998;0.02
5890;0.225;0.186;0.149;0.222;0.303;0.391;0.447;0.007;0.156;0.569;0.298;4.333;4.998;0.015
5891;0.222;0.186;0.151;0.222;0.305;0.388;0.452;0.007;0.154;0.566;0.295;4.302;4.998;0.017
5892;0.222;0.186;0.151;0.222;0.3;0.386;0.447;0.005;0.151;0.559;0.295;4.265;4.998;0.017
5893;0.22;0.186;0.146;0.222;0.298;0.386;0.452;0.007;0.154;0.562;0.3;4.236;4.998;0.015
5894;0.22;0.186;0.149;0.222;0.3;0.388;0.457;0.005;0.154;0.559;0.3;4.197;4.998;0.015
5895;0.22;0.186;0.146;0.217;0.303;0.386;0.457;0.007;0.149;0.562;0.305;4.155;4.998;0.015
5896;0.217;0.186;0.146;0.22;0.3;0.388;0.466;0.005;0.151;0.564;0.31;4.114;4.998;0.017
5897;0.22;0.186;0.146;0.217;0.303;0.388;0.466;0.005;0.151;0.571;0.315;4.077;4.998;0.012
5898;0.217;0.188;0.149;0.212;0.303;0.393;0.459;0.005;0.151;0.579;0.32;4.038;4.998;0.017
5899;0.215;0.188;0.146;0.21;0.3;0.393;0.474;0.007;0.151;0.586;0.322;4.006;4.998;0.015
5900;0.217;0.188;0.156;0.21;0.291;0.391;0.479;0.01;0.151;0.596;0.332;3.977;4.998;0.015
5901;0.215;0.188;0.151;0.208;0.298;0.391;0.471;0.007;0.149;0.605;0.337;3.943;4.998;0.015
5902;0.215;0.188;0.151;0.21;0.303;0.386;0.471;0.01;0.151;0.608;0.342;3.904;4.998;0.017
5903;0.22;0.188;0.151;0.21;0.3;0.388;0.479;0.007;0.151;0.613;0.344;3.865;4.998;0.012
5904;0.215;0.186;0.156;0.21;0.295;0.386;0.469;0.007;0.149;0.618;0.349;3.826;4.998;0.012
5905;0.215;0.183;0.154;0.212;0.293;0.388;0.471;0.007;0.151;0.623;0.352;3.787;4.998;0.015
5906;0.215;0.181;0.154;0.208;0.291;0.388;0.474;0.01;0.151;0.63;0.354;3.748;4.998;0.015
5907;0.212;0.183;0.159;0.208;0.283;0.386;0.469;0.007;0.154;0.632;0.356;3.704;4.998;0.012
5908;0.21;0.183;0.164;0.21;0.283;0.391;0.466;0.007;0.149;0.637;0.359;3.669;4.998;0.015
5909;0.208;0.178;0.164;0.208;0.286;0.393;0.466;0.007;0.151;0.64;0.361;3.64;4.998;0.015
5910;0.205;0.181;0.164;0.208;0.286;0.396;0.469;0.007;0.154;0.64;0.369;3.616;4.998;0.017
5911;0.203;0.176;0.164;0.21;0.278;0.398;0.466;0.007;0.149;0.64;0.369;3.591;4.998;0.017
5912;0.203;0.173;0.164;0.21;0.283;0.398;0.466;0.005;0.151;0.635;0.371;3.562;4.998;0.02
5913;0.2;0.176;0.159;0.21;0.283;0.396;0.474;0.007;0.151;0.635;0.376;3.542;4.998;0.012
5914;0.198;0.176;0.159;0.212;0.278;0.393;0.471;0.005;0.149;0.63;0.376;3.53;4.998;0.015
5915;0.195;0.176;0.164;0.212;0.271;0.398;0.469;0.002;0.149;0.625;0.381;3.521;4.998;0.017
5916;0.195;0.178;0.154;0.215;0.273;0.398;0.481;0.005;0.146;0.618;0.381;3.513;4.998;0.015
5917;0.195;0.176;0.159;0.215;0.281;0.398;0.476;0.005;0.146;0.61;0.386;3.506;4.998;0.02
5918;0.193;0.176;0.151;0.215;0.278;0.396;0.483;0.005;0.146;0.605;0.391;3.499;4.998;0.015
5919;0.195;0.176;0.146;0.215;0.278;0.398;0.481;0.005;0.146;0.601;0.393;3.494;4.998;0.015
5920;0.193;0.173;0.156;0.217;0.281;0.4;0.474;0.005;0.149;0.591;0.4;3.499;4.998;0.02
5921;0.195;0.176;0.154;0.217;0.283;0.403;0.476;0.007;0.146;0.581;0.403;3.496;4.998;0.017
5922;0.195;0.173;0.149;0.217;0.278;0.4;0.486;0.005;0.146;0.571;0.408;3.494;4.998;0.02
5923;0.198;0.176;0.154;0.217;0.276;0.405;0.474;0.005;0.146;0.562;0.415;3.484;4.998;0.017
5924;0.195;0.178;0.151;0.22;0.276;0.403;0.474;0.007;0.149;0.552;0.422;3.477;4.998;0.017
5925;0.198;0.178;0.154;0.215;0.276;0.403;0.471;0.01;0.151;0.547;0.43;3.459;4.998;0.02
5926;0.198;0.176;0.154;0.22;0.276;0.403;0.474;0.007;0.151;0.54;0.439;3.442;4.998;0.022
5927;0.2;0.178;0.159;0.217;0.276;0.4;0.466;0.007;0.154;0.537;0.444;3.425;4.998;0.022
5928;0.195;0.178;0.156;0.22;0.273;0.403;0.474;0.005;0.154;0.532;0.452;3.413;4.998;0.02
5929;0.198;0.178;0.159;0.22;0.266;0.403;0.476;0.007;0.151;0.532;0.457;3.408;4.998;0.017
5930;0.195;0.181;0.154;0.225;0.266;0.4;0.459;0.007;0.154;0.525;0.466;3.403;4.998;0.022
5931;0.198;0.181;0.156;0.225;0.271;0.403;0.474;0.005;0.156;0.527;0.474;3.396;4.998;0.02
5932;0.198;0.178;0.159;0.232;0.278;0.405;0.464;0.005;0.151;0.522;0.476;3.386;4.998;0.012
5933;0.195;0.181;0.156;0.229;0.283;0.408;0.469;0.007;0.156;0.52;0.481;3.381;4.998;0.02
5934;0.198;0.178;0.159;0.232;0.288;0.408;0.464;0.005;0.156;0.52;0.486;3.376;4.998;0.022
5935;0.198;0.178;0.156;0.229;0.291;0.41;0.469;0.002;0.154;0.513;0.491;3.367;4.998;0.02
5936;0.203;0.176;0.159;0.229;0.293;0.413;0.466;0.002;0.154;0.51;0.493;3.362;4.998;0.02
5937;0.203;0.178;0.159;0.225;0.288;0.413;0.469;0.002;0.154;0.508;0.496;3.35;4.998;0.02
5938;0.203;0.178;0.159;0.222;0.288;0.417;0.471;0.002;0.156;0.505;0.503;3.345;4.998;0.017
5939;0.205;0.178;0.156;0.225;0.281;0.42;0.469;0.002;0.156;0.5;0.51;3.33;4.998;0.017
5940;0.205;0.181;0.159;0.222;0.281;0.425;0.474;0.002;0.156;0.503;0.522;3.32;4.998;0.015
5941;0.205;0.176;0.166;0.22;0.271;0.432;0.481;0.005;0.154;0.5;0.535;3.308;4.998;0.017
5942;0.205;0.176;0.164;0.215;0.264;0.439;0.476;0.002;0.156;0.5;0.544;3.298;4.998;0.015
5943;0.208;0.176;0.164;0.212;0.264;0.439;0.476;0.005;0.156;0.496;0.559;3.296;4.998;0.015
5944;0.203;0.173;0.161;0.212;0.261;0.442;0.476;0.005;0.156;0.493;0.564;3.289;4.998;0.015
5945;0.2;0.171;0.164;0.21;0.251;0.435;0.471;0.005;0.159;0.493;0.571;3.281;4.998;0.015
5946;0.2;0.176;0.166;0.208;0.256;0.435;0.474;0.005;0.159;0.5;0.571;3.271;4.998;0.015
5947;0.198;0.171;0.164;0.203;0.264;0.439;0.466;0.007;0.156;0.5;0.574;3.259;4.998;0.017
5948;0.2;0.171;0.166;0.205;0.271;0.442;0.476;0.007;0.159;0.508;0.574;3.252;4.998;0.015
5949;0.2;0.171;0.164;0.203;0.276;0.447;0.461;0.007;0.156;0.508;0.569;3.245;4.998;0.017
5950;0.198;0.168;0.164;0.203;0.273;0.447;0.461;0.005;0.154;0.508;0.564;3.247;4.998;0.015
5951;0.203;0.171;0.161;0.2;0.276;0.447;0.457;0.005;0.159;0.505;0.559;3.264;4.998;0.012
5952;0.2;0.171;0.161;0.2;0.269;0.449;0.461;0.005;0.161;0.505;0.557;3.293;4.998;0.017
5953;0.198;0.173;0.154;0.2;0.264;0.452;0.452;0.01;0.164;0.503;0.554;3.318;4.998;0.015
5954;0.198;0.173;0.154;0.2;0.259;0.454;0.452;0.01;0.161;0.5;0.552;3.345;4.998;0.017
5955;0.198;0.173;0.151;0.2;0.259;0.452;0.454;0.007;0.164;0.498;0.554;3.369;4.998;0.012
5956;0.195;0.178;0.146;0.203;0.259;0.452;0.449;0.005;0.164;0.496;0.557;3.384;4.998;0.015
5957;0.195;0.173;0.146;0.203;0.259;0.454;0.449;0.01;0.161;0.491;0.559;3.386;4.998;0.015
5958;0.195;0.176;0.142;0.205;0.254;0.454;0.454;0.007;0.164;0.488;0.562;3.391;4.998;0.012
5959;0.193;0.178;0.142;0.208;0.256;0.452;0.454;0.005;0.164;0.486;0.569;3.394;4.998;0.012
5960;0.19;0.176;0.144;0.208;0.249;0.449;0.459;0.007;0.164;0.483;0.576;3.391;4.998;0.012
5961;0.19;0.178;0.139;0.205;0.249;0.447;0.469;0.007;0.161;0.483;0.581;3.381;4.998;0.015
5962;0.19;0.178;0.139;0.21;0.249;0.439;0.459;0.007;0.164;0.479;0.591;3.374;4.998;0.015
5963;0.188;0.173;0.139;0.21;0.254;0.435;0.471;0.007;0.164;0.481;0.596;3.369;4.998;0.015
5964;0.186;0.176;0.137;0.212;0.254;0.43;0.476;0.005;0.166;0.479;0.605;3.376;4.998;0.015
5965;0.188;0.176;0.142;0.215;0.251;0.432;0.479;0;0.164;0.479;0.61;3.379;4.998;0.012
5966;0.188;0.178;0.144;0.217;0.259;0.437;0.479;0.002;0.164;0.476;0.625;3.391;4.998;0.017
5967;0.186;0.176;0.142;0.215;0.264;0.437;0.486;0.002;0.168;0.483;0.635;3.396;4.998;0.017
5968;0.183;0.176;0.144;0.217;0.261;0.442;0.491;0.005;0.166;0.486;0.645;3.394;4.998;0.017
5969;0.186;0.176;0.144;0.217;0.266;0.439;0.481;0.005;0.166;0.491;0.649;3.389;4.998;0.02
5970;0.188;0.178;0.144;0.217;0.273;0.447;0.488;0.005;0.166;0.493;0.654;3.389;4.998;0.022
5971;0.193;0.176;0.146;0.22;0.271;0.449;0.496;0.007;0.168;0.503;0.659;3.391;4.998;0.02
5972;0.193;0.176;0.151;0.22;0.269;0.442;0.493;0.007;0.171;0.505;0.662;3.389;4.998;0.015
5973;0.193;0.178;0.146;0.212;0.266;0.444;0.493;0.007;0.168;0.508;0.662;3.389;4.998;0.015
5974;0.195;0.178;0.149;0.215;0.266;0.437;0.491;0.01;0.168;0.515;0.667;3.389;4.998;0.017
5975;0.195;0.178;0.146;0.212;0.266;0.432;0.488;0.01;0.171;0.52;0.669;3.384;4.998;0.017
5976;0.195;0.176;0.151;0.215;0.259;0.427;0.486;0.01;0.171;0.515;0.667;3.364;4.998;0.02
5977;0.195;0.176;0.151;0.21;0.256;0.417;0.488;0.007;0.176;0.525;0.676;3.354;4.998;0.017
5978;0.195;0.173;0.149;0.21;0.254;0.415;0.481;0.007;0.176;0.532;0.679;3.335;4.998;0.012
5979;0.198;0.173;0.156;0.21;0.256;0.413;0.481;0.005;0.171;0.53;0.679;3.313;4.998;0.017
5980;0.198;0.171;0.154;0.21;0.256;0.413;0.476;0.007;0.176;0.535;0.681;3.296;4.998;0.017
5981;0.195;0.168;0.154;0.208;0.256;0.415;0.481;0.007;0.176;0.535;0.679;3.274;4.998;0.017
5982;0.195;0.171;0.156;0.208;0.256;0.415;0.476;0.005;0.178;0.54;0.684;3.257;4.998;0.024
5983;0.195;0.168;0.154;0.208;0.254;0.422;0.486;0.007;0.181;0.544;0.681;3.24;4.998;0.015
5984;0.193;0.168;0.156;0.21;0.254;0.427;0.493;0.007;0.181;0.547;0.684;3.225;4.998;0.017
5985;0.193;0.166;0.156;0.212;0.254;0.43;0.493;0.007;0.178;0.549;0.686;3.213;4.998;0.02
5986;0.188;0.168;0.156;0.212;0.254;0.427;0.498;0.005;0.181;0.552;0.688;3.196;4.998;0.017
5987;0.19;0.168;0.164;0.215;0.256;0.43;0.505;0.007;0.183;0.559;0.696;3.186;4.998;0.017
5988;0.19;0.168;0.164;0.217;0.256;0.432;0.508;0.002;0.181;0.562;0.701;3.176;4.998;0.017
5989;0.188;0.168;0.166;0.212;0.254;0.43;0.508;0.005;0.183;0.564;0.708;3.174;4.998;0.017
5990;0.188;0.168;0.166;0.212;0.251;0.432;0.515;0.007;0.183;0.564;0.713;3.171;4.998;0.02
5991;0.186;0.168;0.166;0.212;0.247;0.432;0.525;0.01;0.186;0.564;0.723;3.174;4.998;0.017
5992;0.181;0.166;0.171;0.212;0.251;0.435;0.52;0.007;0.19;0.566;0.725;3.174;4.998;0.017
5993;0.181;0.168;0.168;0.212;0.251;0.432;0.522;0.007;0.19;0.562;0.725;3.169;4.998;0.02
5994;0.183;0.166;0.168;0.21;0.251;0.435;0.527;0.01;0.193;0.557;0.725;3.171;4.998;0.017
5995;0.183;0.168;0.164;0.208;0.254;0.435;0.525;0.007;0.195;0.552;0.725;3.169;4.998;0.02
5996;0.181;0.168;0.164;0.205;0.254;0.432;0.532;0.007;0.2;0.547;0.723;3.169;4.998;0.017
5997;0.183;0.166;0.164;0.203;0.251;0.435;0.542;0.005;0.203;0.542;0.723;3.174;4.998;0.017
5998;0.186;0.164;0.168;0.203;0.249;0.435;0.537;0.005;0.205;0.535;0.718;3.171;4.998;0.015
5999;0.186;0.168;0.161;0.203;0.249;0.442;0.527;0.005;0.212;0.532;0.723;3.167;4.998;0.017
6000;0.186;0.166;0.159;0.203;0.247;0.442;0.527;0.005;0.212;0.527;0.723;3.162;4.998;0.015
6001;0.188;0.166;0.154;0.2;0.244;0.447;0.518;0.002;0.217;0.52;0.728;3.154;4.998;0.017
6002;0.188;0.164;0.156;0.2;0.247;0.452;0.52;0.005;0.22;0.52;0.737;3.145;4.998;0.017
6003;0.186;0.166;0.159;0.193;0.239;0.452;0.527;0.002;0.225;0.515;0.745;3.142;4.998;0.017
6004;0.188;0.168;0.156;0.193;0.239;0.454;0.525;0.005;0.227;0.515;0.762;3.14;4.998;0.017
6005;0.188;0.168;0.159;0.193;0.242;0.457;0.522;0.005;0.227;0.513;0.769;3.137;4.998;0.02
6006;0.188;0.166;0.151;0.19;0.242;0.454;0.522;0.002;0.232;0.515;0.781;3.14;4.998;0.012
6007;0.186;0.171;0.151;0.19;0.237;0.457;0.515;0.002;0.234;0.515;0.791;3.145;4.998;0.017
6008;0.183;0.168;0.151;0.188;0.242;0.454;0.5;0;0.239;0.513;0.798;3.147;4.998;0.017
6009;0.183;0.171;0.151;0.188;0.242;0.457;0.5;0.002;0.239;0.52;0.811;3.147;4.998;0.017
6010;0.183;0.171;0.149;0.186;0.237;0.457;0.505;0.005;0.244;0.52;0.813;3.142;4.998;0.017
6011;0.186;0.176;0.151;0.181;0.232;0.459;0.503;0.005;0.244;0.522;0.815;3.135;4.998;0.017
6012;0.186;0.171;0.156;0.181;0.232;0.459;0.505;0.005;0.249;0.525;0.818;3.127;4.998;0.02
6013;0.186;0.171;0.154;0.181;0.227;0.461;0.513;0.007;0.251;0.532;0.82;3.123;4.998;0.017
6014;0.186;0.176;0.156;0.178;0.22;0.459;0.508;0.007;0.256;0.532;0.815;3.115;4.998;0.02
6015;0.186;0.171;0.159;0.178;0.217;0.459;0.503;0.007;0.259;0.537;0.815;3.108;4.998;0.017
6016;0.183;0.171;0.159;0.176;0.22;0.466;0.498;0.007;0.261;0.542;0.818;3.105;4.998;0.017
6017;0.178;0.168;0.161;0.178;0.217;0.461;0.491;0.007;0.264;0.544;0.815;3.108;4.998;0.02
6018;0.178;0.166;0.164;0.178;0.215;0.466;0.491;0.005;0.266;0.544;0.818;3.108;4.998;0.02
6019;0.181;0.164;0.168;0.178;0.217;0.469;0.491;0.007;0.273;0.547;0.823;3.11;4.998;0.02
6020;0.181;0.161;0.168;0.181;0.222;0.469;0.488;0.005;0.273;0.549;0.833;3.115;4.998;0.02
6021;0.178;0.164;0.166;0.178;0.225;0.464;0.486;0.005;0.276;0.544;0.837;3.12;4.998;0.017
6022;0.178;0.159;0.176;0.181;0.227;0.459;0.483;0.005;0.286;0.549;0.85;3.135;4.998;0.02
6023;0.178;0.161;0.171;0.181;0.227;0.459;0.479;0.005;0.291;0.552;0.862;3.147;4.998;0.022
6024;0.178;0.164;0.171;0.183;0.232;0.459;0.476;0.007;0.291;0.552;0.869;3.149;4.998;0.02
6025;0.176;0.166;0.173;0.186;0.227;0.459;0.474;0.005;0.295;0.547;0.881;3.157;4.998;0.017
6026;0.178;0.161;0.171;0.186;0.227;0.459;0.471;0.007;0.298;0.547;0.891;3.164;4.998;0.017
6027;0.176;0.161;0.173;0.188;0.227;0.459;0.471;0.007;0.3;0.547;0.898;3.171;4.998;0.022
6028;0.176;0.161;0.168;0.188;0.227;0.457;0.479;0.007;0.305;0.547;0.908;3.171;4.998;0.017
6029;0.171;0.159;0.173;0.186;0.222;0.454;0.488;0.005;0.31;0.544;0.913;3.174;4.998;0.02
6030;0.168;0.161;0.173;0.188;0.217;0.457;0.491;0.007;0.312;0.544;0.92;3.174;4.998;0.017
6031;0.166;0.164;0.176;0.193;0.217;0.449;0.491;0.007;0.317;0.547;0.925;3.174;4.998;0.017
6032;0.164;0.164;0.173;0.193;0.222;0.452;0.483;0.007;0.317;0.542;0.935;3.179;4.998;0.015
6033;0.161;0.166;0.178;0.195;0.212;0.449;0.491;0.007;0.32;0.542;0.942;3.184;4.998;0.02
6034;0.159;0.166;0.178;0.195;0.21;0.447;0.493;0.007;0.327;0.54;0.955;3.196;4.998;0.017
6035;0.161;0.164;0.176;0.195;0.212;0.449;0.496;0.007;0.327;0.537;0.964;3.203;4.998;0.017
6036;0.159;0.166;0.183;0.198;0.212;0.449;0.493;0.005;0.332;0.535;0.979;3.218;4.998;0.02
6037;0.159;0.166;0.181;0.195;0.208;0.449;0.496;0.005;0.332;0.53;0.986;3.237;4.998;0.017
6038;0.159;0.168;0.183;0.198;0.208;0.447;0.496;0.007;0.339;0.527;0.994;3.252;4.998;0.017
6039;0.161;0.166;0.181;0.195;0.212;0.444;0.496;0.005;0.344;0.527;0.996;3.269;4.998;0.017
6040;0.164;0.168;0.186;0.195;0.208;0.447;0.496;0.007;0.344;0.515;0.999;3.276;4.998;0.02
6041;0.164;0.168;0.186;0.195;0.198;0.447;0.498;0.007;0.349;0.518;1.006;3.293;4.998;0.02
6042;0.166;0.173;0.193;0.195;0.193;0.444;0.496;0.007;0.354;0.513;1.011;3.313;4.998;0.017
6043;0.166;0.166;0.188;0.193;0.195;0.439;0.493;0.007;0.359;0.505;1.011;3.325;4.998;0.017
6044;0.164;0.166;0.195;0.195;0.193;0.432;0.493;0.007;0.364;0.5;1.016;3.335;4.998;0.02
6045;0.156;0.164;0.19;0.193;0.193;0.432;0.496;0.01;0.366;0.496;1.016;3.34;4.998;0.017
6046;0.151;0.166;0.19;0.188;0.193;0.43;0.496;0.007;0.371;0.491;1.023;3.345;4.998;0.017
6047;0.146;0.161;0.195;0.188;0.195;0.427;0.493;0.005;0.371;0.486;1.023;3.345;4.998;0.022
6048;0.144;0.164;0.195;0.19;0.198;0.427;0.491;0.002;0.378;0.483;1.025;3.342;4.998;0.015
6049;0.139;0.164;0.193;0.188;0.2;0.425;0.488;0.002;0.378;0.479;1.025;3.34;4.998;0.017
6050;0.139;0.164;0.193;0.188;0.208;0.427;0.488;0.002;0.383;0.471;1.023;3.342;4.998;0.02
6051;0.139;0.156;0.198;0.188;0.215;0.425;0.486;0.002;0.386;0.469;1.021;3.342;4.998;0.015
6052;0.137;0.154;0.2;0.188;0.222;0.415;0.491;0.005;0.386;0.464;1.013;3.34;4.998;0.017
6053;0.139;0.154;0.195;0.188;0.229;0.417;0.488;0.007;0.388;0.461;1.011;3.337;4.998;0.017
6054;0.142;0.154;0.195;0.186;0.234;0.415;0.486;0.005;0.391;0.457;1.003;3.337;4.998;0.02
6055;0.142;0.151;0.19;0.186;0.239;0.417;0.483;0.005;0.396;0.454;1.001;3.335;4.998;0.015
6056;0.146;0.149;0.188;0.181;0.239;0.42;0.476;0.002;0.396;0.449;0.994;3.333;4.998;0.017
6057;0.149;0.154;0.19;0.181;0.247;0.425;0.476;0.005;0.398;0.444;0.991;3.33;4.998;0.015
6058;0.146;0.149;0.193;0.178;0.247;0.425;0.474;0.005;0.398;0.442;0.989;3.323;4.998;0.017
6059;0.146;0.149;0.19;0.173;0.247;0.422;0.479;0.005;0.4;0.439;0.986;3.32;4.998;0.017
6060;0.146;0.149;0.188;0.173;0.244;0.42;0.479;0.005;0.403;0.442;0.981;3.315;4.998;0.017
6061;0.146;0.151;0.186;0.173;0.242;0.415;0.483;0.002;0.41;0.447;0.979;3.311;4.998;0.017
6062;0.142;0.149;0.183;0.171;0.244;0.415;0.483;0.002;0.41;0.449;0.977;3.303;4.998;0.017
6063;0.139;0.151;0.181;0.171;0.247;0.408;0.479;0;0.413;0.449;0.977;3.293;4.998;0.012
6064;0.142;0.146;0.178;0.168;0.242;0.405;0.476;0;0.413;0.449;0.974;3.289;4.998;0.02
6065;0.139;0.146;0.178;0.171;0.244;0.4;0.474;0.002;0.417;0.457;0.979;3.289;4.998;0.02
6066;0.139;0.146;0.173;0.168;0.247;0.4;0.471;0.002;0.42;0.459;0.981;3.271;4.998;0.017
6067;0.142;0.146;0.178;0.166;0.244;0.403;0.466;0.002;0.422;0.461;0.984;3.252;4.998;0.02
6068;0.142;0.144;0.178;0.168;0.239;0.405;0.469;0.002;0.422;0.466;0.984;3.228;4.998;0.017
6069;0.142;0.146;0.178;0.173;0.242;0.403;0.471;0.005;0.427;0.469;0.981;3.191;4.998;0.02
6070;0.142;0.149;0.176;0.171;0.244;0.405;0.469;0.005;0.425;0.466;0.977;3.157;4.998;0.02
6071;0.142;0.149;0.178;0.173;0.239;0.403;0.471;0.005;0.432;0.466;0.979;3.123;4.998;0.015
6072;0.142;0.146;0.176;0.176;0.232;0.4;0.476;0.005;0.435;0.466;0.972;3.086;4.998;0.017
6073;0.142;0.151;0.181;0.178;0.237;0.4;0.481;0.007;0.437;0.464;0.969;3.057;4.998;0.017
6074;0.139;0.149;0.178;0.178;0.237;0.403;0.476;0.007;0.439;0.461;0.964;3.032;4.998;0.017
6075;0.139;0.149;0.181;0.181;0.229;0.408;0.486;0.01;0.447;0.457;0.959;3.013;4.998;0.02
6076;0.137;0.151;0.178;0.183;0.227;0.41;0.481;0.01;0.452;0.454;0.95;2.991;4.998;0.015
6077;0.134;0.156;0.181;0.183;0.234;0.415;0.469;0.007;0.457;0.454;0.947;2.976;4.998;0.015
6078;0.132;0.156;0.178;0.188;0.237;0.415;0.469;0.01;0.464;0.454;0.942;2.961;4.998;0.017
6079;0.129;0.159;0.183;0.186;0.239;0.42;0.469;0.01;0.466;0.454;0.935;2.947;4.998;0.015
6080;0.129;0.159;0.186;0.186;0.244;0.425;0.464;0.007;0.476;0.454;0.93;2.942;4.998;0.017
6081;0.129;0.156;0.181;0.186;0.256;0.425;0.459;0.002;0.481;0.454;0.923;2.954;4.998;0.017
6082;0.132;0.156;0.183;0.186;0.264;0.425;0.459;0.007;0.488;0.454;0.92;2.979;4.998;0.015
6083;0.129;0.156;0.181;0.188;0.261;0.427;0.454;0.005;0.496;0.459;0.913;2.993;4.998;0.017
6084;0.127;0.159;0.181;0.19;0.261;0.43;0.449;0.007;0.503;0.461;0.911;2.998;4.998;0.017
6085;0.129;0.164;0.181;0.19;0.271;0.425;0.454;0.002;0.513;0.466;0.908;2.991;4.998;0.015
6086;0.127;0.164;0.183;0.19;0.276;0.422;0.452;0.002;0.52;0.471;0.903;2.979;4.998;0.015
6087;0.127;0.161;0.183;0.186;0.273;0.417;0.452;0.005;0.53;0.476;0.896;2.961;4.998;0.012
6088;0.127;0.164;0.181;0.19;0.266;0.417;0.461;0.002;0.535;0.481;0.894;2.942;4.998;0.015
6089;0.129;0.161;0.186;0.19;0.269;0.415;0.464;0.007;0.544;0.488;0.886;2.922;4.998;0.017
6090;0.125;0.164;0.186;0.19;0.269;0.415;0.466;0.007;0.552;0.491;0.876;2.905;4.998;0.012
6091;0.125;0.161;0.186;0.188;0.261;0.413;0.471;0.005;0.557;0.498;0.864;2.886;4.998;0.017
6092;0.125;0.164;0.19;0.188;0.261;0.408;0.469;0.007;0.562;0.503;0.85;2.871;4.998;0.015
6093;0.122;0.166;0.193;0.193;0.254;0.408;0.466;0.01;0.569;0.508;0.84;2.854;4.998;0.015
6094;0.12;0.161;0.195;0.195;0.259;0.403;0.459;0.007;0.581;0.515;0.83;2.834;4.998;0.015
6095;0.12;0.159;0.193;0.2;0.256;0.403;0.457;0.007;0.586;0.522;0.813;2.808;4.998;0.015
6096;0.117;0.159;0.203;0.205;0.261;0.403;0.457;0.007;0.593;0.53;0.803;2.786;4.998;0.017
6097;0.115;0.159;0.2;0.205;0.269;0.403;0.459;0.007;0.601;0.54;0.798;2.766;4.998;0.02
6098;0.115;0.161;0.208;0.208;0.269;0.405;0.457;0.005;0.605;0.547;0.786;2.737;4.998;0.012
6099;0.115;0.161;0.208;0.212;0.266;0.403;0.454;0.005;0.615;0.554;0.784;2.705;4.998;0.02
6100;0.117;0.164;0.212;0.215;0.269;0.403;0.449;0.007;0.62;0.557;0.776;2.678;4.998;0.017
6101;0.115;0.166;0.217;0.217;0.266;0.405;0.449;0.007;0.632;0.566;0.779;2.649;4.998;0.017
6102;0.117;0.168;0.215;0.217;0.261;0.403;0.444;0.005;0.637;0.574;0.774;2.622;4.998;0.015
6103;0.115;0.168;0.217;0.215;0.261;0.403;0.447;0.007;0.645;0.579;0.769;2.595;4.998;0.02
6104;0.12;0.166;0.22;0.217;0.261;0.408;0.447;0.005;0.654;0.586;0.771;2.568;4.998;0.017
6105;0.122;0.171;0.217;0.217;0.256;0.4;0.447;0.005;0.662;0.591;0.764;2.544;4.998;0.017
6106;0.12;0.173;0.217;0.212;0.249;0.398;0.444;0.002;0.667;0.598;0.759;2.52;4.998;0.015
6107;0.12;0.173;0.217;0.212;0.247;0.398;0.442;0.002;0.676;0.601;0.757;2.498;4.998;0.015
6108;0.12;0.173;0.217;0.208;0.247;0.396;0.444;0.002;0.686;0.603;0.75;2.471;4.998;0.012
6109;0.12;0.173;0.225;0.205;0.251;0.4;0.442;0.002;0.691;0.605;0.745;2.449;4.998;0.015
6110;0.117;0.171;0.22;0.205;0.247;0.403;0.444;0.005;0.696;0.608;0.745;2.424;4.998;0.012
6111;0.12;0.171;0.232;0.203;0.247;0.408;0.437;0;0.706;0.613;0.742;2.405;4.998;0.017
6112;0.12;0.173;0.232;0.203;0.254;0.408;0.439;0.002;0.71;0.615;0.735;2.385;4.998;0.017
6113;0.122;0.176;0.234;0.203;0.256;0.405;0.444;0.002;0.723;0.625;0.742;2.373;4.998;0.015
6114;0.122;0.176;0.239;0.205;0.261;0.403;0.447;0.002;0.73;0.627;0.737;2.356;4.998;0.012
6115;0.125;0.176;0.242;0.203;0.264;0.396;0.457;0.005;0.737;0.632;0.735;2.344;4.998;0.015
6116;0.12;0.173;0.251;0.208;0.266;0.4;0.464;0.007;0.747;0.642;0.742;2.329;4.998;0.017
6117;0.12;0.173;0.249;0.205;0.269;0.4;0.461;0.007;0.752;0.645;0.742;2.314;4.998;0.017
6118;0.12;0.171;0.254;0.203;0.269;0.4;0.464;0.012;0.759;0.652;0.745;2.3;4.998;0.012
6119;0.122;0.171;0.261;0.203;0.269;0.4;0.464;0.012;0.767;0.654;0.745;2.288;4.998;0.017
6120;0.122;0.171;0.266;0.2;0.271;0.398;0.461;0.012;0.771;0.657;0.742;2.268;4.998;0.015
6121;0.125;0.168;0.249;0.198;0.264;0.398;0.471;0.01;0.776;0.659;0.745;2.253;4.998;0.015
6122;0.125;0.166;0.254;0.193;0.266;0.393;0.483;0.01;0.786;0.662;0.747;2.239;4.998;0.015
6123;0.122;0.164;0.251;0.193;0.264;0.391;0.481;0.007;0.793;0.662;0.752;2.224;4.998;0.015
6124;0.122;0.164;0.251;0.193;0.261;0.388;0.479;0.005;0.798;0.667;0.752;2.212;4.998;0.015
6125;0.125;0.159;0.256;0.195;0.256;0.381;0.474;0.007;0.808;0.667;0.754;2.2;4.998;0.015
6126;0.125;0.159;0.251;0.193;0.259;0.376;0.466;0.005;0.813;0.671;0.757;2.19;4.998;0.012
6127;0.127;0.159;0.256;0.195;0.256;0.378;0.464;0.007;0.82;0.671;0.757;2.18;4.995;0.012
6128;0.125;0.159;0.244;0.193;0.249;0.374;0.464;0.007;0.828;0.671;0.764;2.168;4.998;0.017
6129;0.122;0.159;0.247;0.193;0.247;0.371;0.457;0.005;0.835;0.667;0.764;2.161;4.998;0.015
6130;0.125;0.159;0.239;0.193;0.249;0.376;0.457;0.005;0.84;0.662;0.767;2.156;4.995;0.015
6131;0.122;0.156;0.239;0.19;0.247;0.374;0.457;0.01;0.852;0.659;0.769;2.146;4.99;0.015
6132;0.12;0.159;0.242;0.186;0.242;0.374;0.461;0.01;0.859;0.649;0.764;2.129;4.98;0.015
6133;0.12;0.159;0.256;0.183;0.237;0.371;0.461;-0.002;0.869;0.647;0.769;2.119;4.973;0.017
6134;0.117;0.161;0.251;0.181;0.242;0.369;0.464;-0.015;0.876;0.64;0.767;2.104;4.968;0.017
6135;0.117;0.161;0.244;0.178;0.249;0.369;0.461;-0.01;0.884;0.632;0.769;2.09;4.951;0.015
6136;0.117;0.159;0.259;0.173;0.247;0.364;0.466;0.002;0.886;0.625;0.764;2.07;4.951;0.02
6137;0.117;0.161;0.254;0.171;0.251;0.366;0.474;0.032;0.896;0.623;0.767;2.061;4.937;0.017
6138;0.112;0.161;0.251;0.173;0.261;0.364;0.481;0.032;0.896;0.615;0.762;2.041;4.91;0.015
6139;0.112;0.164;0.254;0.171;0.261;0.361;0.491;0.024;0.898;0.613;0.767;2.024;4.883;0.015
6140;0.115;0.164;0.251;0.171;0.259;0.366;0.493;0.002;0.903;0.613;0.769;2.007;4.861;0.017
6141;0.11;0.164;0.273;0.178;0.264;0.361;0.5;0.015;0.898;0.61;0.767;1.987;4.829;0.017
6142;0.11;0.168;0.264;0.181;0.269;0.361;0.498;0.024;0.901;0.608;0.769;1.97;4.797;0.012
6143;0.11;0.168;0.264;0.186;0.266;0.361;0.505;0.027;0.898;0.608;0.771;1.956;4.773;0.015
6144;0.11;0.171;0.251;0.188;0.259;0.359;0.508;0.01;0.896;0.61;0.771;1.936;4.749;0.015
6145;0.107;0.173;0.232;0.19;0.264;0.361;0.498;0.002;0.898;0.61;0.771;1.919;4.744;0.017
6146;0.11;0.171;0.239;0.19;0.264;0.356;0.491;-0.01;0.896;0.613;0.771;1.902;4.739;0.015
6147;0.11;0.176;0.227;0.193;0.254;0.354;0.491;-0.024;0.898;0.613;0.771;1.885;4.739;0.012
6148;0.11;0.173;0.239;0.193;0.244;0.352;0.481;-0.02;0.901;0.618;0.776;1.87;4.736;0.017
6149;0.112;0.176;0.239;0.193;0.239;0.349;0.476;-0.02;0.891;0.618;0.771;1.853;4.763;0.017
6150;0.11;0.178;0.242;0.198;0.242;0.347;0.474;-0.015;0.896;0.623;0.776;1.843;4.788;0.012
6151;0.11;0.178;0.249;0.2;0.229;0.347;0.461;-0.022;0.896;0.625;0.776;1.829;4.829;0.015
6152;0.107;0.178;0.251;0.205;0.22;0.352;0.454;-0.022;0.894;0.627;0.776;1.816;4.854;0.015
6153;0.11;0.178;0.249;0.205;0.229;0.359;0.449;-0.015;0.894;0.63;0.779;1.799;4.868;0.012
6154;0.11;0.176;0.259;0.21;0.227;0.359;0.447;-0.015;0.891;0.635;0.779;1.79;4.875;0.015
6155;0.112;0.178;0.264;0.21;0.222;0.364;0.444;-0.012;0.894;0.637;0.781;1.775;4.888;0.015
6156;0.112;0.178;0.3;0.205;0.225;0.364;0.444;-0.012;0.891;0.642;0.784;1.763;4.895;0.017
6157;0.117;0.181;0.308;0.208;0.227;0.366;0.437;-0.017;0.894;0.645;0.786;1.75;4.902;0.017
6158;0.117;0.181;0.366;0.21;0.232;0.366;0.435;-0.015;0.891;0.647;0.786;1.736;4.919;0.039
6159;0.117;0.181;0.381;0.208;0.227;0.371;0.437;-0.017;0.886;0.645;0.784;1.719;4.939;0.4
6160;0.117;0.181;0.483;0.205;0.227;0.371;0.437;1.125;0.886;0.647;0.781;1.709;4.978;2.441
6161;0.12;0.181;0.483;0.203;0.234;0.374;0.442;4.998;0.879;0.647;0.776;1.694;4.998;3.376
6162;0.115;0.183;0.579;0.203;0.234;0.378;0.447;4.998;0.874;0.647;0.769;1.68;4.998;3.184
6163;0.12;0.183;0.505;0.2;0.232;0.383;0.452;4.998;0.869;0.642;0.762;1.667;4.998;3.123
6164;0.115;0.183;0.596;0.2;0.237;0.388;0.454;4.998;0.862;0.637;0.752;1.648;4.998;3.206
6165;0.12;0.186;0.796;0.203;0.242;0.393;0.449;4.998;0.859;0.63;0.747;1.633;4.998;3.696
6166;0.122;0.183;0.684;0.2;0.242;0.398;0.452;4.998;0.852;0.632;0.742;1.616;4.998;3.926
6167;0.122;0.183;0.676;0.203;0.234;0.403;0.457;4.998;0.854;0.63;0.74;1.606;4.998;3.652
6168;0.12;0.181;0.771;0.2;0.239;0.398;0.457;4.998;0.852;0.63;0.742;1.592;4.998;3.682
6169;0.122;0.183;0.657;0.205;0.239;0.4;0.459;4.998;0.857;0.632;0.74;1.584;4.998;4.497
6170;0.125;0.183;0.62;0.2;0.232;0.4;0.461;4.998;0.85;0.627;0.74;1.57;4.998;4.998
6171;0.127;0.181;0.623;0.2;0.229;0.398;0.464;4.998;0.85;0.625;0.74;1.56;4.998;4.998
6172;0.129;0.183;0.552;0.198;0.225;0.398;0.454;4.998;0.85;0.623;0.74;1.553;4.998;4.998
6173;0.132;0.181;0.571;0.195;0.222;0.4;0.449;4.998;0.847;0.623;0.737;1.548;4.998;4.998
6174;0.129;0.183;0.547;0.19;0.222;0.393;0.449;4.998;0.852;0.625;0.742;1.548;4.998;4.998
6175;0.132;0.181;0.593;0.188;0.22;0.386;0.447;4.998;0.854;0.627;0.75;1.548;4.998;4.998
6176;0.132;0.183;0.449;0.188;0.225;0.386;0.437;4.998;0.859;0.623;0.747;1.545;4.998;4.998
6177;0.134;0.183;0.557;0.188;0.217;0.386;0.442;4.998;0.862;0.623;0.75;1.548;4.998;4.998
6178;0.134;0.186;0.688;0.188;0.212;0.391;0.439;4.998;0.862;0.623;0.754;1.55;4.998;4.998
6179;0.134;0.186;0.439;0.188;0.215;0.393;0.43;4.998;0.867;0.625;0.759;1.555;4.998;4.998
6180;0.137;0.186;0.671;0.188;0.22;0.393;0.427;4.998;0.869;0.623;0.764;1.562;4.998;4.998
6181;0.137;0.19;0.75;0.186;0.222;0.4;0.422;4.998;0.872;0.623;0.767;1.567;4.998;4.998
6182;0.137;0.188;0.774;0.19;0.225;0.405;0.417;4.998;0.874;0.625;0.769;1.572;4.998;4.998
6183;0.137;0.188;0.996;0.193;0.229;0.408;0.42;4.998;0.874;0.623;0.767;1.577;4.998;4.998
6184;0.139;0.19;0.718;0.195;0.239;0.413;0.42;4.998;0.874;0.627;0.767;1.584;4.998;4.998
6185;0.139;0.19;1.016;0.195;0.242;0.413;0.417;4.998;0.872;0.625;0.764;1.584;4.998;4.998
6186;0.139;0.19;3.24;0.198;0.244;0.41;0.422;4.998;0.872;0.627;0.759;1.589;4.998;4.998
6187;0.144;0.193;4.998;0.2;0.244;0.413;0.422;4.998;0.874;0.63;0.752;1.597;4.998;4.998
6188;0.142;0.19;4.998;0.2;0.249;0.413;0.425;4.998;0.872;0.63;0.745;1.604;4.998;4.998
6189;0.142;0.193;4.998;0.203;0.247;0.413;0.43;4.998;0.874;0.637;0.742;1.609;4.998;4.998
6190;0.144;0.19;4.998;0.2;0.247;0.41;0.43;4.998;0.876;0.642;0.74;1.614;4.998;4.998
6191;0.144;0.19;4.998;0.205;0.244;0.408;0.437;4.998;0.876;0.647;0.74;1.616;4.998;4.998
6192;0.139;0.193;4.998;0.203;0.242;0.408;0.444;4.998;0.874;0.654;0.737;1.621;4.998;4.998
6193;0.142;0.193;4.998;0.203;0.234;0.408;0.454;4.998;0.876;0.659;0.737;1.621;4.998;4.998
6194;0.142;0.188;4.998;0.2;0.232;0.413;0.459;4.998;0.879;0.667;0.737;1.626;4.998;4.998
6195;0.144;0.188;4.998;0.2;0.229;0.42;0.457;4.998;0.879;0.674;0.732;1.628;4.998;4.998
6196;0.146;0.186;4.998;0.2;0.227;0.425;0.454;4.998;0.881;0.676;0.732;1.628;4.998;4.998
6197;0.149;0.188;4.998;0.2;0.222;0.43;0.449;4.998;0.884;0.681;0.73;1.631;4.998;4.998
6198;0.151;0.183;4.998;0.195;0.215;0.437;0.447;4.998;0.886;0.686;0.725;1.631;4.998;4.998
6199;0.149;0.183;4.998;0.195;0.212;0.444;0.442;4.998;0.891;0.693;0.723;1.633;4.998;4.998
6200;0.151;0.181;4.998;0.195;0.208;0.447;0.444;4.998;0.896;0.701;0.718;1.633;4.998;4.998
6201;0.154;0.176;4.998;0.198;0.205;0.449;0.439;4.998;0.901;0.701;0.713;1.628;4.998;4.998
6202;0.156;0.176;4.998;0.198;0.205;0.447;0.435;4.998;0.903;0.71;0.71;1.626;4.998;4.998
6203;0.161;0.173;4.998;0.195;0.212;0.447;0.432;4.998;0.908;0.718;0.708;1.624;4.998;4.998
6204;0.156;0.173;4.998;0.195;0.217;0.442;0.43;4.856;0.918;0.723;0.708;1.621;4.998;4.998
6205;0.156;0.173;4.998;0.198;0.215;0.439;0.432;4.998;0.916;0.728;0.703;1.611;4.998;4.998
6206;0.154;0.171;4.998;0.2;0.215;0.439;0.43;4.998;0.925;0.732;0.706;1.609;4.998;4.998
6207;0.154;0.173;4.998;0.198;0.22;0.439;0.427;4.744;0.933;0.742;0.713;1.611;4.998;4.998
6208;0.149;0.166;4.998;0.2;0.222;0.439;0.43;4.998;0.935;0.747;0.71;1.602;4.998;4.998
6209;0.149;0.171;4.998;0.2;0.225;0.442;0.43;4.998;0.94;0.754;0.71;1.599;4.998;4.998
6210;0.151;0.171;4.998;0.2;0.229;0.435;0.432;4.998;0.947;0.759;0.713;1.594;4.998;4.998
6211;0.149;0.168;4.998;0.198;0.237;0.43;0.437;4.998;0.952;0.764;0.713;1.589;4.998;4.998
6212;0.151;0.171;4.998;0.2;0.234;0.425;0.442;4.988;0.959;0.767;0.71;1.587;4.998;4.998
6213;0.151;0.171;4.998;0.198;0.232;0.422;0.439;4.998;0.964;0.771;0.718;1.584;4.998;4.998
6214;0.151;0.171;4.998;0.198;0.227;0.42;0.437;4.998;0.972;0.771;0.715;1.58;4.998;4.998
6215;0.154;0.173;4.998;0.198;0.225;0.417;0.439;4.705;0.977;0.771;0.718;1.572;4.998;4.998
6216;0.156;0.173;4.998;0.203;0.217;0.41;0.447;4.656;0.981;0.771;0.713;1.567;4.998;4.998
6217;0.159;0.176;4.998;0.2;0.217;0.405;0.452;4.509;0.986;0.774;0.71;1.56;4.998;4.998
6218;0.161;0.178;4.998;0.203;0.212;0.398;0.452;4.998;0.994;0.771;0.713;1.558;4.998;4.998
6219;0.161;0.178;4.998;0.2;0.21;0.396;0.452;4.998;0.999;0.774;0.708;1.545;4.998;4.998
6220;0.161;0.181;4.998;0.203;0.212;0.396;0.457;4.998;1.011;0.774;0.708;1.541;4.998;4.998
6221;0.164;0.183;4.998;0.205;0.205;0.393;0.454;4.998;1.011;0.781;0.706;1.531;4.998;4.998
6222;0.164;0.186;4.998;0.208;0.203;0.396;0.449;4.998;1.018;0.779;0.71;1.526;4.998;4.998
6223;0.166;0.183;4.998;0.205;0.203;0.396;0.444;4.998;1.021;0.781;0.706;1.516;4.998;4.998
6224;0.161;0.186;4.998;0.208;0.205;0.386;0.437;4.998;1.025;0.789;0.706;1.511;4.998;4.998
6225;0.164;0.186;4.998;0.203;0.208;0.388;0.437;4.888;1.028;0.793;0.703;1.501;4.998;4.998
6226;0.164;0.186;4.817;0.205;0.208;0.383;0.437;4.976;1.025;0.803;0.703;1.494;4.998;4.998
6227;0.164;0.186;2.654;0.205;0.212;0.381;0.435;4.585;1.028;0.808;0.701;1.482;4.998;4.998
6228;0.166;0.186;1.528;0.205;0.215;0.381;0.437;4.583;1.028;0.82;0.703;1.475;4.998;4.998
6229;0.164;0.186;0.991;0.205;0.215;0.378;0.435;4.739;1.03;0.828;0.698;1.462;4.998;4.998
6230;0.164;0.188;0.774;0.203;0.215;0.378;0.43;4.663;1.033;0.833;0.698;1.453;4.998;4.998
6231;0.159;0.188;0.627;0.208;0.215;0.374;0.43;4.783;1.03;0.837;0.696;1.436;4.998;4.998
6232;0.161;0.188;0.637;0.205;0.212;0.374;0.437;4.766;1.03;0.845;0.696;1.423;4.998;4.998
6233;0.166;0.186;0.725;0.205;0.215;0.374;0.432;4.712;1.03;0.847;0.696;1.406;4.998;4.998
6234;0.164;0.188;0.693;0.208;0.212;0.376;0.444;4.766;1.03;0.857;0.698;1.392;4.998;4.998
6235;0.168;0.181;0.696;0.21;0.208;0.378;0.452;4.597;1.028;0.862;0.701;1.375;4.998;4.998
6236;0.168;0.186;0.645;0.21;0.21;0.383;0.457;4.734;1.03;0.872;0.698;1.355;4.998;4.998
6237;0.166;0.183;0.591;0.21;0.21;0.388;0.464;4.395;1.028;0.884;0.698;1.343;4.998;4.998
6238;0.168;0.181;0.613;0.212;0.208;0.386;0.457;4.07;1.028;0.886;0.696;1.326;4.998;4.998
6239;0.166;0.178;0.547;0.212;0.212;0.386;0.449;3.953;1.03;0.894;0.696;1.311;4.998;4.998
6240;0.168;0.178;0.505;0.212;0.208;0.391;0.452;4.397;1.03;0.898;0.691;1.294;4.998;4.998
6241;0.168;0.171;0.574;0.215;0.205;0.393;0.449;4.832;1.033;0.908;0.686;1.282;4.998;4.998
6242;0.171;0.173;0.613;0.212;0.205;0.396;0.447;4.622;1.033;0.911;0.686;1.27;4.998;4.998
6243;0.173;0.173;0.605;0.215;0.205;0.398;0.449;4.526;1.038;0.916;0.684;1.255;4.998;4.998
6244;0.173;0.171;0.703;0.212;0.203;0.396;0.447;4.727;1.035;0.918;0.681;1.243;4.998;4.998
6245;0.171;0.168;0.635;0.215;0.203;0.391;0.444;4.304;1.038;0.918;0.681;1.23;4.998;4.998
6246;0.173;0.168;0.789;0.215;0.205;0.386;0.437;4.429;1.04;0.918;0.679;1.221;4.998;4.998
6247;0.173;0.166;0.776;0.217;0.208;0.386;0.435;4.666;1.04;0.916;0.679;1.211;4.998;4.998
6248;0.171;0.166;0.444;0.217;0.21;0.383;0.432;4.326;1.04;0.913;0.676;1.199;4.998;4.998
6249;0.168;0.166;0.613;0.215;0.212;0.378;0.437;4.099;1.045;0.913;0.674;1.187;4.998;4.998
6250;0.168;0.166;0.698;0.217;0.212;0.378;0.442;4.138;1.047;0.908;0.671;1.174;4.998;4.998
6251;0.168;0.166;0.613;0.215;0.21;0.374;0.444;3.752;1.05;0.906;0.671;1.169;4.998;4.998
6252;0.168;0.166;0.632;0.212;0.205;0.366;0.449;3.823;1.055;0.898;0.669;1.16;4.998;4.998
6253;0.166;0.171;0.535;0.212;0.205;0.366;0.444;4.001;1.057;0.894;0.662;1.15;4.998;4.998
6254;0.166;0.173;0.625;0.21;0.203;0.366;0.439;4.058;1.064;0.891;0.662;1.143;4.998;4.998
6255;0.164;0.168;0.52;0.208;0.203;0.371;0.437;3.975;1.062;0.884;0.654;1.133;4.998;4.998
6256;0.161;0.171;0.503;0.21;0.198;0.369;0.437;3.916;1.067;0.879;0.642;1.121;4.998;4.998
6257;0.164;0.173;0.552;0.208;0.2;0.376;0.439;3.921;1.069;0.874;0.637;1.113;4.998;4.998
6258;0.166;0.173;0.439;0.208;0.198;0.374;0.444;3.643;1.072;0.867;0.63;1.101;4.998;4.998
6259;0.166;0.178;0.671;0.208;0.2;0.381;0.444;3.496;1.072;0.862;0.623;1.096;4.998;4.998
6260;0.171;0.178;0.469;0.208;0.2;0.381;0.447;3.584;1.072;0.857;0.61;1.084;4.998;4.998
6261;0.176;0.178;0.522;0.208;0.2;0.388;0.444;3.313;1.069;0.85;0.603;1.077;4.998;4.998
6262;0.178;0.176;0.654;0.208;0.203;0.388;0.439;3.096;1.069;0.845;0.598;1.074;4.998;4.998
6263;0.176;0.176;0.669;0.208;0.203;0.393;0.442;3.057;1.067;0.842;0.586;1.062;4.998;4.998
6264;0.178;0.181;0.62;0.205;0.198;0.398;0.442;2.952;1.062;0.837;0.583;1.055;4.998;4.998
6265;0.183;0.176;0.618;0.205;0.198;0.396;0.437;2.927;1.057;0.833;0.581;1.047;4.998;4.998
6266;0.183;0.178;0.742;0.203;0.198;0.393;0.444;2.854;1.055;0.833;0.571;1.038;4.998;4.998
6267;0.183;0.176;0.671;0.205;0.195;0.391;0.447;2.754;1.047;0.833;0.569;1.025;4.998;4.998
6268;0.183;0.173;0.481;0.205;0.193;0.388;0.449;2.788;1.04;0.825;0.566;1.016;4.998;4.998
6269;0.186;0.173;0.464;0.208;0.198;0.391;0.454;2.568;1.038;0.828;0.571;1.003;4.998;4.998
6270;0.186;0.173;0.508;0.208;0.205;0.386;0.454;2.478;1.03;0.828;0.576;0.986;4.998;4.998
6271;0.188;0.171;0.603;0.208;0.21;0.388;0.454;2.559;1.023;0.825;0.579;0.972;4.998;4.998
6272;0.188;0.171;0.596;0.208;0.21;0.381;0.454;2.349;1.018;0.828;0.588;0.964;4.998;4.998
6273;0.193;0.166;0.603;0.212;0.212;0.378;0.454;2.358;1.011;0.83;0.593;0.95;4.998;4.998
6274;0.19;0.168;0.547;0.212;0.217;0.376;0.452;2.363;1.006;0.833;0.605;0.938;4.998;4.998
6275;0.19;0.168;0.637;0.215;0.22;0.369;0.452;2.312;1.001;0.837;0.613;0.92;4.998;4.998
6276;0.19;0.166;0.701;0.215;0.22;0.366;0.452;2.129;0.991;0.835;0.62;0.906;4.998;4.998
6277;0.193;0.166;0.557;0.217;0.22;0.364;0.452;2.163;0.984;0.84;0.63;0.894;4.998;4.998
6278;0.195;0.164;0.515;0.212;0.225;0.366;0.454;2.256;0.977;0.84;0.645;0.881;4.998;4.998
6279;0.195;0.166;0.591;0.217;0.222;0.361;0.457;2.17;0.972;0.845;0.657;0.874;4.998;4.998
6280;0.195;0.164;0.608;0.22;0.222;0.369;0.459;2.139;0.962;0.842;0.671;0.862;4.998;4.998
6281;0.195;0.166;0.515;0.22;0.222;0.371;0.464;2.312;0.962;0.842;0.681;0.857;4.998;4.998
6282;0.193;0.166;0.483;0.22;0.22;0.376;0.471;2.234;0.947;0.845;0.693;0.847;4.998;4.998
6283;0.188;0.168;0.649;0.222;0.217;0.376;0.479;2.041;0.947;0.847;0.698;0.84;4.998;4.998
6284;0.186;0.168;0.559;0.222;0.215;0.378;0.488;2.031;0.94;0.845;0.71;0.835;4.998;4.998
6285;0.186;0.171;0.488;0.225;0.212;0.381;0.493;1.956;0.933;0.847;0.72;0.828;4.998;4.998
6286;0.186;0.168;0.535;0.234;0.215;0.378;0.488;1.919;0.93;0.85;0.725;0.823;4.998;4.998
6287;0.188;0.168;0.549;0.237;0.215;0.376;0.486;1.904;0.92;0.847;0.732;0.813;4.998;4.998
6288;0.188;0.168;0.386;0.239;0.215;0.376;0.483;2.097;0.913;0.847;0.735;0.806;4.998;4.998
6289;0.19;0.171;0.381;0.239;0.22;0.374;0.474;2.388;0.906;0.852;0.745;0.803;4.998;4.998
6290;0.186;0.168;0.469;0.239;0.222;0.374;0.471;2.371;0.901;0.85;0.747;0.798;4.998;4.998
6291;0.186;0.168;0.33;0.237;0.225;0.369;0.464;2.332;0.894;0.854;0.757;0.791;4.998;4.998
6292;0.186;0.171;0.498;0.242;0.227;0.364;0.461;2.207;0.886;0.854;0.764;0.786;4.998;4.998
6293;0.186;0.171;0.427;0.242;0.229;0.359;0.464;2.107;0.881;0.857;0.764;0.776;4.998;4.998
6294;0.183;0.171;0.425;0.244;0.229;0.352;0.469;2.29;0.874;0.857;0.757;0.769;4.998;4.998
6295;0.188;0.171;0.713;0.242;0.227;0.352;0.469;2.791;0.869;0.857;0.75;0.764;4.998;4.998
6296;0.188;0.171;0.53;0.239;0.232;0.349;0.464;3.84;0.857;0.857;0.737;0.757;4.998;4.998
6297;0.19;0.171;0.627;0.232;0.232;0.352;0.461;4.998;0.857;0.854;0.732;0.75;4.998;4.998
6298;0.19;0.168;0.654;0.229;0.237;0.349;0.461;4.998;0.847;0.857;0.73;0.74;4.998;4.998
6299;0.188;0.166;0.657;0.225;0.242;0.354;0.457;4.841;0.84;0.852;0.725;0.73;4.998;4.998
6300;0.188;0.164;0.442;0.225;0.242;0.352;0.459;4.998;0.835;0.854;0.723;0.723;4.998;4.998
6301;0.188;0.164;0.442;0.225;0.239;0.349;0.461;4.57;0.83;0.854;0.72;0.715;4.998;4.998
6302;0.188;0.161;0.344;0.222;0.242;0.347;0.464;3.286;0.823;0.854;0.715;0.706;4.998;4.998
6303;0.19;0.161;0.222;0.22;0.242;0.347;0.457;3.188;0.815;0.852;0.71;0.701;4.998;4.998
6304;0.19;0.164;0.286;0.22;0.242;0.347;0.457;3.286;0.811;0.852;0.706;0.693;4.998;4.998
6305;0.193;0.164;0.425;0.22;0.239;0.344;0.454;3.564;0.803;0.847;0.696;0.684;4.998;4.998
6306;0.193;0.164;0.413;0.22;0.234;0.344;0.439;3.274;0.793;0.85;0.698;0.676;4.998;4.998
6307;0.19;0.166;0.408;0.22;0.232;0.344;0.444;3.359;0.789;0.847;0.696;0.669;4.998;4.998
6308;0.19;0.166;0.422;0.222;0.227;0.339;0.452;2.949;0.781;0.845;0.696;0.662;4.998;4.998
6309;0.193;0.166;0.232;0.225;0.225;0.339;0.459;3.018;0.769;0.842;0.698;0.654;4.998;4.998
6310;0.19;0.171;0.178;0.227;0.225;0.337;0.466;3.269;0.769;0.842;0.703;0.647;4.998;4.998
6311;0.193;0.168;0.256;0.232;0.22;0.339;0.481;3.247;0.762;0.845;0.71;0.64;4.998;4.998
6312;0.195;0.171;0.205;0.234;0.22;0.339;0.488;2.861;0.757;0.852;0.715;0.635;4.998;4.998
6313;0.195;0.173;0.173;0.242;0.22;0.337;0.508;3.074;0.752;0.852;0.72;0.63;4.998;4.998
6314;0.198;0.176;0.178;0.244;0.22;0.342;0.525;3.247;0.752;0.857;0.73;0.625;4.998;4.998
6315;0.205;0.173;0.21;0.249;0.215;0.339;0.53;2.949;0.747;0.864;0.735;0.623;4.998;4.998
6316;0.205;0.176;0.186;0.247;0.212;0.337;0.535;2.808;0.747;0.864;0.74;0.615;4.998;4.998
6317;0.208;0.178;0.193;0.249;0.217;0.337;0.537;2.893;0.745;0.869;0.747;0.613;4.998;4.998
6318;0.208;0.178;0.2;0.247;0.222;0.334;0.525;2.834;0.745;0.876;0.757;0.61;4.998;4.998
6319;0.21;0.178;0.208;0.247;0.225;0.334;0.503;2.859;0.735;0.874;0.757;0.603;4.998;4.998
6320;0.212;0.181;0.203;0.249;0.232;0.332;0.503;2.705;0.742;0.881;0.767;0.605;4.998;4.998
6321;0.215;0.178;0.193;0.251;0.237;0.325;0.488;2.761;0.737;0.884;0.771;0.605;4.998;4.998
6322;0.217;0.178;0.188;0.249;0.242;0.322;0.469;2.639;0.737;0.886;0.776;0.601;4.998;4.998
6323;0.22;0.178;0.188;0.251;0.247;0.322;0.459;2.502;0.732;0.886;0.774;0.596;4.998;4.998
6324;0.222;0.176;0.178;0.249;0.254;0.32;0.447;2.935;0.73;0.889;0.776;0.598;4.998;4.998
6325;0.22;0.173;0.178;0.249;0.259;0.317;0.447;3.184;0.725;0.889;0.776;0.598;4.998;4.998
6326;0.22;0.171;0.186;0.249;0.259;0.32;0.464;3.748;0.723;0.886;0.776;0.598;4.998;4.998
6327;0.22;0.168;0.188;0.249;0.259;0.322;0.488;4.106;0.718;0.884;0.771;0.596;4.998;4.998
6328;0.217;0.168;0.183;0.249;0.259;0.325;0.503;4.177;0.718;0.889;0.779;0.596;4.998;4.998
6329;0.22;0.166;0.181;0.247;0.256;0.334;0.535;4.055;0.71;0.889;0.774;0.591;4.998;4.998
6330;0.222;0.168;0.183;0.247;0.254;0.337;0.525;3.621;0.713;0.889;0.779;0.591;4.998;4.998
6331;0.225;0.166;0.181;0.249;0.249;0.342;0.53;3.411;0.706;0.884;0.769;0.586;4.998;4.998
6332;0.225;0.161;0.186;0.247;0.251;0.344;0.51;3.633;0.71;0.886;0.769;0.588;4.998;4.998
6333;0.225;0.164;0.183;0.247;0.254;0.347;0.51;3.691;0.71;0.886;0.769;0.588;4.998;4.998
6334;0.225;0.164;0.183;0.247;0.254;0.344;0.505;3.865;0.713;0.886;0.764;0.586;4.998;4.998
6335;0.225;0.161;0.178;0.242;0.256;0.347;0.52;4.004;0.718;0.884;0.762;0.583;4.998;4.998
6336;0.225;0.164;0.181;0.242;0.261;0.347;0.53;3.782;0.718;0.889;0.757;0.583;4.998;4.998
6337;0.225;0.164;0.176;0.242;0.261;0.342;0.505;3.555;0.718;0.889;0.754;0.579;4.998;4.998
6338;0.225;0.166;0.173;0.237;0.259;0.339;0.486;3.345;0.715;0.884;0.747;0.576;4.998;4.998
6339;0.222;0.164;0.173;0.239;0.261;0.339;0.476;3.086;0.72;0.891;0.745;0.579;4.998;4.998
6340;0.22;0.164;0.173;0.237;0.269;0.334;0.459;3.032;0.723;0.894;0.742;0.574;4.998;4.998
6341;0.215;0.168;0.173;0.234;0.271;0.332;0.461;2.998;0.723;0.898;0.742;0.571;4.998;4.998
6342;0.215;0.168;0.176;0.232;0.269;0.332;0.493;2.957;0.723;0.901;0.74;0.571;4.998;4.998
6343;0.212;0.171;0.173;0.232;0.269;0.332;0.493;2.832;0.723;0.903;0.74;0.564;4.998;4.998
6344;0.21;0.171;0.168;0.232;0.271;0.337;0.486;2.715;0.72;0.903;0.74;0.562;4.998;4.998
6345;0.212;0.173;0.164;0.232;0.266;0.332;0.491;2.676;0.72;0.913;0.745;0.564;4.998;4.998
6346;0.208;0.181;0.164;0.229;0.261;0.332;0.5;2.371;0.72;0.913;0.747;0.559;4.998;4.998
6347;0.208;0.178;0.161;0.227;0.259;0.337;0.488;2.217;0.715;0.916;0.745;0.554;4.998;4.998
6348;0.208;0.181;0.159;0.227;0.259;0.337;0.483;2.202;0.715;0.916;0.747;0.552;4.998;4.998
6349;0.205;0.183;0.154;0.225;0.254;0.342;0.488;2.339;0.71;0.918;0.745;0.549;4.998;4.998
6350;0.208;0.181;0.149;0.222;0.251;0.339;0.474;2.454;0.713;0.92;0.745;0.554;4.998;4.998
6351;0.208;0.183;0.149;0.225;0.256;0.337;0.461;2.617;0.71;0.923;0.742;0.549;4.998;4.998
6352;0.208;0.183;0.151;0.222;0.256;0.337;0.481;2.52;0.708;0.928;0.745;0.552;4.998;4.998
6353;0.212;0.183;0.149;0.22;0.254;0.339;0.476;2.593;0.708;0.935;0.747;0.554;4.998;4.998
6354;0.212;0.186;0.149;0.222;0.251;0.337;0.483;2.727;0.71;0.947;0.75;0.557;4.998;4.998
6355;0.215;0.186;0.146;0.222;0.254;0.339;0.488;3;0.713;0.957;0.754;0.559;4.998;4.998
6356;0.215;0.183;0.151;0.222;0.254;0.347;0.5;3.059;0.71;0.959;0.757;0.559;4.998;4.998
6357;0.212;0.183;0.149;0.222;0.251;0.349;0.51;2.883;0.713;0.964;0.762;0.564;4.998;4.998
6358;0.21;0.183;0.149;0.22;0.254;0.352;0.532;2.703;0.715;0.964;0.771;0.566;4.998;4.998
6359;0.212;0.183;0.144;0.222;0.259;0.354;0.532;2.764;0.72;0.967;0.774;0.566;4.998;4.998
6360;0.208;0.183;0.149;0.225;0.259;0.349;0.525;3.335;0.723;0.969;0.786;0.569;4.998;4.998
6361;0.208;0.181;0.151;0.222;0.256;0.349;0.505;3.955;0.728;0.964;0.793;0.574;4.998;4.998
6362;0.208;0.181;0.146;0.225;0.256;0.344;0.454;3.928;0.732;0.967;0.801;0.574;4.998;4.998
6363;0.205;0.181;0.149;0.225;0.259;0.342;0.4;3.943;0.732;0.959;0.801;0.571;4.998;4.998
6364;0.205;0.181;0.149;0.227;0.259;0.339;0.386;4.133;0.74;0.957;0.803;0.569;4.998;4.998
6365;0.203;0.178;0.151;0.225;0.259;0.337;0.371;3.901;0.745;0.959;0.806;0.571;4.998;4.998
6366;0.205;0.181;0.151;0.227;0.259;0.337;0.374;3.65;0.752;0.957;0.803;0.566;4.998;4.998
6367;0.205;0.181;0.151;0.225;0.261;0.339;0.413;3.55;0.762;0.959;0.806;0.566;4.998;4.998
6368;0.208;0.178;0.154;0.222;0.259;0.334;0.449;3.484;0.771;0.969;0.806;0.564;4.998;4.998
6369;0.205;0.181;0.159;0.225;0.254;0.342;0.493;3.076;0.781;0.981;0.803;0.566;4.998;4.998
6370;0.208;0.178;0.154;0.225;0.249;0.342;0.527;2.913;0.796;0.996;0.796;0.564;4.998;4.998
6371;0.208;0.178;0.154;0.227;0.247;0.347;0.537;3.176;0.806;1.013;0.786;0.564;4.998;4.998
6372;0.208;0.178;0.151;0.227;0.242;0.347;0.544;3.611;0.823;1.042;0.784;0.569;4.998;4.998
6373;0.203;0.173;0.149;0.225;0.239;0.344;0.559;3.538;0.833;1.062;0.774;0.564;4.998;4.998
6374;0.205;0.173;0.146;0.227;0.242;0.344;0.564;3.601;0.845;1.079;0.764;0.569;4.998;4.998
6375;0.203;0.171;0.146;0.227;0.244;0.349;0.54;3.794;0.85;1.089;0.75;0.566;4.998;4.998
6376;0.198;0.171;0.144;0.229;0.242;0.352;0.52;3.511;0.872;1.101;0.747;0.576;4.998;4.998
6377;0.198;0.171;0.144;0.229;0.244;0.361;0.486;3.318;0.874;1.101;0.732;0.571;4.998;4.998
6378;0.198;0.171;0.146;0.229;0.251;0.369;0.435;3.379;0.886;1.106;0.718;0.574;4.998;4.998
6379;0.193;0.171;0.144;0.229;0.256;0.374;0.459;3.174;0.894;1.111;0.706;0.579;4.998;4.998
6380;0.193;0.173;0.144;0.227;0.256;0.374;0.474;2.786;0.906;1.111;0.698;0.581;4.998;4.998
6381;0.193;0.176;0.142;0.225;0.264;0.371;0.498;2.681;0.911;1.108;0.691;0.581;4.998;4.998
6382;0.195;0.178;0.146;0.225;0.264;0.371;0.515;2.651;0.923;1.116;0.693;0.586;4.998;4.998
6383;0.193;0.178;0.146;0.225;0.264;0.371;0.498;2.412;0.928;1.113;0.693;0.591;4.998;4.998
6384;0.198;0.178;0.144;0.222;0.261;0.369;0.488;2.224;0.94;1.116;0.698;0.593;4.998;4.998
6385;0.2;0.178;0.144;0.22;0.259;0.369;0.479;2.439;0.945;1.116;0.701;0.598;4.998;4.998
6386;0.198;0.181;0.146;0.215;0.254;0.361;0.505;2.461;0.952;1.116;0.706;0.603;4.998;4.998
6387;0.198;0.178;0.149;0.212;0.254;0.356;0.522;2.488;0.964;1.113;0.715;0.613;4.998;4.998
6388;0.195;0.178;0.146;0.212;0.251;0.354;0.513;2.539;0.967;1.111;0.715;0.615;4.998;4.998
6389;0.195;0.181;0.149;0.212;0.251;0.352;0.493;2.603;0.972;1.106;0.725;0.623;4.998;4.998
6390;0.198;0.183;0.149;0.212;0.249;0.347;0.464;2.666;0.974;1.104;0.732;0.623;4.998;4.998
6391;0.198;0.183;0.156;0.21;0.249;0.349;0.435;2.571;0.984;1.101;0.747;0.63;4.998;4.998
6392;0.198;0.183;0.156;0.212;0.249;0.349;0.432;2.317;0.981;1.091;0.75;0.632;4.998;4.998
6393;0.195;0.183;0.159;0.212;0.249;0.356;0.427;2.336;0.981;1.077;0.742;0.627;4.998;4.998
6394;0.193;0.186;0.161;0.212;0.249;0.364;0.835;2.434;0.972;1.057;0.735;0.625;4.998;4.998
6395;0.193;0.186;0.154;0.212;0.244;0.369;1.694;2.471;0.964;1.038;0.728;0.627;4.998;4.998
6396;0.195;0.19;0.156;0.212;0.249;0.376;1.453;2.422;0.947;1.011;0.708;0.615;4.998;4.998
6397;0.198;0.19;0.156;0.212;0.249;0.381;1.799;2.646;0.94;0.994;0.701;0.598;4.998;4.998
6398;0.198;0.193;0.159;0.215;0.251;0.378;2.219;2.627;0.925;0.967;0.686;0.576;4.998;4.998
6399;0.2;0.198;0.156;0.215;0.251;0.386;3.411;2.554;0.923;0.962;0.688;0.566;4.998;4.998
6400;0.205;0.198;0.156;0.217;0.254;0.391;2.324;2.771;0.925;0.95;0.693;0.552;4.998;4.998
6401;0.2;0.195;0.154;0.217;0.254;0.388;3.137;2.786;0.923;0.95;0.701;0.544;4.998;4.998
6402;0.2;0.195;0.154;0.225;0.256;0.388;3.391;2.527;0.923;0.945;0.71;0.535;4.998;4.998
6403;0.2;0.193;0.154;0.229;0.256;0.388;2.485;2.446;0.913;0.928;0.708;0.522;4.998;4.998
6404;0.2;0.193;0.154;0.227;0.254;0.391;2.883;2.407;0.92;0.92;0.718;0.525;4.998;4.998
6405;0.195;0.193;0.151;0.227;0.254;0.388;3.115;2.217;0.925;0.92;0.728;0.535;4.998;4.998
6406;0.2;0.19;0.154;0.229;0.259;0.388;2.336;2.19;0.938;0.928;0.745;0.542;4.998;4.998
6407;0.2;0.193;0.156;0.229;0.259;0.396;2.805;2.598;0.952;0.93;0.762;0.557;4.998;4.998
6408;0.2;0.19;0.154;0.232;0.254;0.391;2.698;2.839;0.964;0.933;0.771;0.564;4.998;4.998
6409;0.198;0.193;0.156;0.229;0.259;0.381;2.151;2.783;0.979;0.935;0.784;0.574;4.998;4.998
6410;0.195;0.19;0.156;0.229;0.256;0.383;2.393;3.279;0.996;0.938;0.789;0.579;4.998;4.998
6411;0.195;0.188;0.154;0.229;0.254;0.378;2.336;3.701;1.008;0.938;0.786;0.583;4.998;4.998
6412;0.195;0.193;0.156;0.232;0.251;0.386;1.992;3.682;1.016;0.938;0.776;0.586;4.998;4.998
6413;0.195;0.19;0.156;0.229;0.249;0.391;2.131;3.628;1.035;0.94;0.774;0.603;4.998;4.998
6414;0.195;0.19;0.159;0.229;0.249;0.393;2.185;3.616;1.047;0.945;0.771;0.615;4.998;4.998
6415;0.19;0.193;0.161;0.227;0.247;0.391;2.131;3.232;1.064;0.95;0.769;0.625;4.998;4.998
6416;0.193;0.19;0.164;0.227;0.247;0.388;2.188;3.108;1.074;0.95;0.762;0.632;4.998;4.998
6417;0.195;0.19;0.166;0.225;0.249;0.383;2.52;3.018;1.074;0.945;0.752;0.632;4.998;4.998
6418;0.19;0.193;0.173;0.225;0.247;0.386;2.502;2.998;1.079;0.94;0.742;0.635;4.998;4.998
6419;0.19;0.19;0.166;0.222;0.239;0.376;2.185;2.747;1.091;0.945;0.737;0.635;4.998;4.998
6420;0.19;0.19;0.171;0.225;0.237;0.378;2.397;2.861;1.106;0.955;0.737;0.642;4.998;4.998
6421;0.193;0.19;0.171;0.225;0.237;0.376;2.412;2.979;1.116;0.957;0.732;0.647;4.998;4.998
6422;0.195;0.19;0.171;0.222;0.234;0.369;2.249;3.059;1.123;0.959;0.723;0.649;4.998;4.998
6423;0.193;0.19;0.178;0.222;0.229;0.376;2.158;2.903;1.135;0.959;0.72;0.654;4.998;4.998
6424;0.193;0.188;0.178;0.22;0.229;0.366;2.351;2.888;1.14;0.962;0.713;0.662;4.998;4.998
6425;0.19;0.186;0.176;0.22;0.229;0.369;2.061;2.878;1.155;0.972;0.715;0.669;4.998;4.998
6426;0.186;0.186;0.181;0.22;0.229;0.374;2.244;2.791;1.169;0.979;0.718;0.679;4.998;4.998
6427;0.188;0.188;0.181;0.22;0.229;0.366;2.29;2.542;1.179;0.989;0.715;0.686;4.998;4.998
6428;0.188;0.188;0.183;0.22;0.229;0.371;2.09;2.473;1.182;0.991;0.713;0.691;4.998;4.998
6429;0.19;0.186;0.176;0.217;0.234;0.374;2.18;2.439;1.184;0.994;0.706;0.696;4.998;4.998
6430;0.19;0.188;0.178;0.215;0.234;0.374;2.468;2.312;1.189;0.996;0.706;0.701;4.998;4.998
6431;0.193;0.188;0.176;0.215;0.234;0.369;2.112;2.397;1.194;0.996;0.698;0.71;4.998;4.998
6432;0.193;0.186;0.173;0.215;0.239;0.371;2.068;2.512;1.194;1.003;0.693;0.718;4.998;4.998
6433;0.195;0.19;0.171;0.212;0.244;0.369;2.358;2.52;1.194;0.999;0.686;0.72;4.998;4.998
6434;0.193;0.188;0.166;0.215;0.244;0.371;1.943;2.485;1.182;0.986;0.674;0.72;4.998;4.998
6435;0.195;0.193;0.166;0.215;0.244;0.371;1.836;2.537;1.177;0.979;0.662;0.723;4.998;4.998
6436;0.198;0.193;0.166;0.212;0.244;0.371;2.075;2.41;1.174;0.979;0.657;0.728;4.998;4.998
6437;0.195;0.19;0.164;0.217;0.247;0.361;1.78;2.334;1.179;0.986;0.659;0.735;4.998;4.998
6438;0.195;0.193;0.164;0.217;0.247;0.347;1.57;2.305;1.189;0.991;0.669;0.747;4.998;4.998
6439;0.195;0.19;0.161;0.217;0.244;0.339;1.763;2.307;1.208;1.008;0.679;0.767;4.998;4.998
6440;0.193;0.19;0.161;0.217;0.247;0.347;1.694;2.244;1.226;1.023;0.696;0.776;4.998;4.998
6441;0.193;0.19;0.164;0.217;0.244;0.344;1.594;2.224;1.248;1.035;0.71;0.793;4.998;4.998
6442;0.19;0.19;0.161;0.217;0.239;0.356;1.836;2.493;1.262;1.047;0.718;0.808;4.998;4.998
6443;0.188;0.188;0.159;0.22;0.234;0.361;2.163;2.708;1.277;1.06;0.725;0.818;4.998;4.998
6444;0.186;0.188;0.164;0.22;0.232;0.359;2.007;2.786;1.289;1.064;0.725;0.825;4.998;4.998
6445;0.186;0.188;0.164;0.22;0.225;0.356;2.317;2.717;1.301;1.069;0.723;0.835;4.998;4.998
6446;0.186;0.19;0.164;0.215;0.217;0.356;2.271;2.632;1.323;1.074;0.728;0.845;4.998;4.998
6447;0.183;0.186;0.166;0.217;0.215;0.366;2.126;2.593;1.335;1.074;0.725;0.85;4.998;4.998
6448;0.183;0.186;0.166;0.215;0.217;0.361;2.271;2.478;1.357;1.074;0.73;0.859;4.998;4.998
6449;0.186;0.188;0.166;0.215;0.22;0.361;2.456;2.688;1.377;1.072;0.735;0.869;4.998;4.998
6450;0.183;0.186;0.173;0.217;0.217;0.361;1.992;3.291;1.394;1.069;0.735;0.879;4.998;4.998
6451;0.183;0.186;0.178;0.217;0.22;0.349;2.173;3.655;1.421;1.074;0.747;0.894;4.998;4.998
6452;0.181;0.188;0.181;0.212;0.222;0.342;2.185;3.921;1.453;1.077;0.757;0.906;4.998;4.998
6453;0.186;0.183;0.183;0.212;0.22;0.342;1.875;4.172;1.482;1.079;0.764;0.913;4.998;4.998
6454;0.183;0.181;0.186;0.212;0.222;0.33;1.809;3.999;1.497;1.067;0.757;0.906;4.998;4.998
6455;0.186;0.183;0.188;0.212;0.222;0.33;1.953;3.464;1.521;1.06;0.752;0.908;4.998;4.998
6456;0.186;0.181;0.188;0.212;0.225;0.332;2.024;3.154;1.548;1.05;0.75;0.906;4.998;4.998
6457;0.186;0.178;0.188;0.215;0.222;0.327;2.012;3.186;1.577;1.042;0.74;0.903;4.998;4.998
6458;0.188;0.181;0.19;0.212;0.225;0.337;2.102;2.915;1.609;1.03;0.728;0.898;4.998;4.998
6459;0.188;0.181;0.19;0.21;0.222;0.342;2.173;2.546;1.643;1.023;0.72;0.894;4.998;4.998
6460;0.19;0.183;0.19;0.21;0.222;0.349;2.041;2.712;1.667;1.013;0.708;0.894;4.998;4.998
6461;0.195;0.181;0.193;0.21;0.217;0.352;2.178;2.693;1.682;1.006;0.698;0.889;4.998;4.998
6462;0.195;0.181;0.188;0.208;0.215;0.352;2.129;2.6;1.692;1.003;0.688;0.889;4.998;4.998
6463;0.195;0.178;0.188;0.21;0.215;0.349;2.068;2.581;1.687;1.006;0.684;0.884;4.998;4.998
6464;0.198;0.181;0.188;0.208;0.217;0.354;2.073;2.695;1.682;1.011;0.684;0.886;4.998;4.998
6465;0.195;0.178;0.186;0.21;0.22;0.371;2.261;2.673;1.677;1.021;0.686;0.889;4.998;4.998
6466;0.195;0.181;0.186;0.21;0.227;0.378;1.897;2.49;1.663;1.023;0.681;0.886;4.998;4.998
6467;0.195;0.181;0.183;0.208;0.232;0.376;2.083;2.634;1.638;1.023;0.671;0.879;4.998;4.998
6468;0.193;0.178;0.186;0.208;0.234;0.371;2.029;2.588;1.621;1.021;0.669;0.876;4.998;4.998
6469;0.193;0.181;0.186;0.205;0.229;0.361;1.719;2.568;1.606;1.025;0.669;0.879;4.998;4.998
6470;0.188;0.181;0.183;0.203;0.227;0.344;1.743;2.778;1.597;1.028;0.669;0.881;4.998;4.998
6471;0.186;0.181;0.186;0.2;0.222;0.347;1.838;2.805;1.592;1.03;0.669;0.884;4.998;4.998
6472;0.183;0.176;0.186;0.2;0.222;0.359;1.58;2.595;1.587;1.033;0.674;0.891;4.998;4.998
6473;0.181;0.178;0.19;0.2;0.22;0.364;1.624;2.546;1.587;1.038;0.674;0.891;4.998;4.998
6474;0.178;0.176;0.19;0.198;0.22;0.371;1.697;2.515;1.592;1.042;0.674;0.898;4.998;4.998
6475;0.178;0.176;0.19;0.198;0.22;0.381;1.501;2.522;1.604;1.05;0.684;0.903;4.998;4.998
6476;0.173;0.171;0.193;0.198;0.212;0.388;1.514;2.478;1.611;1.052;0.684;0.906;4.998;4.998
6477;0.176;0.171;0.198;0.2;0.21;0.396;1.648;2.412;1.621;1.055;0.686;0.908;4.998;4.998
6478;0.173;0.168;0.198;0.2;0.205;0.398;1.453;2.517;1.636;1.062;0.688;0.911;4.998;4.998
6479;0.176;0.168;0.2;0.2;0.203;0.41;1.494;2.559;1.646;1.064;0.691;0.913;4.998;4.998
6480;0.176;0.166;0.205;0.198;0.208;0.405;1.704;2.417;1.665;1.064;0.696;0.918;4.998;4.998
6481;0.178;0.166;0.205;0.2;0.208;0.398;1.536;2.471;1.677;1.067;0.698;0.92;4.998;4.998
6482;0.176;0.166;0.21;0.198;0.212;0.393;1.597;2.493;1.694;1.067;0.703;0.925;4.998;4.998
6483;0.176;0.166;0.21;0.2;0.212;0.388;1.697;2.144;1.709;1.069;0.701;0.93;4.998;4.998
6484;0.176;0.166;0.212;0.2;0.21;0.374;1.643;1.997;1.726;1.069;0.706;0.93;4.998;4.998
6485;0.176;0.166;0.215;0.2;0.212;0.371;1.565;2.078;1.736;1.069;0.703;0.935;4.998;4.998
6486;0.176;0.168;0.217;0.2;0.21;0.359;1.782;2.141;1.743;1.067;0.698;0.935;4.998;4.998
6487;0.173;0.173;0.22;0.203;0.21;0.359;1.731;2.019;1.748;1.064;0.691;0.938;4.998;4.998
6488;0.173;0.171;0.222;0.203;0.212;0.371;1.851;2.151;1.746;1.064;0.686;0.938;4.998;4.998
6489;0.168;0.171;0.222;0.203;0.21;0.364;1.858;2.263;1.75;1.064;0.679;0.942;4.998;4.998
6490;0.171;0.176;0.222;0.205;0.212;0.391;1.746;2.112;1.753;1.069;0.679;0.947;4.998;4.998
6491;0.168;0.178;0.217;0.21;0.212;0.378;1.763;2.026;1.746;1.064;0.667;0.945;4.998;4.998
6492;0.168;0.181;0.222;0.225;0.21;0.388;1.704;2.134;1.738;1.064;0.657;0.95;4.998;4.998
6493;0.168;0.181;0.217;0.222;0.21;0.386;1.584;2.175;1.741;1.069;0.657;0.967;4.998;4.998
6494;0.166;0.181;0.217;0.222;0.21;0.374;1.594;2.119;1.736;1.069;0.649;0.977;4.998;4.998
6495;0.168;0.183;0.217;0.225;0.21;0.361;1.653;2.297;1.729;1.062;0.637;0.986;4.998;4.998
6496;0.171;0.186;0.21;0.222;0.215;0.354;1.587;2.415;1.709;1.045;0.62;0.996;4.998;4.998
6497;0.168;0.186;0.208;0.225;0.215;0.337;1.638;2.417;1.707;1.038;0.61;1.018;4.998;4.998
6498;0.168;0.183;0.208;0.227;0.215;0.342;1.582;2.363;1.707;1.03;0.601;1.038;4.998;4.998
6499;0.168;0.186;0.203;0.225;0.208;0.33;1.567;2.463;1.714;1.033;0.598;1.064;4.998;4.998
6500;0.168;0.186;0.205;0.229;0.208;0.337;1.514;2.493;1.724;1.03;0.593;1.089;4.998;4.998
6501;0.168;0.186;0.198;0.222;0.212;0.33;1.462;2.483;1.743;1.03;0.591;1.111;4.998;4.998
6502;0.168;0.186;0.198;0.225;0.208;0.325;1.582;2.393;1.758;1.03;0.583;1.13;4.998;4.998
6503;0.166;0.183;0.198;0.225;0.217;0.322;1.558;2.244;1.782;1.033;0.583;1.157;4.998;4.998
6504;0.164;0.181;0.198;0.217;0.225;0.325;1.553;2.078;1.814;1.035;0.586;1.177;4.998;4.998
6505;0.166;0.186;0.198;0.217;0.225;0.332;1.616;2.051;1.848;1.033;0.583;1.196;4.998;4.998
6506;0.161;0.183;0.193;0.217;0.229;0.344;1.626;2.031;1.877;1.023;0.574;1.206;4.998;4.998
6507;0.161;0.181;0.195;0.217;0.225;0.356;1.514;2.043;1.919;1.023;0.571;1.218;4.998;4.998
6508;0.164;0.183;0.193;0.215;0.217;0.344;1.528;2.058;1.963;1.018;0.566;1.235;4.998;4.998
6509;0.159;0.183;0.198;0.215;0.212;0.334;1.472;2.122;2.004;1.013;0.562;1.248;4.998;4.998
6510;0.161;0.181;0.198;0.215;0.212;0.322;1.44;2.131;2.053;1.008;0.559;1.265;4.998;4.998
6511;0.161;0.181;0.195;0.212;0.222;0.325;1.548;2.024;2.102;1.003;0.554;1.279;4.998;4.998
6512;0.161;0.186;0.198;0.21;0.227;0.317;1.541;1.948;2.153;1.003;0.557;1.299;4.998;4.998
6513;0.161;0.181;0.198;0.212;0.232;0.325;1.511;2.124;2.2;1.003;0.554;1.313;4.998;4.998
6514;0.161;0.186;0.2;0.215;0.239;0.33;1.609;2.173;2.244;0.999;0.557;1.328;4.998;4.998
6515;0.159;0.186;0.198;0.212;0.239;0.32;1.558;2.217;2.29;1.003;0.559;1.345;4.998;4.998
6516;0.159;0.188;0.198;0.215;0.242;0.3;1.514;2.239;2.329;0.999;0.562;1.36;4.998;4.998
6517;0.156;0.186;0.203;0.217;0.242;0.317;1.545;2.241;2.361;0.996;0.559;1.372;4.998;4.998
6518;0.154;0.188;0.198;0.222;0.244;0.315;1.487;2.161;2.39;0.991;0.562;1.379;4.998;4.998
6519;0.151;0.186;0.2;0.225;0.244;0.32;1.404;2.039;2.419;0.989;0.559;1.392;4.998;4.998
6520;0.151;0.19;0.2;0.225;0.247;0.354;1.382;1.958;2.451;0.981;0.562;1.406;4.998;4.998
6521;0.149;0.19;0.203;0.222;0.242;0.349;1.279;1.987;2.48;0.979;0.562;1.418;4.998;4.998
6522;0.149;0.193;0.2;0.225;0.247;0.347;1.235;2.092;2.51;0.974;0.566;1.433;4.998;4.998
6523;0.149;0.195;0.205;0.225;0.234;0.339;1.187;2.087;2.542;0.969;0.566;1.445;4.998;4.998
6524;0.149;0.195;0.203;0.225;0.222;0.342;1.162;2.17;2.566;0.957;0.559;1.458;4.998;4.998
6525;0.151;0.193;0.2;0.225;0.22;0.325;1.213;2.092;2.593;0.95;0.559;1.472;4.998;4.998
6526;0.149;0.195;0.198;0.227;0.22;0.344;1.282;2.034;2.62;0.94;0.554;1.494;4.998;4.998
6527;0.151;0.198;0.2;0.229;0.229;0.339;1.338;2.061;2.642;0.933;0.552;1.509;4.998;4.998
6528;0.154;0.198;0.195;0.227;0.234;0.344;1.389;2.375;2.666;0.925;0.549;1.528;4.998;4.998
6529;0.154;0.2;0.198;0.229;0.237;0.347;1.431;2.566;2.686;0.916;0.549;1.545;4.998;4.998
6530;0.156;0.198;0.195;0.225;0.251;0.342;1.416;2.634;2.7;0.908;0.544;1.562;4.998;4.998
6531;0.156;0.2;0.2;0.227;0.244;0.334;1.453;2.661;2.708;0.896;0.542;1.575;4.998;4.998
6532;0.159;0.203;0.195;0.227;0.244;0.33;1.487;2.612;2.712;0.889;0.537;1.592;4.998;4.998
6533;0.156;0.203;0.198;0.227;0.237;0.344;1.628;2.485;2.715;0.876;0.532;1.599;4.998;4.998
6534;0.156;0.203;0.193;0.229;0.247;0.342;1.675;2.349;2.722;0.869;0.532;1.614;4.998;4.998
6535;0.154;0.205;0.198;0.227;0.244;0.356;1.616;2.161;2.729;0.864;0.527;1.626;4.998;4.998
6536;0.154;0.203;0.193;0.227;0.239;0.354;1.597;2.2;2.744;0.862;0.53;1.638;4.998;4.998
6537;0.156;0.208;0.195;0.227;0.234;0.354;1.582;2.358;2.766;0.862;0.537;1.653;4.998;4.998
6538;0.154;0.208;0.193;0.225;0.242;0.332;1.467;2.466;2.783;0.857;0.532;1.66;4.998;4.998
6539;0.149;0.208;0.195;0.222;0.244;0.322;1.409;2.429;2.798;0.852;0.532;1.67;4.998;4.998
6540;0.151;0.205;0.195;0.22;0.242;0.291;1.455;2.295;2.812;0.854;0.53;1.677;4.998;4.998
6541;0.146;0.208;0.198;0.222;0.244;0.286;1.453;2.136;2.812;0.847;0.53;1.68;4.998;4.998
6542;0.146;0.205;0.2;0.22;0.242;0.278;1.443;1.99;2.817;0.847;0.527;1.682;4.998;4.998
6543;0.146;0.205;0.2;0.22;0.249;0.283;1.436;2;2.815;0.847;0.527;1.682;4.998;4.998
6544;0.144;0.205;0.2;0.22;0.256;0.308;1.313;2.246;2.815;0.847;0.527;1.685;4.998;4.998
6545;0.144;0.203;0.203;0.215;0.251;0.325;1.262;2.432;2.81;0.852;0.525;1.685;4.998;4.998
6546;0.144;0.203;0.2;0.208;0.266;0.339;1.213;2.371;2.803;0.847;0.52;1.685;4.998;4.998
6547;0.142;0.203;0.205;0.21;0.261;0.354;1.145;2.449;2.793;0.845;0.515;1.685;4.998;4.998
6548;0.139;0.203;0.203;0.21;0.261;0.364;1.086;2.283;2.783;0.845;0.51;1.685;4.998;4.998
6549;0.134;0.2;0.205;0.21;0.266;0.364;0.994;2.239;2.773;0.842;0.503;1.685;4.998;4.998
6550;0.132;0.2;0.212;0.212;0.264;0.369;0.974;2.366;2.771;0.837;0.498;1.687;4.998;4.998
6551;0.134;0.2;0.217;0.212;0.261;0.364;0.991;2.568;2.761;0.833;0.496;1.689;4.998;4.998
6552;0.134;0.2;0.215;0.21;0.261;0.361;0.986;2.395;2.754;0.825;0.486;1.682;4.998;4.998
6553;0.137;0.203;0.22;0.21;0.261;0.349;0.945;2.319;2.751;0.825;0.481;1.677;4.998;4.998
6554;0.137;0.203;0.217;0.21;0.271;0.339;0.886;2.505;2.749;0.823;0.479;1.675;4.998;4.998
6555;0.139;0.2;0.227;0.212;0.259;0.317;0.869;2.498;2.747;0.82;0.476;1.665;4.998;4.998
6556;0.142;0.203;0.229;0.212;0.273;0.322;0.881;2.437;2.751;0.823;0.474;1.655;4.998;4.998
6557;0.142;0.203;0.232;0.208;0.269;0.317;0.959;2.434;2.754;0.82;0.471;1.641;4.998;4.998
6558;0.146;0.203;0.229;0.205;0.271;0.31;1.023;2.437;2.756;0.823;0.464;1.628;4.998;4.998
6559;0.146;0.203;0.234;0.205;0.266;0.305;1.03;2.283;2.766;0.828;0.466;1.619;4.998;4.998
6560;0.149;0.203;0.239;0.205;0.269;0.31;1.174;2.439;2.778;0.83;0.464;1.602;4.998;4.998
6561;0.149;0.203;0.239;0.205;0.283;0.317;1.226;2.546;2.783;0.825;0.461;1.582;4.998;4.998
6562;0.146;0.203;0.244;0.208;0.278;0.298;1.24;2.354;2.795;0.828;0.461;1.572;4.998;4.998
6563;0.146;0.205;0.269;0.21;0.286;0.31;1.216;2.185;2.803;0.828;0.461;1.558;4.998;4.998
6564;0.146;0.203;0.269;0.203;0.286;0.344;1.284;2.417;2.808;0.823;0.459;1.536;4.998;4.998
6565;0.144;0.203;0.259;0.205;0.288;0.342;1.296;2.458;2.805;0.815;0.454;1.521;4.998;4.998
6566;0.144;0.198;0.349;0.21;0.271;0.366;1.306;2.39;2.803;0.808;0.452;1.494;4.998;4.998
6567;0.144;0.203;0.347;0.217;0.266;0.369;1.414;2.415;2.8;0.803;0.449;1.472;4.998;4.998
6568;0.144;0.198;0.332;0.217;0.229;0.344;1.455;2.258;2.786;0.796;0.447;1.438;4.998;4.998
6569;0.144;0.198;0.347;0.215;0.232;0.342;1.443;2.107;2.776;0.789;0.447;1.79;4.998;4.998
6570;0.146;0.198;0.349;0.208;0.247;0.481;1.445;2.087;2.761;0.784;0.444;3.093;4.998;4.998
6571;0.146;0.2;0.457;0.208;0.232;1.294;1.511;2.087;2.749;0.774;0.447;4.807;4.998;4.927
6572;0.149;0.195;0.496;0.208;0.239;1.152;1.414;2.146;2.732;0.762;0.442;4.998;4.998;4.844
6573;0.151;0.198;0.452;0.212;0.247;1.199;1.372;2.122;2.712;0.747;0.439;4.998;4.998;4.761
6574;0.154;0.198;0.603;0.212;0.237;1.379;1.389;2.161;2.69;0.73;0.422;4.998;4.998;4.69
6575;0.151;0.198;0.603;0.212;0.249;1.091;1.47;2.173;2.668;0.715;0.403;4.998;4.998;4.619
6576;0.154;0.195;0.574;0.208;0.239;1.626;1.545;2.158;2.649;0.708;0.388;4.998;4.998;4.558
6577;0.154;0.198;0.596;0.203;0.249;1.951;1.584;2.08;2.634;0.696;0.376;4.998;4.998;4.504
6578;0.154;0.193;0.645;0.205;0.256;1.785;1.931;2.095;2.615;0.686;0.364;4.998;4.998;4.5
6579;0.151;0.198;0.759;0.21;0.244;1.936;2.17;2.073;2.603;0.671;0.352;4.998;4.998;4.539
6580;0.149;0.2;0.637;0.215;0.244;1.821;1.951;2.09;2.583;0.659;0.337;4.998;4.998;4.597
6581;0.146;0.2;0.774;0.217;0.237;1.584;2.263;2.058;2.563;0.637;0.315;4.998;4.998;4.641
6582;0.144;0.2;0.725;0.212;0.229;1.899;2.258;2.168;2.551;0.623;0.3;4.998;4.998;4.668
6583;0.146;0.2;0.75;0.208;0.239;1.663;1.782;2.224;2.544;0.613;0.293;4.998;4.998;4.692
6584;0.144;0.203;0.791;0.208;0.234;1.707;2.18;2.41;2.546;0.613;0.295;4.998;4.998;4.714
6585;0.144;0.203;0.64;0.208;0.222;1.809;2.073;2.837;2.549;0.618;0.298;4.998;4.998;4.729
6586;0.142;0.203;0.83;0.212;0.222;1.362;1.848;3.123;2.551;0.625;0.305;4.998;4.998;4.729
6587;0.139;0.205;0.566;0.215;0.225;1.423;1.973;3.118;2.549;0.625;0.312;4.998;4.998;4.736
6588;0.137;0.205;0.603;0.208;0.232;1.27;1.973;3.125;2.551;0.63;0.327;4.998;4.998;4.739
6589;0.134;0.203;0.466;0.208;0.227;1.082;1.741;2.803;2.542;0.632;0.33;4.998;4.998;4.753
6590;0.134;0.208;0.593;0.2;0.227;1.138;1.885;2.361;2.537;0.632;0.337;4.998;4.998;4.756
6591;0.137;0.208;0.735;0.198;0.249;1.172;1.785;2.319;2.534;0.64;0.349;4.998;4.998;4.783
6592;0.134;0.208;0.532;0.203;0.251;1.223;1.584;2.485;2.527;0.645;0.359;4.998;4.998;4.814
6593;0.137;0.21;0.559;0.203;0.276;1.177;1.738;2.427;2.524;0.652;0.378;4.998;4.998;4.839
6594;0.137;0.212;0.53;0.203;0.288;1.104;1.677;2.241;2.517;0.659;0.388;4.998;4.998;4.861
6595;0.134;0.212;0.833;0.205;0.261;1.045;1.663;2.427;2.517;0.664;0.403;4.998;4.998;4.871
6596;0.139;0.217;0.833;0.2;0.249;1.074;1.577;2.4;2.505;0.664;0.41;4.998;4.998;4.871
6597;0.144;0.215;0.686;0.203;0.225;1.016;1.638;2.29;2.49;0.662;0.417;4.998;4.998;4.866
6598;0.149;0.217;0.703;0.198;0.2;1.179;1.555;2.19;2.478;0.659;0.43;4.998;4.998;4.858
6599;0.149;0.215;0.483;0.195;0.19;1.05;1.528;2.244;2.463;0.659;0.444;4.998;4.998;4.841
6600;0.154;0.217;0.823;0.193;0.205;1.057;1.523;2.056;2.449;0.657;0.457;4.998;4.998;4.822
6601;0.154;0.217;0.769;0.195;0.225;1.033;1.523;1.87;2.439;0.659;0.471;4.998;4.998;4.788
6602;0.151;0.217;0.811;0.198;0.244;0.869;1.516;1.802;2.415;0.649;0.474;4.998;4.998;4.739
6603;0.151;0.217;0.657;0.2;0.266;0.923;1.514;1.965;2.405;0.647;0.486;4.998;4.998;4.692
6604;0.151;0.212;0.913;0.2;0.247;1.003;1.511;2.039;2.388;0.645;0.491;4.998;4.998;4.661
6605;0.149;0.215;0.898;0.198;0.259;0.989;1.475;2.061;2.38;0.64;0.496;4.998;4.998;4.673
6606;0.151;0.212;0.872;0.198;0.261;1.013;1.516;1.919;2.368;0.635;0.5;4.998;4.998;4.861
6607;0.149;0.212;1.003;0.193;0.227;0.93;1.521;2.007;2.363;0.63;0.505;4.998;4.998;4.998
6608;0.151;0.21;0.984;0.198;0.217;1.082;1.475;2.231;2.363;0.625;0.51;4.998;4.998;4.998
6609;0.156;0.21;0.527;0.203;0.22;1.155;1.516;2.397;2.363;0.618;0.513;4.998;4.998;4.998
6610;0.156;0.21;0.547;0.203;0.217;1.018;1.545;2.3;2.366;0.615;0.518;4.998;4.998;4.998
6611;0.159;0.21;0.786;0.198;0.217;1.199;1.421;2.192;2.368;0.61;0.522;4.998;4.998;4.998
6612;0.164;0.21;0.508;0.193;0.21;1.155;1.531;2.297;2.368;0.601;0.522;4.998;4.998;4.998
6613;0.161;0.21;1.35;0.19;0.217;1.133;1.489;2.671;2.385;0.591;0.522;4.998;4.998;4.998
6614;0.164;0.21;0.891;0.195;0.225;1.226;1.448;2.886;2.407;0.579;0.52;4.998;4.998;4.998
6615;0.161;0.203;4.998;0.208;0.234;1.243;1.501;2.947;2.429;0.564;0.505;4.998;4.998;4.998
6616;0.161;0.205;4.998;0.215;0.247;1.248;1.428;2.891;2.468;0.552;0.498;4.998;4.998;4.998
6617;0.161;0.203;4.998;0.21;0.222;1.189;1.436;2.659;2.498;0.54;0.481;4.998;4.998;4.998
6618;0.161;0.205;4.998;0.203;0.22;1.35;1.433;2.253;2.532;0.532;0.479;4.998;4.998;4.998
6619;0.159;0.205;4.998;0.203;0.227;1.345;1.45;2.188;2.554;0.525;0.471;4.998;4.998;4.998
6620;0.159;0.205;4.998;0.2;0.212;1.299;1.418;2.256;2.563;0.515;0.461;4.998;4.998;4.998
6621;0.161;0.203;4.998;0.212;0.205;1.294;1.423;2.29;2.568;0.505;0.449;4.998;4.998;4.998
6622;0.166;0.205;4.998;0.22;0.215;1.15;1.389;2.28;2.583;0.5;0.444;4.998;4.998;4.998
6623;0.166;0.205;4.998;0.222;0.234;1.165;1.36;2.314;2.61;0.496;0.437;4.998;4.998;4.998
6624;0.166;0.208;4.998;0.212;0.249;1.101;1.34;2.249;2.654;0.498;0.437;4.998;4.998;4.998
6625;0.166;0.205;4.998;0.195;0.239;1.125;1.372;2.185;2.712;0.5;0.435;4.998;4.998;4.998
6626;0.166;0.208;4.998;0.19;0.2;1.143;1.27;2.192;2.783;0.503;0.43;4.998;4.998;4.998
6627;0.166;0.208;4.998;0.2;0.212;1.023;1.318;2.268;2.852;0.503;0.427;4.998;4.998;4.998
6628;0.166;0.208;4.998;0.203;0.217;0.964;1.348;2.134;2.913;0.5;0.422;4.998;4.998;4.998
6629;0.166;0.21;4.998;0.212;0.212;0.947;1.282;2.114;2.971;0.493;0.415;4.998;4.998;4.998
6630;0.164;0.208;4.998;0.208;0.217;0.876;1.365;2.056;3.015;0.488;0.4;4.998;4.998;4.998
6631;0.164;0.212;4.998;0.198;0.225;0.908;1.431;2.051;3.064;0.486;0.393;4.998;4.998;4.998
6632;0.166;0.212;4.998;0.2;0.256;0.933;1.433;2.065;3.11;0.483;0.386;4.998;4.998;4.998
6633;0.164;0.21;4.998;0.205;0.244;0.864;1.526;2.061;3.159;0.488;0.383;4.998;4.998;4.998
6634;0.161;0.215;4.998;0.212;0.256;0.92;1.631;2.002;3.21;0.493;0.378;4.998;4.998;4.998
6635;0.164;0.21;4.998;0.217;0.273;0.83;1.687;2.014;3.257;0.5;0.378;4.998;4.998;4.998
6636;0.166;0.212;4.998;0.217;0.281;0.825;1.78;2.034;3.308;0.505;0.381;4.998;4.998;4.998
6637;0.166;0.212;4.998;0.21;0.293;0.815;1.846;2.078;3.342;0.508;0.378;4.998;4.998;4.998
6638;0.168;0.212;4.998;0.2;0.295;0.842;1.824;2.058;3.367;0.513;0.378;4.998;4.998;4.998
6639;0.171;0.215;4.998;0.195;0.264;0.935;1.846;1.941;3.369;0.51;0.376;4.998;4.998;4.998
6640;0.173;0.212;4.998;0.205;0.242;1.006;1.846;1.875;3.354;0.508;0.371;4.998;4.998;4.998
6641;0.171;0.212;4.998;0.21;0.229;1.035;1.78;1.914;3.333;0.51;0.374;4.998;4.998;4.998
6642;0.173;0.215;4.998;0.212;0.19;1.04;1.77;1.802;3.298;0.513;0.374;4.998;4.998;4.998
6643;0.173;0.217;4.998;0.21;0.208;0.942;1.755;1.87;3.259;0.51;0.371;4.998;4.998;4.998
6644;0.173;0.215;4.998;0.2;0.198;1.03;1.777;1.924;3.21;0.505;0.366;4.998;4.998;4.998
6645;0.176;0.215;4.998;0.2;0.244;1.121;1.885;1.956;3.164;0.498;0.354;4.998;4.998;4.998
6646;0.171;0.217;4.998;0.205;0.266;1.125;1.716;2.024;3.12;0.493;0.352;4.998;4.998;4.998
6647;0.173;0.22;4.998;0.21;0.256;1.216;1.707;1.938;3.086;0.493;0.352;4.998;4.998;4.998
6648;0.171;0.22;4.998;0.215;0.227;1.133;1.665;1.86;3.044;0.493;0.349;4.998;4.998;4.998
6649;0.171;0.22;4.998;0.208;0.203;1.069;1.499;1.794;2.996;0.488;0.344;4.998;4.998;4.998
6650;0.168;0.222;4.998;0.205;0.188;1.023;1.536;1.787;2.957;0.486;0.347;4.998;4.998;4.998
6651;0.168;0.225;4.998;0.2;0.181;1.038;1.458;1.638;2.905;0.481;0.339;4.998;4.998;4.998
6652;0.171;0.222;4.998;0.198;0.198;0.918;1.501;1.565;2.859;0.474;0.337;4.998;4.998;4.998
6653;0.173;0.225;4.998;0.203;0.266;0.994;1.479;1.699;2.82;0.476;0.332;4.998;4.998;4.998
6654;0.173;0.225;4.998;0.21;0.266;0.969;1.511;1.821;2.783;0.479;0.332;4.998;4.998;4.998
6655;0.176;0.225;4.998;0.208;0.256;0.92;1.528;1.829;2.754;0.479;0.334;4.998;4.998;4.998
6656;0.176;0.225;4.998;0.208;0.237;0.886;1.421;1.758;2.72;0.474;0.33;4.998;4.998;4.998
6657;0.173;0.229;4.998;0.203;0.237;0.847;1.355;1.78;2.693;0.476;0.33;4.998;4.998;4.998
6658;0.173;0.227;4.998;0.203;0.212;0.789;1.338;1.76;2.666;0.479;0.332;4.998;4.998;4.998
6659;0.176;0.229;4.998;0.205;0.227;0.876;1.216;1.765;2.644;0.483;0.337;4.998;4.998;4.998
6660;0.176;0.227;4.998;0.21;0.203;1.016;1.221;1.704;2.62;0.488;0.342;4.998;4.998;4.998
6661;0.178;0.227;4.998;0.208;0.203;1.101;1.26;1.699;2.598;0.496;0.347;4.998;4.998;4.998
6662;0.176;0.227;4.998;0.203;0.176;1.001;1.199;1.611;2.573;0.503;0.349;4.998;4.998;4.998
6663;0.178;0.232;4.998;0.203;0.168;0.999;1.199;1.577;2.549;0.508;0.359;4.998;4.998;4.998
6664;0.178;0.229;4.998;0.193;0.178;0.898;1.177;1.543;2.524;0.508;0.361;4.998;4.998;4.998
6665;0.176;0.225;4.998;0.193;0.212;0.828;1.213;1.545;2.493;0.515;0.364;4.998;4.998;4.998
6666;0.181;0.225;4.998;0.198;0.239;0.83;1.123;1.509;2.461;0.51;0.359;4.998;4.998;4.998
6667;0.181;0.225;4.998;0.195;0.232;0.852;1.187;1.56;2.427;0.508;0.354;4.998;4.998;4.998
6668;0.181;0.222;4.998;0.195;0.234;0.857;1.104;1.541;2.39;0.498;0.342;4.998;4.998;4.998
6669;0.183;0.225;4.998;0.195;0.227;0.781;1.123;1.606;2.366;0.498;0.344;4.998;4.998;4.998
6670;0.186;0.222;4.998;0.186;0.203;0.791;1.16;1.704;2.327;0.491;0.334;4.998;4.998;4.998
6671;0.186;0.225;4.998;0.195;0.217;0.815;1.135;1.77;2.302;0.488;0.332;4.998;4.998;4.998
6672;0.188;0.222;4.998;0.19;0.227;0.867;1.155;1.667;2.28;0.496;0.332;4.998;4.998;4.998
6673;0.188;0.22;4.998;0.183;0.256;0.952;1.133;1.633;2.256;0.5;0.327;4.998;4.998;4.998
6674;0.19;0.22;4.998;0.193;0.244;1.003;1.094;1.814;2.234;0.505;0.322;4.998;4.998;4.998
6675;0.188;0.215;4.998;0.19;0.222;1.025;1.038;1.885;2.212;0.508;0.315;4.998;4.998;4.998
6676;0.19;0.217;4.998;0.186;0.198;1.047;1.047;1.887;2.197;0.513;0.312;4.998;4.998;4.998
6677;0.188;0.215;4.998;0.193;0.222;1.091;1.006;2.021;2.183;0.513;0.308;4.998;4.998;4.998
6678;0.193;0.215;4.998;0.186;0.195;1.091;1.003;2.131;2.168;0.51;0.298;4.998;4.998;4.998
6679;0.19;0.215;4.998;0.19;0.193;1.15;1.079;2.012;2.156;0.515;0.295;4.998;4.998;4.998
6680;0.195;0.212;4.998;0.195;0.22;1.196;1.057;1.865;2.146;0.515;0.293;4.998;4.998;4.998
6681;0.193;0.215;4.998;0.19;0.203;1.257;1.069;2.019;2.136;0.52;0.293;4.998;4.998;4.998
6682;0.193;0.217;4.998;0.198;0.171;1.208;1.104;2.007;2.122;0.525;0.293;4.998;4.998;4.998
6683;0.19;0.217;4.998;0.195;0.166;1.252;1.074;1.765;2.107;0.53;0.293;4.998;4.998;4.998
6684;0.195;0.215;4.998;0.203;0.19;1.238;1.069;1.775;2.087;0.53;0.293;4.998;4.998;4.998
6685;0.193;0.215;4.998;0.195;0.176;1.165;1.123;1.848;2.068;0.527;0.291;4.998;4.998;4.998
6686;0.193;0.215;4.998;0.19;0.178;1.248;1.133;1.76;2.048;0.525;0.281;4.998;4.998;4.998
6687;0.193;0.217;4.001;0.198;0.19;1.26;1.143;1.667;2.026;0.52;0.278;4.998;4.998;4.998
6688;0.193;0.217;2.224;0.19;0.232;1.274;1.187;1.741;2.019;0.515;0.283;4.998;4.998;4.998
6689;0.193;0.217;1.34;0.19;0.237;1.294;1.223;1.936;2.007;0.51;0.281;4.998;4.998;4.998
6690;0.19;0.222;0.896;0.198;0.227;1.299;1.196;1.943;1.997;0.505;0.273;4.998;4.998;4.998
6691;0.188;0.217;1.108;0.195;0.203;1.257;1.204;1.975;1.985;0.498;0.269;4.998;4.998;4.998
6692;0.188;0.217;0.894;0.2;0.198;1.218;1.182;1.958;1.98;0.491;0.271;4.998;4.998;4.998
6693;0.186;0.22;0.938;0.203;0.203;1.23;1.123;1.904;1.968;0.486;0.269;4.998;4.998;4.998
6694;0.186;0.217;0.933;0.198;0.183;1.235;1.062;1.838;1.963;0.481;0.266;4.998;4.998;4.998
6695;0.186;0.217;0.52;0.203;0.198;1.228;0.991;1.79;1.963;0.479;0.269;4.998;4.998;4.998
6696;0.183;0.217;0.608;0.2;0.181;1.289;0.947;1.846;1.958;0.479;0.269;4.998;4.998;4.998
6697;0.181;0.217;0.74;0.21;0.137;1.392;0.894;1.819;1.953;0.481;0.271;4.998;4.998;4.998
6698;0.181;0.217;0.828;0.205;0.166;1.367;0.881;1.877;1.956;0.491;0.281;4.998;4.998;4.998
6699;0.183;0.217;0.696;0.203;0.195;1.318;0.872;2;1.956;0.496;0.283;4.998;4.998;4.998
6700;0.181;0.212;0.676;0.21;0.249;1.321;0.872;2.063;1.946;0.5;0.286;4.998;4.998;4.998
6701;0.181;0.215;0.63;0.203;0.303;1.333;0.896;2.058;1.946;0.508;0.293;4.998;4.998;4.998
6702;0.181;0.21;0.657;0.215;0.312;1.309;0.889;2.102;1.938;0.518;0.298;4.998;4.998;4.998
6703;0.181;0.21;0.64;0.212;0.312;1.389;0.928;2.117;1.941;0.53;0.31;4.998;4.998;4.998
6704;0.181;0.212;0.642;0.229;0.291;1.304;0.964;2.129;1.941;0.544;0.317;4.998;4.998;4.998
6705;0.181;0.212;0.615;0.234;0.247;1.284;0.986;2.136;1.946;0.557;0.325;4.998;4.998;4.998
6706;0.178;0.21;0.757;0.232;0.264;1.201;1.03;2.266;1.941;0.566;0.33;4.998;4.998;4.998
6707;0.176;0.208;4.998;0.232;0.239;1.201;1.013;2.319;1.946;0.583;0.337;4.998;4.998;4.998
6708;0.176;0.208;2.795;0.232;0.2;1.174;1.062;2.202;1.943;0.596;0.342;4.998;4.998;4.998
6709;0.176;0.205;1.455;0.225;0.161;1.157;1.062;2.17;1.938;0.605;0.349;4.998;4.998;4.998
6710;0.171;0.205;0.854;0.229;0.151;1.135;1.079;2.131;1.931;0.615;0.347;4.998;4.998;4.998
6711;0.171;0.205;0.637;0.234;0.125;1.084;1.106;2.124;1.924;0.623;0.354;4.998;4.998;4.998
6712;0.171;0.203;0.627;0.232;0.132;1.016;1.096;2.141;1.912;0.625;0.354;4.998;4.998;4.998
6713;0.171;0.2;0.667;0.232;0.127;1.04;1.116;2.109;1.897;0.63;0.354;4.998;4.998;4.998
6714;0.171;0.203;0.42;0.212;0.156;1.018;1.116;2.019;1.887;0.632;0.356;4.998;4.998;4.998
6715;0.171;0.2;0.464;0.217;0.229;1.025;1.135;2.053;1.87;0.627;0.354;4.998;4.998;4.998
6716;0.173;0.2;0.632;0.227;0.237;1.057;1.14;2.146;1.853;0.63;0.354;4.998;4.998;4.998
6717;0.176;0.198;0.596;0.225;0.261;1.035;1.167;2.268;1.831;0.625;0.349;4.998;4.998;4.998
6718;0.181;0.195;0.374;0.227;0.266;1.028;1.147;2.366;1.812;0.618;0.347;4.998;4.998;4.998
6719;0.178;0.195;0.403;0.234;0.322;0.986;1.135;2.373;1.794;0.62;0.347;4.998;4.998;4.998
6720;0.176;0.195;0.315;0.22;0.32;0.947;1.133;2.285;1.777;0.613;0.349;4.998;4.998;4.998
6721;0.181;0.195;0.325;0.215;0.259;0.952;1.121;2.197;1.758;0.613;0.347;4.998;4.998;4.998
6722;0.183;0.198;0.339;0.232;0.222;0.952;1.089;2.097;1.741;0.608;0.349;4.998;4.998;4.998
6723;0.183;0.195;0.405;0.237;0.203;1.077;1.147;1.992;1.719;0.605;0.344;4.998;4.998;4.998
6724;0.183;0.195;0.417;0.251;0.217;1.084;1.152;1.912;1.697;0.605;0.344;4.998;4.998;4.998
6725;0.188;0.193;0.388;0.239;0.232;1.125;1.182;1.853;1.68;0.605;0.344;4.998;4.998;4.998
6726;0.186;0.198;0.396;0.205;0.208;1.086;1.252;1.785;1.66;0.605;0.583;4.998;4.998;4.998
6727;0.186;0.195;0.544;0.212;0.984;1.05;1.238;1.755;1.641;0.605;1.257;4.998;4.998;4.998
6728;0.188;0.198;0.549;0.21;0.911;1.023;1.27;1.794;1.619;0.603;1.899;4.998;4.998;4.998
6729;0.19;0.2;0.603;0.239;1.057;1.05;1.357;1.851;1.602;0.605;2.334;4.998;4.998;4.998
6730;0.188;0.195;0.53;0.261;0.498;1.069;1.682;1.902;1.572;0.601;2.607;4.998;4.998;4.998
6731;0.193;0.2;0.718;0.247;1.169;1.072;2.053;1.892;1.55;0.601;2.81;4.998;4.998;4.998
6732;0.193;0.203;0.242;0.237;0.984;1.033;1.404;1.833;1.519;0.588;2.961;4.998;4.998;4.998
6733;0.195;0.203;0.305;0.222;0.989;1.008;1.78;1.868;1.492;0.581;3.113;4.998;4.998;4.998
6734;0.198;0.203;0.312;0.195;0.986;0.981;1.909;1.917;1.462;0.574;3.367;4.998;4.998;4.998
6735;0.198;0.203;0.298;0.225;0.984;1.013;1.545;1.821;1.438;0.569;3.84;4.998;4.998;4.998
6736;0.195;0.203;0.386;0.244;1.287;1.055;1.721;1.709;1.416;0.566;4.387;4.998;4.998;4.998
6737;0.198;0.208;0.288;0.244;0.803;1.079;1.909;1.77;1.394;0.566;4.998;4.998;4.998;4.998
6738;0.198;0.205;0.266;0.234;0.913;1.108;1.506;1.753;1.372;0.564;4.998;4.998;4.998;4.998
6739;0.198;0.208;0.276;0.229;1.05;1.121;1.633;1.836;1.36;0.569;4.998;4.998;4.998;4.998
6740;0.203;0.21;0.278;0.208;1.013;1.104;1.785;1.809;1.343;0.571;4.998;4.998;4.998;4.998
6741;0.2;0.21;0.264;0.21;0.901;1.089;1.355;1.826;1.333;0.571;4.998;4.998;4.998;4.998
6742;0.198;0.215;0.239;0.225;0.903;1.072;1.504;1.824;1.318;0.579;4.998;4.998;4.998;4.998
6743;0.198;0.212;0.347;0.247;1.106;1.069;1.519;1.841;1.306;0.583;4.998;4.998;4.998;4.949
6744;0.2;0.217;0.388;0.251;0.981;1.091;1.34;1.899;1.299;0.593;4.998;4.998;4.998;4.88
6745;0.198;0.217;0.293;0.242;0.876;1.091;1.365;2.026;1.287;0.598;4.998;4.998;4.998;4.802
6746;0.198;0.22;0.234;0.225;0.908;1.135;1.445;1.938;1.274;0.605;4.998;4.998;4.998;4.729
6747;0.203;0.222;0.22;0.217;1.062;1.094;1.318;1.851;1.267;0.61;4.998;4.998;4.998;4.656
6748;0.2;0.222;0.195;0.22;0.808;1.104;1.26;1.863;1.252;0.615;4.998;4.998;4.998;4.585
6749;0.205;0.225;0.178;0.234;0.693;1.055;1.34;1.799;1.252;0.627;4.998;4.998;4.998;4.512
6750;0.203;0.225;0.217;0.242;0.911;1.067;1.27;1.648;1.245;0.64;4.998;4.998;4.998;4.443
6751;0.203;0.225;0.237;0.229;0.867;1.025;1.177;1.558;1.243;0.649;4.998;4.998;4.998;4.38
6752;0.203;0.225;0.261;0.208;0.669;1.04;1.211;1.646;1.238;0.659;4.998;4.998;4.998;4.307
6753;0.203;0.225;0.283;0.188;0.657;1.033;1.233;1.675;1.235;0.674;4.998;4.998;4.998;4.241
6754;0.203;0.225;0.256;0.176;0.825;1.025;1.223;1.643;1.233;0.686;4.998;4.998;4.998;4.17
6755;0.203;0.225;0.234;0.208;0.874;1.089;1.27;1.707;1.23;0.706;4.998;4.998;4.998;4.099
6756;0.2;0.222;0.212;0.217;0.718;1.064;1.238;1.855;1.218;0.713;4.998;4.998;4.998;4.033
6757;0.2;0.225;0.242;0.234;0.82;1.064;1.27;1.921;1.216;0.728;4.998;4.998;4.998;3.958
6758;0.2;0.222;0.256;0.225;0.911;1.013;1.255;1.885;1.208;0.737;4.998;4.998;4.998;3.887
6759;0.203;0.222;0.205;0.203;0.911;0.955;1.23;1.76;1.208;0.75;4.998;4.998;4.998;3.821
6760;0.205;0.225;0.217;0.205;0.903;0.928;1.26;1.755;1.218;0.764;4.998;4.998;4.998;3.752
6761;0.203;0.222;0.239;0.225;0.925;0.889;1.243;1.77;1.218;0.769;4.998;4.998;4.998;3.684
6762;0.205;0.22;0.21;0.225;1.023;0.886;1.318;1.699;1.218;0.774;4.998;4.998;4.998;3.621
6763;0.205;0.22;0.21;0.227;0.947;0.879;1.299;1.689;1.218;0.776;4.998;4.998;4.998;3.545
6764;0.203;0.215;0.215;0.234;0.864;0.847;1.333;1.641;1.211;0.774;4.998;4.998;4.998;3.479
6765;0.205;0.217;0.22;0.215;0.923;0.859;1.399;1.655;1.208;0.769;4.998;4.998;4.998;3.406
6766;0.208;0.215;0.215;0.205;0.867;0.859;1.316;1.628;1.201;0.764;4.998;4.998;4.998;3.337
6767;0.205;0.21;0.22;0.21;0.876;0.828;1.313;1.606;1.196;0.762;4.998;4.998;4.998;3.274
6768;0.205;0.21;0.217;0.21;0.823;0.815;1.382;1.66;1.191;0.759;4.998;4.998;4.998;3.206
6769;0.205;0.21;0.212;0.222;0.879;0.811;1.345;1.697;1.184;0.752;4.998;4.998;4.998;3.149
6770;0.205;0.21;0.205;0.225;0.864;0.815;1.345;1.611;1.182;0.75;4.998;4.998;4.998;3.083
6771;0.205;0.208;0.195;0.227;0.813;0.823;1.384;1.567;1.174;0.747;4.998;4.998;4.998;3.027
6772;0.205;0.21;0.193;0.227;0.85;0.781;1.414;1.555;1.167;0.745;4.998;4.998;4.998;2.971
6773;0.205;0.208;0.203;0.225;0.867;0.776;1.367;1.675;1.157;0.735;4.998;4.998;4.998;2.917
6774;0.208;0.208;0.203;0.232;0.962;0.723;1.379;1.655;1.155;0.732;4.998;4.998;4.998;2.871
6775;0.21;0.208;0.198;0.234;0.881;0.703;1.394;1.711;1.15;0.725;4.998;4.998;4.998;2.827
6776;0.208;0.208;0.2;0.225;0.859;0.718;1.414;1.667;1.147;0.718;4.998;4.998;4.998;2.788
6777;0.208;0.21;0.198;0.22;0.881;0.73;1.472;1.584;1.15;0.708;4.998;4.998;4.998;2.749
6778;0.21;0.208;0.2;0.22;0.833;0.718;1.414;1.594;1.152;0.701;4.998;4.998;4.998;2.72
6779;0.21;0.208;0.2;0.212;0.806;0.745;1.421;1.685;1.16;0.693;4.998;4.998;4.998;2.686
6780;0.212;0.208;0.198;0.21;0.791;0.706;1.514;1.646;1.155;0.686;4.998;4.998;4.998;2.644
6781;0.212;0.205;0.205;0.217;0.786;0.735;1.565;1.511;1.157;0.676;4.998;4.998;4.998;2.612
6782;0.212;0.205;0.2;0.225;0.803;0.742;1.606;1.504;1.16;0.669;4.998;4.998;4.998;2.578
6783;0.212;0.205;0.198;0.234;0.701;0.745;1.746;1.499;1.157;0.657;4.998;4.998;4.998;2.544
6784;0.212;0.203;0.188;0.232;0.764;0.774;1.636;1.497;1.157;0.647;4.998;4.998;4.998;2.52
6785;0.21;0.203;0.186;0.234;0.752;0.754;1.721;1.487;1.167;0.642;4.998;4.998;4.998;2.49
6786;0.212;0.2;0.183;0.232;0.789;0.747;1.77;1.582;1.172;0.637;4.998;4.998;4.998;2.468
6787;0.212;0.2;0.188;0.227;0.725;0.75;1.719;1.702;1.184;0.635;4.998;4.998;4.998;2.437
6788;0.21;0.2;0.188;0.222;0.706;0.713;1.721;1.782;1.189;0.63;4.998;4.998;4.998;2.41
6789;0.208;0.198;0.193;0.232;0.757;0.73;1.67;1.838;1.191;0.625;4.998;4.998;4.998;2.375
6790;0.208;0.198;0.188;0.222;0.732;0.732;1.543;1.914;1.191;0.618;4.998;4.998;4.998;2.346
6791;0.208;0.195;0.181;0.21;0.723;0.723;1.531;1.941;1.189;0.615;4.998;4.998;4.998;2.314
6792;0.208;0.193;0.181;0.225;0.813;0.784;1.416;1.875;1.187;0.61;4.998;4.998;4.998;2.285
6793;0.212;0.193;0.178;0.222;0.874;0.806;1.34;1.765;1.184;0.603;4.998;4.998;4.998;2.256
6794;0.212;0.188;0.181;0.217;0.83;0.83;1.321;1.697;1.179;0.596;4.998;4.998;4.998;2.229
6795;0.21;0.193;0.178;0.212;0.847;0.818;1.289;1.665;1.182;0.588;4.998;4.998;4.998;2.195
6796;0.21;0.188;0.173;0.227;0.867;0.776;1.213;1.719;1.172;0.581;4.998;4.998;4.998;2.166
6797;0.215;0.188;0.176;0.234;0.833;0.769;1.201;1.716;1.172;0.574;4.998;4.998;4.998;2.136
6798;0.217;0.188;0.166;0.234;0.901;0.767;1.133;1.763;1.174;0.562;4.998;4.998;4.998;2.102
6799;0.217;0.186;0.166;0.232;0.911;0.73;1.116;1.755;1.174;0.557;4.998;4.998;4.998;2.075
6800;0.215;0.183;0.173;0.227;0.952;0.752;1.121;1.873;1.177;0.547;4.998;4.998;4.998;2.046
6801;0.217;0.186;0.178;0.21;0.928;0.72;1.082;1.987;1.187;0.54;4.998;4.998;4.998;2.014
6802;0.215;0.183;0.181;0.22;0.852;0.759;1.121;1.946;1.194;0.537;4.998;4.998;4.998;1.99
6803;0.215;0.183;0.186;0.208;0.837;0.793;1.118;1.853;1.199;0.527;4.998;4.998;4.998;1.96
6804;0.22;0.183;0.178;0.21;0.884;0.791;1.123;1.719;1.211;0.52;4.998;4.998;4.998;1.941
6805;0.217;0.183;0.168;0.203;0.884;0.811;1.113;1.692;1.223;0.518;4.998;4.998;4.998;1.926
6806;0.215;0.181;0.173;0.21;0.833;0.818;1.128;1.711;1.23;0.513;4.998;4.998;4.998;1.909
6807;0.215;0.181;0.166;0.188;0.85;0.791;1.101;1.741;1.245;0.508;4.998;4.998;4.998;1.902
6808;0.215;0.181;0.178;0.2;0.847;0.811;1.182;1.75;1.25;0.5;4.998;4.998;4.998;1.895
6809;0.215;0.183;0.183;0.215;0.789;0.796;1.174;1.724;1.255;0.493;4.998;4.998;4.998;1.895
6810;0.21;0.188;0.183;0.22;0.735;0.779;1.177;1.724;1.26;0.493;4.998;4.998;4.998;1.899
6811;0.21;0.186;0.178;0.22;0.769;0.806;1.218;1.729;1.257;0.479;4.998;4.998;4.998;1.909
6812;0.21;0.186;0.168;0.222;0.769;0.864;1.204;1.707;1.252;0.469;4.998;4.998;4.998;1.931
6813;0.212;0.188;0.173;0.21;0.781;1.055;1.165;1.697;1.24;0.457;4.998;4.998;4.998;1.98
6814;0.212;0.19;0.178;0.22;0.776;1.028;1.211;1.619;1.23;0.447;4.998;4.998;4.998;2.043
6815;0.21;0.195;0.186;0.229;0.715;0.981;1.206;1.636;1.223;0.439;4.998;4.998;4.998;2.119
6816;0.212;0.195;0.188;0.217;0.676;1.006;1.211;1.624;1.226;0.439;4.998;4.998;4.998;2.197
6817;0.212;0.193;0.183;0.21;0.681;0.955;1.267;1.633;1.221;0.435;4.998;4.998;4.998;2.28
6818;0.212;0.193;0.168;0.21;0.703;0.969;1.255;1.567;1.218;0.432;4.998;4.998;4.998;2.356
6819;0.215;0.195;0.166;0.215;0.691;0.994;1.277;1.621;1.218;0.43;4.998;4.998;4.998;2.424
6820;0.212;0.195;0.168;0.212;0.691;0.962;1.274;1.587;1.218;0.425;4.998;4.998;4.998;2.49
6821;0.215;0.2;0.173;0.222;0.664;0.945;1.321;1.555;1.223;0.427;4.998;4.998;4.998;2.549
6822;0.21;0.198;0.178;0.22;0.759;0.923;1.328;1.584;1.223;0.425;4.998;4.998;4.998;2.612
6823;0.212;0.2;0.173;0.198;0.815;0.886;1.348;1.614;1.23;0.422;4.998;4.998;4.998;2.661
6824;0.21;0.198;0.178;0.193;0.767;0.93;1.338;1.641;1.238;0.422;4.998;4.998;4.998;2.71
6825;0.212;0.203;0.173;0.203;0.74;0.886;1.316;1.636;1.257;0.422;4.998;4.998;4.998;2.749
6826;0.21;0.203;0.176;0.208;0.693;0.898;1.289;1.611;1.279;0.42;4.998;4.998;4.998;2.786
6827;0.21;0.203;0.173;0.242;0.681;0.935;1.245;1.536;1.321;0.42;4.998;4.998;4.998;2.822
6828;0.208;0.203;0.173;0.237;0.728;0.896;1.233;1.526;1.365;0.42;4.998;4.998;4.998;2.854
6829;0.208;0.205;0.173;0.239;0.728;0.92;1.179;1.511;1.416;0.417;4.998;4.998;4.998;2.876
6830;0.21;0.2;0.168;0.227;0.791;0.898;1.201;1.553;1.46;0.408;4.998;4.998;4.998;2.905
6831;0.208;0.203;0.168;0.242;0.83;0.898;1.182;1.509;1.521;0.405;4.998;4.998;4.998;2.922
6832;0.205;0.2;0.151;0.227;0.811;0.886;1.187;1.46;1.58;0.396;4.998;4.998;4.998;2.937
6833;0.208;0.203;0.159;0.244;0.769;0.884;1.177;1.472;1.636;0.388;4.998;4.998;4.998;2.952
6834;0.21;0.198;0.164;0.239;0.764;0.906;1.221;1.479;1.699;0.391;4.998;4.998;4.998;2.964
6835;0.208;0.2;0.168;0.232;0.803;0.928;1.191;1.394;1.763;0.396;4.998;4.998;4.998;2.976
6836;0.21;0.198;0.168;0.225;0.84;0.903;1.208;1.389;1.816;0.396;4.998;4.998;4.998;2.986
6837;0.21;0.195;0.161;0.217;0.728;0.925;1.213;1.409;1.873;0.398;4.998;4.998;4.998;3
6838;0.212;0.198;0.166;0.222;0.725;0.906;1.201;1.431;1.924;0.4;4.998;4.998;4.998;3.015
6839;0.212;0.198;0.166;0.237;0.728;0.911;1.208;1.409;1.97;0.405;4.998;4.998;4.998;3.035
6840;0.212;0.198;0.164;0.225;0.674;0.938;1.204;1.438;2.017;0.413;4.998;4.998;4.998;3.052
6841;0.212;0.198;0.166;0.215;0.647;0.913;1.157;1.367;2.048;0.422;4.998;4.998;4.998;3.071
6842;0.215;0.198;0.171;0.234;0.652;0.928;1.121;1.345;2.078;0.43;4.998;4.998;4.998;3.083
6843;0.212;0.198;0.161;0.249;0.703;0.911;1.099;1.392;2.104;0.432;4.998;4.998;4.998;3.091
6844;0.212;0.198;0.171;0.256;0.74;0.928;1.06;1.406;2.124;0.435;4.998;4.998;4.998;3.096
6845;0.212;0.198;0.166;0.244;0.686;0.967;1.064;1.372;2.151;0.442;4.998;4.998;4.998;3.096
6846;0.212;0.198;0.171;0.251;0.732;0.967;1.047;1.384;2.18;0.449;4.998;4.998;4.998;3.096
6847;0.215;0.195;0.171;0.242;0.754;0.959;1.038;1.389;2.212;0.454;4.998;4.998;4.998;3.093
6848;0.212;0.193;0.178;0.225;0.737;0.942;1.018;1.372;2.249;0.461;4.998;4.998;4.998;3.086
6849;0.212;0.195;0.183;0.234;0.725;0.94;1.047;1.375;2.29;0.464;4.998;4.998;4.998;3.081
6850;0.212;0.198;0.186;0.237;0.698;0.984;1.047;1.37;2.334;0.466;4.998;4.998;4.998;3.064
6851;0.212;0.195;0.183;0.247;0.701;0.989;1.06;1.445;2.38;0.471;4.998;4.998;4.998;3.047
6852;0.21;0.195;0.181;0.227;0.698;0.977;1.079;1.428;2.427;0.474;4.998;4.998;4.998;3.03
6853;0.21;0.195;0.176;0.225;0.642;0.991;1.055;1.377;2.478;0.479;4.998;4.998;4.998;3.015
6854;0.21;0.2;0.173;0.225;0.669;0.964;1.04;1.418;2.529;0.476;4.998;4.998;4.998;2.996
6855;0.212;0.2;0.178;0.203;0.613;1.006;1.03;1.428;2.578;0.476;4.998;4.998;4.998;2.971
6856;0.215;0.2;0.178;0.234;0.586;1.028;1.016;1.406;2.632;0.474;4.998;4.998;4.998;2.954
6857;0.212;0.198;0.183;0.247;0.601;1.047;1.011;1.401;2.686;0.479;4.998;4.998;4.998;2.93
6858;0.217;0.195;0.176;0.256;0.635;1.091;0.994;1.389;2.732;0.476;4.998;4.998;4.998;2.91
6859;0.22;0.2;0.173;0.249;0.657;1.067;0.969;1.394;2.793;0.479;4.998;4.998;4.998;2.891
6860;0.22;0.198;0.183;0.261;0.659;1.077;0.93;1.433;2.849;0.481;4.998;4.998;4.998;2.874
6861;0.222;0.2;0.176;0.251;0.652;1.091;0.928;1.475;2.917;0.491;4.998;4.998;4.998;2.856
6862;0.222;0.2;0.183;0.247;0.723;1.062;0.918;1.484;2.981;0.498;4.998;4.998;4.998;2.834
6863;0.225;0.195;0.2;0.225;0.693;1.069;0.923;1.504;3.042;0.503;4.998;4.998;4.998;2.81
6864;0.222;0.198;0.193;0.242;0.659;1.06;0.928;1.626;3.093;0.505;4.998;4.998;4.998;2.788
6865;0.222;0.198;0.198;0.259;0.688;1.006;0.901;1.611;3.132;0.508;4.998;4.998;4.998;2.751
6866;0.222;0.195;0.2;0.249;0.649;1.013;0.876;1.562;3.157;0.505;4.998;4.998;4.998;2.722
6867;0.22;0.193;0.183;0.222;0.657;0.989;0.898;1.577;3.176;0.498;4.998;4.998;4.897;2.678
6868;0.22;0.193;0.181;0.234;0.642;0.938;0.894;1.509;3.184;0.488;4.998;4.998;4.788;2.639
6869;0.217;0.193;0.176;0.22;0.627;0.911;0.901;1.375;3.188;0.483;4.998;4.998;4.695;2.595
6870;0.22;0.193;0.183;0.225;0.659;0.874;0.923;1.394;3.193;0.474;4.998;4.998;4.624;2.556
6871;0.215;0.188;0.188;0.232;0.623;0.864;0.928;1.406;3.191;0.469;4.998;4.998;4.583;2.522
6872;0.217;0.19;0.188;0.225;0.623;0.881;0.891;1.426;3.193;0.466;4.998;4.998;4.578;2.483
6873;0.215;0.188;0.19;0.225;0.625;0.869;0.852;1.443;3.191;0.466;4.998;4.998;4.595;2.446
6874;0.215;0.19;0.188;0.239;0.608;0.894;0.84;1.438;3.191;0.464;4.998;4.998;4.651;2.402
6875;0.215;0.186;0.171;0.237;0.588;0.867;0.813;1.433;3.184;0.459;4.998;4.998;4.722;2.361
6876;0.215;0.188;0.176;0.239;0.605;0.852;0.808;1.345;3.181;0.464;4.998;4.998;4.8;2.322
6877;0.212;0.186;0.19;0.254;0.581;0.874;0.825;1.365;3.174;0.466;4.998;4.998;4.858;2.285
6878;0.215;0.188;0.186;0.247;0.586;0.835;0.808;1.414;3.167;0.466;4.998;4.998;4.893;2.253
6879;0.215;0.186;0.195;0.217;0.547;0.852;0.825;1.418;3.167;0.466;4.998;4.998;4.912;2.231
6880;0.212;0.186;0.186;0.232;0.552;0.857;0.833;1.379;3.171;0.469;4.998;4.998;4.919;2.217
6881;0.212;0.183;0.173;0.21;0.562;0.828;0.811;1.36;3.191;0.469;4.998;4.998;4.949;2.212
6882;0.215;0.186;0.173;0.2;0.591;0.833;0.798;1.45;3.215;0.474;4.998;4.998;4.998;2.219
6883;0.212;0.183;0.19;0.22;0.608;0.798;0.811;1.394;3.245;0.483;4.998;4.998;4.998;2.244
6884;0.215;0.183;0.212;0.178;0.657;0.801;0.825;1.389;3.276;0.493;4.998;4.998;4.998;2.295
6885;0.215;0.183;0.22;0.178;0.706;0.806;0.85;1.377;3.306;0.505;4.998;4.998;4.998;2.385
6886;0.215;0.181;0.208;0.22;0.735;0.801;0.867;1.396;3.33;0.508;4.998;4.998;4.998;2.483
6887;0.217;0.181;0.203;0.217;0.752;0.874;0.889;1.375;3.359;0.518;4.998;4.998;4.998;2.576
6888;0.217;0.178;0.178;0.259;0.75;0.872;0.886;1.489;3.396;0.525;4.998;4.998;4.998;2.661
6889;0.217;0.181;0.178;0.271;0.742;0.874;0.886;1.455;3.433;0.532;4.998;4.998;4.998;2.734
6890;0.217;0.176;0.178;0.239;0.73;0.918;0.879;1.36;3.472;0.537;4.998;4.998;4.998;2.81
6891;0.22;0.178;0.208;0.256;0.72;0.894;0.886;1.362;3.523;0.544;4.998;4.998;4.998;2.878
6892;0.217;0.176;0.217;0.242;0.713;0.913;0.906;1.333;3.574;0.554;4.998;4.998;4.998;2.927
6893;0.215;0.173;0.225;0.222;0.703;0.952;0.94;1.287;3.625;0.562;4.998;4.998;4.998;2.971
6894;0.212;0.173;0.217;0.225;0.676;0.928;0.981;1.265;3.672;0.566;4.998;4.998;4.998;2.991
6895;0.215;0.176;0.212;0.198;0.693;0.906;1.042;1.326;3.721;0.569;4.998;4.998;4.998;3.003
6896;0.212;0.176;0.186;0.188;0.659;0.898;1.067;1.289;3.757;0.569;4.998;4.998;4.998;3.008
6897;0.215;0.176;0.198;0.212;0.635;0.889;1.101;1.177;3.787;0.569;4.998;4.998;4.998;3.003
6898;0.212;0.173;0.205;0.205;0.608;0.896;1.135;1.328;3.811;0.564;4.998;4.998;4.998;2.986
6899;0.212;0.176;0.208;0.239;0.605;0.889;1.125;1.421;3.828;0.557;4.998;4.998;4.998;2.959
6900;0.215;0.178;0.205;0.229;0.601;0.901;1.14;1.384;3.835;0.549;4.998;4.998;4.998;2.932
6901;0.215;0.178;0.203;0.21;0.657;0.913;1.138;1.316;3.845;0.544;4.998;4.998;4.998;2.905
6902;0.215;0.181;0.19;0.212;0.728;0.872;1.133;1.357;3.853;0.542;4.998;4.998;4.998;2.883
6903;0.217;0.183;0.19;0.225;0.774;0.911;1.128;1.389;3.867;0.542;4.998;4.998;4.998;2.856
6904;0.22;0.183;0.21;0.239;0.776;0.933;1.116;1.292;3.882;0.547;4.998;4.998;4.998;2.83
6905;0.222;0.181;0.225;0.222;0.747;0.947;1.106;1.26;3.899;0.552;4.998;4.998;4.998;2.8
6906;0.22;0.186;0.237;0.217;0.759;0.977;1.086;1.355;3.914;0.549;4.998;4.998;4.998;2.773
6907;0.22;0.186;0.22;0.195;0.82;1.008;1.057;1.36;3.933;0.547;4.998;4.998;4.998;2.732
6908;0.22;0.188;0.198;0.2;0.803;1.006;1.025;1.35;3.95;0.549;4.998;4.998;4.998;2.698
6909;0.217;0.186;0.181;0.205;0.791;1.006;0.999;1.443;3.962;0.552;4.998;4.998;4.998;2.668
6910;0.217;0.186;0.166;0.239;0.833;0.977;0.986;1.479;3.979;0.559;4.998;4.998;4.998;2.627
6911;0.22;0.186;0.171;0.234;0.847;0.928;0.981;1.467;3.982;0.552;4.998;4.998;4.998;2.585
6912;0.217;0.186;0.193;0.254;0.801;0.942;1.013;1.489;3.975;0.549;4.998;4.998;4.998;2.544
6913;0.22;0.188;0.205;0.203;0.781;0.903;1.008;1.482;3.97;0.549;4.998;4.998;4.998;2.502
6914;0.217;0.188;0.215;0.22;0.786;0.903;1.006;1.47;3.958;0.547;4.998;4.998;4.998;2.463
6915;0.22;0.19;0.217;0.239;0.791;0.881;1.018;1.501;3.95;0.544;4.998;4.998;4.998;2.422
6916;0.215;0.186;0.212;0.247;0.742;0.823;0.989;1.516;3.94;0.542;4.998;4.998;4.998;2.385
6917;0.215;0.183;0.19;0.261;0.732;0.806;0.959;1.409;3.936;0.542;4.998;4.998;4.998;2.351
6918;0.217;0.183;0.166;0.249;0.747;0.784;0.952;1.289;3.933;0.54;4.998;4.998;4.998;2.317
6919;0.215;0.183;0.183;0.205;0.735;0.779;0.942;1.414;3.938;0.535;4.998;4.998;4.998;2.283
6920;0.215;0.186;0.168;0.188;0.706;0.84;0.908;1.411;3.953;0.53;4.998;4.998;4.998;2.251
6921;0.217;0.186;0.171;0.208;0.703;0.833;0.906;1.296;3.972;0.53;4.998;4.998;4.998;2.219
6922;0.215;0.181;0.188;0.215;0.713;0.859;0.898;1.35;3.992;0.527;4.998;4.998;4.998;2.19
6923;0.215;0.178;0.21;0.254;0.715;0.898;0.867;1.475;4.011;0.53;4.998;4.998;4.998;2.161
6924;0.212;0.181;0.212;0.261;0.684;0.876;0.845;1.458;4.033;0.53;4.998;4.998;4.998;2.131
6925;0.212;0.181;0.203;0.256;0.73;0.916;0.872;1.409;4.055;0.535;4.998;4.998;4.998;2.102
6926;0.208;0.181;0.217;0.227;0.791;0.901;0.862;1.448;4.067;0.535;4.998;4.998;4.998;2.083
6927;0.21;0.181;0.215;0.203;0.762;0.906;0.862;1.472;4.082;0.54;4.998;4.998;4.998;2.061
6928;0.208;0.181;0.208;0.212;0.713;0.896;0.879;1.431;4.092;0.544;4.998;4.998;4.998;2.041
6929;0.208;0.183;0.215;0.21;0.688;0.867;0.886;1.46;4.099;0.544;4.998;4.998;4.998;2.014
6930;0.208;0.181;0.198;0.227;0.662;0.845;0.874;1.511;4.102;0.544;4.998;4.998;4.998;1.99
6931;0.203;0.183;0.173;0.239;0.662;0.811;0.872;1.58;4.109;0.544;4.998;4.998;4.998;1.96
6932;0.205;0.186;0.176;0.232;0.654;0.764;0.862;1.587;4.109;0.547;4.998;4.998;4.998;1.941
6933;0.205;0.183;0.198;0.212;0.676;0.784;0.864;1.577;4.111;0.552;4.998;4.998;4.998;1.914
6934;0.208;0.183;0.205;0.234;0.723;0.767;0.837;1.558;4.109;0.557;4.998;4.998;4.998;1.892
6935;0.208;0.183;0.2;0.227;0.706;0.781;0.798;1.455;4.099;0.557;4.998;4.998;4.998;1.87
6936;0.21;0.183;0.215;0.234;0.688;0.784;0.779;1.445;4.089;0.564;4.998;4.998;4.998;1.848
6937;0.21;0.183;0.229;0.244;0.671;0.762;0.754;1.465;4.075;0.566;4.998;4.998;4.998;1.829
6938;0.21;0.183;0.203;0.249;0.662;0.745;1.038;1.462;4.058;0.571;4.998;4.998;4.998;1.802
6939;0.208;0.181;0.198;0.249;0.623;0.74;1.042;1.328;4.033;0.571;4.998;4.998;4.998;1.785
6940;0.208;0.178;0.198;0.222;0.637;0.74;0.83;1.292;4.009;0.579;4.998;4.998;4.998;1.765
6941;0.203;0.178;0.181;0.21;0.674;0.754;1.084;1.379;3.982;0.576;4.998;4.998;4.998;1.746
6942;0.203;0.178;0.188;0.225;0.686;0.745;1.038;1.414;3.958;0.583;4.998;4.998;4.998;1.726
6943;0.205;0.183;0.203;0.212;0.649;0.771;0.942;1.335;3.928;0.586;4.998;4.998;4.998;1.704
6944;0.205;0.181;0.203;0.222;0.642;0.752;1.067;1.399;3.896;0.586;4.998;4.998;4.998;1.687
6945;0.205;0.183;0.203;0.232;0.613;0.728;1.16;1.438;3.867;0.593;4.998;4.998;4.998;1.665
6946;0.2;0.178;0.205;0.22;0.603;0.71;0.991;1.433;3.838;0.593;4.998;4.998;4.998;1.643
6947;0.2;0.181;0.203;0.22;0.62;0.696;1.169;1.357;3.816;0.593;4.998;4.998;4.998;1.626
6948;0.2;0.181;0.186;0.22;0.676;0.679;1.106;1.294;3.804;0.596;4.998;4.998;4.998;1.611
6949;0.195;0.183;0.198;0.22;0.737;0.667;1.008;1.331;3.794;0.596;4.998;4.998;4.998;1.587
6950;0.195;0.181;0.203;0.239;0.754;0.684;1.001;1.311;3.792;0.596;4.998;4.998;4.998;1.57
6951;0.195;0.181;0.2;0.242;0.73;0.681;1.064;1.26;3.801;0.601;4.998;4.998;4.998;1.548
6952;0.195;0.178;0.215;0.264;0.791;0.684;0.962;1.309;3.809;0.601;4.998;4.998;4.998;1.528
6953;0.195;0.181;0.205;0.239;0.806;0.684;0.996;1.289;3.823;0.598;4.998;4.998;4.998;1.504
6954;0.195;0.183;0.205;0.242;0.818;0.696;1.011;1.296;3.843;0.601;4.998;4.998;4.998;1.482
6955;0.198;0.186;0.208;0.244;0.857;0.679;0.95;1.301;3.872;0.603;4.998;4.998;4.998;1.46
6956;0.193;0.188;0.232;0.256;0.828;0.686;0.918;1.326;3.899;0.605;4.998;4.998;4.998;1.44
6957;0.195;0.186;0.251;0.239;0.789;0.669;0.947;1.331;3.926;0.608;4.998;4.998;4.998;1.423
6958;0.195;0.186;0.256;0.256;0.771;0.64;0.945;1.287;3.953;0.61;4.998;4.998;4.998;1.396
6959;0.198;0.19;0.254;0.232;0.752;0.613;0.898;1.294;3.972;0.61;4.998;4.998;4.998;1.37
6960;0.198;0.193;0.254;0.205;0.769;0.605;0.986;1.338;3.987;0.605;4.998;4.998;4.998;1.345
6961;0.2;0.195;0.22;0.22;0.715;0.601;0.981;1.296;3.997;0.605;4.998;4.998;4.998;1.316
6962;0.203;0.198;0.186;0.217;0.701;0.608;0.972;1.343;4.009;0.603;4.998;4.998;4.998;1.296
6963;0.205;0.198;0.195;0.225;0.706;0.605;0.974;1.355;4.019;0.608;4.998;4.998;4.998;1.274
6964;0.205;0.2;0.2;0.244;0.735;0.632;0.967;1.331;4.023;0.605;4.998;4.998;4.998;1.252
6965;0.205;0.2;0.208;0.232;0.706;0.635;0.981;1.36;4.028;0.605;4.998;4.998;4.998;1.228
6966;0.205;0.205;0.225;0.212;0.679;0.625;0.974;1.328;4.028;0.605;4.998;4.998;4.998;1.206
6967;0.205;0.205;0.227;0.203;0.703;0.623;0.979;1.335;4.038;0.605;4.998;4.998;4.998;1.184
6968;0.203;0.205;0.203;0.188;0.72;0.61;0.938;1.318;4.041;0.605;4.998;4.998;4.998;1.165
6969;0.203;0.208;0.2;0.229;0.679;0.591;0.981;1.357;4.041;0.605;4.998;4.998;4.998;1.143
6970;0.2;0.208;0.22;0.269;0.691;0.605;0.969;1.301;4.043;0.608;4.998;4.998;4.998;1.128
6971;0.2;0.21;0.232;0.281;0.713;0.615;0.979;1.211;4.045;0.608;4.998;4.998;4.998;1.106
6972;0.198;0.21;0.229;0.261;0.737;0.62;1.018;1.228;4.05;0.608;4.998;4.998;4.998;1.091
6973;0.198;0.208;0.249;0.251;0.696;0.645;1.023;1.321;4.058;0.613;4.998;4.998;4.998;1.069
6974;0.198;0.21;0.244;0.232;0.652;0.652;1.028;1.328;4.07;0.615;4.998;4.998;4.998;1.052
6975;0.195;0.208;0.242;0.225;0.605;0.664;1.003;1.265;4.08;0.618;4.998;4.998;4.998;1.045
6976;0.195;0.21;0.239;0.237;0.576;0.671;1.045;1.252;4.094;0.623;4.998;4.998;4.998;1.023
6977;0.195;0.208;0.244;0.247;0.564;0.679;1.089;1.24;4.099;0.62;4.998;4.998;4.998;1.016
6978;0.198;0.21;0.22;0.22;0.598;0.698;1.101;1.292;4.104;0.627;4.998;4.998;4.998;1.001
6979;0.2;0.208;0.215;0.203;0.62;0.725;1.147;1.228;4.102;0.715;4.998;4.998;4.998;0.984
6980;0.2;0.21;0.232;0.193;0.613;0.891;1.133;1.191;4.094;0.833;4.998;4.998;4.998;0.972
6981;0.198;0.212;0.229;0.176;0.593;0.918;1.14;1.152;4.089;0.938;4.998;4.998;4.998;0.955
6982;0.195;0.21;0.239;0.327;0.615;0.947;1.147;1.14;4.072;1.047;4.998;4.998;4.998;0.945
6983;0.193;0.21;0.234;1.072;0.642;0.986;1.14;1.155;4.055;1.157;4.998;4.998;4.998;0.925
6984;0.193;0.21;0.227;0.732;0.623;0.938;1.189;1.143;4.031;1.262;4.998;4.998;4.998;0.913
6985;0.195;0.215;0.208;0.828;0.615;0.977;1.216;1.25;4.009;1.367;4.998;4.998;4.998;0.898
6986;0.193;0.212;0.229;0.781;0.642;0.947;1.211;1.311;3.987;1.499;4.998;4.998;4.998;0.884
6987;0.195;0.212;0.278;0.823;0.676;0.974;1.191;1.201;3.97;1.68;4.998;4.998;4.998;0.872
6988;0.193;0.215;0.312;0.867;0.698;0.94;1.184;1.223;3.955;1.934;4.998;4.998;4.998;0.852
6989;0.193;0.215;0.308;0.95;0.696;0.923;1.172;1.326;3.931;2.231;4.998;4.998;4.998;0.847
6990;0.19;0.215;0.342;1.064;0.718;0.896;1.177;1.411;3.909;2.551;4.998;4.998;4.998;0.833
6991;0.193;0.215;0.3;1.025;0.723;0.879;1.208;1.484;3.889;2.874;4.998;4.998;4.998;0.813
6992;0.193;0.215;0.325;1.033;0.691;0.879;1.218;1.553;3.867;3.191;4.998;4.998;4.998;0.798
6993;0.193;0.215;0.298;0.957;0.686;0.93;1.165;1.548;3.843;3.489;4.998;4.998;4.998;0.786
6994;0.19;0.215;0.405;0.979;0.691;0.935;1.121;1.331;3.821;3.796;4.998;4.998;4.998;0.767
6995;0.19;0.212;0.408;0.735;0.698;0.918;1.116;1.287;3.801;4.109;4.998;4.998;4.998;0.757
6996;0.193;0.215;0.388;0.791;0.669;0.872;1.089;1.326;3.787;4.395;4.998;4.998;4.998;0.745
6997;0.19;0.215;0.452;0.752;0.63;0.864;1.111;1.301;3.772;4.631;4.998;4.998;4.998;0.735
6998;0.19;0.217;0.398;0.889;0.615;0.83;1.187;1.223;3.757;4.79;4.998;4.998;4.998;0.725
6999;0.19;0.215;0.447;0.701;0.569;0.833;1.174;1.282;3.74;4.871;4.998;4.998;4.998;0.713
7000;0.19;0.212;0.576;0.764;0.527;0.803;1.187;1.245;3.728;4.902;4.998;4.998;4.998;0.703
7001;0.188;0.208;0.737;0.784;0.542;0.806;1.199;1.284;3.704;4.885;4.998;4.998;4.998;0.693
7002;0.19;0.208;0.645;0.625;0.527;0.84;1.184;1.292;3.691;4.854;4.998;4.998;4.998;0.676
7003;0.193;0.208;0.581;0.718;0.559;0.767;1.179;1.343;3.669;4.81;4.998;4.998;4.998;0.659
7004;0.195;0.21;0.586;0.781;0.579;0.796;1.194;1.318;3.657;4.758;4.998;4.998;4.998;0.642
7005;0.193;0.208;0.469;0.781;0.588;0.793;1.108;1.306;3.645;4.712;4.998;4.998;4.998;0.632
7006;0.193;0.21;0.364;0.776;0.598;0.786;1.096;1.355;3.63;4.69;4.998;4.998;4.998;0.618
7007;0.198;0.205;0.369;0.75;0.569;0.842;1.038;1.318;3.618;4.688;4.998;4.998;4.998;0.61
7008;0.2;0.205;0.374;0.737;0.571;0.823;0.955;1.267;3.599;4.702;4.998;4.998;4.998;0.596
7009;0.203;0.208;0.317;0.693;0.579;0.837;0.945;1.279;3.579;4.734;4.998;4.998;4.998;0.588
7010;0.2;0.205;0.303;0.745;0.593;0.813;0.955;1.296;3.557;4.817;4.998;4.998;4.998;0.579
7011;0.203;0.208;0.286;0.764;0.61;0.767;0.933;1.235;3.55;4.961;4.998;4.998;4.998;0.564
7012;0.2;0.205;0.266;0.781;0.623;0.791;0.95;1.206;3.54;4.998;4.998;4.998;4.998;0.557
7013;0.2;0.205;0.269;0.681;0.601;0.784;0.935;1.238;3.53;4.998;4.998;4.998;4.998;0.547
7014;0.2;0.203;0.259;0.767;0.586;0.818;0.901;1.277;3.528;4.998;4.998;4.998;4.998;0.544
7015;0.2;0.205;0.278;0.818;0.571;0.852;0.935;1.206;3.523;4.998;4.998;4.998;4.998;0.532
7016;0.205;0.208;0.291;0.725;0.576;0.83;0.957;1.257;3.513;4.998;4.998;4.998;4.998;0.525
7017;0.203;0.208;0.283;0.83;0.583;0.815;0.974;1.226;3.508;4.998;4.998;4.998;4.998;0.515
7018;0.203;0.203;0.264;0.808;0.559;0.798;1.006;1.252;3.496;4.998;4.998;4.998;4.998;0.513
7019;0.205;0.208;0.249;0.747;0.557;0.793;1.047;1.194;3.491;4.998;4.998;4.998;4.998;0.51
7020;0.21;0.203;0.247;0.723;0.53;0.813;1.008;1.252;3.474;4.998;4.998;4.998;4.998;0.518
7021;0.21;0.208;0.244;0.764;0.498;0.845;1.03;1.208;3.474;4.998;4.998;4.998;4.998;0.52
7022;0.208;0.208;0.261;0.762;0.503;0.862;1.021;1.25;3.462;4.998;4.998;4.998;4.998;0.532
7023;0.212;0.21;0.256;0.725;0.471;0.869;0.974;1.204;3.459;4.998;4.998;4.998;4.998;0.54
7024;0.215;0.208;0.247;0.786;0.491;0.825;0.942;1.255;3.45;4.998;4.998;4.998;4.998;0.549
7025;0.217;0.205;0.222;0.779;0.486;0.798;0.928;1.191;3.45;4.998;4.998;4.998;4.998;0.552
7026;0.212;0.203;0.22;0.715;0.479;0.786;0.894;1.177;3.44;4.998;4.998;4.998;4.998;0.559
7027;0.215;0.208;0.222;0.742;0.461;0.72;0.867;1.25;3.442;4.998;4.998;4.998;4.998;0.564
7028;0.212;0.203;0.242;0.742;0.486;0.732;0.85;1.223;3.43;4.998;4.998;4.998;4.998;0.569
7029;0.212;0.208;0.242;0.75;0.471;0.725;0.84;1.204;3.435;4.998;4.998;4.998;4.998;0.576
7030;0.21;0.205;0.239;0.713;0.464;0.708;0.789;1.213;3.433;4.998;4.998;4.998;4.998;0.579
7031;0.21;0.203;0.212;0.71;0.508;0.706;0.796;1.289;3.425;4.998;4.998;4.998;4.998;0.586
7032;0.21;0.205;0.198;0.757;0.53;0.696;0.796;1.213;3.423;4.998;4.998;4.998;4.998;0.586
7033;0.208;0.203;0.215;0.742;0.544;0.698;0.767;1.25;3.42;4.998;4.998;4.998;4.998;0.588
7034;0.21;0.205;0.242;0.715;0.552;0.73;0.803;1.243;3.42;4.998;4.998;4.998;4.998;0.588
7035;0.208;0.205;0.276;0.745;0.566;0.706;0.833;1.235;3.418;4.998;4.998;4.998;4.998;0.591
7036;0.212;0.205;0.283;0.742;0.603;0.732;0.881;1.169;3.413;4.998;4.998;4.998;4.998;0.583
7037;0.21;0.205;0.269;0.681;0.596;0.703;0.923;1.194;3.411;4.998;4.998;4.998;4.998;0.586
7038;0.21;0.21;0.242;0.75;0.586;0.691;0.933;1.204;3.408;4.998;4.998;4.998;4.998;0.581
7039;0.208;0.208;0.229;0.696;0.579;0.662;0.92;1.213;3.403;4.998;4.998;4.998;4.998;0.579
7040;0.208;0.21;0.239;0.735;0.576;0.64;0.901;1.218;3.408;4.998;4.998;4.998;4.998;0.574
7041;0.205;0.21;0.242;0.708;0.613;0.632;0.884;1.289;3.413;4.998;4.998;4.998;4.998;0.579
7042;0.203;0.21;0.237;0.686;0.635;0.615;0.867;1.238;3.423;4.998;4.998;4.998;4.998;0.579
7043;0.203;0.21;0.229;0.684;0.686;0.598;0.828;1.184;3.433;4.998;4.998;4.998;4.998;0.579
7044;0.205;0.212;0.2;0.681;0.708;0.623;0.808;1.221;3.45;4.998;4.998;4.998;4.998;0.586
7045;0.205;0.217;0.193;0.684;0.818;0.627;0.742;1.194;3.462;4.998;4.998;4.998;4.998;0.588
7046;0.205;0.212;0.183;0.691;0.881;0.63;0.688;1.172;3.474;4.998;4.998;4.998;4.998;0.591
7047;0.208;0.215;0.195;0.659;0.833;0.649;0.71;1.184;3.484;4.998;4.998;4.998;4.998;0.596
7048;0.208;0.22;0.225;0.647;0.837;0.642;0.723;1.216;3.503;4.998;4.998;4.998;4.998;0.598
7049;0.208;0.22;0.227;0.652;0.898;0.662;0.728;1.182;3.513;4.998;4.998;4.998;4.998;0.603
7050;0.212;0.217;0.21;0.623;0.925;0.686;0.796;1.157;3.528;4.998;4.998;4.998;4.998;0.613
7051;0.21;0.217;0.203;0.642;0.857;0.681;0.808;1.13;3.542;4.998;4.998;4.998;4.998;0.615
7052;0.21;0.215;0.183;0.635;0.84;0.693;0.781;1.211;3.557;4.998;4.998;4.998;4.998;0.618
7053;0.212;0.212;0.193;0.649;0.798;0.667;0.811;1.201;3.574;4.998;4.998;4.998;4.998;0.623
7054;0.215;0.215;0.21;0.63;0.767;0.642;0.847;1.201;3.599;4.998;4.998;4.998;4.998;0.63
7055;0.215;0.217;0.212;0.635;0.698;0.647;0.874;1.216;3.623;4.998;4.998;4.998;4.998;0.637
7056;0.212;0.222;0.249;0.667;0.745;0.645;0.884;1.23;3.647;4.998;4.998;4.998;4.998;0.647
7057;0.21;0.215;0.259;0.671;0.774;0.63;0.864;1.174;3.679;4.998;4.998;4.998;4.966;0.659
7058;0.21;0.215;0.276;0.688;0.796;0.647;0.82;1.184;3.711;4.998;4.998;4.998;4.912;0.667
7059;0.212;0.21;0.264;0.664;0.801;0.627;0.786;1.218;3.743;4.998;4.998;4.998;4.858;0.679
7060;0.215;0.21;0.232;0.659;0.837;0.647;0.764;1.257;3.777;4.998;4.998;4.998;4.802;0.691
7061;0.212;0.212;0.217;0.637;0.823;0.664;0.706;1.24;3.813;4.998;4.998;4.998;4.746;0.698
7062;0.21;0.215;0.215;0.649;0.776;0.671;0.723;1.23;3.848;4.998;4.998;4.998;4.68;0.703
7063;0.21;0.212;0.215;0.654;0.784;0.691;0.72;1.177;3.879;4.998;4.998;4.998;4.617;0.708
7064;0.215;0.212;0.212;0.669;0.798;0.691;0.696;1.211;3.909;4.998;4.998;4.998;4.561;0.72
7065;0.212;0.21;0.205;0.647;0.752;0.693;0.698;1.252;3.943;4.998;4.998;4.998;4.502;0.728
7066;0.215;0.21;0.183;0.688;0.72;0.691;0.72;1.24;3.972;4.998;4.998;4.998;4.453;0.735
7067;0.215;0.208;0.176;0.676;0.723;0.698;0.691;1.204;4.004;4.998;4.998;4.998;4.399;0.742
7068;0.215;0.21;0.171;0.674;0.742;0.71;0.713;1.179;4.033;4.998;4.998;4.998;4.358;0.745
7069;0.21;0.208;0.19;0.667;0.759;0.732;0.742;1.218;4.058;4.998;4.998;4.998;4.312;0.75
7070;0.21;0.21;0.232;0.701;0.73;0.737;0.713;1.191;4.087;4.998;4.998;4.998;4.268;0.75
7071;0.21;0.215;0.266;0.701;0.747;0.762;0.715;1.206;4.109;4.998;4.998;4.998;4.226;0.745
7072;0.21;0.212;0.293;0.701;0.75;0.771;0.725;1.199;4.119;4.998;4.998;4.998;4.187;0.742
7073;0.212;0.212;0.271;0.676;0.75;0.762;0.688;1.187;4.138;4.998;4.998;4.998;4.155;0.735
7074;0.212;0.21;0.229;0.669;0.745;0.776;0.674;1.174;4.153;4.998;4.998;4.998;4.128;0.732
7075;0.212;0.212;0.203;0.659;0.759;0.762;0.688;1.196;4.17;4.998;4.998;4.998;4.106;0.73
7076;0.215;0.21;0.208;0.637;0.776;0.759;0.674;1.233;4.182;4.998;4.998;4.998;4.089;0.723
7077;0.215;0.217;0.217;0.674;0.754;0.762;0.679;1.213;4.192;4.998;4.998;4.998;4.077;0.718
7078;0.212;0.212;0.239;0.667;0.74;0.75;0.701;1.243;4.199;4.998;4.998;4.998;4.058;0.71
7079;0.21;0.217;0.229;0.635;0.759;0.745;0.701;1.255;4.211;4.998;4.998;4.998;4.045;0.708
7080;0.208;0.212;0.234;0.632;0.752;0.73;0.713;1.191;4.226;4.998;4.998;4.998;4.041;0.706
7081;0.208;0.217;0.198;0.63;0.754;0.701;0.73;1.135;4.236;4.998;4.998;4.998;4.043;0.713
7082;0.21;0.222;0.193;0.615;0.769;0.696;0.718;1.152;4.255;4.998;4.998;4.998;4.045;0.708
7083;0.21;0.222;0.208;0.642;0.801;0.667;0.706;1.189;4.265;4.998;4.998;4.998;4.05;0.713
7084;0.205;0.22;0.227;0.652;0.815;0.645;0.679;1.145;4.28;4.998;4.998;4.998;4.055;0.72
7085;0.203;0.22;0.21;0.652;0.82;0.647;0.657;1.121;4.294;4.998;4.998;4.998;4.062;0.715
7086;0.2;0.217;0.217;0.662;0.864;0.645;0.671;1.128;4.304;4.998;4.998;4.998;4.062;0.718
7087;0.2;0.217;0.186;0.664;0.872;0.642;0.715;1.125;4.312;4.998;4.998;4.998;4.055;0.725
7088;0.205;0.212;0.171;0.701;0.872;0.657;0.737;1.099;4.324;4.998;4.998;4.998;4.036;0.723
7089;0.203;0.215;0.166;0.674;0.852;0.657;0.708;1.101;4.331;4.998;4.998;4.998;4.011;0.728
7090;0.205;0.215;0.176;0.691;0.852;0.659;0.706;1.128;4.336;4.998;4.998;4.998;3.989;0.728
7091;0.205;0.212;0.195;0.703;0.874;0.667;0.713;1.172;4.341;4.998;4.998;4.998;3.97;0.728
7092;0.205;0.212;0.2;0.676;0.825;0.667;0.684;1.138;4.353;4.998;4.998;4.998;3.95;0.735
7093;0.205;0.21;0.222;0.691;0.789;0.664;0.713;1.094;4.358;4.998;4.998;4.998;3.933;0.735
7094;0.208;0.208;0.256;0.681;0.818;0.671;0.708;1.05;4.368;4.998;4.998;4.998;3.923;0.74
7095;0.208;0.205;0.244;0.64;0.813;0.688;0.71;1.05;4.377;4.998;4.998;4.998;3.923;0.74
7096;0.21;0.21;0.217;0.63;0.801;0.693;0.686;1.138;4.387;4.998;4.998;4.998;3.928;0.742
7097;0.21;0.205;0.22;0.62;0.793;0.706;0.684;1.118;4.399;4.998;4.998;4.998;3.931;0.747
7098;0.208;0.212;0.234;0.652;0.793;0.71;0.671;1.067;4.409;4.998;4.998;4.998;3.931;0.75
7099;0.212;0.212;0.288;0.647;0.784;0.735;0.679;1.062;4.426;4.998;4.998;4.998;3.921;0.75
7100;0.212;0.212;0.359;0.627;0.789;0.723;0.693;1.113;4.441;4.998;4.998;4.998;3.896;0.75
7101;0.21;0.208;0.322;0.635;0.779;0.725;0.688;1.111;4.458;4.998;4.998;4.998;3.867;0.752
7102;0.212;0.205;0.288;0.608;0.791;0.747;0.679;1.057;4.482;4.998;4.998;4.998;3.826;0.742
7103;0.215;0.21;0.264;0.598;0.757;0.723;0.693;1.033;4.517;4.998;4.998;4.998;3.804;0.742
7104;0.212;0.21;0.332;0.605;0.742;0.713;0.698;1.047;4.548;4.998;4.998;4.998;3.794;0.735
7105;0.217;0.215;0.381;0.618;0.686;0.698;0.72;1.03;4.592;4.998;4.998;4.998;3.787;0.72
7106;0.217;0.22;1.504;0.608;0.671;0.652;0.767;1.033;4.639;4.998;4.998;4.998;3.77;0.71
7107;0.217;0.212;4.998;0.608;0.659;0.63;0.767;1.091;4.692;4.998;4.998;4.998;3.74;0.698
7108;0.215;0.21;4.28;0.583;0.627;0.615;0.776;1.104;4.751;4.998;4.998;4.998;3.706;0.686
7109;0.21;0.215;1.506;0.576;0.593;0.603;0.779;1.03;4.807;4.998;4.998;4.998;3.669;0.679
7110;0.212;0.212;0.903;0.579;0.603;0.613;0.779;1.033;4.861;4.998;4.998;4.998;3.625;0.662
7111;0.212;0.217;0.471;0.593;0.593;0.605;0.757;1.086;4.9;4.998;4.998;4.998;3.584;0.657
7112;0.212;0.217;0.408;0.613;0.615;0.605;0.745;1.067;4.941;4.998;4.998;4.998;3.54;0.652
7113;0.212;0.217;0.388;0.625;0.669;0.615;0.728;1.064;4.978;4.998;4.998;4.998;3.491;0.654
7114;0.212;0.217;0.342;0.635;0.715;0.605;0.681;1.121;4.998;4.998;4.998;4.998;3.438;0.654
7115;0.208;0.22;0.352;0.632;0.718;0.615;0.652;1.082;4.998;4.998;4.998;4.998;3.389;0.662
7116;0.208;0.225;0.779;0.637;0.696;0.618;0.64;1.042;4.998;4.998;4.998;4.998;3.337;0.674
7117;0.208;0.227;0.835;0.637;0.696;0.625;0.647;1.021;4.998;4.998;4.998;4.998;3.276;0.688
7118;0.212;0.225;4.998;0.667;0.688;0.642;0.662;1.028;4.998;4.998;4.998;4.998;3.223;0.706
7119;0.212;0.22;4.998;0.676;0.652;0.615;0.701;1.013;4.998;4.998;4.998;4.998;3.176;0.728
7120;0.217;0.222;4.998;0.688;0.657;0.588;0.703;0.999;4.998;4.998;4.998;4.998;3.127;0.752
7121;0.212;0.222;4.998;0.703;0.632;0.586;0.728;1.028;4.998;4.998;4.998;4.998;3.083;0.771
7122;0.215;0.222;4.998;0.708;0.608;0.552;0.728;1.025;4.998;4.998;4.998;4.998;3.04;0.789
7123;0.212;0.227;4.998;0.669;0.583;0.569;0.73;0.991;4.998;4.998;4.998;4.998;2.998;0.801
7124;0.212;0.222;4.998;0.679;0.586;0.554;0.742;1.05;4.998;4.998;4.998;4.998;2.957;0.82
7125;0.212;0.222;4.998;0.681;0.61;0.549;0.747;1.057;4.998;4.998;4.998;4.998;2.913;0.833
7126;0.217;0.22;4.998;0.703;0.579;0.542;0.732;1.028;4.998;4.998;4.998;4.998;2.869;0.842
7127;0.222;0.229;4.998;0.723;0.552;0.522;0.71;1.038;4.998;4.998;4.998;4.998;2.822;0.847
7128;0.22;0.227;4.998;0.728;0.552;0.544;0.701;1.05;4.998;4.998;4.998;4.998;2.778;0.854
7129;0.22;0.227;4.998;0.742;0.583;0.554;0.681;1.042;4.998;4.998;4.998;4.998;2.739;0.859
7130;0.217;0.225;4.998;0.745;0.61;0.579;0.669;0.999;4.998;4.998;4.998;4.998;2.695;0.867
7131;0.217;0.222;4.998;0.723;0.618;0.581;0.642;1.028;4.998;4.998;4.998;4.998;2.659;0.879
7132;0.212;0.222;4.998;0.728;0.635;0.596;0.652;1.008;4.998;4.998;4.998;4.998;2.62;0.889
7133;0.212;0.227;4.998;0.732;0.637;0.586;0.627;0.93;4.998;4.998;4.998;4.998;2.581;0.898
7134;0.215;0.229;4.998;0.767;0.635;0.591;0.596;0.974;4.998;4.998;4.998;4.998;2.542;0.913
7135;0.222;0.225;4.998;0.801;0.635;0.579;0.581;1.064;4.998;4.998;4.998;4.998;2.502;0.92
7136;0.215;0.227;4.998;0.776;0.637;0.574;0.569;1.135;4.998;4.998;4.998;4.944;2.461;0.93
7137;0.21;0.22;4.998;0.723;0.664;0.566;0.569;1.191;4.998;4.998;4.998;4.9;2.415;0.938
7138;0.205;0.222;4.998;0.691;0.667;0.569;0.559;1.267;4.998;4.998;4.998;4.875;2.371;0.945
7139;0.208;0.22;4.998;0.657;0.649;0.552;0.554;1.318;4.998;4.998;4.998;4.888;2.324;0.95
7140;0.21;0.225;4.998;0.667;0.647;0.559;0.549;1.294;4.998;4.998;4.998;4.956;2.288;0.957
7141;0.215;0.222;4.998;0.679;0.627;0.547;0.566;1.23;4.998;4.998;4.998;4.998;2.241;0.959
7142;0.217;0.222;4.998;0.696;0.601;0.518;0.601;1.265;4.998;4.998;4.998;4.998;2.205;0.959
7143;0.217;0.22;4.998;0.698;0.601;0.503;0.613;1.252;4.998;4.998;4.998;4.998;2.168;0.957
7144;0.212;0.22;4.998;0.674;0.608;0.5;0.608;1.174;4.998;4.998;4.998;4.998;2.146;0.962
7145;0.21;0.215;4.998;0.623;0.603;0.5;0.598;1.143;4.998;4.998;4.998;4.998;2.122;0.959
7146;0.208;0.22;4.998;0.637;0.557;0.51;0.593;1.235;4.998;4.998;4.998;4.998;2.102;0.957
7147;0.212;0.217;4.998;0.657;0.532;0.52;0.62;1.165;4.998;4.998;4.998;4.998;2.09;0.952
7148;0.215;0.217;4.998;0.647;0.503;0.532;0.632;1.072;4.978;4.998;4.998;4.998;2.073;0.947
7149;0.217;0.215;4.998;0.642;0.505;0.547;0.637;1.104;4.937;4.998;4.998;4.998;2.061;0.945
7150;0.215;0.212;4.998;0.62;0.525;0.569;0.623;1.15;4.893;4.998;4.998;4.998;2.046;0.94
7151;0.217;0.208;4.998;0.623;0.574;0.581;0.613;1.096;4.851;4.998;4.998;4.998;2.036;0.93
7152;0.217;0.208;4.998;0.62;0.601;0.581;0.615;1.113;4.802;4.998;4.998;4.998;2.019;0.92
7153;0.215;0.205;4.998;0.62;0.664;0.569;0.603;1.108;4.744;4.934;4.998;4.998;2.004;0.918
7154;0.212;0.21;4.998;0.61;0.671;0.571;0.601;1.135;4.695;4.878;4.998;4.998;1.99;0.906
7155;0.212;0.21;4.998;0.625;0.676;0.552;0.596;1.108;4.636;4.856;4.998;4.998;1.975;0.898
7156;0.212;0.215;4.998;0.637;0.708;0.544;0.586;1.108;4.58;4.875;4.998;4.998;1.951;0.886
7157;0.215;0.21;4.998;0.688;0.676;0.552;0.574;1.106;4.519;4.888;4.998;4.998;1.936;0.879
7158;0.217;0.21;4.998;0.691;0.715;0.554;0.593;1.101;4.456;4.883;4.998;4.998;1.926;0.864
7159;0.217;0.21;4.998;0.698;0.718;0.569;0.62;1.099;4.99;4.836;4.998;4.998;1.897;0.835
7160;0.217;0.212;4.998;0.674;0.691;0.583;0.63;1.086;4.998;4.783;4.998;4.998;1.882;0.808
7161;0.212;0.212;4.998;0.676;0.667;0.605;0.654;1.099;4.998;4.724;4.998;4.998;1.87;0.789
7162;0.208;0.215;4.998;0.669;0.618;0.662;0.842;1.091;4.998;4.668;4.998;4.998;1.877;0.769
7163;0.208;0.215;4.998;0.664;0.635;0.635;0.713;1.099;4.998;4.636;4.998;4.998;1.895;0.757
7164;0.21;0.217;4.998;0.671;0.618;0.684;0.706;1.116;4.998;4.602;4.998;4.998;1.921;0.745
7165;0.212;0.22;4.998;0.686;0.608;0.693;0.801;1.108;4.998;4.561;4.998;4.998;1.943;0.732
7166;0.217;0.22;4.998;0.649;0.605;0.718;0.776;1.089;4.998;4.539;4.998;4.998;1.982;0.718
7167;0.215;0.215;4.998;0.64;0.608;0.732;0.745;1.113;4.998;4.536;4.998;4.998;2.019;0.715
7168;0.212;0.215;4.998;0.615;0.598;0.718;0.854;1.123;4.998;4.548;4.998;4.998;2.058;0.706
7169;0.212;0.215;4.998;0.625;0.593;0.708;0.867;1.067;4.998;4.548;4.998;4.998;2.102;0.698
7170;0.212;0.215;4.998;0.625;0.557;0.708;0.781;1.104;4.998;4.531;4.998;4.998;2.151;0.691
7171;0.212;0.217;4.998;0.613;0.544;0.698;0.928;1.086;4.998;4.509;4.998;4.998;2.195;0.681
7172;0.217;0.222;4.998;0.571;0.53;0.71;0.886;1.047;4.998;4.507;4.998;4.998;2.236;0.671
7173;0.222;0.225;4.998;0.549;0.53;0.728;0.83;0.991;4.998;4.551;4.998;4.998;2.271;0.662
7174;0.22;0.225;4.998;0.54;0.515;0.679;0.879;1.057;4.998;4.631;4.998;4.998;2.295;0.647
7175;0.22;0.222;4.998;0.562;0.486;0.686;0.884;1.062;4.998;4.727;4.998;4.998;2.31;0.637
7176;0.22;0.217;4.998;0.576;0.466;0.667;0.781;1.018;4.998;4.824;4.998;4.998;2.319;0.623
7177;0.222;0.22;4.998;0.601;0.459;0.688;0.833;0.974;4.998;4.995;4.998;4.998;2.317;0.605
7178;0.222;0.22;4.998;0.62;0.481;0.696;0.867;0.974;4.998;4.998;4.998;4.998;2.307;0.598
7179;0.225;0.225;4.998;0.623;0.518;0.684;0.825;0.972;4.998;4.998;4.998;4.998;2.302;0.586
7180;0.222;0.22;4.998;0.618;0.51;0.686;0.862;1.008;4.998;4.998;4.998;4.998;2.292;0.574
7181;0.222;0.22;4.998;0.62;0.518;0.696;0.884;0.999;4.998;4.998;4.998;4.998;2.283;0.569
7182;0.22;0.225;4.998;0.637;0.53;0.662;0.828;1.003;4.998;4.998;4.998;4.998;2.266;0.554
7183;0.215;0.225;4.998;0.659;0.54;0.691;0.769;1.016;4.998;4.998;4.998;4.998;2.258;0.549
7184;0.217;0.22;4.998;0.696;0.552;0.652;0.815;0.999;4.998;4.998;4.998;4.998;2.256;0.542
7185;0.222;0.227;4.998;0.674;0.557;0.637;0.759;1.021;4.998;4.998;4.998;4.998;2.251;0.537
7186;0.227;0.225;4.998;0.652;0.549;0.645;0.789;0.989;4.998;4.998;4.998;4.998;2.244;0.532
7187;0.222;0.225;4.019;0.649;0.522;0.632;0.813;0.959;4.998;4.998;4.998;4.998;2.236;0.525
7188;0.22;0.229;2.278;0.652;0.498;0.652;0.82;0.916;4.998;4.998;4.998;4.998;2.234;0.515
7189;0.22;0.232;2.039;0.637;0.491;0.664;0.789;0.93;4.998;4.998;4.998;4.998;2.227;0.505
7190;0.22;0.234;2.188;0.676;0.469;0.674;0.803;0.962;4.998;4.998;4.998;4.998;2.229;0.498
7191;0.22;0.234;1.777;0.708;0.461;0.698;0.789;1.001;4.998;4.998;4.998;4.998;2.227;0.488
7192;0.22;0.229;1.567;0.72;0.459;0.684;0.789;0.952;4.998;4.998;4.998;4.998;2.224;0.486
7193;0.225;0.229;2.097;0.728;0.439;0.671;0.837;0.969;4.998;4.998;4.998;4.998;2.219;0.469
7194;0.225;0.232;1.189;0.754;0.442;0.681;0.854;0.964;4.998;4.998;4.998;4.998;2.219;0.461
7195;0.225;0.234;1.885;0.769;0.422;0.64;0.837;0.928;4.998;4.998;4.998;4.998;2.227;0.457
7196;0.225;0.239;1.211;0.789;0.442;0.642;0.854;0.955;4.998;4.998;4.998;4.998;2.236;0.452
7197;0.225;0.239;1.323;0.789;0.459;0.654;0.823;0.969;4.998;4.998;4.998;4.998;2.251;0.444
7198;0.225;0.239;1.082;0.793;0.459;0.669;0.767;0.977;4.998;4.998;4.998;4.998;2.273;0.444
7199;0.225;0.237;1.13;0.801;0.469;0.676;0.75;0.964;4.998;4.998;4.998;4.998;2.295;0.442
7200;0.222;0.234;1.216;0.803;0.461;0.676;0.747;0.935;4.998;4.998;4.998;4.998;2.31;0.437
7201;0.225;0.242;1.414;0.801;0.508;0.645;0.745;0.913;4.998;4.998;4.998;4.998;2.329;0.432
7202;0.225;0.242;1.633;0.811;0.518;0.627;0.71;0.955;4.998;4.998;4.998;4.998;2.346;0.422
7203;0.234;0.244;1.794;0.789;0.552;0.613;0.72;0.989;4.998;4.998;4.998;4.998;2.358;0.417
7204;0.237;0.244;1.689;0.786;0.566;0.598;0.698;0.959;4.998;4.998;4.998;4.998;2.361;0.405
7205;0.229;0.237;1.716;0.789;0.574;0.598;0.696;0.952;4.998;4.998;4.998;4.998;2.368;0.403
7206;0.227;0.237;1.819;0.771;0.562;0.601;0.706;0.967;4.998;4.998;4.998;4.998;2.363;0.398
7207;0.22;0.237;4.575;0.776;0.547;0.571;0.701;0.981;4.998;4.998;4.998;4.998;2.361;0.396
7208;0.22;0.237;2.712;0.757;0.513;0.564;0.72;0.989;4.998;4.998;4.998;4.998;2.356;0.393
7209;0.225;0.234;4.998;0.75;0.51;0.557;0.737;0.969;4.998;4.998;4.998;4.998;2.346;0.391
7210;0.225;0.229;4.998;0.73;0.51;0.547;0.762;0.969;4.998;4.998;4.998;4.998;2.339;0.388
7211;0.225;0.229;4.998;0.713;0.505;0.547;0.818;0.979;4.998;4.998;4.998;4.998;2.339;0.383
7212;0.227;0.229;4.998;0.686;0.525;0.562;0.837;1.006;4.998;4.998;4.998;4.998;2.346;0.376
7213;0.225;0.229;4.57;0.686;0.547;0.579;0.859;1.008;4.998;4.998;4.998;4.998;2.354;0.374
7214;0.22;0.232;2.512;0.686;0.591;0.596;0.847;1.084;4.998;4.998;4.998;4.998;2.371;0.376
7215;0.222;0.229;1.506;0.691;0.586;0.608;0.854;1.023;4.998;4.998;4.998;4.998;2.385;0.366
7216;0.22;0.225;0.972;0.686;0.591;0.618;0.854;1.021;4.998;4.998;4.998;4.998;2.407;0.366
7217;0.225;0.222;0.776;0.708;0.642;0.613;0.845;1.077;4.998;4.998;4.998;4.998;2.427;0.366
7218;0.227;0.222;0.63;0.715;0.667;0.608;0.854;1.174;4.998;4.998;4.998;4.998;2.441;0.361
7219;0.227;0.222;0.588;0.728;0.669;0.625;0.84;1.189;4.998;4.998;4.998;4.998;2.451;0.361
7220;0.227;0.222;0.542;0.718;0.64;0.618;0.786;1.233;4.998;4.998;4.998;4.998;2.458;0.356
7221;0.229;0.225;0.588;0.723;0.647;0.615;0.793;1.318;4.998;4.998;4.998;4.998;2.463;0.352
7222;0.227;0.222;0.623;0.698;0.686;0.62;0.786;1.338;4.998;4.998;4.998;4.998;2.463;0.347
7223;0.229;0.215;0.549;0.667;0.669;0.596;0.774;1.235;4.998;4.998;4.998;4.998;2.461;0.342
7224;0.227;0.215;0.557;0.652;0.627;0.598;0.784;1.165;4.998;4.998;4.998;4.998;2.458;0.342
7225;0.227;0.217;0.483;0.632;0.649;0.623;0.791;1.223;4.998;4.998;4.998;4.998;2.449;0.337
7226;0.229;0.215;0.532;0.64;0.667;0.645;0.803;1.255;4.998;4.998;4.998;4.998;2.434;0.334
7227;0.225;0.222;0.535;0.615;0.659;0.664;0.798;1.218;4.998;4.998;4.998;4.998;2.422;0.327
7228;0.225;0.217;0.559;0.62;0.669;0.671;0.796;1.221;4.998;4.998;4.998;4.998;2.405;0.322
7229;0.225;0.22;0.54;0.601;0.698;0.698;0.771;1.25;4.998;4.998;4.998;4.998;2.383;0.317
7230;0.222;0.215;0.576;0.608;0.706;0.701;0.742;1.179;4.998;4.998;4.998;4.998;2.358;0.317
7231;0.222;0.215;0.569;0.598;0.635;0.706;0.73;1.221;4.998;4.998;4.998;4.998;2.329;0.31
7232;0.22;0.215;0.586;0.603;0.637;0.698;0.708;1.211;4.998;4.998;4.998;4.998;2.305;0.305
7233;0.225;0.217;0.571;0.581;0.647;0.698;0.703;1.116;4.998;4.81;4.998;4.998;2.275;0.305
7234;0.227;0.217;0.586;0.588;0.615;0.676;0.723;1.133;4.998;4.614;4.998;4.998;2.246;0.298
7235;0.239;0.217;0.647;0.583;0.591;0.662;0.708;1.16;4.998;4.514;4.998;4.998;2.222;0.293
7236;0.234;0.215;0.671;0.576;0.593;0.645;0.723;1.096;4.998;4.482;4.998;4.998;2.19;0.291
7237;0.234;0.217;0.627;0.603;0.588;0.627;0.732;1.108;4.998;4.49;4.998;4.998;2.158;0.283
7238;0.229;0.217;0.625;0.601;0.574;0.632;0.737;1.101;4.998;4.485;4.998;4.998;2.126;0.281
7239;0.229;0.22;0.547;0.62;0.542;0.645;0.742;1.147;4.998;4.475;4.998;4.998;2.092;0.266
7240;0.232;0.217;0.588;0.635;0.579;0.654;0.74;1.113;4.998;4.443;4.998;4.998;2.061;0.256
7241;0.232;0.217;0.593;0.625;0.596;0.652;0.742;1.047;4.998;4.417;4.998;4.998;2.031;0.247
7242;0.234;0.217;0.591;0.62;0.583;0.649;0.742;1.084;4.998;4.47;4.998;4.998;2.014;0.244
7243;0.232;0.215;0.601;0.642;0.615;0.642;0.75;1.077;4.998;4.553;4.998;4.998;1.992;0.242
7244;0.234;0.217;0.569;0.635;0.654;0.657;0.742;1.06;4.998;4.619;4.998;4.998;1.965;0.237
7245;0.234;0.217;0.562;0.64;0.671;0.652;0.71;1.082;4.998;4.612;4.998;4.998;1.941;0.234
7246;0.234;0.217;0.571;0.654;0.674;0.667;0.693;1.074;4.998;4.575;4.998;4.998;1.917;0.229
7247;0.239;0.212;0.522;0.659;0.659;0.669;0.64;1.045;4.998;4.529;4.998;4.998;1.892;0.229
7248;0.237;0.215;0.525;0.649;0.674;0.664;0.615;1.033;4.998;4.485;4.998;4.998;1.868;0.237
7249;0.237;0.21;0.5;0.625;0.688;0.645;0.583;1.038;4.998;4.443;4.998;4.998;1.843;0.242
7250;0.234;0.212;0.527;0.61;0.664;0.625;0.566;1.082;4.998;4.395;4.998;4.998;1.821;0.256
7251;0.234;0.21;0.51;0.608;0.647;0.603;0.557;1.021;4.998;4.358;4.998;4.998;1.794;0.269
7252;0.234;0.212;0.52;0.596;0.649;0.591;0.544;0.994;4.998;4.302;4.998;4.998;1.777;0.278
7253;0.237;0.212;0.488;0.596;0.64;0.583;0.562;1.023;4.998;4.216;4.998;4.998;1.755;0.286
7254;0.227;0.21;0.503;0.605;0.627;0.586;0.544;0.986;4.998;4.114;4.998;4.998;1.733;0.295
7255;0.227;0.212;0.513;0.598;0.603;0.591;0.547;1.033;4.998;4.014;4.998;4.998;1.707;0.303
7256;0.225;0.212;0.549;0.591;0.596;0.579;0.552;1.028;4.998;3.936;4.998;4.998;1.685;0.305
7257;0.227;0.217;0.566;0.591;0.581;0.588;0.549;1.028;4.998;3.862;4.998;4.998;1.66;0.312
7258;0.227;0.217;0.564;0.596;0.586;0.581;0.542;1.042;4.998;3.792;4.998;4.998;1.646;0.32
7259;0.234;0.212;0.564;0.615;0.601;0.564;0.562;1.064;4.998;3.718;4.998;4.998;1.621;0.327
7260;0.237;0.21;0.52;0.615;0.605;0.571;0.574;1.062;4.998;3.633;4.998;4.998;1.594;0.33
7261;0.237;0.21;0.532;0.62;0.588;0.564;0.583;1.047;4.998;3.596;4.998;4.998;1.575;0.334
7262;0.229;0.212;0.535;0.605;0.566;0.554;0.61;1.008;4.998;3.643;4.998;4.998;1.558;0.337
7263;0.225;0.215;0.52;0.603;0.549;0.562;0.613;0.999;4.998;3.779;4.998;4.998;1.526;0.337
7264;0.227;0.22;0.503;0.598;0.537;0.542;0.61;0.938;4.998;3.931;4.998;4.998;1.511;0.347
7265;0.229;0.22;0.522;0.591;0.518;0.557;0.605;0.947;4.998;4.08;4.998;4.998;1.494;0.354
7266;0.234;0.215;0.474;0.591;0.496;0.564;0.603;0.967;4.998;4.246;4.998;4.998;1.477;0.356
7267;0.237;0.217;0.51;0.591;0.518;0.571;0.586;1.003;4.998;4.453;4.998;4.998;1.465;0.359
7268;0.237;0.22;0.476;0.576;0.505;0.596;0.588;0.984;4.998;4.7;4.998;4.998;1.448;0.361
7269;0.234;0.22;0.488;0.562;0.508;0.581;0.583;0.972;4.998;4.951;4.998;4.998;1.436;0.369
7270;0.229;0.225;0.466;0.579;0.522;0.581;0.564;0.986;4.998;4.998;4.998;4.998;1.426;0.371
7271;0.227;0.22;0.479;0.596;0.52;0.583;0.557;1.03;4.998;4.998;4.998;4.998;1.414;0.371
7272;0.225;0.217;0.503;0.598;0.522;0.564;0.557;0.986;4.998;4.998;4.998;4.998;1.406;0.371
7273;0.229;0.217;0.5;0.605;0.522;0.562;0.547;0.959;4.998;4.998;4.998;4.998;1.409;0.376
7274;0.227;0.22;0.491;0.61;0.532;0.547;0.525;0.959;4.998;4.998;4.998;4.998;1.409;0.381
7275;0.225;0.222;0.503;0.625;0.537;0.527;0.525;0.94;4.998;4.998;4.998;4.998;1.411;0.374
7276;0.227;0.222;0.486;0.613;0.52;0.505;0.522;0.925;4.998;4.998;4.998;4.998;1.416;0.376
7277;0.229;0.217;0.518;0.613;0.518;0.493;0.51;0.962;4.998;4.998;4.998;4.919;1.416;0.369
7278;0.234;0.215;0.53;0.627;0.522;0.491;0.518;0.994;4.998;4.912;4.976;4.832;1.416;0.364
7279;0.234;0.212;0.54;0.632;0.532;0.488;0.513;0.945;4.998;4.792;4.89;4.739;1.416;0.356
7280;0.239;0.22;0.525;0.61;0.527;0.491;0.491;0.928;4.998;4.653;4.91;4.666;1.414;0.349
7281;0.237;0.22;0.525;0.581;0.532;0.488;0.491;0.962;4.998;4.507;4.998;4.595;1.404;0.342
7282;0.242;0.225;0.508;0.586;0.5;0.5;0.498;0.967;4.998;4.407;4.998;4.539;1.404;0.332
7283;0.244;0.227;0.508;0.574;0.5;0.503;0.508;0.942;4.998;4.333;4.998;4.482;1.401;0.327
7284;0.242;0.222;0.491;0.569;0.5;0.52;0.522;0.955;4.998;4.307;4.998;4.436;1.392;0.317
7285;0.239;0.22;0.513;0.605;0.525;0.537;0.53;0.928;4.998;4.299;4.998;4.392;1.384;0.317
7286;0.234;0.217;0.542;0.623;0.53;0.54;0.522;0.928;4.998;4.29;4.998;4.343;1.379;0.317
7287;0.227;0.215;0.518;0.615;0.542;0.549;0.535;0.901;4.998;4.292;4.998;4.297;1.37;0.317
7288;0.229;0.22;0.503;0.62;0.549;0.547;0.576;0.93;4.998;4.297;4.998;4.253;1.362;0.312
7289;0.234;0.217;0.518;0.603;0.547;0.547;0.591;0.967;4.998;4.294;4.998;4.236;1.353;0.308
7290;0.242;0.22;0.535;0.596;0.54;0.547;0.598;0.898;4.998;4.253;4.998;4.226;1.34;0.308
7291;0.244;0.217;0.549;0.601;0.54;0.53;0.62;0.896;4.998;4.17;4.998;4.219;1.326;0.3
7292;0.242;0.217;0.566;0.613;0.52;0.54;0.601;0.93;4.998;4.038;4.998;4.226;1.304;0.293
7293;0.237;0.217;0.542;0.635;0.547;0.527;0.569;0.952;4.998;3.843;4.998;4.241;1.279;0.283
7294;0.232;0.217;0.549;0.63;0.537;0.513;0.583;0.945;4.998;3.647;4.998;4.258;1.26;0.281
7295;0.234;0.217;0.518;0.637;0.535;0.508;0.588;0.938;4.998;3.54;4.998;4.277;1.245;0.271
7296;0.237;0.222;0.542;0.654;0.52;0.508;0.581;0.957;4.998;3.55;4.998;4.29;1.228;0.261
7297;0.234;0.217;0.542;0.659;0.53;0.518;0.583;0.947;4.998;3.745;4.998;4.294;1.218;0.254
7298;0.242;0.217;0.525;0.657;0.508;0.532;0.579;0.967;4.998;4.067;4.998;4.282;1.208;0.249
7299;0.242;0.215;0.532;0.645;0.474;0.549;0.542;0.972;4.998;4.368;4.998;4.265;1.196;0.244
7300;0.242;0.21;0.535;0.613;0.454;0.574;0.53;0.92;4.998;4.631;4.998;4.26;1.196;0.244
7301;0.234;0.21;0.505;0.598;0.442;0.576;0.547;0.923;4.998;4.88;4.998;4.263;1.184;0.242
7302;0.232;0.212;0.537;0.603;0.449;0.574;0.564;0.911;4.998;4.998;4.998;4.265;1.182;0.239
7303;0.229;0.215;0.527;0.61;0.491;0.566;0.571;0.962;4.998;4.998;4.998;4.265;1.172;0.237
7304;0.225;0.215;0.542;0.632;0.5;0.547;0.591;0.94;4.998;4.998;4.998;4.268;1.167;0.232
7305;0.229;0.215;0.52;0.662;0.522;0.537;0.571;0.918;4.998;4.998;4.998;4.272;1.16;0.232
7306;0.237;0.212;0.527;0.659;0.552;0.525;0.552;0.901;4.998;4.998;4.998;4.282;1.15;0.225
7307;0.234;0.21;0.525;0.664;0.564;0.51;0.535;0.896;4.998;4.998;4.998;4.287;1.14;0.222
7308;0.232;0.205;0.542;0.659;0.554;0.503;0.498;0.833;4.998;4.998;4.998;4.287;1.133;0.222
7309;0.232;0.212;0.498;0.659;0.552;0.503;0.474;0.872;4.998;4.998;4.998;4.28;1.118;0.22
7310;0.229;0.212;0.493;0.679;0.547;0.503;0.474;0.889;4.998;4.998;4.998;4.265;1.096;0.212
7311;0.232;0.217;0.496;0.676;0.54;0.498;0.488;0.913;4.998;4.998;4.998;4.255;1.079;0.205
7312;0.237;0.217;0.471;0.676;0.557;0.508;0.496;0.903;4.998;4.998;4.998;4.238;1.052;0.198
7313;0.244;0.21;0.508;0.657;0.537;0.525;0.505;0.945;4.998;4.998;4.998;4.207;1.03;0.193
7314;0.251;0.21;0.513;0.618;0.532;0.527;0.525;0.916;4.998;4.998;4.998;4.17;1.006;0.186
7315;0.249;0.208;0.532;0.625;0.527;0.532;0.52;0.867;4.998;4.998;4.998;4.131;0.981;0.181
7316;0.242;0.205;0.537;0.642;0.53;0.535;0.522;0.891;4.998;4.998;4.998;4.077;0.962;0.173
7317;0.234;0.21;0.552;0.659;0.537;0.522;0.52;0.898;4.998;4.998;4.998;4.036;0.94;0.168
7318;0.229;0.21;0.557;0.684;0.544;0.505;0.518;0.874;4.998;4.998;4.998;4.019;0.92;0.168
7319;0.232;0.212;0.574;0.701;0.542;0.505;0.513;0.833;4.998;4.998;4.998;3.989;0.901;0.164
7320;0.232;0.21;0.571;0.669;0.571;0.503;0.508;0.881;4.998;4.998;4.998;3.953;0.884;0.161
7321;0.234;0.205;0.588;0.64;0.632;0.503;0.493;0.906;4.998;4.998;4.998;3.923;0.864;0.156
7322;0.234;0.208;0.571;0.62;0.657;0.491;0.5;0.872;4.998;4.998;4.998;3.892;0.852;0.159
7323;0.234;0.205;0.571;0.635;0.62;0.486;0.508;0.857;4.998;4.998;4.998;3.855;0.837;0.159
7324;0.234;0.208;0.535;0.649;0.63;0.481;0.518;0.837;4.998;4.998;4.998;3.818;0.825;0.156
7325;0.234;0.208;0.527;0.684;0.635;0.488;0.525;0.823;4.998;4.998;4.998;3.774;0.813;0.151
7326;0.234;0.208;0.508;0.73;0.591;0.51;0.547;0.833;4.998;4.998;4.998;3.73;0.798;0.151
7327;0.242;0.208;0.53;0.708;0.574;0.525;0.547;0.837;4.998;4.998;4.998;3.704;0.786;0.151
7328;0.242;0.208;0.552;0.71;0.579;0.525;0.542;0.791;4.998;4.998;4.998;3.669;0.764;0.149
7329;0.244;0.21;0.564;0.715;0.593;0.527;0.559;0.781;4.998;4.998;4.998;3.652;0.752;0.146
7330;0.239;0.215;0.525;0.706;0.61;0.525;0.564;0.862;4.998;4.998;4.998;3.625;0.74;0.149
7331;0.239;0.215;0.5;0.725;0.579;0.503;0.522;0.913;4.998;4.998;4.998;3.582;0.723;0.146
7332;0.239;0.212;0.457;0.73;0.588;0.5;0.51;0.859;4.998;4.998;4.998;3.521;0.715;0.149
7333;0.237;0.21;0.457;0.745;0.581;0.486;0.515;0.798;4.998;4.998;4.998;3.462;0.701;0.146
7334;0.237;0.212;0.481;0.735;0.598;0.481;0.503;0.852;4.998;4.998;4.998;3.413;0.696;0.149
7335;0.239;0.212;0.518;0.691;0.566;0.469;0.513;0.864;4.998;4.998;4.998;3.379;0.688;0.154
7336;0.247;0.212;0.557;0.681;0.588;0.459;0.522;0.796;4.998;4.998;4.998;3.35;0.686;0.164
7337;0.249;0.212;0.54;0.662;0.598;0.464;0.508;0.793;4.998;4.998;4.998;3.32;0.686;0.166
7338;0.247;0.212;0.52;0.652;0.557;0.471;0.5;0.845;4.998;4.998;4.998;3.296;0.679;0.168
7339;0.239;0.212;0.491;0.664;0.552;0.476;0.53;0.825;4.998;4.998;4.998;3.267;0.674;0.168
7340;0.239;0.212;0.525;0.659;0.547;0.496;0.554;0.845;4.998;4.998;4.998;3.225;0.671;0.173
7341;0.237;0.215;0.535;0.625;0.51;0.503;0.569;0.847;4.998;4.998;4.998;3.181;0.671;0.178
7342;0.239;0.212;0.535;0.605;0.491;0.52;0.583;0.889;4.998;4.998;4.998;3.137;0.669;0.178
7343;0.239;0.21;0.51;0.61;0.488;0.532;0.569;0.845;4.998;4.998;4.998;3.083;0.667;0.178
7344;0.239;0.212;0.464;0.64;0.505;0.535;0.559;0.857;4.998;4.998;4.998;3.027;0.671;0.186
7345;0.242;0.217;0.442;0.652;0.493;0.544;0.542;0.876;4.998;4.998;4.998;2.971;0.669;0.181
7346;0.239;0.222;0.454;0.654;0.464;0.537;0.527;0.862;4.998;4.998;4.998;2.922;0.671;0.181
7347;0.229;0.222;0.483;0.654;0.488;0.532;0.522;0.835;4.998;4.866;4.998;2.874;0.667;0.181
7348;0.229;0.217;0.532;0.632;0.491;0.515;0.518;0.85;4.998;4.937;4.998;2.825;0.667;0.178
7349;0.229;0.215;0.54;0.613;0.466;0.498;0.491;0.891;4.998;4.998;4.998;2.781;0.669;0.183
7350;0.227;0.208;0.544;0.64;0.481;0.474;0.454;0.835;4.998;4.998;4.998;2.759;0.664;0.178
7351;0.225;0.21;0.547;0.652;0.532;0.449;0.439;0.835;4.998;4.998;4.998;2.747;0.659;0.173
7352;0.229;0.208;0.549;0.645;0.554;0.425;0.442;0.891;4.998;4.998;4.998;2.734;0.664;0.176
7353;0.237;0.215;0.566;0.64;0.518;0.43;0.425;0.886;4.998;4.998;4.998;2.732;0.654;0.171
7354;0.239;0.212;0.571;0.605;0.493;0.437;0.422;0.85;4.998;4.998;4.998;2.737;0.654;0.173
7355;0.232;0.21;0.588;0.564;0.513;0.457;0.425;0.835;4.998;4.998;4.998;2.747;0.654;0.171
7356;0.234;0.21;0.618;0.549;0.498;0.469;0.422;0.879;4.998;4.998;4.998;2.764;0.662;0.178
7357;0.237;0.212;0.635;0.571;0.461;0.486;0.43;0.869;4.998;4.998;4.998;2.778;0.662;0.178
7358;0.244;0.217;0.671;0.591;0.469;0.486;0.437;0.83;4.998;4.998;4.998;2.788;0.662;0.178
7359;0.247;0.215;0.667;0.591;0.483;0.488;0.469;0.869;4.998;4.998;4.998;2.8;0.669;0.186
7360;0.247;0.217;0.671;0.608;0.479;0.488;0.498;0.93;4.998;4.998;4.998;2.81;0.669;0.186
7361;0.242;0.222;0.671;0.596;0.464;0.503;0.52;0.93;4.998;4.883;4.998;2.82;0.671;0.183
7362;0.239;0.22;0.645;0.574;0.459;0.496;0.52;0.959;4.998;4.451;4.998;2.825;0.674;0.183
7363;0.234;0.217;0.647;0.569;0.486;0.483;0.491;1.013;4.998;4.102;4.998;2.822;0.669;0.178
7364;0.232;0.217;0.652;0.559;0.493;0.471;0.471;1.067;4.998;3.821;4.998;2.82;0.669;0.173
7365;0.232;0.212;0.627;0.549;0.486;0.466;0.449;1.001;4.998;3.713;4.998;2.827;0.679;0.171
7366;0.229;0.21;0.603;0.554;0.508;0.474;0.444;0.923;4.998;3.835;4.998;2.842;0.669;0.164
7367;0.229;0.205;0.571;0.562;0.532;0.483;0.459;0.962;4.998;4.099;4.998;2.881;0.671;0.161
7368;0.234;0.208;0.562;0.549;0.513;0.5;0.449;0.981;4.998;4.373;4.998;2.915;0.669;0.161
7369;0.234;0.212;0.566;0.532;0.5;0.505;0.435;0.92;4.998;4.685;4.998;2.944;0.662;0.154
7370;0.234;0.21;0.588;0.513;0.496;0.508;0.425;0.894;4.998;4.998;4.998;2.942;0.667;0.159
7371;0.232;0.21;0.576;0.513;0.483;0.515;0.417;0.881;4.998;4.998;4.998;2.93;0.664;0.154
7372;0.232;0.21;0.574;0.518;0.437;0.51;0.41;0.874;4.998;4.998;4.998;2.91;0.662;0.151
7373;0.232;0.21;0.566;0.513;0.417;0.503;0.415;0.837;4.998;4.998;4.998;2.896;0.664;0.151
7374;0.234;0.208;0.535;0.505;0.408;0.498;0.422;0.916;4.998;4.998;4.998;2.881;0.664;0.151
7375;0.237;0.21;0.52;0.479;0.398;0.486;0.437;0.901;4.998;4.998;4.998;2.876;0.664;0.146
7376;0.237;0.21;0.54;0.457;0.376;0.483;0.439;0.928;4.998;4.998;4.998;2.883;0.667;0.151
7377;0.239;0.203;0.537;0.449;0.371;0.469;0.459;0.962;4.998;4.998;4.998;2.903;0.662;0.146
7378;0.242;0.2;0.544;0.459;0.391;0.486;0.471;0.964;4.998;4.998;4.998;2.939;0.662;0.144
7379;0.242;0.203;0.569;0.481;0.42;0.554;0.483;0.894;4.998;4.998;4.998;2.966;0.667;0.146
7380;0.244;0.205;0.562;0.493;0.449;0.62;0.491;0.854;4.998;4.998;4.998;2.979;0.664;0.142
7381;0.244;0.212;0.562;0.491;0.474;0.632;0.488;0.889;4.998;4.998;4.998;2.981;0.662;0.142
7382;0.242;0.215;0.547;0.479;0.479;0.671;0.486;0.869;4.998;4.998;4.998;2.981;0.662;0.137
7383;0.239;0.215;0.547;0.476;0.474;0.635;0.486;0.828;4.998;4.998;4.998;2.979;0.652;0.132
7384;0.237;0.222;0.554;0.481;0.435;0.647;0.464;0.903;4.998;4.988;4.998;2.971;0.654;0.149
7385;0.237;0.217;0.547;0.513;0.427;0.657;0.459;0.972;4.998;4.946;4.998;2.964;0.657;0.142
7386;0.234;0.217;0.576;0.515;0.408;0.649;0.439;0.981;4.998;4.902;4.998;2.957;0.657;0.139
7387;0.229;0.217;0.564;0.505;0.396;0.662;0.432;0.923;4.998;4.932;4.998;2.954;0.654;0.132
7388;0.227;0.215;0.52;0.498;0.388;0.623;0.496;0.925;4.998;4.998;4.998;2.954;0.659;0.129
7389;0.227;0.21;0.488;0.51;0.391;0.645;0.415;0.94;4.998;4.998;4.998;2.959;0.659;0.125
7390;0.222;0.203;0.476;0.525;0.388;0.593;0.474;0.879;4.998;4.998;4.998;2.964;0.659;0.122
7391;0.22;0.2;0.535;0.532;0.413;0.569;0.513;0.82;4.998;4.998;4.998;2.959;0.662;0.125
7392;0.222;0.208;0.576;0.542;0.408;0.566;0.515;0.833;4.998;4.998;4.998;2.959;0.659;0.12
7393;0.22;0.212;0.62;0.537;0.447;0.586;0.515;0.806;4.998;4.998;4.998;2.957;0.654;0.12
7394;0.22;0.217;0.618;0.53;0.452;0.566;0.569;0.828;4.998;4.998;4.998;2.952;0.657;0.122
7395;0.225;0.225;0.586;0.518;0.474;0.564;0.547;0.842;4.998;4.998;4.998;2.932;0.654;0.122
7396;0.227;0.227;0.566;0.52;0.476;0.566;0.537;0.869;4.998;4.998;4.998;2.913;0.657;0.12
7397;0.225;0.229;0.571;0.527;0.503;0.562;0.605;0.872;4.998;4.998;4.998;2.883;0.652;0.122
7398;0.222;0.234;0.574;0.552;0.503;0.552;0.596;0.886;4.998;4.998;4.998;2.859;0.642;0.122
7399;0.225;0.334;0.591;0.554;0.503;0.564;0.593;0.891;4.998;4.998;4.998;2.822;0.635;0.122
7400;0.222;0.64;0.603;0.564;0.515;0.571;0.62;0.889;4.998;4.998;4.998;2.776;0.625;0.125
7401;0.222;0.72;0.588;0.535;0.535;0.562;0.605;0.83;4.998;4.998;4.998;2.734;0.62;0.125
7402;0.217;0.701;0.564;0.508;0.515;0.586;0.576;0.847;4.998;4.998;4.998;2.698;0.618;0.127
7403;0.217;0.754;0.549;0.498;0.554;0.562;0.601;0.862;4.998;4.998;4.998;2.668;0.618;0.125
7404;0.217;0.747;0.552;0.488;0.505;0.571;0.603;0.879;4.998;4.827;4.998;2.644;0.613;0.125
7405;0.217;0.796;0.554;0.498;0.479;0.537;0.598;0.845;4.998;4.524;4.998;2.622;0.605;0.115
7406;0.212;0.723;0.566;0.54;0.5;0.508;0.603;0.852;4.998;4.451;4.998;2.607;0.591;0.103
7407;0.212;0.786;0.588;0.535;0.552;0.518;0.598;0.867;4.998;4.651;4.998;2.588;0.583;0.1
7408;0.212;0.74;0.596;0.525;0.542;0.505;0.576;0.835;4.998;4.951;4.998;2.576;0.579;0.09
7409;0.215;0.791;0.601;0.518;0.542;0.51;0.569;0.828;4.998;4.998;4.998;2.568;0.576;0.09
7410;0.212;0.725;0.576;0.508;0.576;0.522;0.554;0.869;4.998;4.998;4.998;2.563;0.576;0.088
7411;0.21;0.894;0.583;0.522;0.623;0.518;0.554;0.837;4.998;4.998;4.998;2.554;0.583;0.093
7412;0.208;0.669;0.601;0.54;0.581;0.51;0.566;0.842;4.998;4.998;4.998;2.551;0.581;0.093
7413;0.21;0.852;0.64;0.554;0.552;0.503;0.566;0.862;4.998;4.998;4.998;2.539;0.579;0.093
7414;0.208;0.671;0.71;0.544;0.532;0.522;0.564;0.872;4.998;4.998;4.998;2.527;0.581;0.095
7415;0.208;0.801;0.681;0.51;0.525;0.518;0.569;0.813;4.998;4.998;4.998;2.52;0.583;0.095
7416;0.208;0.652;0.667;0.496;0.479;0.532;0.569;0.808;4.998;4.998;4.998;2.507;0.581;0.095
7417;0.208;0.845;0.647;0.5;0.439;0.527;0.562;0.857;4.998;4.998;4.998;2.485;0.588;0.095
7418;0.212;0.671;0.63;0.498;0.452;0.525;0.557;0.83;4.998;4.998;4.998;2.458;0.588;0.095
7419;0.21;0.803;0.657;0.51;0.481;0.505;0.54;0.798;4.998;4.998;4.998;2.424;0.593;0.095
7420;0.215;0.686;0.696;0.525;0.43;0.513;0.544;0.82;4.998;4.998;4.998;2.388;0.596;0.09
7421;0.212;0.725;0.71;0.53;0.437;0.522;0.557;0.845;4.998;4.998;4.998;2.354;0.591;0.088
7422;0.215;0.725;0.72;0.515;0.461;0.535;0.557;0.83;4.998;4.998;4.998;2.314;0.586;0.083
7423;0.212;0.696;0.723;0.498;0.476;0.54;0.549;0.813;4.998;4.998;4.998;2.275;0.586;0.085
7424;0.215;0.747;0.735;0.5;0.496;0.544;0.537;0.85;4.998;4.998;4.998;2.253;0.583;0.085
7425;0.22;0.698;0.771;0.486;0.491;0.525;0.532;0.83;4.998;4.998;4.998;2.239;0.583;0.09
7426;0.215;0.688;0.811;0.491;0.5;0.535;0.532;0.818;4.998;4.998;4.998;2.229;0.579;0.09
7427;0.21;0.654;0.876;0.513;0.513;0.52;0.557;0.823;4.998;4.998;4.998;2.222;0.571;0.088
7428;0.212;0.681;0.837;0.522;0.476;0.552;0.566;0.803;4.998;4.998;4.998;2.231;0.562;0.09
7429;0.205;0.613;0.781;0.515;0.466;0.564;0.566;0.803;4.998;4.998;4.998;2.251;0.554;0.093
7430;0.21;0.693;0.811;0.51;0.469;0.571;0.552;0.818;4.998;4.998;4.998;2.273;0.549;0.088
7431;0.212;0.632;0.842;0.513;0.474;0.562;0.54;0.84;4.998;4.998;4.998;2.295;0.537;0.09
7432;0.215;0.693;0.847;0.505;0.447;0.53;0.532;0.835;4.998;4.998;4.998;2.317;0.53;0.093
7433;0.217;0.676;0.71;0.486;0.486;0.525;0.547;0.847;4.998;4.998;4.998;2.336;0.515;0.093
7434;0.217;0.669;0.674;0.493;0.515;0.522;0.564;0.825;4.998;4.998;4.998;2.346;0.505;0.093
7435;0.217;0.693;0.667;0.483;0.503;0.52;0.581;0.813;4.998;4.998;4.998;2.363;0.493;0.093
7436;0.215;0.674;0.659;0.459;0.5;0.54;0.586;0.764;4.998;4.998;4.998;2.371;0.483;0.098
7437;0.212;0.645;0.615;0.437;0.518;0.549;0.579;0.811;4.998;4.998;4.998;2.38;0.474;0.098
7438;0.208;0.667;0.564;0.43;0.535;0.554;0.566;0.811;4.998;4.998;4.998;2.388;0.464;0.103
7439;0.208;0.654;0.591;0.427;0.54;0.554;0.544;0.791;4.998;4.998;4.998;2.395;0.454;0.103
7440;0.212;0.64;0.803;0.427;0.52;0.547;0.535;0.811;4.998;4.998;4.998;2.412;0.447;0.105
7441;0.222;0.674;0.649;0.427;0.53;0.542;0.532;0.842;4.998;4.998;4.998;2.437;0.432;0.103
7442;0.232;0.613;0.688;0.427;0.542;0.532;0.535;0.896;4.998;4.998;4.998;2.454;0.427;0.11
7443;0.227;0.63;0.869;0.408;0.515;0.549;0.537;0.854;4.998;4.998;4.998;2.478;0.415;0.11
7444;0.225;0.63;0.767;0.425;0.488;0.562;0.544;0.889;4.998;4.998;4.998;2.498;0.403;0.107
7445;0.217;0.652;0.872;0.452;0.491;0.564;0.54;0.967;4.998;4.998;4.998;2.507;0.398;0.105
7446;0.21;0.613;0.881;0.454;0.466;0.554;0.525;1.001;4.998;4.998;4.998;2.52;0.391;0.105
7447;0.205;0.649;0.84;0.449;0.444;0.557;0.513;1.016;4.998;4.998;4.998;2.527;0.386;0.105
7448;0.21;0.625;0.754;0.454;0.425;0.532;0.51;1.028;4.998;4.998;4.998;2.537;0.376;0.1
7449;0.215;0.632;0.859;0.437;0.435;0.532;0.522;0.947;4.998;4.998;4.998;2.551;0.376;0.105
7450;0.215;0.615;0.972;0.435;0.437;0.552;0.53;0.857;4.998;4.998;4.998;2.556;0.376;0.105
7451;0.212;0.652;0.972;0.413;0.427;0.562;0.544;0.837;4.998;4.998;4.998;2.549;0.371;0.107
7452;0.212;0.615;2.019;0.425;0.466;0.576;0.559;0.94;4.998;4.998;4.998;2.551;0.366;0.105
7453;0.205;0.667;1.13;0.42;0.496;0.557;0.569;0.894;4.998;4.998;4.998;2.542;0.366;0.107
7454;0.203;0.579;1.213;0.417;0.476;0.537;0.574;0.823;4.998;4.998;4.998;2.534;0.361;0.112
7455;0.2;0.649;4.998;0.435;0.464;0.522;0.564;0.872;4.998;4.998;4.998;2.529;0.359;0.112
7456;0.198;0.583;4.998;0.425;0.459;0.508;0.564;0.896;4.998;4.998;4.998;2.524;0.354;0.115
7457;0.203;0.645;4.998;0.447;0.452;0.51;0.562;0.852;4.998;4.998;4.998;2.512;0.352;0.115
7458;0.212;0.588;4.998;0.457;0.43;0.51;0.552;0.837;4.998;4.998;4.998;2.5;0.344;0.117
7459;0.212;0.625;4.998;0.464;0.42;0.493;0.542;0.872;4.998;4.998;4.998;2.478;0.342;0.117
7460;0.22;0.618;4.998;0.481;0.442;0.479;0.537;0.881;4.998;4.998;4.998;2.449;0.332;0.11
7461;0.222;0.627;4.998;0.493;0.437;0.469;0.537;0.845;4.998;4.998;4.998;2.415;0.332;0.115
7462;0.217;0.637;4.998;0.486;0.432;0.464;0.532;0.825;4.998;4.998;4.998;2.371;0.332;0.117
7463;0.212;0.615;4.998;0.498;0.449;0.481;0.54;0.891;4.998;4.998;4.998;2.314;0.32;0.11
7464;0.212;0.635;4.998;0.491;0.471;0.486;0.554;0.864;4.998;4.998;4.998;2.246;0.325;0.12
7465;0.21;0.63;4.998;0.53;0.488;0.508;0.554;0.901;4.998;4.998;4.998;2.173;0.31;0.11
7466;0.208;0.598;4.998;0.571;0.471;0.515;0.562;0.862;4.998;4.998;4.998;2.109;0.308;0.107
7467;0.198;0.647;4.998;0.62;0.464;0.5;0.571;0.798;4.998;4.998;4.998;2.058;0.303;0.105
7468;0.2;0.625;4.998;0.635;0.452;0.503;0.569;0.779;4.998;4.998;4.998;2.002;0.3;0.103
7469;0.2;0.664;4.998;0.596;0.435;0.503;0.557;0.828;4.998;4.998;4.998;1.943;0.286;0.095
7470;0.208;0.64;4.998;0.598;0.4;0.5;0.549;0.869;4.998;4.998;4.998;1.882;0.283;0.095
7471;0.212;0.662;4.998;0.588;0.42;0.505;0.525;0.769;4.998;4.998;4.998;1.829;0.273;0.093
7472;0.215;0.645;4.998;0.583;0.425;0.5;0.505;0.728;4.998;4.998;4.998;1.777;0.269;0.088
7473;0.222;0.664;4.998;0.613;0.405;0.493;0.498;0.803;4.998;4.998;4.998;1.736;0.264;0.085
7474;0.22;0.674;4.998;0.61;0.383;0.474;0.488;0.791;4.998;4.998;4.998;1.699;0.261;0.088
7475;0.212;0.71;4.998;0.61;0.381;0.461;0.476;0.732;4.998;4.998;4.998;1.67;0.254;0.085
7476;0.208;0.679;4.998;0.596;0.413;0.447;0.466;0.767;4.998;4.998;4.998;1.636;0.251;0.088
7477;0.2;0.72;4.998;0.603;0.413;0.447;0.454;0.771;4.998;4.998;4.998;1.602;0.244;0.085
7478;0.203;0.688;4.998;0.623;0.439;0.452;0.439;0.742;4.998;4.998;4.998;1.575;0.239;0.083
7479;0.2;0.735;4.998;0.645;0.459;0.452;0.447;0.693;4.998;4.998;4.998;1.553;0.239;0.085
7480;0.205;0.706;4.998;0.649;0.471;0.449;0.452;0.745;4.998;4.998;4.998;1.538;0.227;0.076
7481;0.215;0.75;4.998;0.667;0.457;0.444;0.464;0.735;4.998;4.998;4.998;1.521;0.227;0.078
7482;0.22;0.706;4.998;0.647;0.435;0.432;0.471;0.747;4.998;4.998;4.998;1.504;0.225;0.083
7483;0.222;0.745;4.998;0.618;0.435;0.427;0.483;0.767;4.998;4.998;4.998;1.492;0.222;0.076
7484;0.222;0.701;4.998;0.61;0.447;0.427;0.479;0.769;4.998;4.998;4.998;1.484;0.222;0.081
7485;0.222;0.745;4.998;0.596;0.427;0.422;0.479;0.762;4.998;4.998;4.998;1.479;0.22;0.078
7486;0.225;0.698;4.998;0.598;0.422;0.427;0.498;0.759;4.998;4.998;4.998;1.479;0.22;0.083
7487;0.227;0.757;4.998;0.591;0.405;0.42;0.515;0.764;4.998;4.998;4.998;1.487;0.217;0.083
7488;0.227;0.701;4.998;0.586;0.388;0.43;0.518;0.747;4.998;4.998;4.998;1.489;0.217;0.088
7489;0.225;0.73;4.998;0.559;0.374;0.427;0.522;0.693;4.998;4.998;4.998;1.494;0.217;0.095
7490;0.22;0.72;4.998;0.54;0.349;0.427;0.535;0.725;4.998;4.998;4.998;1.494;0.212;0.09
7491;0.212;0.72;4.998;0.527;0.354;0.427;0.52;0.757;4.998;4.998;4.998;1.499;0.212;0.093
7492;0.205;0.742;4.998;0.547;0.364;0.452;0.513;0.728;4.998;4.998;4.998;1.506;0.21;0.095
7493;0.208;0.708;4.998;0.566;0.383;0.454;0.493;0.737;4.998;4.998;4.998;1.516;0.208;0.098
7494;0.208;0.72;4.998;0.583;0.398;0.461;0.471;0.74;4.998;4.998;4.998;1.533;0.212;0.1
7495;0.212;0.706;4.998;0.562;0.413;0.461;0.452;0.747;4.998;4.998;4.998;1.538;0.22;0.107
7496;0.217;0.703;4.998;0.554;0.422;0.439;0.449;0.75;4.998;4.998;4.998;1.538;0.22;0.107
7497;0.22;0.693;4.998;0.537;0.42;0.435;0.454;0.754;4.998;4.998;4.998;1.541;0.222;0.107
7498;0.227;0.688;4.998;0.547;0.415;0.437;0.449;0.767;4.998;4.998;4.998;1.558;0.227;0.115
7499;0.229;0.684;4.998;0.593;0.413;0.439;0.459;0.767;4.998;4.998;4.998;1.577;0.227;0.112
7500;0.229;0.667;4.998;0.615;0.4;0.449;0.457;0.759;4.998;4.998;4.998;1.592;0.229;0.112
7501;0.234;0.674;4.998;0.649;0.381;0.437;0.454;0.776;4.998;4.998;4.998;1.604;0.232;0.112
7502;0.234;0.654;4.998;0.654;0.369;0.435;0.454;0.752;4.998;4.998;4.998;1.602;0.229;0.11
7503;0.232;0.671;4.998;0.645;0.376;0.41;0.439;0.757;4.998;4.998;4.998;1.592;0.232;0.11
7504;0.227;0.637;4.998;0.645;0.371;0.396;0.427;0.759;4.998;4.998;4.998;1.575;0.237;0.112
7505;0.217;0.669;4.998;0.642;0.364;0.4;0.41;0.735;4.998;4.998;4.998;1.553;0.237;0.11
7506;0.21;0.625;4.998;0.649;0.359;0.398;0.403;0.686;4.998;4.998;4.998;1.536;0.237;0.112
7507;0.195;0.659;4.998;0.649;0.349;0.413;0.386;0.674;4.998;4.998;4.998;1.521;0.237;0.117
7508;0.188;0.625;4.998;0.64;0.344;0.417;0.386;0.718;4.998;4.998;4.998;1.506;0.242;0.112
7509;0.188;0.642;4.998;0.62;0.344;0.41;0.396;0.742;4.998;4.998;4.998;1.484;0.244;0.12
7510;0.198;0.654;4.998;0.598;0.349;0.403;0.391;0.75;4.998;4.998;4.998;1.472;0.247;0.12
7511;0.208;0.657;4.998;0.588;0.371;0.391;0.388;0.774;4.998;4.998;4.998;1.455;0.244;0.12
7512;0.217;0.676;4.998;0.576;0.383;0.383;0.415;0.752;4.998;4.998;4.954;1.436;0.244;0.117
7513;0.217;0.642;4.998;0.583;0.376;0.386;0.437;0.747;4.998;4.927;4.846;1.409;0.244;0.115
7514;0.215;0.676;4.998;0.586;0.374;0.383;0.459;0.793;4.998;4.91;4.734;1.384;0.239;0.112
7515;0.212;0.654;4.998;0.596;0.366;0.396;0.479;0.789;4.998;4.893;4.619;1.362;0.237;0.107
7516;0.215;0.664;4.998;0.586;0.361;0.398;0.466;0.767;4.998;4.905;4.497;1.343;0.232;0.107
7517;0.22;0.657;4.998;0.579;0.369;0.398;0.449;0.791;4.998;4.958;4.368;1.328;0.242;0.112
7518;0.229;0.662;4.998;0.574;0.366;0.396;0.432;0.801;4.998;4.998;4.243;1.316;0.232;0.105
7519;0.229;0.642;4.998;0.562;0.356;0.408;0.435;0.806;4.998;4.998;4.114;1.299;0.232;0.107
7520;0.229;0.664;4.998;0.547;0.334;0.422;0.442;0.818;4.998;4.998;3.994;1.284;0.225;0.093
7521;0.225;0.632;4.998;0.525;0.322;0.437;0.461;0.847;4.998;4.998;3.867;1.272;0.227;0.095
7522;0.215;0.652;4.998;0.505;0.334;0.442;0.474;0.852;4.998;4.998;3.748;1.26;0.22;0.093
7523;0.208;0.623;4.998;0.508;0.344;0.442;0.459;0.85;4.998;4.998;3.63;1.25;0.222;0.095
7524;0.205;0.635;4.998;0.508;0.371;0.43;0.459;0.835;4.998;4.998;3.516;1.24;0.222;0.088
7525;0.208;0.615;4.998;0.527;0.386;0.415;0.452;0.852;4.998;4.998;3.413;1.228;0.227;0.085
7526;0.212;0.635;4.998;0.54;0.417;0.415;0.447;0.796;4.998;4.998;3.313;1.211;0.222;0.085
7527;0.217;0.627;4.998;0.532;0.417;0.413;0.444;0.784;4.998;4.998;3.213;1.196;0.232;0.085
7528;0.21;0.62;4.998;0.532;0.405;0.413;0.439;0.825;4.998;4.998;3.132;1.184;0.232;0.088
7529;0.203;0.627;4.998;0.515;0.388;0.425;0.432;0.815;4.998;4.998;3.054;1.172;0.232;0.083
7530;0.2;0.61;4.998;0.5;0.371;0.425;0.413;0.791;4.998;4.998;2.986;1.155;0.232;0.083
7531;0.2;0.618;4.998;0.496;0.369;0.413;0.396;0.835;4.998;4.998;2.937;1.145;0.237;0.085
7532;0.217;0.615;4.998;0.476;0.359;0.413;0.376;0.825;4.998;4.998;2.9;1.135;0.232;0.081
7533;0.527;0.618;4.998;0.469;0.364;0.398;0.374;0.771;4.998;4.998;2.886;1.128;0.237;0.081
7534;0.784;0.62;4.998;0.469;0.386;0.398;0.378;0.745;4.998;4.998;2.871;1.116;0.234;0.078
7535;0.569;0.625;4.998;0.439;0.383;0.398;0.388;0.759;4.998;4.998;2.825;1.101;0.234;0.081
7536;0.476;0.62;4.998;0.435;0.391;0.398;0.403;0.776;4.998;4.998;2.764;1.082;0.237;0.081
7537;0.671;0.63;4.998;0.442;0.391;0.403;0.422;0.757;4.998;4.998;2.712;1.067;0.234;0.078
7538;0.652;0.637;4.998;0.486;0.396;0.396;0.432;0.789;4.998;4.998;2.703;1.05;0.232;0.078
7539;0.42;0.645;4.998;0.503;0.408;0.398;0.439;0.806;4.998;4.998;2.729;1.033;0.239;0.081
7540;0.527;0.635;4.998;0.54;0.422;0.398;0.442;0.747;4.998;4.998;2.791;1.016;0.234;0.078
7541;0.562;0.652;4.998;0.557;0.437;0.4;0.439;0.708;4.998;4.998;2.874;0.999;0.232;0.081
7542;0.566;0.627;4.998;0.562;0.435;0.408;0.442;0.745;4.998;4.998;2.971;0.979;0.232;0.081
7543;0.408;0.652;4.998;0.54;0.427;0.415;0.432;0.759;4.998;4.998;3.069;0.962;0.232;0.078
7544;0.505;0.635;4.998;0.542;0.427;0.41;0.422;0.75;4.998;4.998;3.154;0.945;0.232;0.081
7545;0.566;0.645;4.998;0.53;0.427;0.413;0.403;0.757;4.998;4.998;3.21;0.925;0.227;0.081
7546;0.452;0.64;4.998;0.54;0.405;0.398;0.393;0.769;4.998;4.998;3.245;0.908;0.229;0.085
7547;0.442;0.659;4.998;0.54;0.393;0.405;0.376;0.75;4.998;4.998;3.264;0.894;0.225;0.085
7548;0.437;0.642;4.998;0.535;0.386;0.405;0.374;0.73;4.998;4.832;3.271;0.872;0.222;0.088
7549;0.481;0.674;4.998;0.525;0.393;0.403;0.378;0.737;4.998;4.648;3.262;0.854;0.212;0.083
7550;0.518;0.659;4.998;0.525;0.388;0.413;0.381;0.72;4.998;4.49;3.252;0.842;0.21;0.085
7551;0.471;0.676;4.998;0.537;0.374;0.408;0.391;0.696;4.998;4.329;3.225;0.83;0.205;0.085
7552;0.479;0.681;4.998;0.542;0.374;0.398;0.4;0.686;4.998;4.189;3.186;0.813;0.203;0.088
7553;0.554;0.681;4.998;0.535;0.374;0.381;0.415;0.718;4.998;4.109;3.13;0.806;0.203;0.09
7554;0.437;0.698;4.998;0.532;0.386;0.356;0.427;0.713;4.998;4.089;3.074;0.791;0.198;0.088
7555;0.403;0.703;4.998;0.51;0.391;0.342;0.447;0.71;4.998;4.111;3.018;0.774;0.198;0.09
7556;0.457;0.718;4.998;0.515;0.396;0.325;0.452;0.723;4.998;4.143;2.966;0.762;0.195;0.09
7557;0.469;0.728;4.998;0.508;0.405;0.327;0.444;0.747;4.998;4.177;2.915;0.745;0.2;0.093
7558;0.483;0.725;4.998;0.515;0.396;0.33;0.43;0.73;4.998;4.17;2.869;0.732;0.2;0.093
7559;0.393;0.732;4.998;0.513;0.378;0.33;0.42;0.732;4.998;4.121;2.805;0.715;0.203;0.095
7560;0.447;0.728;4.998;0.493;0.359;0.33;0.41;0.713;4.998;4.065;2.761;0.706;0.203;0.095
7561;0.476;0.72;4.998;0.466;0.359;0.342;0.4;0.688;4.998;4.033;2.712;0.691;0.205;0.09
7562;0.42;0.73;4.998;0.449;0.366;0.339;0.398;0.659;4.998;4.06;2.671;0.681;0.21;0.09
7563;0.449;0.706;4.998;0.437;0.374;0.354;0.405;0.64;4.998;4.146;2.629;0.671;0.215;0.09
7564;0.396;0.713;4.998;0.435;0.391;0.374;0.408;0.681;4.998;4.248;2.583;0.667;0.232;0.093
7565;0.452;0.701;4.998;0.435;0.391;0.391;0.425;0.706;4.998;4.324;2.537;0.671;0.239;0.095
7566;0.439;0.688;3.027;0.442;0.383;0.388;0.439;0.691;4.998;4.346;2.488;0.676;0.247;0.093
7567;0.42;0.684;1.79;0.442;0.371;0.408;0.461;0.671;4.998;4.324;2.437;0.686;0.259;0.095
7568;0.413;0.679;1.648;0.435;0.352;0.415;0.461;0.698;4.998;4.292;2.385;0.691;0.278;0.1
7569;0.408;0.667;1.399;0.435;0.342;0.415;0.466;0.662;4.998;4.226;2.336;0.703;0.286;0.105
7570;0.393;0.679;1.116;0.43;0.352;0.413;0.466;0.667;4.998;4.111;2.288;0.71;0.295;0.103
7571;0.393;0.647;1.145;0.422;0.378;0.41;0.466;0.686;4.998;4.001;2.239;0.72;0.305;0.105
7572;0.381;0.652;1.226;0.437;0.41;0.4;0.457;0.713;4.998;3.877;2.183;0.72;0.315;0.107
7573;0.437;0.635;0.791;0.437;0.408;0.388;0.459;0.708;4.998;3.745;2.129;0.725;0.327;0.103
7574;0.417;0.63;0.632;0.461;0.398;0.386;0.459;0.723;4.998;3.606;2.075;0.728;0.332;0.107
7575;0.422;0.625;1.128;0.476;0.396;0.376;0.459;0.745;4.998;3.53;2.019;0.728;0.339;0.1
7576;0.459;0.635;1.145;0.479;0.383;0.366;0.452;0.706;4.998;3.638;1.963;0.72;0.344;0.1
7577;0.439;0.625;1.189;0.479;0.376;0.356;0.439;0.671;4.998;3.865;1.904;0.715;0.347;0.1
7578;0.466;0.64;1.147;0.481;0.386;0.354;0.444;0.693;4.998;4.155;1.855;0.715;0.356;0.095
7579;0.457;0.615;0.925;0.476;0.415;0.339;0.422;0.737;4.998;4.441;1.809;0.713;0.359;0.093
7580;0.466;0.635;0.916;0.481;0.427;0.337;0.403;0.691;4.998;4.688;1.777;0.718;0.369;0.095
7581;0.454;0.613;0.979;0.486;0.425;0.337;0.386;0.676;4.998;4.868;1.765;0.723;0.378;0.098
7582;0.464;0.645;0.764;0.483;0.422;0.342;0.381;0.691;4.998;4.971;1.763;0.732;0.386;0.098
7583;0.498;0.625;0.911;0.488;0.427;0.354;0.378;0.703;4.998;4.978;1.768;0.75;0.398;0.1
7584;0.461;0.657;0.828;0.479;0.432;0.366;0.415;0.703;4.998;4.929;1.777;0.769;0.41;0.1
7585;0.461;0.632;0.889;0.479;0.442;0.366;0.457;0.691;4.998;4.849;1.794;0.793;0.422;0.098
7586;0.449;0.659;0.757;0.459;0.449;0.359;0.486;0.674;4.998;4.727;1.797;0.813;0.43;0.103
7587;0.422;0.637;0.952;0.442;0.459;0.342;0.498;0.674;4.998;4.57;1.807;0.842;0.439;0.1
7588;0.454;0.647;0.864;0.439;0.474;0.334;0.486;0.693;4.998;4.385;1.804;0.867;0.452;0.098
7589;0.435;0.645;0.815;0.442;0.454;0.317;0.454;0.713;4.998;4.182;1.802;0.894;0.461;0.098
7590;0.483;0.647;0.908;0.442;0.457;0.32;0.432;0.725;4.998;3.953;1.799;0.918;0.474;0.103
7591;0.5;0.652;0.879;0.447;0.435;0.334;0.413;0.72;4.998;3.665;1.79;0.938;0.479;0.098
7592;0.5;0.664;0.903;0.435;0.422;0.352;0.408;0.732;4.998;3.33;1.777;0.952;0.486;0.1
7593;0.525;0.654;1.074;0.43;0.425;0.347;0.405;0.713;4.998;2.983;1.763;0.972;0.483;0.098
7594;0.498;0.667;1.03;0.396;0.432;0.347;0.403;0.684;4.998;2.668;1.746;0.991;0.483;0.095
7595;0.522;0.654;1.008;0.383;0.444;0.347;0.386;0.728;4.998;2.41;1.731;1.013;0.483;0.095
7596;0.525;0.664;1.194;0.391;0.442;0.347;0.388;0.759;4.998;2.195;1.707;1.023;0.483;0.09
7597;0.508;0.674;0.933;0.41;0.422;0.366;0.391;0.779;4.998;2.051;1.685;1.033;0.481;0.088
7598;0.52;0.667;0.493;0.422;0.427;0.393;0.381;0.801;4.998;1.938;1.653;1.04;0.486;0.09
7599;0.527;0.681;0.476;0.442;0.415;0.398;0.378;0.85;4.998;1.853;1.631;1.047;0.476;0.088
7600;0.525;0.674;0.627;0.427;0.432;0.388;0.393;0.867;4.998;1.777;1.609;1.06;0.476;0.088
7601;0.503;0.669;0.745;0.422;0.437;0.371;0.408;0.818;4.998;1.707;1.599;1.069;0.481;0.09
7602;0.503;0.662;0.713;0.437;0.474;0.339;0.408;0.781;4.998;1.616;1.602;1.082;0.471;0.088
7603;0.496;0.654;0.964;0.442;0.522;0.325;0.413;0.786;4.998;1.528;1.626;1.094;0.464;0.085
7604;0.527;0.649;0.957;0.457;0.549;0.332;0.42;0.789;4.998;1.521;1.646;1.104;0.459;0.085
7605;0.52;0.647;1.045;0.466;0.557;0.339;0.427;0.811;4.998;1.614;1.677;1.116;0.449;0.078
7606;0.54;0.645;1.167;0.466;0.574;0.342;0.427;0.835;4.998;1.75;1.707;1.133;0.444;0.081
7607;0.532;0.64;0.793;0.461;0.559;0.349;0.425;0.876;4.998;1.895;1.731;1.14;0.442;0.085
7608;0.562;0.635;0.62;0.474;0.564;0.361;0.422;0.869;4.998;2.07;1.775;1.147;0.437;0.085
7609;0.54;0.637;0.461;0.471;0.547;0.364;0.41;0.833;4.998;2.266;1.843;1.16;0.427;0.085
7610;0.535;0.632;0.43;0.469;0.547;0.383;0.403;0.823;4.998;2.427;1.936;1.165;0.42;0.085
7611;0.527;0.63;0.415;0.471;0.574;0.386;0.383;0.806;4.998;2.517;2.058;1.167;0.42;0.085
7612;0.535;0.64;0.417;0.461;0.547;0.474;0.374;0.808;4.998;2.51;2.205;1.165;0.415;0.088
7613;0.527;0.63;0.427;0.444;0.498;0.437;0.356;0.803;4.998;2.463;2.349;1.157;0.403;0.09
7614;0.525;0.635;0.442;0.435;0.559;0.491;0.342;0.752;4.998;2.405;2.471;1.147;0.393;0.088
7615;0.554;0.63;0.432;0.449;0.581;0.466;0.325;0.703;4.998;2.336;2.573;1.14;0.388;0.088
7616;0.557;0.632;0.432;0.452;0.564;0.461;0.312;0.696;4.998;2.263;2.649;1.14;0.374;0.088
7617;0.544;0.625;0.442;0.442;0.574;0.452;0.317;0.745;4.998;2.183;2.695;1.143;0.366;0.088
7618;0.525;0.62;0.439;0.442;0.61;0.435;0.322;0.718;4.998;2.097;2.727;1.147;0.354;0.085
7619;0.537;0.623;0.439;0.459;0.61;0.437;0.332;0.713;4.998;2.004;2.747;1.143;0.342;0.081
7620;0.54;0.623;0.452;0.466;0.596;0.432;0.4;0.725;4.998;2;2.759;1.133;0.325;0.071
7621;0.547;0.625;0.452;0.491;0.571;0.432;0.449;0.786;4.998;2.139;2.769;1.128;0.317;0.071
7622;0.544;0.635;0.452;0.505;0.605;0.43;0.383;0.769;4.998;2.385;2.766;1.128;0.305;0.068
7623;0.552;0.627;0.439;0.52;0.601;0.432;0.469;0.728;4.998;2.676;2.754;1.133;0.298;0.068
7624;0.569;0.642;0.42;0.52;0.571;0.439;0.508;0.745;4.998;2.954;2.734;1.13;0.293;0.073
7625;0.537;0.632;0.4;0.515;0.571;0.459;0.491;0.74;4.998;3.196;2.71;1.133;0.288;0.071
7626;0.532;0.64;0.393;0.51;0.593;0.466;0.486;0.723;4.998;3.389;2.676;1.125;0.278;0.068
7627;0.532;0.64;0.4;0.496;0.571;0.474;0.562;0.701;4.998;3.516;2.632;1.118;0.281;0.071
7628;0.537;0.635;0.41;0.488;0.544;0.466;0.518;0.732;4.998;3.604;2.581;1.108;0.278;0.073
7629;0.527;0.635;0.405;0.461;0.52;0.437;0.52;0.752;4.998;3.65;2.527;1.101;0.276;0.071
7630;0.505;0.63;0.405;0.449;0.527;0.403;0.569;0.735;4.998;3.665;2.473;1.096;0.271;0.076
7631;0.52;0.627;0.408;0.454;0.51;0.386;0.493;0.73;4.998;3.662;2.419;1.094;0.271;0.076
7632;0.527;0.63;0.403;0.422;0.5;0.359;0.466;0.732;4.998;3.645;2.375;1.094;0.276;0.076
7633;0.547;0.625;0.405;0.42;0.522;0.364;0.469;0.708;4.998;3.594;2.334;1.094;0.276;0.073
7634;0.549;0.63;0.42;0.425;0.522;0.364;0.432;0.679;4.998;3.533;2.295;1.091;0.273;0.068
7635;0.547;0.635;0.43;0.432;0.515;0.354;0.378;0.676;4.998;3.469;2.263;1.086;0.273;0.066
7636;0.571;0.635;0.432;0.427;0.496;0.366;0.42;0.637;4.998;3.447;2.251;1.091;0.273;0.063
7637;0.564;0.637;0.442;0.442;0.493;0.347;0.386;0.671;4.998;3.477;2.251;1.091;0.278;0.063
7638;0.552;0.64;0.442;0.442;0.505;0.364;0.361;0.693;4.998;3.572;2.251;1.101;0.276;0.063
7639;0.549;0.637;0.444;0.42;0.466;0.403;0.371;0.696;4.998;3.696;2.253;1.106;0.278;0.059
7640;0.54;0.637;0.454;0.43;0.452;0.425;0.398;0.71;4.998;3.831;2.256;1.116;0.278;0.063
7641;0.544;0.635;0.447;0.432;0.459;0.444;0.376;0.718;4.998;3.97;2.268;1.116;0.278;0.059
7642;0.535;0.637;0.437;0.437;0.454;0.442;0.415;0.735;4.998;4.128;2.292;1.111;0.278;0.056
7643;0.544;0.623;0.4;0.439;0.452;0.435;0.461;0.696;4.998;4.316;2.317;1.111;0.278;0.059
7644;0.547;0.625;0.386;0.439;0.437;0.413;0.439;0.671;4.998;4.524;2.341;1.106;0.281;0.056
7645;0.552;0.608;0.4;0.432;0.457;0.415;0.435;0.703;4.998;4.717;2.368;1.099;0.281;0.061
7646;0.554;0.615;0.393;0.42;0.454;0.427;0.452;0.715;4.998;4.858;2.385;1.096;0.286;0.061
7647;0.566;0.608;0.398;0.41;0.457;0.437;0.437;0.715;4.998;4.929;2.395;1.089;0.291;0.066
7648;0.574;0.618;0.388;0.41;0.464;0.427;0.427;0.684;4.998;4.91;2.395;1.074;0.288;0.061
7649;0.574;0.61;0.388;0.405;0.476;0.427;0.444;0.691;4.998;4.778;2.385;1.06;0.295;0.068
7650;0.564;0.61;0.378;0.386;0.469;0.398;0.43;0.693;4.998;4.568;2.366;1.042;0.3;0.071
7651;0.574;0.608;0.383;0.381;0.469;0.369;0.408;0.706;4.998;4.314;2.339;1.023;0.303;0.066
7652;0.574;0.613;0.386;0.381;0.469;0.366;0.413;0.72;4.998;4.06;2.314;1.008;0.305;0.071
7653;0.576;0.605;0.378;0.376;0.496;0.361;0.415;0.718;4.998;3.867;2.29;0.991;0.31;0.071
7654;0.571;0.618;0.378;0.381;0.505;0.366;0.417;0.737;4.998;3.784;2.263;0.969;0.31;0.071
7655;0.574;0.61;0.396;0.393;0.498;0.369;0.43;0.679;4.998;3.813;2.241;0.95;0.305;0.066
7656;0.579;0.608;0.393;0.396;0.5;0.364;0.43;0.662;4.998;3.899;2.219;0.93;0.303;0.061
7657;0.564;0.601;0.396;0.393;0.496;0.359;0.415;0.681;4.998;4.05;2.205;0.908;0.305;0.061
7658;0.557;0.605;0.383;0.391;0.479;0.354;0.415;0.693;4.998;4.246;2.185;0.889;0.303;0.059
7659;0.547;0.605;0.393;0.405;0.466;0.356;0.425;0.659;4.998;4.436;2.156;0.876;0.305;0.061
7660;0.547;0.61;0.391;0.405;0.459;0.371;0.417;0.676;4.998;4.614;2.131;0.864;0.298;0.056
7661;0.549;0.61;0.376;0.415;0.479;0.381;0.408;0.681;4.998;4.834;2.102;0.857;0.295;0.056
7662;0.542;0.62;0.386;0.439;0.459;0.378;0.417;0.662;4.998;4.998;2.07;0.84;0.286;0.054
7663;0.544;0.627;0.371;0.444;0.466;0.376;0.408;0.684;4.998;4.998;2.039;0.83;0.278;0.044
7664;0.552;0.632;0.371;0.452;0.486;0.361;0.393;0.693;4.998;4.998;1.997;0.813;0.281;0.046
7665;0.552;0.635;0.366;0.444;0.5;0.356;0.408;0.693;4.998;4.998;1.96;0.793;0.266;0.039
7666;0.549;0.637;0.386;0.452;0.5;0.381;0.398;0.652;4.998;4.998;1.921;0.767;0.264;0.039
7667;0.557;0.63;0.391;0.469;0.471;0.398;0.391;0.662;4.998;4.998;1.887;0.747;0.256;0.037
7668;0.566;0.632;0.405;0.483;0.454;0.413;0.369;0.688;4.998;4.998;1.86;0.725;0.249;0.039
7669;0.569;0.627;0.41;0.51;0.43;0.41;0.366;0.698;4.998;4.998;1.833;0.708;0.249;0.037
7670;0.559;0.635;0.422;0.527;0.405;0.396;0.356;0.679;4.998;4.998;1.804;0.691;0.242;0.037
7671;0.564;0.627;0.427;0.53;0.398;0.376;0.342;0.671;4.998;4.998;1.772;0.676;0.239;0.034
7672;0.566;0.632;0.43;0.527;0.408;0.371;0.342;0.679;4.998;4.998;1.743;0.667;0.237;0.037
7673;0.566;0.623;0.435;0.537;0.415;0.381;0.327;0.684;4.998;4.998;1.719;0.652;0.234;0.034
7674;0.566;0.632;0.422;0.554;0.427;0.393;0.325;0.696;4.998;4.998;1.699;0.642;0.229;0.037
7675;0.581;0.632;0.413;0.576;0.43;0.422;0.342;0.732;4.998;4.998;1.685;0.64;0.227;0.039
7676;0.586;0.637;0.415;0.593;0.444;0.43;0.347;0.686;4.998;4.998;1.685;0.647;0.232;0.042
7677;0.598;0.635;0.417;0.583;0.447;0.437;0.369;0.659;4.998;4.998;1.682;0.654;0.229;0.044
7678;0.601;0.637;0.42;0.557;0.447;0.437;0.391;0.625;4.998;4.998;1.689;0.671;0.227;0.046
7679;0.605;0.627;0.42;0.535;0.442;0.439;0.415;0.674;4.998;4.998;1.702;0.691;0.229;0.051
7680;0.596;0.632;0.417;0.527;0.442;0.449;0.42;0.71;4.998;4.998;1.716;0.708;0.227;0.051
7681;0.576;0.635;0.408;0.513;0.427;0.461;0.427;0.701;4.998;4.998;1.731;0.725;0.229;0.056
7682;0.566;0.635;0.403;0.508;0.415;0.454;0.41;0.691;4.998;4.998;1.743;0.737;0.225;0.056
7683;0.562;0.632;0.413;0.503;0.408;0.466;0.378;0.754;4.998;4.998;1.75;0.747;0.217;0.056
7684;0.547;0.627;0.4;0.508;0.413;0.452;0.371;0.745;4.998;4.998;1.748;0.757;0.21;0.054
7685;0.552;0.627;0.388;0.513;0.396;0.452;0.359;0.784;4.998;4.998;1.748;0.776;0.208;0.054
7686;0.544;0.632;0.381;0.515;0.381;0.449;0.334;0.789;4.998;4.998;1.753;0.789;0.2;0.051
7687;0.549;0.632;0.378;0.508;0.386;0.449;0.322;0.786;4.998;4.998;1.76;0.796;0.195;0.054
7688;0.544;0.632;0.369;0.5;0.388;0.444;0.32;0.759;4.998;4.998;1.765;0.801;0.19;0.051
7689;0.547;0.632;0.361;0.491;0.396;0.437;0.308;0.745;4.998;4.998;1.765;0.806;0.183;0.049
7690;0.552;0.625;0.359;0.479;0.386;0.435;0.303;0.708;4.998;4.998;1.76;0.808;0.181;0.051
7691;0.552;0.625;0.361;0.469;0.381;0.427;0.3;0.713;4.998;4.998;1.753;0.801;0.178;0.054
7692;0.571;0.618;0.359;0.469;0.391;0.415;0.308;0.706;4.998;4.998;1.743;0.803;0.176;0.054
7693;0.571;0.623;0.381;0.454;0.391;0.415;0.315;0.718;4.998;4.998;1.731;0.823;0.171;0.054
7694;0.574;0.618;0.408;0.466;0.391;0.42;0.327;0.679;4.998;4.998;1.714;0.847;0.166;0.051
7695;0.579;0.62;0.425;0.469;0.381;0.417;0.339;0.696;4.998;4.998;1.702;0.874;0.168;0.056
7696;0.583;0.618;0.435;0.452;0.383;0.422;0.337;0.737;4.998;4.998;1.685;0.896;0.168;0.056
7697;0.588;0.623;0.459;0.447;0.374;0.439;0.356;0.718;4.998;4.998;1.665;0.911;0.168;0.059
7698;0.586;0.62;0.466;0.442;0.361;0.427;0.347;0.713;4.998;4.998;1.648;0.928;0.161;0.063
7699;0.583;0.62;0.466;0.454;0.356;0.432;0.354;0.693;4.998;4.998;1.628;0.938;0.164;0.061
7700;0.601;0.615;0.493;0.483;0.339;0.437;0.352;0.693;4.998;4.998;1.609;0.94;0.161;0.056
7701;0.601;0.618;0.498;0.518;0.354;0.435;0.349;0.681;4.998;4.998;1.584;0.942;0.159;0.063
7702;0.615;0.61;0.491;0.525;0.359;0.447;0.342;0.691;4.998;4.998;1.562;0.95;0.151;0.054
7703;0.61;0.613;0.486;0.52;0.371;0.461;0.349;0.691;4.998;4.998;1.541;0.955;0.146;0.056
7704;0.601;0.605;0.476;0.503;0.386;0.471;0.361;0.691;4.998;4.998;1.514;0.955;0.144;0.051
7705;0.591;0.608;0.474;0.508;0.396;0.479;0.354;0.681;4.998;4.998;1.487;0.95;0.142;0.051
7706;0.586;0.603;0.471;0.52;0.386;0.461;0.361;0.693;4.998;4.998;1.455;0.947;0.139;0.051
7707;0.576;0.598;0.447;0.542;0.396;0.454;0.371;0.693;4.998;4.998;1.428;0.957;0.132;0.051
7708;0.574;0.603;0.459;0.547;0.376;0.447;0.381;0.662;4.998;4.998;1.406;0.974;0.127;0.054
7709;0.583;0.598;0.469;0.54;0.391;0.425;0.366;0.674;4.998;4.998;1.394;1.001;0.127;0.054
7710;0.598;0.593;0.479;0.508;0.396;0.413;0.364;0.713;4.998;4.998;1.392;1.025;0.122;0.051
7711;0.601;0.586;0.525;0.469;0.388;0.391;0.364;0.72;4.998;4.998;1.399;1.045;0.12;0.056
7712;0.588;0.591;0.552;0.452;0.374;0.374;0.361;0.72;4.998;4.998;1.414;1.057;0.117;0.054
7713;0.583;0.586;0.557;0.457;0.366;0.361;0.339;0.703;4.998;4.998;1.445;1.072;0.112;0.054
7714;0.566;0.586;0.576;0.461;0.383;0.356;0.332;0.667;4.998;4.998;1.482;1.077;0.112;0.061
7715;0.576;0.586;0.562;0.476;0.378;0.361;0.322;0.671;4.998;4.998;1.533;1.084;0.11;0.059
7716;0.566;0.586;0.566;0.471;0.364;0.366;0.312;0.71;4.998;4.998;1.594;1.089;0.112;0.061
7717;0.574;0.583;0.559;0.459;0.337;0.371;0.303;0.691;4.998;4.998;1.65;1.096;0.115;0.068
7718;0.576;0.586;0.552;0.454;0.332;0.376;0.295;0.713;4.998;4.998;1.707;1.104;0.11;0.068
7719;0.579;0.579;0.557;0.449;0.317;0.376;0.3;0.723;4.998;4.998;1.755;1.108;0.11;0.071
7720;0.583;0.579;0.537;0.454;0.31;0.366;0.308;0.737;4.998;4.998;1.794;1.116;0.11;0.073
7721;0.579;0.579;0.525;0.469;0.31;0.374;0.315;0.706;4.998;4.998;1.826;1.123;0.112;0.073
7722;0.579;0.571;0.532;0.471;0.322;0.369;0.332;0.701;4.998;4.998;1.853;1.13;0.107;0.078
7723;0.579;0.574;0.52;0.476;0.354;0.374;0.349;0.725;4.998;4.998;1.873;1.135;0.107;0.081
7724;0.581;0.564;0.505;0.469;0.361;0.381;0.361;0.745;4.998;4.998;1.882;1.135;0.107;0.078
7725;0.571;0.566;0.505;0.476;0.383;0.378;0.378;0.74;4.998;4.998;1.875;1.128;0.107;0.083
7726;0.574;0.564;0.476;0.493;0.4;0.371;0.388;0.745;4.998;4.998;1.863;1.113;0.1;0.081
7727;0.559;0.566;0.461;0.498;0.403;0.356;0.396;0.75;4.998;4.998;1.848;1.094;0.098;0.078
7728;0.569;0.566;0.439;0.505;0.391;0.349;0.388;0.747;4.956;4.998;1.829;1.072;0.095;0.083
7729;0.559;0.569;0.417;0.508;0.374;0.344;0.386;0.728;4.819;4.998;1.814;1.052;0.098;0.081
7730;0.566;0.564;0.391;0.493;0.359;0.339;0.381;0.725;4.885;4.998;1.802;1.03;0.09;0.078
7731;0.576;0.566;0.388;0.488;0.349;0.354;0.361;0.73;4.998;4.998;1.794;1.018;0.093;0.083
7732;0.583;0.554;0.381;0.483;0.337;0.364;0.347;0.73;4.998;4.998;1.792;1.011;0.09;0.081
7733;0.601;0.559;0.4;0.476;0.317;0.364;0.332;0.742;4.998;4.998;1.787;1.003;0.085;0.076
7734;0.605;0.552;0.403;0.461;0.315;0.369;0.317;0.74;4.998;4.998;1.78;0.996;0.09;0.081
7735;0.605;0.554;0.415;0.439;0.308;0.364;0.305;0.732;4.998;4.998;1.775;0.994;0.088;0.081
7736;0.601;0.544;0.42;0.425;0.312;0.364;0.308;0.75;4.998;4.998;1.768;0.989;0.085;0.078
7737;0.603;0.547;0.417;0.4;0.308;0.364;0.312;0.74;4.998;4.998;1.763;0.986;0.083;0.078
7738;0.598;0.537;0.435;0.393;0.298;0.369;0.339;0.737;4.998;4.998;1.755;0.986;0.088;0.081
7739;0.588;0.54;0.442;0.4;0.288;0.369;0.352;0.71;4.998;4.998;1.743;0.981;0.088;0.073
7740;0.576;0.537;0.439;0.417;0.288;0.364;0.356;0.696;4.998;4.998;1.719;0.974;0.088;0.076
7741;0.566;0.537;0.447;0.43;0.286;0.361;0.361;0.706;4.998;4.998;1.687;0.957;0.09;0.076
7742;0.569;0.544;0.447;0.425;0.293;0.352;0.356;0.74;4.998;4.998;1.65;0.942;0.088;0.071
7743;0.564;0.54;0.461;0.417;0.291;0.347;0.359;0.732;4.998;4.998;1.614;0.92;0.093;0.076
7744;0.559;0.544;0.483;0.408;0.295;0.337;0.349;0.706;4.998;4.998;1.575;0.898;0.09;0.068
7745;0.554;0.547;0.491;0.4;0.288;0.342;0.339;0.735;4.998;4.998;1.538;0.874;0.088;0.066
7746;0.559;0.544;0.518;0.393;0.288;0.342;0.308;0.75;4.998;4.998;1.506;0.85;0.09;0.066
7747;0.566;0.544;0.515;0.398;0.295;0.337;0.281;0.754;4.998;4.998;1.475;0.83;0.088;0.061
7748;0.583;0.537;0.505;0.405;0.312;0.339;0.276;0.745;4.998;4.998;1.45;0.813;0.09;0.061
7749;0.588;0.535;0.505;0.413;0.332;0.337;0.273;0.757;4.998;4.998;1.426;0.806;0.09;0.061
7750;0.593;0.532;0.493;0.417;0.325;0.339;0.288;0.703;4.998;4.998;1.416;0.808;0.09;0.059
7751;0.61;0.537;0.476;0.43;0.308;0.342;0.322;0.703;4.998;4.998;1.418;0.808;0.095;0.061
7752;0.605;0.527;0.476;0.454;0.305;0.339;0.337;0.725;4.998;4.998;1.438;0.806;0.098;0.059
7753;0.618;0.532;0.481;0.459;0.305;0.347;0.349;0.73;4.998;4.998;1.46;0.801;0.103;0.063
7754;0.605;0.52;0.479;0.464;0.303;0.347;0.371;0.708;4.998;4.998;1.482;0.796;0.11;0.063
7755;0.623;0.525;0.479;0.447;0.295;0.349;0.381;0.708;4.998;4.998;1.497;0.793;0.112;0.066
7756;0.61;0.518;0.488;0.437;0.3;0.352;0.386;0.708;4.998;4.998;1.504;0.791;0.12;0.066
7757;0.603;0.525;0.498;0.425;0.303;0.361;0.391;0.691;4.998;4.998;1.511;0.791;0.129;0.068
7758;0.583;0.525;0.503;0.408;0.305;0.359;0.383;0.688;4.998;4.998;1.511;0.791;0.134;0.066
7759;0.574;0.52;0.505;0.4;0.3;0.371;0.366;0.696;4.998;4.998;1.509;0.789;0.139;0.068
7760;0.576;0.518;0.513;0.403;0.305;0.366;0.364;0.698;4.998;4.998;1.501;0.776;0.151;0.068
7761;0.564;0.515;0.505;0.398;0.298;0.364;0.356;0.674;4.998;4.998;1.489;0.764;0.156;0.071
7762;0.569;0.513;0.505;0.398;0.308;0.354;0.339;0.654;4.998;4.998;1.477;0.752;0.164;0.071
7763;0.562;0.52;0.505;0.391;0.293;0.359;0.332;0.664;4.998;4.998;1.462;0.74;0.166;0.071
7764;0.566;0.52;0.496;0.393;0.276;0.361;0.322;0.684;4.998;4.998;1.453;0.725;0.171;0.073
7765;0.559;0.527;0.498;0.41;0.273;0.364;0.312;0.674;4.998;4.998;1.436;0.708;0.173;0.076
7766;0.566;0.527;0.498;0.422;0.266;0.378;0.3;0.679;4.998;4.998;1.423;0.693;0.178;0.073
7767;0.562;0.532;0.503;0.444;0.251;0.376;0.305;0.688;4.998;4.998;1.411;0.679;0.176;0.073
7768;0.566;0.532;0.51;0.466;0.254;0.366;0.305;0.701;4.998;4.998;1.399;0.664;0.178;0.073
7769;0.552;0.535;0.52;0.466;0.259;0.366;0.298;0.725;4.998;4.998;1.382;0.654;0.176;0.076
7770;0.566;0.542;0.5;0.461;0.251;0.361;0.3;0.698;4.998;4.998;1.367;0.649;0.176;0.073
7771;0.564;0.542;0.496;0.449;0.259;0.364;0.295;0.686;4.998;4.998;1.353;0.645;0.176;0.076
7772;0.574;0.542;0.464;0.425;0.266;0.361;0.278;0.657;4.998;4.998;1.333;0.645;0.176;0.076
7773;0.576;0.544;0.449;0.435;0.269;0.364;0.271;0.657;4.998;4.998;1.313;0.647;0.173;0.078
7774;0.583;0.54;0.459;0.439;0.283;0.354;0.278;0.652;4.998;4.998;1.296;0.649;0.176;0.078
7775;0.586;0.54;0.459;0.442;0.295;0.344;0.288;0.63;4.998;4.998;1.279;0.657;0.176;0.078
7776;0.596;0.535;0.471;0.444;0.295;0.344;0.3;0.654;4.998;4.998;1.257;0.664;0.181;0.085
7777;0.603;0.537;0.471;0.437;0.303;0.337;0.322;0.676;4.998;4.998;1.235;0.667;0.173;0.078
7778;0.603;0.53;0.466;0.43;0.308;0.342;0.33;0.71;4.998;4.998;1.218;0.667;0.181;0.085
7779;0.601;0.535;0.464;0.43;0.315;0.344;0.342;0.703;4.998;4.998;1.206;0.667;0.178;0.083
7780;0.596;0.53;0.483;0.42;0.312;0.344;0.342;0.671;4.998;4.998;1.204;0.667;0.183;0.083
7781;0.596;0.535;0.508;0.437;0.312;0.347;0.352;0.659;4.998;4.998;1.194;0.667;0.176;0.083
7782;0.598;0.53;0.518;0.427;0.312;0.361;0.342;0.688;4.998;4.998;1.187;0.664;0.171;0.081
7783;0.591;0.527;0.525;0.417;0.32;0.369;0.342;0.647;4.998;4.998;1.189;0.662;0.168;0.078
7784;0.598;0.53;0.518;0.413;0.317;0.386;0.342;0.662;4.998;4.998;1.199;0.662;0.166;0.076
7785;0.596;0.525;0.515;0.398;0.315;0.393;0.327;0.664;4.998;4.998;1.223;0.662;0.164;0.076
7786;0.605;0.525;0.513;0.398;0.31;0.396;0.33;0.681;4.998;4.998;1.245;0.662;0.161;0.076
7787;0.605;0.522;0.503;0.398;0.322;0.386;0.315;0.671;4.998;4.998;1.277;0.667;0.159;0.078
7788;0.601;0.515;0.5;0.388;0.332;0.381;0.3;0.674;4.998;4.998;1.296;0.667;0.156;0.076
7789;0.593;0.513;0.5;0.383;0.339;0.364;0.286;0.662;4.998;4.998;1.309;0.667;0.154;0.076
7790;0.593;0.513;0.496;0.378;0.334;0.359;0.288;0.64;4.998;4.998;1.316;0.671;0.156;0.071
7791;0.591;0.515;0.513;0.381;0.332;0.339;0.278;0.654;4.998;4.998;1.313;0.667;0.159;0.078
7792;0.596;0.518;0.51;0.378;0.334;0.342;0.293;0.657;4.998;4.998;1.313;0.664;0.151;0.076
7793;0.593;0.525;0.493;0.374;0.33;0.342;0.305;0.647;4.998;4.998;1.318;0.667;0.156;0.081
7794;0.605;0.525;0.479;0.371;0.325;0.342;0.325;0.664;4.998;4.998;1.318;0.664;0.149;0.073
7795;0.598;0.527;0.466;0.369;0.322;0.356;0.322;0.679;4.998;4.998;1.318;0.659;0.149;0.078
7796;0.608;0.53;0.459;0.364;0.33;0.361;0.325;0.691;4.998;4.998;1.323;0.652;0.144;0.073
7797;0.615;0.535;0.461;0.359;0.327;0.371;0.33;0.671;4.998;4.998;1.321;0.647;0.144;0.071
7798;0.62;0.537;0.469;0.356;0.327;0.378;0.312;0.681;4.998;4.998;1.318;0.637;0.144;0.071
7799;0.615;0.544;0.461;0.361;0.327;0.383;0.31;0.696;4.998;4.998;1.316;0.627;0.142;0.071
7800;0.625;0.552;0.444;0.361;0.337;0.388;0.3;0.671;4.998;4.998;1.311;0.623;0.137;0.066
7801;0.63;0.554;0.435;0.376;0.33;0.383;0.288;0.686;4.998;4.998;1.301;0.613;0.139;0.068
7802;0.62;0.557;0.444;0.378;0.315;0.374;0.269;0.686;4.998;4.998;1.284;0.605;0.142;0.071
7803;0.62;0.557;0.461;0.378;0.3;0.374;0.264;0.667;4.998;4.998;1.279;0.598;0.142;0.068
7804;0.615;0.566;0.466;0.371;0.305;0.364;0.259;0.659;4.998;4.998;1.262;0.591;0.134;0.066
7805;0.62;0.574;0.483;0.371;0.317;0.369;0.259;0.669;4.998;4.998;1.25;0.581;0.137;0.066
7806;0.613;0.581;0.488;0.371;0.322;0.371;0.273;0.667;4.998;4.998;1.243;0.574;0.134;0.066
7807;0.608;0.579;0.503;0.376;0.322;0.359;0.278;0.654;4.998;4.998;1.235;0.571;0.132;0.068
7808;0.596;0.583;0.52;0.386;0.317;0.352;0.303;0.657;4.998;4.998;1.228;0.564;0.134;0.066
7809;0.601;0.588;0.591;0.393;0.315;0.342;0.31;0.696;4.998;4.998;1.221;0.562;0.139;0.071
7810;0.598;0.596;0.576;0.388;0.3;0.339;0.312;0.676;4.998;4.998;1.213;0.557;0.132;0.068
7811;0.593;0.593;0.53;0.374;0.281;0.344;0.308;0.671;4.998;4.998;1.204;0.547;0.134;0.066
7812;0.596;0.591;0.525;0.374;0.276;0.344;0.303;0.691;4.998;4.998;1.191;0.544;0.129;0.066
7813;0.601;0.591;0.532;0.381;0.273;0.349;0.298;0.679;4.998;4.998;1.177;0.537;0.132;0.066
7814;0.601;0.586;0.532;0.388;0.261;0.344;0.308;0.674;4.998;4.998;1.157;0.525;0.129;0.066
7815;0.615;0.588;0.557;0.396;0.251;0.337;0.322;0.657;4.998;4.998;1.143;0.515;0.132;0.068
7816;0.62;0.586;0.632;0.396;0.251;0.334;0.337;0.669;4.998;4.998;1.133;0.513;0.125;0.061
7817;0.618;0.593;0.596;0.396;0.266;0.33;0.339;0.652;4.998;4.998;1.116;0.5;0.125;0.066
7818;0.62;0.593;0.618;0.383;0.261;0.33;0.322;0.63;4.998;4.998;1.101;0.496;0.125;0.061
7819;0.613;0.586;0.576;0.366;0.259;0.325;0.305;0.662;4.998;4.998;1.086;0.488;0.122;0.066
7820;0.61;0.586;0.571;0.359;0.261;0.322;0.278;0.686;4.998;4.998;1.069;0.481;0.127;0.063
7821;0.603;0.588;0.571;0.359;0.269;0.32;0.269;0.676;4.998;4.998;1.057;0.476;0.125;0.063
7822;0.603;0.588;0.547;0.366;0.271;0.32;0.259;0.696;4.998;4.998;1.047;0.471;0.125;0.068
7823;0.601;0.591;0.522;0.369;0.276;0.332;0.256;0.698;4.998;4.998;1.035;0.464;0.129;0.068
7824;0.591;0.588;0.515;0.371;0.278;0.334;0.264;0.713;4.998;4.998;1.028;0.459;0.127;0.068
7825;0.593;0.579;0.486;0.388;0.293;0.337;0.264;0.703;4.998;4.998;1.025;0.459;0.127;0.068
7826;0.596;0.574;0.457;0.386;0.283;0.342;0.273;0.691;4.998;4.998;1.028;0.454;0.132;0.068
7827;0.586;0.562;0.444;0.378;0.295;0.344;0.281;0.676;4.998;4.998;1.042;0.449;0.129;0.066
7828;0.581;0.559;0.449;0.386;0.305;0.344;0.288;0.649;4.998;4.998;1.05;0.447;0.129;0.063
7829;0.581;0.549;0.435;0.386;0.325;0.354;0.288;0.664;4.998;4.998;1.072;0.442;0.127;0.066
7830;0.583;0.547;0.437;0.386;0.339;0.349;0.295;0.686;4.998;4.998;1.099;0.437;0.129;0.063
7831;0.583;0.544;0.449;0.393;0.342;0.339;0.295;0.688;4.998;4.998;1.135;0.437;0.127;0.066
7832;0.583;0.542;0.449;0.376;0.327;0.334;0.281;0.691;4.998;4.998;1.174;0.435;0.127;0.063
7833;0.583;0.54;0.454;0.369;0.342;0.334;0.271;0.667;4.998;4.998;1.201;0.435;0.122;0.061
7834;0.596;0.544;0.447;0.359;0.347;0.332;0.259;0.679;4.998;4.998;1.233;0.427;0.129;0.068
7835;0.608;0.542;0.459;0.354;0.354;0.334;0.251;0.681;4.998;4.998;1.265;0.425;0.122;0.061
7836;0.615;0.542;0.461;0.361;0.337;0.334;0.242;0.681;4.998;4.998;1.299;0.422;0.122;0.061
7837;0.623;0.542;0.474;0.359;0.339;0.334;0.239;0.669;4.998;4.998;1.323;0.42;0.122;0.066
7838;0.63;0.54;0.491;0.359;0.33;0.332;0.244;0.674;4.998;4.998;1.333;0.415;0.117;0.063
7839;0.63;0.54;0.53;0.366;0.322;0.33;0.251;0.676;4.998;4.998;1.343;0.413;0.115;0.063
7840;0.625;0.544;0.759;0.359;0.33;0.339;0.266;0.718;4.998;4.998;1.348;0.413;0.115;0.063
7841;0.627;0.542;0.547;0.366;0.339;0.344;0.283;0.752;4.998;4.998;1.355;0.408;0.112;0.061
7842;0.63;0.537;0.537;0.371;0.32;0.342;0.3;0.789;4.998;4.998;1.36;0.403;0.11;0.066
7843;0.63;0.535;0.564;0.376;0.317;0.339;0.303;0.774;4.998;4.998;1.365;0.405;0.107;0.059
7844;0.623;0.535;0.571;0.376;0.308;0.334;0.305;0.764;4.998;4.993;1.365;0.405;0.107;0.059
7845;0.62;0.537;0.552;0.369;0.322;0.33;0.298;0.757;4.998;4.9;1.362;0.403;0.103;0.061
7846;0.615;0.54;0.706;0.374;0.337;0.334;0.288;0.708;4.998;4.802;1.357;0.403;0.1;0.056
7847;0.62;0.544;0.723;0.371;0.342;0.334;0.266;0.701;4.998;4.709;1.353;0.405;0.095;0.054
7848;0.61;0.547;0.942;0.374;0.359;0.33;0.254;0.691;4.998;4.617;1.34;0.41;0.098;0.059
7849;0.608;0.549;1.138;0.374;0.356;0.322;0.242;0.657;4.998;4.514;1.331;0.413;0.098;0.061
7850;0.605;0.547;1.924;0.364;0.334;0.317;0.244;0.632;4.998;4.417;1.309;0.417;0.093;0.061
7851;0.603;0.549;1.602;0.364;0.332;0.312;0.232;0.664;4.998;4.329;1.294;0.427;0.095;0.056
7852;0.593;0.557;1.25;0.374;0.322;0.33;0.237;0.718;4.998;4.25;1.272;0.437;0.093;0.059
7853;0.588;0.557;1.357;0.383;0.33;0.425;0.264;0.708;4.998;4.172;1.25;0.449;0.09;0.059
7854;0.581;0.554;4.998;0.408;0.327;0.403;0.276;0.671;4.998;4.097;1.221;0.459;0.093;0.059
7855;0.581;0.552;4.998;0.437;0.332;0.444;0.259;0.686;4.998;4.019;1.196;0.469;0.085;0.056
7856;0.579;0.549;4.998;0.447;0.342;0.435;0.281;0.708;4.998;3.94;1.169;0.479;0.085;0.054
7857;0.574;0.549;4.998;0.459;0.349;0.449;0.298;0.693;4.795;3.87;1.143;0.481;0.093;0.056
7858;0.576;0.547;4.998;0.454;0.354;0.454;0.303;0.674;4.624;3.801;1.118;0.486;0.083;0.056
7859;0.583;0.552;4.998;0.452;0.366;0.447;0.31;0.686;4.497;3.735;1.089;0.488;0.09;0.056
7860;0.588;0.552;4.998;0.435;0.364;0.449;0.32;0.681;4.404;3.691;1.067;0.491;0.083;0.054
7861;0.593;0.552;4.998;0.41;0.361;0.457;0.308;0.674;4.321;3.669;1.045;0.493;0.085;0.056
7862;0.591;0.549;4.998;0.393;0.347;0.43;0.303;0.686;4.243;3.696;1.023;0.493;0.083;0.059
7863;0.588;0.547;4.998;0.381;0.334;0.427;0.312;0.684;4.163;3.796;1.006;0.496;0.081;0.051
7864;0.586;0.544;4.998;0.383;0.334;0.405;0.303;0.674;4.07;3.945;0.984;0.493;0.078;0.056
7865;0.574;0.542;4.998;0.386;0.325;0.396;0.298;0.637;3.989;4.16;0.969;0.496;0.076;0.056
7866;0.571;0.54;4.998;0.388;0.308;0.405;0.291;0.625;3.901;4.407;0.955;0.488;0.073;0.051
7867;0.562;0.532;4.998;0.391;0.315;0.405;0.271;0.61;3.818;4.641;0.94;0.488;0.076;0.051
7868;0.557;0.532;4.998;0.396;0.315;0.396;0.247;0.598;3.735;4.819;0.925;0.486;0.076;0.051
7869;0.547;0.527;4.998;0.4;0.342;0.403;0.242;0.645;3.672;4.951;0.913;0.488;0.073;0.049
7870;0.544;0.527;4.998;0.413;0.354;0.378;0.242;0.674;3.611;4.998;0.891;0.483;0.073;0.054
7871;0.549;0.527;4.341;0.403;0.376;0.381;0.247;0.654;3.562;4.998;0.876;0.486;0.081;0.056
7872;0.54;0.522;2.593;0.391;0.393;0.376;0.234;0.674;3.528;4.998;0.864;0.488;0.073;0.051
7873;0.542;0.52;1.572;0.393;0.4;0.352;0.227;0.684;3.503;4.998;0.847;0.496;0.078;0.059
7874;0.535;0.518;0.901;0.376;0.408;0.378;0.22;0.664;3.479;4.998;0.83;0.498;0.078;0.059
7875;0.527;0.513;0.898;0.359;0.42;0.354;0.222;0.647;3.462;4.998;0.813;0.503;0.078;0.056
7876;0.522;0.518;0.654;0.364;0.41;0.354;0.229;0.652;3.447;4.998;0.791;0.513;0.085;0.059
7877;0.518;0.518;0.659;0.359;0.408;0.369;0.247;0.662;3.44;4.998;0.776;0.52;0.081;0.054
7878;0.518;0.518;0.667;0.361;0.408;0.347;0.256;0.671;3.425;4.998;0.762;0.535;0.085;0.059
7879;0.52;0.52;0.813;0.361;0.383;0.364;0.254;0.654;3.398;4.998;0.745;0.54;0.083;0.051
7880;0.513;0.52;0.662;0.356;0.364;0.369;0.278;0.664;3.364;4.998;0.732;0.549;0.09;0.056
7881;0.51;0.52;0.75;0.369;0.339;0.354;0.283;0.642;3.33;4.998;0.723;0.549;0.09;0.054
7882;0.513;0.525;0.73;0.376;0.337;0.378;0.293;0.654;3.306;4.998;0.715;0.547;0.088;0.049
7883;0.51;0.522;0.774;0.396;0.33;0.366;0.305;0.667;3.333;4.998;0.706;0.544;0.085;0.046
7884;0.5;0.522;0.774;0.386;0.32;0.374;0.332;0.674;3.481;4.998;0.703;0.544;0.083;0.046
7885;0.503;0.518;0.776;0.383;0.312;0.393;0.337;0.667;3.796;4.998;0.693;0.54;0.088;0.049
7886;0.5;0.518;0.737;0.376;0.315;0.381;0.342;0.652;4.26;4.998;0.688;0.54;0.088;0.049
7887;0.503;0.518;0.769;0.364;0.32;0.4;0.342;0.652;4.79;4.998;0.681;0.54;0.088;0.046
7888;0.496;0.52;0.874;0.369;0.327;0.381;0.344;0.642;4.998;4.998;0.671;0.542;0.09;0.046
7889;0.503;0.527;0.911;0.383;0.332;0.378;0.337;0.64;4.998;4.998;0.662;0.542;0.09;0.049
7890;0.505;0.532;0.774;0.398;0.332;0.374;0.337;0.64;4.998;4.998;0.649;0.547;0.093;0.046
7891;0.51;0.532;0.874;0.408;0.33;0.359;0.342;0.667;4.998;4.998;0.642;0.552;0.093;0.046
7892;0.515;0.53;0.994;0.386;0.32;0.361;0.337;0.642;4.998;4.995;0.63;0.554;0.095;0.046
7893;0.527;0.527;1.199;0.383;0.315;0.364;0.33;0.64;4.998;4.932;0.623;0.559;0.093;0.046
7894;0.535;0.527;1.174;0.366;0.308;0.356;0.317;0.642;4.998;4.905;0.608;0.562;0.098;0.049
7895;0.547;0.527;0.837;0.381;0.303;0.374;0.322;0.686;4.998;4.907;0.608;0.566;0.093;0.046
7896;0.549;0.527;1.091;0.398;0.303;0.369;0.312;0.679;4.998;4.934;0.608;0.571;0.098;0.051
7897;0.537;0.522;0.872;0.405;0.286;0.369;0.32;0.664;4.998;4.961;0.615;0.583;0.098;0.051
7898;0.527;0.515;0.916;0.403;0.281;0.374;0.33;0.649;4.998;4.966;0.625;0.588;0.1;0.051
7899;0.515;0.513;0.989;0.408;0.281;0.364;0.337;0.637;4.998;4.941;0.63;0.596;0.103;0.054
7900;0.503;0.513;1.028;0.393;0.278;0.369;0.339;0.61;4.998;4.902;0.64;0.603;0.1;0.051
7901;0.496;0.513;0.903;0.4;0.288;0.376;0.339;0.615;4.998;4.849;0.649;0.61;0.1;0.051
7902;0.491;0.522;1.045;0.415;0.291;0.376;0.342;0.637;4.998;4.8;0.649;0.62;0.103;0.054
7903;0.493;0.527;1.155;0.43;0.286;0.376;0.342;0.618;4.998;4.771;0.647;0.627;0.105;0.056
7904;0.508;0.527;1.025;0.439;0.291;0.366;0.33;0.627;4.998;4.768;0.647;0.635;0.105;0.054
7905;0.51;0.52;0.823;0.437;0.286;0.364;0.32;0.642;4.998;4.81;0.652;0.652;0.11;0.054
7906;0.515;0.515;0.72;0.432;0.281;0.361;0.315;0.652;4.998;4.858;0.652;0.657;0.1;0.051
7907;0.515;0.515;0.784;0.43;0.269;0.359;0.315;0.625;4.998;4.919;0.657;0.664;0.107;0.054
7908;0.518;0.518;0.964;0.43;0.273;0.361;0.317;0.642;4.998;4.968;0.664;0.671;0.107;0.054
7909;0.527;0.518;1.313;0.427;0.286;0.369;0.322;0.627;4.998;4.998;0.671;0.674;0.112;0.056
7910;0.535;0.515;1.863;0.432;0.288;0.369;0.332;0.61;4.998;4.998;0.679;0.667;0.11;0.051
7911;0.54;0.503;1.162;0.435;0.298;0.376;0.344;0.625;4.998;4.978;0.691;0.664;0.11;0.054
7912;0.542;0.508;0.991;0.43;0.312;0.383;0.359;0.632;4.998;4.932;0.706;0.654;0.112;0.056
7913;0.535;0.505;1.042;0.415;0.322;0.378;0.369;0.608;4.998;4.856;0.718;0.642;0.112;0.054
7914;0.532;0.513;0.996;0.41;0.334;0.374;0.374;0.62;4.998;4.768;0.73;0.632;0.115;0.054
7915;0.527;0.518;0.981;0.4;0.339;0.364;0.371;0.637;4.998;4.668;0.742;0.623;0.112;0.056
7916;0.527;0.522;0.92;0.386;0.337;0.359;0.366;0.664;4.998;4.568;0.75;0.608;0.115;0.054
7917;0.53;0.518;0.796;0.388;0.339;0.354;0.354;0.645;4.998;4.463;0.752;0.601;0.115;0.056
7918;0.535;0.515;0.942;0.396;0.33;0.356;0.337;0.618;4.998;4.36;0.757;0.591;0.12;0.054
7919;0.535;0.515;1.064;0.393;0.32;0.369;0.315;0.64;4.998;4.255;0.754;0.583;0.117;0.056
7920;0.527;0.515;0.938;0.408;0.305;0.366;0.291;0.649;4.998;4.153;0.752;0.579;0.115;0.054
7921;0.525;0.515;0.537;0.42;0.288;0.378;0.278;0.625;4.998;4.045;0.747;0.571;0.117;0.059
7922;0.515;0.515;1.135;0.417;0.291;0.386;0.276;0.61;4.998;3.94;0.75;0.571;0.12;0.056
7923;0.515;0.518;1.282;0.42;0.283;0.378;0.271;0.613;4.998;3.831;0.745;0.562;0.117;0.059
7924;0.51;0.513;0.889;0.415;0.276;0.376;0.269;0.623;4.998;3.728;0.74;0.557;0.115;0.051
7925;0.508;0.513;0.503;0.422;0.276;0.381;0.291;0.627;4.998;3.623;0.735;0.549;0.11;0.056
7926;0.51;0.515;0.94;0.422;0.278;0.386;0.308;0.596;4.998;3.521;0.732;0.542;0.112;0.056
7927;0.51;0.513;0.969;0.42;0.269;0.393;0.303;0.635;4.998;3.413;0.735;0.535;0.12;0.054
7928;0.51;0.52;1.047;0.417;0.278;0.396;0.312;0.642;4.998;3.308;0.735;0.52;0.115;0.054
7929;0.503;0.518;1.113;0.41;0.281;0.393;0.322;0.645;4.998;3.198;0.74;0.508;0.112;0.054
7930;0.5;0.527;0.796;0.396;0.273;0.383;0.308;0.642;4.998;3.098;0.745;0.498;0.117;0.054
7931;0.496;0.525;0.762;0.386;0.273;0.374;0.31;0.688;4.998;2.996;0.752;0.483;0.11;0.051
7932;0.498;0.532;0.923;0.393;0.278;0.366;0.315;0.703;4.998;2.896;0.757;0.471;0.112;0.054
7933;0.5;0.53;0.955;0.396;0.286;0.359;0.312;0.698;4.998;2.795;0.762;0.464;0.11;0.054
7934;0.505;0.532;1.04;0.393;0.295;0.347;0.303;0.718;4.998;2.695;0.767;0.454;0.11;0.054
7935;0.505;0.53;1.047;0.388;0.308;0.347;0.288;0.681;4.998;2.6;0.774;0.452;0.112;0.051
7936;0.498;0.535;0.923;0.391;0.322;0.337;0.271;0.608;4.998;2.502;0.781;0.444;0.11;0.056
7937;0.498;0.527;0.664;0.371;0.33;0.337;0.256;0.601;4.998;2.405;0.786;0.442;0.107;0.054
7938;0.5;0.535;0.754;0.352;0.334;0.334;0.251;0.632;4.998;2.31;0.791;0.442;0.107;0.051
7939;0.493;0.53;0.757;0.339;0.342;0.322;0.247;0.635;4.998;2.219;0.803;0.442;0.103;0.049
7940;0.498;0.537;0.764;0.322;0.349;0.322;0.254;0.642;4.998;2.129;0.808;0.442;0.105;0.051
7941;0.491;0.542;0.781;0.317;0.347;0.317;0.251;0.635;4.998;2.048;0.815;0.449;0.105;0.046
7942;0.483;0.552;0.71;0.322;0.339;0.317;0.244;0.667;4.998;1.982;0.823;0.457;0.1;0.049
7943;0.471;0.562;0.793;0.33;0.327;0.33;0.234;0.642;4.998;1.931;0.818;0.457;0.1;0.049
7944;0.461;0.569;0.923;0.337;0.303;0.337;0.239;0.618;4.978;1.917;0.82;0.461;0.105;0.049
7945;0.452;0.571;0.854;0.332;0.278;0.342;0.249;0.654;4.927;1.931;0.818;0.469;0.103;0.049
7946;0.459;0.574;0.798;0.342;0.261;0.344;0.271;0.652;4.878;1.98;0.813;0.476;0.105;0.051
7947;0.461;0.576;0.884;0.366;0.264;0.342;0.295;0.632;4.849;2.048;0.808;0.483;0.1;0.049
7948;0.469;0.581;0.894;0.376;0.261;0.344;0.32;0.652;4.863;2.114;0.801;0.493;0.1;0.046
7949;0.479;0.581;0.82;0.393;0.269;0.347;0.33;0.657;4.9;2.166;0.791;0.503;0.103;0.051
7950;0.481;0.586;0.752;0.405;0.271;0.342;0.32;0.642;4.937;2.192;0.781;0.518;0.103;0.049
7951;0.479;0.583;0.886;0.391;0.278;0.342;0.305;0.63;4.951;2.192;0.769;0.527;0.1;0.049
7952;0.481;0.588;0.935;0.383;0.286;0.332;0.291;0.684;4.951;2.168;0.759;0.54;0.103;0.051
7953;0.476;0.591;1.018;0.366;0.293;0.332;0.288;0.664;4.944;2.129;0.747;0.549;0.098;0.049
7954;0.471;0.596;1.206;0.376;0.295;0.332;0.273;0.637;4.941;2.075;0.74;0.562;0.105;0.054
7955;0.476;0.598;1.055;0.381;0.3;0.325;0.273;0.642;4.949;2.017;0.73;0.562;0.103;0.049
7956;0.476;0.596;1.006;0.374;0.286;0.32;0.278;0.649;4.998;1.97;0.723;0.562;0.098;0.044
7957;0.481;0.603;1.045;0.371;0.273;0.31;0.281;0.603;4.998;1.931;0.715;0.557;0.095;0.046
7958;0.481;0.601;1.196;0.381;0.269;0.305;0.273;0.591;4.998;1.899;0.708;0.549;0.088;0.042
7959;0.486;0.603;0.967;0.388;0.256;0.295;0.269;0.623;4.998;1.882;0.698;0.54;0.088;0.037
7960;0.483;0.601;0.947;0.4;0.247;0.276;0.271;0.657;4.998;1.868;0.693;0.532;0.088;0.037
7961;0.479;0.598;0.84;0.388;0.244;0.281;0.264;0.63;4.998;1.855;0.691;0.525;0.088;0.037
7962;0.476;0.598;0.854;0.378;0.251;0.269;0.271;0.627;4.998;1.838;0.686;0.518;0.093;0.042
7963;0.479;0.593;0.879;0.374;0.259;0.256;0.293;0.657;4.998;1.816;0.684;0.52;0.095;0.039
7964;0.474;0.596;0.847;0.369;0.261;0.251;0.3;0.647;4.998;1.79;0.679;0.518;0.098;0.044
7965;0.474;0.593;1.084;0.371;0.266;0.251;0.31;0.637;4.998;1.753;0.671;0.515;0.098;0.042
7966;0.471;0.593;1.213;0.369;0.281;0.254;0.315;0.645;4.998;1.711;0.671;0.518;0.1;0.046
7967;0.474;0.586;1.079;0.381;0.278;0.278;0.317;0.654;4.998;1.663;0.669;0.52;0.1;0.046
7968;0.483;0.583;0.94;0.374;0.286;0.295;0.315;0.62;4.998;1.606;0.669;0.525;0.1;0.046
7969;0.486;0.583;0.686;0.364;0.293;0.305;0.308;0.613;4.998;1.555;0.667;0.53;0.1;0.044
7970;0.493;0.581;0.938;0.366;0.305;0.315;0.308;0.64;4.998;1.499;0.664;0.537;0.098;0.044
7971;0.5;0.581;0.959;0.371;0.3;0.315;0.303;0.662;4.998;1.445;0.671;0.552;0.1;0.046
7972;0.505;0.579;0.906;0.371;0.283;0.317;0.305;0.645;4.998;1.392;0.669;0.559;0.103;0.049
7973;0.513;0.579;0.801;0.378;0.273;0.315;0.288;0.647;4.998;1.34;0.667;0.571;0.103;0.046
7974;0.515;0.571;0.886;0.376;0.273;0.312;0.281;0.649;4.998;1.292;0.664;0.586;0.107;0.051
7975;0.515;0.571;1.069;0.374;0.266;0.312;0.266;0.632;4.998;1.245;0.662;0.596;0.112;0.054
7976;0.51;0.566;0.974;0.376;0.266;0.31;0.259;0.63;4.998;1.201;0.659;0.605;0.107;0.054
7977;0.513;0.564;1.028;0.371;0.254;0.308;0.251;0.652;4.998;1.155;0.654;0.61;0.107;0.051
7978;0.508;0.559;1.072;0.371;0.261;0.298;0.251;0.657;4.998;1.113;0.652;0.615;0.11;0.056
7979;0.505;0.559;0.872;0.356;0.249;0.295;0.256;0.659;4.998;1.064;0.647;0.618;0.11;0.049
7980;0.505;0.559;0.872;0.376;0.247;0.288;0.261;0.654;4.998;1.028;0.645;0.623;0.11;0.054
7981;0.5;0.554;1.038;0.398;0.247;0.283;0.261;0.654;4.998;0.989;0.64;0.62;0.107;0.051
7982;0.503;0.559;0.981;0.398;0.244;0.276;0.266;0.615;4.998;0.955;0.637;0.62;0.105;0.051
7983;0.505;0.562;0.952;0.403;0.234;0.273;0.273;0.61;4.998;0.92;0.635;0.613;0.105;0.051
7984;0.505;0.562;0.974;0.398;0.225;0.271;0.283;0.632;4.998;0.896;0.635;0.608;0.105;0.051
7985;0.508;0.557;0.566;0.388;0.22;0.269;0.295;0.62;4.998;0.869;0.63;0.598;0.103;0.049
7986;0.505;0.562;0.444;0.386;0.217;0.266;0.298;0.596;4.9;0.847;0.625;0.593;0.105;0.049
7987;0.505;0.554;0.369;0.381;0.217;0.271;0.293;0.615;4.709;0.828;0.618;0.579;0.1;0.046
7988;0.505;0.549;0.396;0.383;0.237;0.269;0.286;0.623;4.531;0.808;0.613;0.569;0.103;0.051
7989;0.515;0.547;0.43;0.374;0.249;0.271;0.283;0.591;4.375;0.796;0.61;0.564;0.103;0.046
7990;0.515;0.542;0.42;0.364;0.264;0.269;0.271;0.598;4.211;0.779;0.603;0.552;0.107;0.049
7991;0.525;0.537;0.415;0.354;0.271;0.269;0.259;0.615;4.026;0.769;0.596;0.542;0.103;0.046
7992;0.525;0.542;0.381;0.361;0.283;0.254;0.259;0.605;3.87;0.762;0.586;0.532;0.105;0.046
7993;0.527;0.542;0.388;0.369;0.283;0.251;0.256;0.598;3.723;0.754;0.576;0.525;0.103;0.049
7994;0.518;0.544;0.369;0.376;0.286;0.256;0.259;0.596;3.596;0.747;0.569;0.513;0.1;0.044
7995;0.508;0.544;0.361;0.376;0.276;0.259;0.256;0.591;3.479;0.74;0.559;0.505;0.098;0.044
7996;0.493;0.547;0.344;0.376;0.271;0.271;0.264;0.593;3.359;0.73;0.554;0.491;0.103;0.049
7997;0.479;0.552;0.327;0.376;0.256;0.276;0.266;0.583;3.245;0.718;0.547;0.481;0.095;0.044
7998;0.466;0.552;0.327;0.383;0.242;0.276;0.269;0.596;3.137;0.706;0.544;0.474;0.1;0.049
7999;0.457;0.557;0.32;0.383;0.234;0.266;0.273;0.569;3.035;0.701;0.54;0.461;0.093;0.042
8000;0.454;0.557;0.32;0.383;0.237;0.259;0.276;0.586;2.922;0.688;0.544;0.449;0.095;0.046
8001;0.447;0.557;0.312;0.374;0.244;0.259;0.261;0.618;2.817;0.679;0.544;0.444;0.098;0.046
8002;0.454;0.552;0.305;0.364;0.244;0.251;0.254;0.635;2.729;0.669;0.547;0.432;0.1;0.046
8003;0.457;0.544;0.295;0.361;0.239;0.254;0.247;0.615;2.644;0.662;0.549;0.43;0.095;0.044
8004;0.449;0.54;0.293;0.352;0.242;0.261;0.247;0.608;2.52;0.652;0.547;0.422;0.095;0.044
8005;0.459;0.542;0.298;0.354;0.251;0.264;0.244;0.618;2.385;0.647;0.549;0.417;0.093;0.039
8006;0.459;0.532;0.327;0.361;0.273;0.273;0.244;0.62;2.253;0.647;0.552;0.417;0.093;0.046
8007;0.466;0.53;0.339;0.361;0.288;0.283;0.247;0.588;2.148;0.642;0.547;0.417;0.095;0.044
8008;0.461;0.527;0.334;0.369;0.3;0.293;0.232;0.579;2.073;0.642;0.547;0.42;0.093;0.044
8009;0.464;0.527;0.325;0.359;0.305;0.288;0.222;0.61;2.014;0.645;0.547;0.425;0.095;0.042
8010;0.459;0.532;0.32;0.354;0.295;0.288;0.22;0.601;1.968;0.64;0.544;0.435;0.093;0.039
8011;0.454;0.537;0.325;0.344;0.291;0.286;0.22;0.618;1.926;0.632;0.542;0.442;0.093;0.044
8012;0.457;0.544;0.332;0.334;0.276;0.286;0.22;0.62;1.892;0.625;0.544;0.457;0.1;0.046
8013;0.457;0.54;0.344;0.339;0.273;0.293;0.227;0.627;1.865;0.618;0.542;0.464;0.095;0.044
8014;0.459;0.54;0.344;0.344;0.283;0.295;0.229;0.605;1.846;0.613;0.544;0.474;0.093;0.042
8015;0.459;0.53;0.347;0.337;0.293;0.293;0.237;0.618;1.841;0.603;0.547;0.479;0.095;0.044
8016;0.457;0.53;0.352;0.352;0.305;0.278;0.229;0.613;1.843;0.601;0.552;0.483;0.095;0.042
8017;0.444;0.53;0.354;0.354;0.303;0.276;0.229;0.581;1.851;0.596;0.552;0.483;0.09;0.039
8018;0.437;0.532;0.361;0.356;0.312;0.273;0.227;0.581;1.865;0.591;0.557;0.483;0.09;0.039
8019;0.417;0.522;0.381;0.374;0.315;0.276;0.225;0.583;1.887;0.586;0.559;0.483;0.093;0.044
8020;0.415;0.52;0.391;0.381;0.32;0.276;0.227;0.579;1.919;0.581;0.562;0.481;0.09;0.042
8021;0.415;0.525;0.381;0.369;0.322;0.273;0.217;0.569;1.948;0.583;0.569;0.479;0.088;0.037
8022;0.413;0.522;0.361;0.366;0.315;0.264;0.21;0.596;1.973;0.583;0.576;0.479;0.088;0.037
8023;0.422;0.53;0.347;0.352;0.308;0.251;0.21;0.601;1.98;0.591;0.579;0.479;0.088;0.039
8024;0.422;0.525;0.334;0.354;0.298;0.256;0.217;0.588;1.987;0.598;0.576;0.479;0.09;0.034
8025;0.422;0.525;0.334;0.347;0.293;0.256;0.222;0.581;1.99;0.603;0.576;0.481;0.085;0.034
8026;0.427;0.525;0.344;0.354;0.281;0.254;0.242;0.554;1.99;0.62;0.576;0.481;0.088;0.042
8027;0.432;0.532;0.347;0.361;0.273;0.256;0.247;0.542;1.99;0.645;0.579;0.486;0.088;0.037
8028;0.432;0.53;0.339;0.364;0.269;0.254;0.251;0.557;1.982;0.664;0.576;0.488;0.088;0.039
8029;0.444;0.532;0.332;0.359;0.269;0.256;0.251;0.583;1.978;0.688;0.576;0.491;0.088;0.037
8030;0.449;0.522;0.322;0.361;0.283;0.261;0.254;0.586;1.973;0.713;0.574;0.496;0.085;0.037
8031;0.454;0.527;0.31;0.344;0.293;0.264;0.254;0.583;1.96;0.752;0.574;0.498;0.083;0.032
8032;0.459;0.52;0.317;0.337;0.295;0.269;0.261;0.593;1.941;0.791;0.571;0.498;0.085;0.037
8033;0.454;0.52;0.322;0.337;0.288;0.271;0.273;0.605;1.921;0.847;0.569;0.503;0.085;0.037
8034;0.459;0.52;0.334;0.332;0.276;0.276;0.278;0.603;1.902;0.918;0.569;0.503;0.085;0.034
8035;0.457;0.52;0.337;0.327;0.264;0.288;0.281;0.596;1.892;1.001;0.569;0.508;0.081;0.032
8036;0.454;0.518;0.342;0.332;0.254;0.303;0.256;0.571;1.892;1.079;0.564;0.508;0.085;0.034
8037;0.459;0.518;0.337;0.332;0.249;0.312;0.239;0.583;1.904;1.152;0.564;0.508;0.081;0.032
8038;0.464;0.515;0.339;0.33;0.261;0.312;0.227;0.576;1.919;1.211;0.559;0.513;0.081;0.032
8039;0.466;0.513;0.349;0.332;0.269;0.305;0.212;0.576;1.934;1.25;0.559;0.515;0.085;0.032
8040;0.471;0.505;0.361;0.327;0.276;0.3;0.2;0.562;1.951;1.274;0.557;0.518;0.081;0.032
8041;0.469;0.503;0.376;0.325;0.276;0.283;0.208;0.581;1.97;1.289;0.557;0.515;0.083;0.032
8042;0.461;0.505;0.374;0.315;0.278;0.273;0.21;0.586;2.012;1.311;0.552;0.515;0.078;0.032
8043;0.466;0.498;0.364;0.312;0.286;0.273;0.198;0.593;2.068;1.335;0.549;0.513;0.083;0.034
8044;0.461;0.503;0.364;0.315;0.291;0.264;0.198;0.601;2.117;1.377;0.547;0.51;0.083;0.034
8045;0.464;0.51;0.352;0.32;0.3;0.266;0.198;0.618;2.156;1.438;0.544;0.508;0.083;0.034
8046;0.469;0.5;0.349;0.344;0.3;0.266;0.2;0.615;2.183;1.497;0.542;0.5;0.078;0.034
8047;0.479;0.498;0.344;0.364;0.3;0.269;0.203;0.618;2.205;1.555;0.542;0.5;0.083;0.037
8048;0.481;0.498;0.342;0.356;0.281;0.286;0.217;0.608;2.214;1.602;0.542;0.496;0.085;0.039
8049;0.491;0.496;0.33;0.354;0.264;0.286;0.244;0.608;2.212;1.624;0.537;0.488;0.085;0.039
8050;0.5;0.496;0.33;0.339;0.242;0.286;0.254;0.605;2.192;1.636;0.535;0.483;0.083;0.042
8051;0.51;0.491;0.317;0.327;0.229;0.283;0.259;0.579;2.173;1.648;0.535;0.479;0.083;0.039
8052;0.515;0.496;0.312;0.334;0.227;0.269;0.261;0.608;2.146;1.653;0.53;0.474;0.081;0.039
8053;0.518;0.493;0.312;0.337;0.229;0.276;0.256;0.601;2.122;1.655;0.525;0.464;0.081;0.042
8054;0.518;0.483;0.317;0.339;0.232;0.273;0.259;0.608;2.102;1.655;0.522;0.459;0.081;0.042
8055;0.52;0.491;0.332;0.337;0.237;0.259;0.259;0.605;2.078;1.648;0.518;0.449;0.076;0.039
8056;0.515;0.483;0.349;0.325;0.247;0.264;0.271;0.645;2.051;1.643;0.513;0.442;0.083;0.042
8057;0.518;0.488;0.359;0.33;0.247;0.251;0.261;0.649;2.029;1.626;0.503;0.43;0.073;0.039
8058;0.515;0.496;0.349;0.332;0.261;0.239;0.244;0.596;2.007;1.604;0.498;0.427;0.073;0.037
8059;0.51;0.5;0.342;0.342;0.271;0.239;0.227;0.593;1.985;1.58;0.496;0.42;0.076;0.039
8060;0.505;0.498;0.332;0.352;0.276;0.239;0.22;0.623;1.958;1.56;0.488;0.413;0.073;0.042
8061;0.493;0.5;0.339;0.352;0.271;0.244;0.217;0.613;1.931;1.55;0.481;0.403;0.073;0.039
8062;0.483;0.5;0.352;0.352;0.266;0.242;0.215;0.586;1.899;1.536;0.469;0.393;0.073;0.042
8063;0.469;0.503;0.354;0.337;0.266;0.239;0.22;0.588;1.875;1.519;0.471;0.391;0.068;0.037
8064;0.466;0.496;0.359;0.334;0.264;0.249;0.21;0.576;1.841;1.492;0.459;0.381;0.071;0.039
8065;0.466;0.5;0.344;0.352;0.254;0.251;0.193;0.601;1.826;1.467;0.457;0.376;0.066;0.034
8066;0.471;0.498;0.347;0.381;0.288;0.259;0.198;0.615;1.826;1.44;0.447;0.369;0.063;0.037
8067;0.481;0.493;0.354;0.405;0.278;0.269;0.21;0.632;1.846;1.421;0.442;0.364;0.068;0.039
8068;0.481;0.491;0.361;0.41;0.273;0.261;0.229;0.605;1.885;1.404;0.437;0.356;0.061;0.032
8069;0.493;0.488;0.364;0.413;0.303;0.256;0.249;0.603;1.943;1.389;0.432;0.352;0.066;0.037
8070;0.503;0.483;0.354;0.415;0.332;0.244;0.256;0.623;2.009;1.384;0.427;0.349;0.066;0.034
8071;0.503;0.486;0.347;0.415;0.339;0.234;0.256;0.608;2.085;1.384;0.425;0.342;0.063;0.037
8072;0.498;0.491;0.334;0.425;0.322;0.225;0.249;0.559;2.148;1.375;0.42;0.339;0.066;0.039
8073;0.5;0.486;0.334;0.432;0.32;0.22;0.234;0.569;2.197;1.362;0.415;0.337;0.073;0.044
8074;0.498;0.486;0.332;0.435;0.315;0.215;0.227;0.581;2.234;1.335;0.417;0.334;0.063;0.037
8075;0.496;0.481;0.33;0.447;0.291;0.225;0.215;0.583;2.249;1.311;0.413;0.327;0.068;0.039
8076;0.496;0.479;0.327;0.432;0.281;0.227;0.205;0.586;2.256;1.294;0.41;0.325;0.068;0.039
8077;0.491;0.481;0.327;0.425;0.276;0.237;0.19;0.615;2.261;1.289;0.408;0.322;0.068;0.044
8078;0.496;0.479;0.322;0.408;0.281;0.232;0.188;0.605;2.268;1.287;0.405;0.315;0.066;0.037
8079;0.493;0.474;0.325;0.398;0.286;0.22;0.186;0.571;2.302;1.296;0.405;0.315;0.066;0.037
8080;0.498;0.471;0.32;0.405;0.266;0.22;0.186;0.537;2.339;1.318;0.403;0.31;0.066;0.034
8081;0.488;0.464;0.317;0.408;0.276;0.215;0.19;0.547;2.395;1.345;0.398;0.308;0.063;0.039
8082;0.488;0.461;0.303;0.391;0.288;0.215;0.205;0.547;2.456;1.367;0.398;0.305;0.066;0.037
8083;0.488;0.461;0.312;0.388;0.281;0.232;0.222;0.532;2.522;1.384;0.398;0.303;0.066;0.039
8084;0.486;0.461;0.315;0.386;0.291;0.244;0.239;0.559;2.603;1.394;0.4;0.3;0.066;0.039
8085;0.481;0.457;0.334;0.396;0.31;0.251;0.254;0.571;2.686;1.387;0.4;0.298;0.063;0.039
8086;0.479;0.457;0.342;0.4;0.315;0.249;0.264;0.574;2.769;1.37;0.408;0.295;0.066;0.042
8087;0.471;0.464;0.334;0.393;0.305;0.247;0.269;0.593;2.847;1.343;0.417;0.295;0.071;0.039
8088;0.471;0.461;0.332;0.391;0.295;0.247;0.261;0.61;2.917;1.321;0.432;0.295;0.066;0.039
8089;0.461;0.464;0.327;0.386;0.3;0.242;0.247;0.593;2.966;1.294;0.442;0.295;0.071;0.044
8090;0.461;0.464;0.32;0.378;0.3;0.249;0.239;0.581;3.005;1.26;0.457;0.293;0.068;0.042
8091;0.459;0.461;0.327;0.361;0.286;0.303;0.234;0.581;3.057;1.23;0.476;0.293;0.068;0.042
8092;0.464;0.461;0.33;0.354;0.291;0.295;0.232;0.583;3.13;1.191;0.491;0.293;0.073;0.044
8093;0.466;0.459;0.32;0.354;0.293;0.291;0.222;0.596;3.235;1.15;0.508;0.293;0.071;0.042
8094;0.466;0.459;0.33;0.344;0.293;0.291;0.22;0.591;3.359;1.113;0.525;0.291;0.073;0.042
8095;0.469;0.464;0.322;0.344;0.283;0.261;0.21;0.62;3.484;1.074;0.544;0.293;0.071;0.046
8096;0.476;0.461;0.325;0.347;0.288;0.295;0.22;0.632;3.599;1.042;0.562;0.295;0.078;0.049
8097;0.476;0.464;0.332;0.356;0.308;0.286;0.254;0.615;3.687;1.008;0.576;0.291;0.076;0.044
8098;0.476;0.459;0.325;0.366;0.303;0.291;0.239;0.615;3.757;0.977;0.586;0.291;0.076;0.046
8099;0.471;0.461;0.327;0.366;0.298;0.303;0.249;0.615;3.806;0.947;0.598;0.291;0.073;0.044
8100;0.471;0.457;0.347;0.371;0.308;0.291;0.269;0.598;3.826;0.911;0.605;0.293;0.081;0.051
8101;0.474;0.459;0.376;0.388;0.308;0.283;0.259;0.591;3.826;0.881;0.615;0.293;0.076;0.042
8102;0.476;0.454;0.408;0.4;0.303;0.281;0.244;0.596;3.811;0.85;0.627;0.295;0.081;0.049
8103;0.479;0.454;0.42;0.422;0.293;0.278;0.256;0.583;3.792;0.82;0.642;0.293;0.078;0.046
8104;0.471;0.447;0.405;0.427;0.286;0.281;0.247;0.562;3.767;0.791;0.657;0.293;0.081;0.046
8105;0.469;0.447;0.413;0.408;0.286;0.278;0.237;0.586;3.735;0.764;0.667;0.295;0.076;0.044
8106;0.461;0.442;0.415;0.396;0.281;0.278;0.247;0.596;3.672;0.735;0.676;0.293;0.078;0.046
8107;0.466;0.437;0.427;0.383;0.295;0.278;0.249;0.618;3.584;0.715;0.684;0.293;0.081;0.049
8108;0.469;0.432;0.457;0.378;0.308;0.269;0.239;0.63;3.491;0.696;0.688;0.293;0.081;0.046
8109;0.471;0.439;0.469;0.383;0.31;0.271;0.247;0.625;3.406;0.676;0.688;0.295;0.076;0.044
8110;0.479;0.437;0.479;0.393;0.31;0.273;0.249;0.618;3.337;0.662;0.684;0.295;0.081;0.044
8111;0.483;0.437;0.471;0.391;0.31;0.264;0.222;0.618;3.276;0.647;0.681;0.293;0.081;0.044
8112;0.483;0.442;0.466;0.398;0.317;0.273;0.225;0.615;3.22;0.63;0.669;0.288;0.083;0.049
8113;0.488;0.439;0.457;0.393;0.308;0.286;0.242;0.613;3.193;0.627;0.664;0.291;0.076;0.044
8114;0.491;0.435;0.457;0.381;0.305;0.273;0.237;0.605;3.162;0.627;0.657;0.293;0.081;0.046
8115;0.491;0.435;0.459;0.386;0.32;0.295;0.244;0.625;3.113;0.625;0.647;0.295;0.081;0.042
8116;0.498;0.435;0.469;0.391;0.327;0.295;0.247;0.613;3.057;0.62;0.64;0.291;0.081;0.046
8117;0.503;0.435;0.454;0.386;0.322;0.295;0.242;0.596;2.979;0.613;0.635;0.288;0.083;0.044
8118;0.505;0.432;0.427;0.391;0.305;0.32;0.232;0.588;2.864;0.605;0.63;0.291;0.081;0.042
8119;0.508;0.427;0.413;0.391;0.295;0.305;0.237;0.596;2.686;0.593;0.623;0.286;0.083;0.049
8120;0.508;0.43;0.388;0.378;0.281;0.325;0.242;0.591;2.505;0.583;0.62;0.288;0.083;0.039
8121;0.505;0.425;0.391;0.371;0.278;0.322;0.259;0.581;2.363;0.571;0.618;0.283;0.081;0.044
8122;0.505;0.43;0.393;0.361;0.276;0.31;0.266;0.583;2.278;0.569;0.613;0.281;0.083;0.044
8123;0.508;0.435;0.391;0.359;0.288;0.325;0.276;0.596;2.263;0.569;0.613;0.281;0.081;0.039
8124;0.518;0.435;0.391;0.352;0.3;0.31;0.266;0.608;2.329;0.574;0.608;0.278;0.083;0.042
8125;0.527;0.437;0.386;0.359;0.3;0.327;0.259;0.591;2.488;0.583;0.608;0.278;0.083;0.039
8126;0.54;0.447;0.371;0.359;0.305;0.325;0.254;0.576;2.7;0.591;0.605;0.278;0.081;0.037
8127;0.544;0.452;0.364;0.354;0.298;0.31;0.261;0.564;2.9;0.598;0.608;0.283;0.078;0.037
8128;0.557;0.454;0.366;0.359;0.298;0.33;0.283;0.574;3.083;0.603;0.613;0.281;0.085;0.042
8129;0.562;0.459;0.376;0.352;0.305;0.315;0.295;0.579;3.24;0.605;0.615;0.286;0.085;0.037
8130;0.564;0.459;0.4;0.344;0.315;0.31;0.298;0.564;3.337;0.601;0.618;0.286;0.088;0.042
8131;0.571;0.459;0.408;0.347;0.32;0.322;0.303;0.579;3.362;0.596;0.627;0.288;0.093;0.044
8132;0.576;0.459;0.425;0.342;0.322;0.317;0.303;0.583;3.311;0.586;0.632;0.288;0.088;0.039
8133;0.583;0.459;0.435;0.347;0.317;0.32;0.288;0.603;3.218;0.581;0.64;0.291;0.095;0.046
8134;0.596;0.466;0.437;0.356;0.32;0.31;0.283;0.581;3.127;0.574;0.645;0.288;0.09;0.037
8135;0.605;0.464;0.432;0.356;0.31;0.3;0.278;0.591;3.042;0.579;0.649;0.291;0.093;0.044
8136;0.62;0.469;0.444;0.366;0.305;0.305;0.273;0.581;2.961;0.591;0.652;0.283;0.098;0.046
8137;0.645;0.471;0.459;0.366;0.298;0.298;0.261;0.564;2.905;0.615;0.654;0.288;0.095;0.042
8138;0.654;0.474;0.491;0.361;0.298;0.315;0.256;0.547;2.839;0.652;0.657;0.286;0.098;0.044
8139;0.674;0.476;0.476;0.361;0.3;0.347;0.244;0.557;2.773;0.698;0.657;0.288;0.1;0.044
8140;0.686;0.483;0.464;0.352;0.288;0.339;0.229;0.564;2.688;0.75;0.652;0.281;0.103;0.042
8141;0.706;0.483;0.442;0.339;0.283;0.352;0.237;0.574;2.593;0.803;0.652;0.283;0.107;0.042
8142;0.713;0.483;0.413;0.327;0.286;0.347;0.244;0.576;2.488;0.862;0.649;0.281;0.107;0.042
8143;0.72;0.488;0.415;0.317;0.283;0.337;0.254;0.581;2.437;0.913;0.647;0.281;0.112;0.039
8144;0.715;0.493;0.405;0.305;0.281;0.342;0.261;0.581;2.468;0.959;0.645;0.281;0.115;0.034
8145;0.72;0.496;0.415;0.286;0.286;0.337;0.273;0.559;2.568;0.999;0.642;0.276;0.122;0.037
8146;0.718;0.493;0.425;0.286;0.295;0.337;0.276;0.564;2.729;1.03;0.64;0.278;0.127;0.032
8147;0.723;0.496;0.388;0.286;0.32;0.337;0.278;0.54;2.91;1.052;0.632;0.278;0.137;0.034
8148;0.72;0.491;0.354;0.269;0.339;0.322;0.276;0.552;3.081;1.062;0.632;0.283;0.146;0.032
8149;0.723;0.493;0.339;0.261;0.339;0.32;0.291;0.564;3.23;1.062;0.63;0.286;0.164;0.039
8150;0.72;0.493;0.354;0.269;0.334;0.317;0.293;0.549;3.381;1.055;0.627;0.291;0.168;0.037
8151;0.718;0.493;0.383;0.271;0.322;0.317;0.3;0.542;3.523;1.045;0.625;0.295;0.181;0.042
8152;0.718;0.486;0.403;0.273;0.308;0.315;0.3;0.562;3.652;1.035;0.62;0.295;0.183;0.037
8153;0.715;0.488;0.41;0.264;0.295;0.315;0.298;0.559;3.794;1.023;0.62;0.305;0.193;0.039
8154;0.723;0.483;0.415;0.269;0.293;0.312;0.293;0.569;3.95;1.013;0.61;0.308;0.193;0.039
8155;0.723;0.481;0.437;0.266;0.288;0.308;0.276;0.554;4.116;0.999;0.608;0.312;0.208;0.044
8156;0.728;0.481;0.452;0.259;0.281;0.308;0.261;0.569;4.272;0.991;0.608;0.317;0.208;0.039
8157;0.725;0.474;0.469;0.254;0.266;0.31;0.249;0.54;4.407;0.981;0.603;0.317;0.21;0.042
8158;0.728;0.466;0.505;0.249;0.261;0.308;0.239;0.52;4.531;0.967;0.601;0.32;0.208;0.042
8159;0.725;0.461;0.627;0.249;0.264;0.312;0.234;0.527;4.646;0.959;0.598;0.322;0.212;0.046
8160;0.725;0.466;0.649;0.259;0.278;0.315;0.227;0.542;4.739;0.952;0.596;0.32;0.21;0.044
8161;0.723;0.471;0.642;0.254;0.291;0.312;0.225;0.54;4.81;0.947;0.593;0.325;0.212;0.042
8162;0.725;0.469;0.581;0.259;0.3;0.295;0.217;0.566;4.834;0.942;0.593;0.327;0.217;0.046
8163;0.72;0.469;0.505;0.266;0.298;0.298;0.215;0.581;4.805;0.933;0.588;0.327;0.212;0.046
8164;0.725;0.469;0.437;0.269;0.293;0.286;0.217;0.593;4.724;0.925;0.588;0.334;0.21;0.044
8165;0.728;0.464;0.41;0.278;0.278;0.286;0.225;0.562;4.595;0.918;0.579;0.332;0.21;0.046
8166;0.735;0.464;0.405;0.295;0.266;0.298;0.237;0.562;4.451;0.908;0.579;0.332;0.215;0.046
8167;0.74;0.466;0.4;0.298;0.254;0.3;0.254;0.574;4.304;0.898;0.571;0.332;0.21;0.049
8168;0.747;0.469;0.396;0.305;0.242;0.305;0.261;0.581;4.146;0.886;0.571;0.332;0.208;0.046
8169;0.747;0.466;0.386;0.308;0.237;0.315;0.266;0.581;3.987;0.874;0.562;0.327;0.208;0.049
8170;0.742;0.466;0.371;0.315;0.237;0.315;0.273;0.557;3.838;0.859;0.559;0.322;0.208;0.049
8171;0.732;0.459;0.366;0.322;0.242;0.317;0.261;0.525;3.699;0.84;0.549;0.32;0.2;0.046
8172;0.725;0.454;0.374;0.327;0.251;0.312;0.251;0.544;3.599;0.823;0.547;0.32;0.2;0.046
8173;0.718;0.452;0.388;0.317;0.259;0.312;0.247;0.576;3.523;0.808;0.537;0.315;0.198;0.046
8174;0.713;0.452;0.396;0.31;0.269;0.308;0.237;0.571;3.445;0.786;0.527;0.31;0.205;0.049
8175;0.703;0.454;0.396;0.286;0.276;0.298;0.22;0.554;3.384;0.767;0.525;0.308;0.203;0.046
8176;0.703;0.459;0.398;0.281;0.283;0.298;0.212;0.574;3.34;0.745;0.515;0.308;0.21;0.049
8177;0.698;0.459;0.393;0.281;0.291;0.295;0.21;0.588;3.315;0.723;0.508;0.3;0.208;0.044
8178;0.696;0.459;0.383;0.283;0.293;0.283;0.212;0.576;3.303;0.703;0.5;0.3;0.21;0.046
8179;0.696;0.454;0.383;0.293;0.283;0.278;0.22;0.574;3.293;0.679;0.488;0.3;0.212;0.044
8180;0.691;0.452;0.376;0.3;0.271;0.276;0.242;0.559;3.291;0.662;0.486;0.3;0.22;0.042
8181;0.688;0.452;0.374;0.293;0.266;0.278;0.256;0.564;3.274;0.647;0.474;0.295;0.225;0.044
8182;0.686;0.444;0.381;0.291;0.256;0.281;0.276;0.557;3.252;0.632;0.469;0.298;0.227;0.044
8183;0.691;0.447;0.381;0.288;0.254;0.281;0.281;0.564;3.225;0.62;0.459;0.298;0.229;0.044
8184;0.701;0.444;0.378;0.286;0.251;0.281;0.273;0.579;3.198;0.613;0.454;0.298;0.227;0.044
8185;0.708;0.444;0.369;0.288;0.251;0.281;0.264;0.579;3.181;0.615;0.447;0.295;0.229;0.042
8186;0.713;0.442;0.359;0.288;0.254;0.278;0.251;0.583;3.201;0.637;0.437;0.295;0.234;0.049
8187;0.715;0.439;0.352;0.288;0.251;0.276;0.234;0.586;3.318;0.686;0.432;0.298;0.229;0.044
8188;0.71;0.435;0.361;0.293;0.244;0.269;0.227;0.603;3.523;0.752;0.422;0.293;0.229;0.044
8189;0.708;0.432;0.369;0.286;0.247;0.264;0.21;0.63;3.762;0.835;0.417;0.295;0.227;0.042
8190;0.71;0.432;0.369;0.283;0.251;0.269;0.198;0.627;4.009;0.935;0.413;0.295;0.227;0.042
8191;0.708;0.435;0.364;0.291;0.256;0.269;0.186;0.605;4.282;1.028;0.405;0.293;0.227;0.039
8192;0.715;0.435;0.361;0.291;0.259;0.269;0.186;0.62;4.578;1.116;0.4;0.291;0.227;0.039
8193;0.72;0.43;0.366;0.295;0.269;0.271;0.19;0.605;4.841;1.191;0.396;0.293;0.225;0.042
8194;0.72;0.425;0.381;0.305;0.266;0.281;0.203;0.571;4.998;1.25;0.388;0.291;0.222;0.042
8195;0.72;0.417;0.413;0.31;0.254;0.276;0.208;0.574;4.998;1.301;0.381;0.288;0.22;0.042
8196;0.72;0.41;0.486;0.315;0.247;0.283;0.215;0.613;4.998;1.345;0.378;0.288;0.22;0.044
8197;0.723;0.408;0.552;0.312;0.242;0.295;0.22;0.61;4.998;1.382;0.369;0.283;0.225;0.044
8198;0.718;0.408;0.579;0.312;0.242;0.303;0.222;0.591;4.998;1.411;0.366;0.283;0.222;0.039
8199;0.718;0.408;0.632;0.317;0.244;0.312;0.225;0.593;4.998;1.433;0.359;0.281;0.217;0.046
8200;0.715;0.403;0.632;0.312;0.249;0.33;0.229;0.62;4.998;1.445;0.349;0.276;0.22;0.044
8201;0.713;0.403;0.532;0.308;0.249;0.332;0.222;0.598;4.998;1.453;0.342;0.276;0.217;0.042
8202;0.71;0.403;0.476;0.305;0.244;0.33;0.215;0.601;4.998;1.467;0.337;0.271;0.217;0.042
8203;0.71;0.403;0.525;0.305;0.249;0.312;0.208;0.61;4.998;1.482;0.33;0.271;0.215;0.044
8204;0.701;0.4;0.493;0.31;0.234;0.303;0.2;0.605;4.998;1.494;0.322;0.269;0.217;0.039
8205;0.693;0.408;0.513;0.32;0.232;0.286;0.195;0.566;4.998;1.506;0.32;0.269;0.212;0.046
8206;0.688;0.403;0.452;0.322;0.232;0.286;0.193;0.608;4.998;1.506;0.312;0.269;0.208;0.042
8207;0.686;0.403;0.474;0.325;0.232;0.288;0.195;0.62;4.998;1.499;0.31;0.266;0.203;0.044
8208;0.688;0.4;0.52;0.32;0.227;0.298;0.193;0.593;4.998;1.487;0.303;0.264;0.2;0.044
8209;0.696;0.398;0.461;0.315;0.217;0.298;0.193;0.583;4.998;1.472;0.3;0.269;0.198;0.044
8210;0.701;0.4;0.442;0.308;0.21;0.303;0.2;0.588;4.998;1.45;0.298;0.269;0.2;0.049
8211;0.713;0.396;0.425;0.31;0.217;0.305;0.212;0.588;4.998;1.421;0.288;0.266;0.19;0.044
8212;0.725;0.396;0.337;0.31;0.208;0.31;0.217;0.571;4.998;1.396;0.283;0.264;0.193;0.044
8213;0.737;0.398;0.352;0.308;0.203;0.31;0.217;0.557;4.998;1.384;0.283;0.266;0.181;0.039
8214;0.75;0.396;0.354;0.312;0.195;0.305;0.22;0.576;4.998;1.365;0.281;0.261;0.183;0.044
8215;0.754;0.403;0.383;0.32;0.195;0.3;0.225;0.564;4.998;1.353;0.276;0.259;0.176;0.044
8216;0.762;0.408;0.522;0.31;0.188;0.291;0.227;0.554;4.998;1.34;0.276;0.256;0.176;0.042
8217;0.767;0.413;0.608;0.312;0.19;0.288;0.234;0.562;4.998;1.321;0.278;0.256;0.176;0.049
8218;0.774;0.417;0.745;0.305;0.198;0.278;0.244;0.542;4.998;1.304;0.276;0.256;0.171;0.042
8219;0.774;0.42;0.581;0.295;0.205;0.273;0.237;0.549;4.998;1.279;0.276;0.251;0.168;0.042
8220;0.776;0.425;0.53;0.295;0.208;0.266;0.229;0.574;4.998;1.252;0.276;0.251;0.166;0.044
8221;0.781;0.435;0.779;0.281;0.208;0.256;0.227;0.586;4.998;1.221;0.273;0.247;0.164;0.039
8222;0.786;0.437;0.803;0.266;0.203;0.251;0.215;0.583;4.998;1.191;0.278;0.249;0.164;0.042
8223;0.786;0.439;0.791;0.259;0.203;0.254;0.208;0.579;4.998;1.16;0.278;0.249;0.159;0.044
8224;0.779;0.435;0.862;0.239;0.195;0.259;0.2;0.571;4.998;1.125;0.276;0.249;0.159;0.046
8225;0.774;0.422;0.789;0.237;0.203;0.269;0.195;0.562;4.998;1.094;0.276;0.251;0.151;0.044
8226;0.767;0.417;0.759;0.249;0.203;0.273;0.193;0.564;4.998;1.069;0.278;0.249;0.151;0.044
8227;0.764;0.41;0.496;0.254;0.208;0.283;0.193;0.601;4.998;1.042;0.278;0.251;0.146;0.042
8228;0.757;0.41;0.471;0.266;0.2;0.293;0.195;0.601;4.998;1.018;0.278;0.247;0.144;0.044
8229;0.759;0.41;0.493;0.273;0.195;0.295;0.208;0.588;4.998;0.996;0.276;0.247;0.144;0.044
8230;0.762;0.41;0.564;0.273;0.203;0.303;0.22;0.583;4.998;0.967;0.273;0.249;0.139;0.039
8231;0.762;0.41;0.461;0.286;0.21;0.3;0.237;0.588;4.998;0.945;0.271;0.244;0.134;0.039
8232;0.762;0.413;0.435;0.288;0.215;0.295;0.249;0.596;4.998;0.92;0.269;0.239;0.134;0.044
8233;0.757;0.408;0.4;0.293;0.227;0.3;0.256;0.591;4.998;0.901;0.266;0.237;0.134;0.042
8234;0.757;0.415;0.378;0.295;0.232;0.293;0.259;0.605;4.998;0.884;0.266;0.234;0.132;0.042
8235;0.754;0.408;0.359;0.286;0.237;0.298;0.254;0.613;4.998;0.864;0.264;0.234;0.132;0.042
8236;0.757;0.408;0.354;0.283;0.237;0.3;0.254;0.588;4.998;0.845;0.261;0.232;0.127;0.042
8237;0.754;0.403;0.337;0.278;0.244;0.3;0.242;0.581;4.998;0.83;0.259;0.232;0.125;0.039
8238;0.757;0.398;0.327;0.281;0.249;0.3;0.234;0.598;4.978;0.811;0.256;0.229;0.125;0.039
8239;0.757;0.396;0.332;0.291;0.242;0.303;0.229;0.605;4.819;0.796;0.254;0.229;0.127;0.044
8240;0.762;0.391;0.344;0.3;0.225;0.303;0.217;0.603;4.741;0.779;0.247;0.222;0.12;0.039
8241;0.764;0.381;0.342;0.305;0.227;0.303;0.212;0.588;4.749;0.769;0.249;0.22;0.117;0.039
8242;0.769;0.381;0.352;0.315;0.222;0.303;0.21;0.601;4.78;0.752;0.247;0.22;0.115;0.037
8243;0.771;0.378;0.349;0.308;0.232;0.303;0.205;0.596;4.795;0.737;0.244;0.217;0.117;0.044
8244;0.781;0.378;0.334;0.305;0.239;0.291;0.203;0.566;4.773;0.725;0.242;0.217;0.115;0.039
8245;0.786;0.381;0.325;0.308;0.237;0.288;0.205;0.562;4.724;0.713;0.244;0.22;0.112;0.042
8246;0.793;0.383;0.327;0.315;0.247;0.283;0.203;0.557;4.656;0.696;0.249;0.22;0.115;0.039
8247;0.793;0.391;0.339;0.32;0.242;0.281;0.203;0.559;4.58;0.679;0.247;0.22;0.117;0.044
8248;0.801;0.396;0.337;0.317;0.242;0.281;0.208;0.576;4.526;0.667;0.251;0.22;0.112;0.039
8249;0.808;0.398;0.325;0.31;0.242;0.281;0.205;0.569;4.514;0.654;0.256;0.222;0.112;0.039
8250;0.803;0.403;0.317;0.3;0.247;0.281;0.212;0.552;4.595;0.637;0.256;0.22;0.11;0.039
8251;0.798;0.405;0.308;0.305;0.244;0.286;0.22;0.562;4.78;0.623;0.254;0.217;0.11;0.042
8252;0.791;0.408;0.303;0.305;0.244;0.291;0.22;0.569;4.998;0.61;0.264;0.22;0.107;0.034
8253;0.784;0.408;0.312;0.312;0.232;0.3;0.227;0.581;4.998;0.598;0.269;0.227;0.105;0.042
8254;0.779;0.405;0.32;0.32;0.229;0.303;0.232;0.598;4.998;0.586;0.273;0.222;0.107;0.037
8255;0.776;0.41;0.32;0.315;0.222;0.3;0.232;0.586;4.998;0.571;0.276;0.225;0.105;0.037
8256;0.774;0.408;0.32;0.315;0.222;0.308;0.225;0.574;4.998;0.564;0.278;0.225;0.103;0.044
8257;0.774;0.408;0.312;0.312;0.212;0.303;0.212;0.569;4.998;0.552;0.283;0.225;0.103;0.039
8258;0.776;0.41;0.312;0.315;0.215;0.308;0.195;0.552;4.998;0.542;0.288;0.225;0.1;0.037
8259;0.774;0.415;0.32;0.31;0.205;0.317;0.176;0.557;4.998;0.532;0.291;0.225;0.1;0.039
8260;0.774;0.413;0.356;0.308;0.198;0.32;0.168;0.542;4.998;0.52;0.288;0.222;0.098;0.037
8261;0.774;0.415;0.381;0.303;0.188;0.315;0.166;0.532;4.998;0.518;0.288;0.22;0.1;0.039
8262;0.779;0.415;0.374;0.293;0.186;0.312;0.166;0.544;4.998;0.508;0.291;0.217;0.098;0.037
8263;0.774;0.42;0.525;0.281;0.195;0.308;0.173;0.579;4.998;0.505;0.288;0.215;0.095;0.039
8264;0.769;0.425;0.667;0.266;0.21;0.303;0.171;0.583;4.998;0.513;0.288;0.215;0.098;0.039
8265;0.767;0.422;2.363;0.276;0.217;0.305;0.171;0.535;4.998;0.52;0.288;0.212;0.095;0.042
8266;0.767;0.425;0.945;0.281;0.21;0.315;0.178;0.554;4.998;0.527;0.283;0.208;0.095;0.039
8267;0.769;0.425;1.677;0.286;0.208;0.312;0.193;0.581;4.998;0.54;0.283;0.205;0.095;0.042
8268;0.776;0.427;4.998;0.291;0.203;0.312;0.195;0.574;4.998;0.559;0.283;0.205;0.095;0.037
8269;0.781;0.43;4.998;0.288;0.193;0.315;0.2;0.559;4.998;0.576;0.283;0.2;0.09;0.039
8270;0.789;0.435;4.998;0.283;0.19;0.317;0.198;0.564;4.998;0.603;0.281;0.198;0.095;0.042
8271;0.791;0.432;4.998;0.278;0.195;0.303;0.193;0.566;4.998;0.63;0.281;0.2;0.095;0.042
8272;0.791;0.432;4.998;0.283;0.186;0.305;0.186;0.547;4.998;0.662;0.281;0.195;0.093;0.044
8273;0.786;0.43;4.998;0.283;0.173;0.303;0.168;0.544;4.998;0.696;0.278;0.19;0.093;0.044
8274;0.784;0.425;4.998;0.288;0.159;0.293;0.154;0.559;4.998;0.735;0.281;0.19;0.088;0.042
8275;0.784;0.425;4.998;0.281;0.146;0.295;0.144;0.564;4.998;0.767;0.283;0.188;0.09;0.042
8276;0.786;0.422;4.998;0.271;0.144;0.298;0.139;0.569;4.998;0.796;0.283;0.186;0.09;0.046
8277;0.789;0.422;4.998;0.259;0.154;0.305;0.146;0.574;4.998;0.823;0.291;0.186;0.088;0.044
8278;0.791;0.415;4.998;0.259;0.161;0.303;0.156;0.574;4.998;0.85;0.293;0.188;0.085;0.039
8279;0.793;0.415;4.998;0.264;0.181;0.303;0.166;0.557;4.998;0.874;0.295;0.186;0.088;0.039
8280;0.786;0.417;4.998;0.269;0.193;0.303;0.164;0.576;4.998;0.891;0.293;0.181;0.088;0.044
8281;0.776;0.417;4.998;0.276;0.21;0.298;0.166;0.591;4.998;0.911;0.298;0.183;0.083;0.037
8282;0.769;0.415;4.998;0.281;0.212;0.3;0.171;0.579;4.998;0.925;0.3;0.186;0.083;0.039
8283;0.764;0.41;4.998;0.293;0.208;0.3;0.178;0.564;4.998;0.935;0.298;0.181;0.081;0.039
8284;0.757;0.405;4.998;0.293;0.193;0.295;0.181;0.576;4.998;0.942;0.298;0.181;0.083;0.042
8285;0.759;0.405;4.998;0.305;0.176;0.293;0.168;0.608;4.998;0.945;0.295;0.181;0.081;0.039
8286;0.759;0.4;4.998;0.288;0.173;0.291;0.159;0.605;4.998;0.952;0.295;0.181;0.081;0.039
8287;0.764;0.396;4.998;0.283;0.166;0.286;0.137;0.583;4.998;0.959;0.295;0.183;0.078;0.037
8288;0.767;0.391;4.998;0.278;0.164;0.281;0.127;0.588;4.998;0.959;0.291;0.183;0.083;0.039
8289;0.767;0.391;4.998;0.276;0.168;0.278;0.127;0.603;4.998;0.967;0.283;0.181;0.078;0.042
8290;0.764;0.388;4.998;0.283;0.159;0.276;0.134;0.588;4.998;0.972;0.283;0.183;0.078;0.039
8291;0.764;0.386;4.998;0.291;0.156;0.278;0.146;0.586;4.998;0.979;0.278;0.181;0.083;0.039
8292;0.762;0.386;4.998;0.286;0.154;0.281;0.164;0.598;4.998;0.984;0.276;0.181;0.076;0.039
8293;0.764;0.388;4.998;0.3;0.156;0.286;0.171;0.586;4.998;0.991;0.273;0.181;0.081;0.042
8294;0.769;0.393;4.998;0.293;0.173;0.288;0.168;0.564;4.998;0.999;0.273;0.181;0.078;0.037
8295;0.767;0.393;4.998;0.3;0.188;0.291;0.161;0.581;4.998;1.006;0.266;0.176;0.081;0.046
8296;0.769;0.396;4.998;0.315;0.198;0.295;0.164;0.581;4.998;1.013;0.269;0.178;0.078;0.039
8297;0.771;0.398;4.998;0.305;0.212;0.3;0.168;0.569;4.998;1.018;0.264;0.178;0.076;0.044
8298;0.779;0.396;4.998;0.308;0.22;0.303;0.164;0.552;4.998;1.025;0.259;0.181;0.078;0.042
8299;0.786;0.396;4.998;0.303;0.212;0.3;0.164;0.554;4.998;1.025;0.259;0.178;0.081;0.044
8300;0.798;0.393;4.998;0.288;0.2;0.303;0.156;0.547;4.998;1.028;0.256;0.181;0.076;0.037
8301;0.801;0.391;4.998;0.288;0.19;0.295;0.151;0.552;4.998;1.021;0.254;0.178;0.078;0.039
8302;0.806;0.388;4.998;0.288;0.178;0.283;0.154;0.559;4.998;1.016;0.249;0.176;0.078;0.044
8303;0.801;0.388;4.998;0.291;0.166;0.271;0.173;0.571;4.998;1.006;0.247;0.178;0.081;0.039
8304;0.801;0.386;4.998;0.305;0.154;0.266;0.183;0.552;4.998;0.994;0.244;0.176;0.078;0.044
8305;0.786;0.383;4.998;0.312;0.149;0.259;0.186;0.544;4.998;0.984;0.242;0.173;0.083;0.042
8306;0.781;0.381;4.998;0.33;0.156;0.261;0.186;0.557;4.998;0.974;0.242;0.178;0.078;0.039
8307;0.774;0.383;4.998;0.327;0.161;0.254;0.195;0.554;4.998;0.964;0.239;0.178;0.078;0.039
8308;0.767;0.381;2.822;0.325;0.166;0.256;0.193;0.552;4.998;0.95;0.232;0.176;0.081;0.046
8309;0.762;0.381;1.797;0.332;0.181;0.251;0.195;0.554;4.998;0.942;0.229;0.178;0.083;0.037
8310;0.759;0.383;1.479;0.334;0.2;0.254;0.2;0.564;4.998;0.933;0.229;0.173;0.083;0.039
8311;0.762;0.383;1.206;0.337;0.205;0.256;0.195;0.562;4.998;0.92;0.222;0.171;0.083;0.044
8312;0.757;0.388;1.428;0.342;0.215;0.259;0.188;0.559;4.998;0.913;0.222;0.171;0.085;0.039
8313;0.757;0.383;1.06;0.327;0.234;0.261;0.183;0.552;4.998;0.901;0.217;0.171;0.088;0.039
8314;0.752;0.381;0.706;0.317;0.254;0.264;0.181;0.564;4.998;0.889;0.217;0.171;0.083;0.037
8315;0.757;0.381;0.911;0.3;0.256;0.266;0.173;0.552;4.998;0.869;0.215;0.166;0.088;0.039
8316;0.764;0.381;1.047;0.298;0.227;0.271;0.166;0.554;4.998;0.85;0.208;0.166;0.083;0.037
8317;0.769;0.386;0.813;0.3;0.237;0.273;0.161;0.566;4.998;0.837;0.208;0.168;0.093;0.042
8318;0.771;0.388;0.825;0.305;0.256;0.283;0.156;0.562;4.998;0.82;0.205;0.166;0.09;0.037
8319;0.771;0.388;0.771;0.3;0.242;0.283;0.151;0.54;4.998;0.806;0.208;0.166;0.088;0.037
8320;0.767;0.391;0.791;0.303;0.225;0.286;0.154;0.544;4.998;0.786;0.2;0.164;0.095;0.039
8321;0.759;0.386;0.85;0.298;0.229;0.283;0.156;0.562;4.998;0.774;0.2;0.166;0.093;0.037
8322;0.754;0.391;0.786;0.303;0.244;0.283;0.171;0.564;4.998;0.757;0.2;0.164;0.095;0.037
8323;0.757;0.396;0.652;0.31;0.227;0.283;0.176;0.571;4.998;0.745;0.2;0.161;0.095;0.037
8324;0.759;0.403;0.605;0.32;0.208;0.281;0.181;0.581;4.998;0.732;0.203;0.166;0.1;0.032
8325;0.764;0.408;0.667;0.325;0.22;0.276;0.186;0.566;4.998;0.723;0.203;0.164;0.095;0.034
8326;0.757;0.403;0.715;0.325;0.254;0.271;0.193;0.554;4.998;0.715;0.205;0.166;0.098;0.032
8327;0.757;0.405;0.596;0.32;0.261;0.259;0.205;0.554;4.998;0.706;0.205;0.166;0.103;0.034
8328;0.759;0.41;0.53;0.31;0.273;0.254;0.215;0.562;4.998;0.703;0.208;0.166;0.103;0.034
8329;0.759;0.415;0.703;0.3;0.283;0.249;0.22;0.549;4.998;0.698;0.208;0.166;0.098;0.032
8330;0.762;0.42;0.549;0.298;0.291;0.249;0.215;0.537;4.998;0.703;0.21;0.166;0.105;0.032
8331;0.769;0.42;0.493;0.293;0.261;0.247;0.203;0.547;4.998;0.713;0.208;0.168;0.11;0.029
8332;0.779;0.422;0.454;0.3;0.256;0.251;0.181;0.549;4.998;0.728;0.203;0.166;0.107;0.032
8333;0.786;0.422;0.444;0.298;0.269;0.305;0.159;0.557;4.998;0.747;0.203;0.166;0.115;0.029
8334;0.789;0.425;0.603;0.288;0.271;0.276;0.149;0.564;4.998;0.774;0.2;0.166;0.117;0.029
8335;0.786;0.427;0.725;0.283;0.261;0.308;0.151;0.574;4.998;0.803;0.2;0.173;0.127;0.029
8336;0.786;0.427;0.796;0.281;0.276;0.308;0.151;0.557;4.998;0.828;0.205;0.173;0.129;0.032
8337;0.784;0.435;4.998;0.273;0.273;0.315;0.164;0.552;4.998;0.854;0.208;0.171;0.137;0.034
8338;0.781;0.437;4.998;0.273;0.269;0.332;0.173;0.559;4.998;0.872;0.203;0.171;0.144;0.034
8339;0.779;0.437;4.998;0.276;0.256;0.325;0.176;0.564;4.998;0.886;0.2;0.176;0.149;0.029
8340;0.779;0.439;3.079;0.276;0.254;0.33;0.188;0.583;4.998;0.894;0.203;0.176;0.154;0.029
8341;0.774;0.437;1.641;0.273;0.269;0.325;0.195;0.566;4.998;0.901;0.198;0.178;0.156;0.027
8342;0.769;0.439;0.999;0.269;0.261;0.303;0.21;0.571;4.998;0.908;0.2;0.181;0.164;0.034
8343;0.759;0.442;0.833;0.273;0.256;0.295;0.205;0.562;4.998;0.918;0.195;0.181;0.159;0.032
8344;0.75;0.444;0.627;0.273;0.264;0.281;0.21;0.544;4.998;0.94;0.198;0.186;0.164;0.029
8345;0.745;0.452;0.75;0.273;0.278;0.261;0.217;0.564;4.998;0.964;0.193;0.186;0.166;0.034
8346;0.745;0.454;0.901;0.281;0.271;0.269;0.212;0.564;4.998;1.001;0.195;0.188;0.166;0.029
8347;0.742;0.449;4.167;0.286;0.266;0.266;0.203;0.552;4.998;1.035;0.195;0.19;0.171;0.032
8348;0.745;0.454;4.998;0.286;0.278;0.273;0.203;0.559;4.998;1.064;0.193;0.193;0.176;0.037
8349;0.74;0.452;4.998;0.295;0.291;0.281;0.2;0.562;4.998;1.084;0.195;0.19;0.171;0.029
8350;0.737;0.452;2.959;0.288;0.295;0.283;0.198;0.569;4.998;1.101;0.195;0.193;0.173;0.032
8351;0.728;0.452;1.528;0.286;0.295;0.291;0.205;0.564;4.998;1.118;0.195;0.193;0.178;0.039
8352;0.72;0.449;0.872;0.288;0.303;0.291;0.215;0.598;4.998;1.14;0.195;0.198;0.173;0.034
8353;0.715;0.449;0.569;0.293;0.303;0.293;0.22;0.618;4.998;1.167;0.198;0.195;0.173;0.037
8354;0.715;0.444;0.427;0.303;0.295;0.305;0.22;0.608;4.998;1.196;0.2;0.195;0.176;0.037
8355;0.72;0.442;0.364;0.31;0.286;0.298;0.217;0.608;4.998;1.226;0.203;0.193;0.173;0.029
8356;0.728;0.435;0.339;0.31;0.283;0.298;0.205;0.62;4.998;1.24;0.203;0.193;0.176;0.034
8357;0.73;0.43;0.349;0.305;0.286;0.295;0.2;0.61;4.998;1.248;0.203;0.195;0.173;0.032
8358;0.728;0.43;0.366;0.305;0.286;0.288;0.188;0.581;4.998;1.252;0.203;0.195;0.176;0.029
8359;0.73;0.435;0.493;0.31;0.283;0.283;0.183;0.557;4.998;1.25;0.2;0.193;0.178;0.032
8360;0.723;0.439;0.569;0.308;0.291;0.283;0.183;0.571;4.998;1.243;0.193;0.19;0.178;0.032
8361;0.72;0.444;0.481;0.3;0.283;0.283;0.181;0.552;4.998;1.248;0.193;0.188;0.176;0.029
8362;0.718;0.449;0.505;0.303;0.261;0.283;0.178;0.566;4.998;1.252;0.188;0.186;0.183;0.034
8363;0.723;0.452;0.491;0.283;0.261;0.283;0.193;0.569;4.998;1.27;0.188;0.188;0.186;0.034
8364;0.723;0.454;0.378;0.261;0.261;0.3;0.212;0.557;4.998;1.279;0.186;0.183;0.186;0.032
8365;0.723;0.452;0.637;0.239;0.266;0.308;0.227;0.537;4.998;1.284;0.186;0.181;0.178;0.027
8366;0.723;0.459;4.998;0.229;0.276;0.315;0.237;0.564;4.998;1.294;0.19;0.178;0.186;0.032
8367;0.718;0.457;4.998;0.232;0.286;0.317;0.242;0.564;4.998;1.289;0.193;0.178;0.188;0.029
8368;0.713;0.454;4.998;0.229;0.286;0.31;0.244;0.591;4.998;1.284;0.193;0.176;0.188;0.029
8369;0.713;0.454;4.998;0.22;0.286;0.298;0.234;0.613;4.998;1.279;0.198;0.176;0.193;0.027
8370;0.713;0.449;4.998;0.2;0.278;0.286;0.222;0.603;4.998;1.272;0.195;0.173;0.195;0.029
8371;0.715;0.449;4.998;0.188;0.278;0.269;0.21;0.574;4.998;1.267;0.2;0.173;0.195;0.032
8372;0.715;0.447;4.998;0.176;0.288;0.254;0.203;0.564;4.998;1.257;0.193;0.171;0.198;0.027
8373;0.718;0.447;4.998;0.183;0.283;0.247;0.198;0.579;4.998;1.248;0.195;0.166;0.2;0.032
8374;0.718;0.447;4.998;0.183;0.286;0.242;0.2;0.581;4.998;1.235;0.195;0.166;0.2;0.029
8375;0.72;0.449;4.998;0.19;0.283;0.234;0.198;0.566;4.998;1.223;0.195;0.164;0.203;0.032
8376;0.718;0.452;4.998;0.19;0.278;0.232;0.195;0.581;4.998;1.208;0.193;0.164;0.203;0.024
8377;0.713;0.452;4.998;0.181;0.256;0.237;0.198;0.576;4.998;1.189;0.195;0.159;0.205;0.024
8378;0.718;0.452;4.998;0.171;0.247;0.242;0.205;0.569;4.998;1.172;0.198;0.159;0.21;0.029
8379;0.718;0.452;4.998;0.186;0.237;0.247;0.212;0.549;4.998;1.155;0.198;0.159;0.21;0.029
8380;0.715;0.449;4.998;0.208;0.234;0.259;0.215;0.566;4.998;1.133;0.2;0.156;0.205;0.017
8381;0.703;0.444;4.998;0.227;0.225;0.276;0.212;0.571;4.998;1.106;0.203;0.154;0.21;0.027
8382;0.701;0.447;4.998;0.242;0.212;0.288;0.215;0.574;4.998;1.082;0.205;0.149;0.212;0.024
8383;0.696;0.447;4.998;0.242;0.222;0.288;0.222;0.588;4.998;1.057;0.208;0.149;0.215;0.022
8384;0.693;0.449;4.998;0.234;0.227;0.298;0.232;0.574;4.998;1.03;0.212;0.144;0.215;0.032
8385;0.693;0.444;4.998;0.232;0.227;0.286;0.239;0.566;4.998;1.006;0.212;0.144;0.217;0.022
8386;0.698;0.442;4.998;0.234;0.229;0.283;0.244;0.583;4.998;0.974;0.212;0.142;0.217;0.024
8387;0.701;0.439;4.998;0.237;0.234;0.269;0.242;0.564;4.998;0.95;0.212;0.142;0.22;0.027
8388;0.708;0.444;4.998;0.242;0.239;0.264;0.242;0.576;4.998;0.928;0.217;0.144;0.225;0.022
8389;0.708;0.447;4.998;0.232;0.234;0.261;0.247;0.554;4.998;0.911;0.217;0.142;0.222;0.022
8390;0.713;0.449;4.998;0.22;0.225;0.254;0.251;0.579;4.998;0.891;0.22;0.144;0.22;0.02
8391;0.713;0.452;4.998;0.217;0.22;0.254;0.261;0.574;4.998;0.881;0.22;0.144;0.225;0.02
8392;0.713;0.447;4.998;0.222;0.208;0.261;0.254;0.569;4.998;0.881;0.225;0.149;0.225;0.02
8393;0.713;0.444;4.998;0.242;0.203;0.264;0.244;0.588;4.998;0.876;0.22;0.142;0.227;0.024
8394;0.715;0.439;4.998;0.264;0.212;0.281;0.229;0.586;4.998;0.879;0.215;0.144;0.229;0.024
8395;0.713;0.439;4.998;0.269;0.229;0.295;0.217;0.564;4.998;0.886;0.212;0.144;0.232;0.024
8396;0.713;0.439;4.998;0.269;0.234;0.305;0.208;0.562;4.998;0.886;0.212;0.144;0.229;0.022
8397;0.708;0.435;4.998;0.261;0.247;0.312;0.21;0.583;4.998;0.886;0.208;0.142;0.232;0.024
8398;0.71;0.427;4.998;0.251;0.242;0.308;0.21;0.569;4.998;0.886;0.208;0.144;0.234;0.027
8399;0.713;0.43;4.998;0.249;0.237;0.3;0.22;0.537;4.998;0.884;0.21;0.146;0.234;0.024
8400;0.72;0.427;4.998;0.256;0.225;0.295;0.225;0.537;4.998;0.881;0.21;0.144;0.237;0.024
8401;0.723;0.425;4.998;0.256;0.225;0.295;0.227;0.557;4.998;0.874;0.208;0.144;0.234;0.027
8402;0.732;0.422;4.998;0.259;0.225;0.298;0.247;0.571;4.998;0.872;0.205;0.144;0.237;0.029
8403;0.732;0.425;4.998;0.259;0.222;0.298;0.259;0.562;4.998;0.872;0.208;0.146;0.239;0.029
8404;0.725;0.42;4.998;0.251;0.217;0.291;0.264;0.562;4.998;0.869;0.203;0.144;0.239;0.027
8405;0.718;0.422;4.998;0.244;0.21;0.288;0.271;0.559;4.998;0.874;0.203;0.146;0.237;0.029
8406;0.71;0.42;4.998;0.254;0.217;0.288;0.271;0.557;4.998;0.879;0.198;0.142;0.239;0.029
8407;0.708;0.422;4.998;0.269;0.222;0.291;0.261;0.549;4.998;0.886;0.198;0.144;0.242;0.034
8408;0.708;0.425;4.998;0.281;0.215;0.3;0.251;0.552;4.998;0.894;0.198;0.144;0.237;0.032
8409;0.706;0.425;4.998;0.278;0.205;0.308;0.251;0.559;4.998;0.906;0.198;0.146;0.237;0.032
8410;0.703;0.422;4.998;0.266;0.205;0.31;0.256;0.542;4.998;0.908;0.193;0.142;0.239;0.034
8411;0.703;0.42;4.998;0.251;0.198;0.305;0.247;0.566;4.998;0.925;0.195;0.142;0.237;0.032
8412;0.703;0.42;4.998;0.242;0.19;0.293;0.242;0.571;4.998;0.94;0.193;0.144;0.237;0.034
8413;0.708;0.422;4.998;0.239;0.186;0.281;0.242;0.557;4.998;0.964;0.19;0.144;0.239;0.039
8414;0.713;0.422;4.998;0.244;0.19;0.269;0.232;0.544;4.998;0.989;0.188;0.144;0.237;0.037
8415;0.723;0.42;4.998;0.249;0.193;0.254;0.234;0.535;4.998;1.013;0.188;0.144;0.244;0.046
8416;0.735;0.415;4.998;0.247;0.193;0.251;0.232;0.53;4.998;1.038;0.183;0.144;0.239;0.039
8417;0.742;0.415;4.998;0.244;0.19;0.244;0.234;0.535;4.998;1.06;0.183;0.142;0.242;0.044
8418;0.742;0.415;4.998;0.237;0.2;0.244;0.242;0.527;4.998;1.084;0.183;0.144;0.242;0.042
8419;0.742;0.42;4.998;0.234;0.205;0.237;0.249;0.549;4.998;1.104;0.178;0.142;0.244;0.044
8420;0.74;0.417;4.998;0.237;0.208;0.229;0.256;0.537;4.998;1.121;0.176;0.144;0.249;0.046
8421;0.737;0.417;4.998;0.249;0.208;0.227;0.269;0.527;4.998;1.13;0.178;0.142;0.251;0.046
8422;0.735;0.417;4.998;0.247;0.203;0.227;0.278;0.53;4.998;1.138;0.173;0.144;0.249;0.044
8423;0.73;0.417;4.998;0.249;0.2;0.227;0.276;0.532;4.998;1.15;0.173;0.149;0.251;0.046
8424;0.725;0.42;4.998;0.247;0.198;0.234;0.271;0.552;4.998;1.165;0.171;0.146;0.256;0.051
8425;0.718;0.425;4.998;0.234;0.193;0.239;0.254;0.564;4.998;1.184;0.168;0.149;0.259;0.049
8426;0.71;0.42;4.998;0.232;0.19;0.239;0.234;0.569;4.998;1.199;0.168;0.149;0.264;0.051
8427;0.706;0.422;4.998;0.232;0.198;0.244;0.225;0.566;4.998;1.213;0.166;0.154;0.261;0.049
8428;0.701;0.413;4.998;0.234;0.193;0.244;0.227;0.576;4.998;1.23;0.161;0.156;0.264;0.051
8429;0.703;0.417;4.998;0.232;0.198;0.247;0.227;0.581;4.998;1.25;0.166;0.156;0.264;0.049
8430;0.71;0.415;4.998;0.234;0.198;0.251;0.225;0.569;4.998;1.27;0.161;0.156;0.259;0.044
8431;0.72;0.415;4.998;0.227;0.205;0.249;0.222;0.549;4.998;1.287;0.159;0.151;0.264;0.049
8432;0.72;0.413;4.998;0.227;0.205;0.239;0.227;0.557;4.998;1.309;0.159;0.156;0.264;0.046
8433;0.723;0.41;4.998;0.234;0.2;0.229;0.232;0.569;4.998;1.328;0.161;0.156;0.264;0.051
8434;0.718;0.413;4.998;0.249;0.195;0.215;0.247;0.557;4.998;1.343;0.159;0.156;0.269;0.051
8435;0.71;0.417;4.998;0.264;0.193;0.21;0.271;0.542;4.998;1.353;0.166;0.156;0.261;0.044
8436;0.706;0.422;4.998;0.259;0.19;0.208;0.286;0.566;4.998;1.345;0.159;0.149;0.266;0.051
8437;0.701;0.425;4.998;0.261;0.195;0.212;0.295;0.571;4.998;1.34;0.166;0.156;0.266;0.046
8438;0.696;0.425;4.998;0.261;0.195;0.222;0.293;0.564;4.998;1.328;0.166;0.151;0.264;0.049
8439;0.696;0.425;4.998;0.259;0.2;0.22;0.286;0.559;4.998;1.311;0.171;0.156;0.264;0.049
8440;0.693;0.425;4.998;0.266;0.208;0.225;0.281;0.569;4.998;1.294;0.171;0.154;0.259;0.044
8441;0.691;0.42;4.998;0.271;0.21;0.225;0.271;0.562;4.998;1.272;0.173;0.154;0.259;0.044
8442;0.693;0.417;4.998;0.264;0.21;0.222;0.259;0.579;4.998;1.25;0.176;0.156;0.256;0.044
8443;0.701;0.42;4.224;0.256;0.203;0.229;0.244;0.579;4.998;1.223;0.181;0.156;0.261;0.049
8444;0.706;0.417;2.632;0.242;0.208;0.234;0.225;0.576;4.998;1.201;0.183;0.156;0.259;0.046
8445;0.713;0.417;1.562;0.242;0.205;0.237;0.21;0.588;4.998;1.182;0.188;0.156;0.254;0.039
8446;0.718;0.417;1.177;0.244;0.215;0.249;0.205;0.562;4.998;1.157;0.188;0.156;0.256;0.046
8447;0.723;0.413;1.116;0.251;0.217;0.244;0.215;0.569;4.998;1.147;0.193;0.159;0.254;0.044
8448;0.723;0.417;0.908;0.259;0.22;0.247;0.222;0.576;4.998;1.135;0.19;0.156;0.251;0.042
8449;0.723;0.417;0.757;0.259;0.222;0.244;0.242;0.603;4.966;1.128;0.195;0.161;0.251;0.039
8450;0.718;0.417;0.718;0.256;0.217;0.239;0.256;0.605;4.863;1.116;0.195;0.161;0.251;0.044
8451;0.708;0.415;0.598;0.261;0.205;0.237;0.254;0.603;4.78;1.108;0.195;0.159;0.249;0.039
8452;0.706;0.415;0.691;0.273;0.19;0.227;0.254;0.576;4.712;1.104;0.195;0.164;0.247;0.037
8453;0.71;0.415;0.837;0.281;0.188;0.222;0.254;0.557;4.644;1.099;0.195;0.166;0.251;0.039
8454;0.713;0.417;0.896;0.291;0.195;0.225;0.249;0.54;4.578;1.101;0.195;0.168;0.249;0.037
8455;0.713;0.413;0.562;0.291;0.193;0.229;0.244;0.549;4.512;1.106;0.198;0.168;0.249;0.039
8456;0.715;0.417;0.576;0.291;0.203;0.227;0.237;0.571;4.448;1.111;0.2;0.173;0.251;0.037
8457;0.708;0.415;0.75;0.276;0.208;0.234;0.225;0.581;4.387;1.116;0.203;0.176;0.254;0.042
8458;0.708;0.415;0.688;0.269;0.21;0.234;0.21;0.554;4.329;1.118;0.203;0.178;0.251;0.039
8459;0.71;0.417;0.769;0.271;0.2;0.239;0.195;0.552;4.277;1.116;0.203;0.181;0.251;0.039
8460;0.715;0.415;0.803;0.276;0.198;0.237;0.193;0.554;4.226;1.113;0.208;0.186;0.247;0.037
8461;0.715;0.422;0.83;0.278;0.19;0.242;0.193;0.562;4.172;1.106;0.21;0.188;0.251;0.037
8462;0.718;0.425;0.845;0.278;0.181;0.244;0.2;0.53;4.111;1.099;0.212;0.193;0.251;0.032
8463;0.72;0.422;0.586;0.273;0.178;0.237;0.21;0.537;4.048;1.086;0.205;0.195;0.249;0.037
8464;0.713;0.425;0.569;0.269;0.181;0.239;0.215;0.576;3.982;1.072;0.203;0.193;0.251;0.037
8465;0.713;0.422;0.815;0.269;0.181;0.242;0.222;0.591;3.926;1.057;0.203;0.2;0.251;0.034
8466;0.708;0.422;0.405;0.273;0.178;0.234;0.229;0.588;3.872;1.045;0.203;0.203;0.249;0.032
8467;0.708;0.43;0.339;0.273;0.171;0.229;0.234;0.598;3.821;1.028;0.2;0.2;0.254;0.034
8468;0.701;0.422;0.244;0.269;0.168;0.225;0.242;0.588;3.77;1.011;0.195;0.198;0.249;0.034
8469;0.701;0.422;0.229;0.259;0.166;0.22;0.247;0.588;3.73;0.994;0.193;0.198;0.244;0.032
8470;0.701;0.417;0.225;0.242;0.171;0.232;0.244;0.574;3.694;0.981;0.193;0.198;0.251;0.037
8471;0.701;0.41;0.225;0.229;0.178;0.234;0.237;0.544;3.665;0.969;0.193;0.2;0.244;0.032
8472;0.703;0.41;0.222;0.229;0.181;0.239;0.234;0.557;3.638;0.957;0.188;0.198;0.249;0.037
8473;0.703;0.41;0.227;0.237;0.178;0.234;0.229;0.562;3.608;0.945;0.183;0.198;0.242;0.032
8474;0.706;0.41;0.22;0.237;0.168;0.227;0.22;0.549;3.589;0.938;0.181;0.193;0.242;0.032
8475;0.713;0.408;0.225;0.237;0.166;0.222;0.215;0.537;3.567;0.928;0.181;0.193;0.237;0.032
8476;0.71;0.403;0.227;0.232;0.161;0.215;0.212;0.557;3.555;0.916;0.176;0.19;0.237;0.034
8477;0.71;0.403;0.229;0.232;0.164;0.222;0.208;0.557;3.555;0.896;0.173;0.188;0.237;0.037
8478;0.703;0.4;0.234;0.232;0.159;0.234;0.205;0.537;3.564;0.881;0.173;0.188;0.232;0.032
8479;0.701;0.4;0.247;0.234;0.164;0.242;0.205;0.527;3.579;0.862;0.173;0.186;0.225;0.029
8480;0.698;0.398;0.249;0.232;0.176;0.249;0.208;0.566;3.599;0.845;0.171;0.186;0.227;0.034
8481;0.701;0.4;0.244;0.229;0.178;0.247;0.217;0.557;3.618;0.83;0.171;0.186;0.222;0.032
8482;0.703;0.4;0.242;0.232;0.178;0.247;0.232;0.547;3.63;0.811;0.168;0.183;0.222;0.032
8483;0.708;0.4;0.242;0.232;0.171;0.251;0.239;0.549;3.633;0.791;0.164;0.176;0.217;0.029
8484;0.708;0.393;0.247;0.232;0.164;0.256;0.249;0.564;3.635;0.774;0.166;0.178;0.217;0.037
8485;0.713;0.396;0.293;0.242;0.173;0.261;0.254;0.554;3.63;0.757;0.161;0.178;0.215;0.032
8486;0.715;0.396;0.249;0.249;0.178;0.266;0.256;0.554;3.628;0.745;0.161;0.173;0.215;0.032
8487;0.72;0.398;0.608;0.251;0.186;0.261;0.247;0.552;3.621;0.73;0.161;0.171;0.215;0.039
8488;0.728;0.398;0.554;0.259;0.188;0.259;0.239;0.547;3.611;0.72;0.161;0.171;0.215;0.032
8489;0.735;0.4;0.771;0.269;0.183;0.244;0.225;0.54;3.599;0.71;0.164;0.168;0.215;0.032
8490;0.74;0.4;0.82;0.273;0.181;0.239;0.212;0.552;3.589;0.703;0.164;0.166;0.217;0.034
8491;0.745;0.4;0.867;0.281;0.181;0.232;0.203;0.547;3.569;0.691;0.164;0.166;0.212;0.034
8492;0.75;0.4;1.233;0.288;0.176;0.227;0.193;0.547;3.555;0.681;0.161;0.164;0.217;0.037
8493;0.74;0.398;0.728;0.286;0.178;0.222;0.186;0.557;3.538;0.671;0.166;0.161;0.217;0.034
8494;0.735;0.4;0.793;0.291;0.188;0.22;0.176;0.564;3.518;0.659;0.164;0.159;0.217;0.032
8495;0.725;0.403;1.003;0.293;0.193;0.21;0.176;0.576;3.496;0.649;0.168;0.159;0.217;0.034
8496;0.72;0.4;1.052;0.295;0.195;0.203;0.176;0.557;3.472;0.64;0.164;0.159;0.22;0.034
8497;0.72;0.403;0.833;0.291;0.19;0.205;0.178;0.544;3.442;0.625;0.166;0.154;0.22;0.034
8498;0.72;0.4;0.918;0.283;0.195;0.205;0.188;0.547;3.408;0.613;0.164;0.151;0.22;0.034
8499;0.723;0.398;0.981;0.276;0.203;0.215;0.195;0.562;3.372;0.61;0.164;0.156;0.222;0.034
8500;0.72;0.398;1.169;0.283;0.203;0.217;0.198;0.559;3.333;0.601;0.164;0.149;0.22;0.037
8501;0.72;0.396;1.897;0.281;0.19;0.22;0.205;0.562;3.291;0.591;0.164;0.149;0.225;0.037
8502;0.718;0.393;1.348;0.283;0.186;0.222;0.205;0.552;3.245;0.591;0.168;0.151;0.22;0.032
8503;0.713;0.391;1.814;0.288;0.186;0.212;0.198;0.54;3.191;0.581;0.166;0.149;0.225;0.037
8504;0.713;0.386;1.636;0.288;0.186;0.212;0.203;0.549;3.145;0.583;0.166;0.151;0.22;0.032
8505;0.713;0.383;1.433;0.288;0.183;0.208;0.203;0.557;3.093;0.591;0.161;0.151;0.222;0.034
8506;0.715;0.381;1.472;0.298;0.183;0.212;0.203;0.542;3.047;0.603;0.164;0.151;0.225;0.037
8507;0.713;0.378;1.655;0.3;0.193;0.21;0.195;0.542;2.993;0.63;0.161;0.151;0.222;0.032
8508;0.713;0.374;1.289;0.308;0.203;0.205;0.186;0.542;2.947;0.664;0.159;0.149;0.225;0.034
8509;0.71;0.371;1.023;0.305;0.212;0.205;0.178;0.518;2.898;0.696;0.159;0.151;0.22;0.034
8510;0.708;0.371;0.925;0.305;0.22;0.2;0.173;0.518;2.859;0.725;0.156;0.149;0.222;0.032
8511;0.701;0.369;1.519;0.3;0.222;0.198;0.173;0.527;2.812;0.754;0.154;0.151;0.225;0.034
8512;0.698;0.366;1.177;0.295;0.229;0.212;0.173;0.552;2.771;0.774;0.154;0.151;0.227;0.034
8513;0.725;0.364;0.767;0.293;0.229;0.212;0.166;0.559;2.727;0.796;0.151;0.149;0.225;0.032
8514;0.759;0.356;0.911;0.286;0.229;0.217;0.156;0.552;2.688;0.815;0.151;0.149;0.227;0.037
8515;0.806;0.356;1.201;0.286;0.227;0.22;0.151;0.547;2.646;0.833;0.149;0.151;0.227;0.037
8516;0.847;0.356;1.267;0.283;0.225;0.21;0.154;0.549;2.612;0.852;0.146;0.149;0.227;0.034
8517;0.852;0.359;1.306;0.288;0.232;0.208;0.166;0.544;2.578;0.867;0.146;0.149;0.227;0.034
8518;0.881;0.359;1.362;0.291;0.229;0.208;0.186;0.547;2.542;0.881;0.144;0.149;0.229;0.034
8519;0.891;0.356;1.438;0.291;0.227;0.21;0.2;0.527;2.507;0.898;0.144;0.146;0.227;0.034
8520;0.881;0.352;1.052;0.283;0.225;0.217;0.21;0.527;2.48;0.918;0.146;0.149;0.229;0.032
8521;0.874;0.352;1.011;0.281;0.234;0.212;0.215;0.544;2.449;0.933;0.144;0.149;0.232;0.034
8522;0.881;0.349;1.157;0.281;0.234;0.208;0.212;0.544;2.417;0.955;0.144;0.146;0.232;0.029
8523;0.874;0.347;1.111;0.286;0.232;0.203;0.203;0.542;2.39;0.972;0.146;0.149;0.234;0.037
8524;0.889;0.342;1.055;0.288;0.239;0.205;0.195;0.542;2.358;0.991;0.146;0.151;0.234;0.034
8525;0.903;0.347;0.986;0.293;0.251;0.212;0.193;0.54;2.332;1.003;0.146;0.151;0.232;0.029
8526;0.913;0.388;0.923;0.291;0.256;0.212;0.183;0.547;2.307;1.011;0.146;0.146;0.234;0.032
8527;0.935;0.422;1.179;0.288;0.256;0.212;0.171;0.547;2.285;1.016;0.146;0.149;0.234;0.032
8528;0.94;0.481;1.23;0.298;0.254;0.21;0.161;0.544;2.266;1.018;0.144;0.144;0.232;0.034
8529;0.947;0.52;1.121;0.303;0.247;0.208;0.154;0.53;2.249;1.016;0.146;0.149;0.237;0.029
8530;0.952;0.566;1.074;0.312;0.237;0.203;0.144;0.522;2.234;1.013;0.144;0.144;0.232;0.032
8531;0.964;0.579;0.972;0.32;0.232;0.2;0.146;0.527;2.214;1.003;0.146;0.142;0.234;0.034
8532;0.959;0.588;0.798;0.322;0.225;0.198;0.154;0.53;2.202;0.989;0.146;0.142;0.237;0.037
8533;0.952;0.605;0.688;0.32;0.225;0.198;0.159;0.53;2.192;0.974;0.146;0.142;0.234;0.034
8534;0.952;0.598;0.73;0.312;0.229;0.2;0.161;0.544;2.183;0.952;0.146;0.139;0.234;0.029
8535;0.94;0.61;0.693;0.308;0.232;0.2;0.171;0.549;2.173;0.933;0.146;0.137;0.237;0.039
8536;0.933;0.623;0.564;0.305;0.239;0.193;0.178;0.537;2.168;0.916;0.149;0.137;0.232;0.032
8537;0.918;0.642;0.439;0.308;0.249;0.198;0.183;0.53;2.156;0.889;0.146;0.134;0.232;0.034
8538;0.923;0.647;0.388;0.31;0.251;0.2;0.195;0.547;2.139;0.859;0.144;0.129;0.234;0.032
8539;0.913;0.667;0.339;0.31;0.247;0.205;0.188;0.544;2.131;0.837;0.146;0.132;0.234;0.032
8540;0.901;0.664;0.315;0.31;0.237;0.205;0.178;0.535;2.114;0.815;0.149;0.129;0.232;0.034
8541;0.903;0.676;0.308;0.308;0.227;0.212;0.164;0.54;2.114;0.791;0.151;0.132;0.234;0.034
8542;0.903;0.681;0.322;0.308;0.217;0.217;0.159;0.537;2.114;0.769;0.154;0.127;0.232;0.034
8543;0.913;0.686;0.33;0.31;0.205;0.217;0.151;0.544;2.117;0.747;0.154;0.127;0.234;0.034
8544;0.906;0.693;0.33;0.315;0.195;0.217;0.144;0.549;2.122;0.732;0.154;0.125;0.232;0.032
8545;0.916;0.686;0.356;0.315;0.188;0.22;0.146;0.549;2.124;0.725;0.156;0.127;0.234;0.032
8546;0.918;0.713;0.415;0.31;0.183;0.215;0.146;0.544;2.122;0.715;0.161;0.125;0.229;0.032
8547;0.923;0.696;0.505;0.3;0.19;0.215;0.151;0.544;2.122;0.715;0.164;0.127;0.229;0.032
8548;0.92;0.713;0.525;0.293;0.195;0.21;0.156;0.535;2.117;0.715;0.161;0.122;0.232;0.032
8549;0.92;0.71;0.596;0.295;0.2;0.203;0.159;0.542;2.112;0.72;0.164;0.122;0.234;0.034
8550;0.918;0.723;0.562;0.295;0.208;0.198;0.164;0.544;2.107;0.728;0.166;0.125;0.234;0.034
8551;0.918;0.703;0.598;0.3;0.205;0.19;0.173;0.547;2.102;0.735;0.166;0.125;0.234;0.032
8552;0.916;0.713;0.457;0.291;0.212;0.195;0.168;0.544;2.095;0.737;0.164;0.125;0.234;0.032
8553;0.925;0.688;0.515;0.278;0.215;0.198;0.173;0.54;2.087;0.74;0.166;0.122;0.234;0.037
8554;0.925;0.703;0.496;0.264;0.215;0.2;0.173;0.549;2.085;0.747;0.168;0.125;0.237;0.034
8555;0.93;0.674;0.403;0.266;0.251;0.205;0.173;0.547;2.073;0.75;0.164;0.12;0.234;0.034
8556;0.94;0.693;0.422;0.261;0.254;0.205;0.171;0.542;2.065;0.762;0.166;0.127;0.239;0.034
8557;0.945;0.679;0.381;0.264;0.229;0.205;0.176;0.542;2.048;0.774;0.164;0.122;0.242;0.034
8558;0.952;0.674;0.403;0.264;0.242;0.205;0.171;0.544;2.031;0.791;0.164;0.125;0.242;0.037
8559;0.967;0.669;0.405;0.259;0.264;0.208;0.159;0.537;2.009;0.808;0.161;0.125;0.242;0.034
8560;0.974;0.667;0.315;0.259;0.269;0.215;0.146;0.549;1.982;0.83;0.161;0.127;0.247;0.037
8561;0.979;0.669;0.276;0.261;0.261;0.225;0.139;0.537;1.956;0.854;0.159;0.127;0.244;0.032
8562;0.981;0.671;0.244;0.266;0.261;0.22;0.137;0.513;1.924;0.879;0.161;0.129;0.254;0.037
8563;0.986;0.671;0.249;0.271;0.273;0.222;0.144;0.52;1.89;0.898;0.159;0.127;0.247;0.029
8564;0.984;0.674;0.249;0.278;0.266;0.215;0.154;0.532;1.848;0.908;0.161;0.127;0.254;0.032
8565;0.979;0.664;0.254;0.283;0.259;0.215;0.166;0.522;1.816;0.918;0.166;0.129;0.259;0.032
8566;0.969;0.662;0.256;0.281;0.256;0.215;0.173;0.525;1.79;0.923;0.166;0.132;0.261;0.032
8567;0.972;0.669;0.264;0.286;0.244;0.215;0.178;0.535;1.775;0.925;0.168;0.129;0.264;0.034
8568;0.962;0.657;0.261;0.293;0.232;0.215;0.183;0.542;1.765;0.928;0.173;0.132;0.269;0.032
8569;0.955;0.669;0.251;0.293;0.208;0.215;0.186;0.527;1.77;0.933;0.178;0.134;0.271;0.034
8570;0.955;0.652;0.254;0.288;0.208;0.217;0.188;0.513;1.794;0.94;0.178;0.134;0.273;0.032
8571;0.957;0.654;0.251;0.288;0.22;0.215;0.183;0.508;1.843;0.952;0.186;0.134;0.276;0.032
8572;0.955;0.635;0.249;0.286;0.21;0.215;0.178;0.52;1.907;0.974;0.193;0.142;0.281;0.029
8573;0.959;0.645;0.256;0.293;0.215;0.215;0.166;0.522;1.985;0.996;0.2;0.144;0.283;0.034
8574;0.964;0.632;0.269;0.298;0.227;0.215;0.159;0.532;2.085;1.023;0.205;0.146;0.281;0.029
8575;0.974;0.635;0.276;0.308;0.232;0.212;0.144;0.532;2.195;1.055;0.21;0.149;0.286;0.037
8576;0.972;0.632;0.283;0.312;0.234;0.217;0.142;0.527;2.322;1.086;0.22;0.156;0.286;0.032
8577;0.977;0.63;0.276;0.317;0.232;0.222;0.142;0.532;2.454;1.116;0.222;0.154;0.286;0.032
8578;0.972;0.63;0.281;0.317;0.237;0.227;0.144;0.52;2.593;1.143;0.227;0.156;0.283;0.034
8579;0.972;0.63;0.276;0.312;0.242;0.237;0.146;0.522;2.729;1.172;0.237;0.164;0.283;0.034
8580;0.964;0.625;0.273;0.308;0.227;0.261;0.146;0.522;2.849;1.191;0.242;0.164;0.288;0.044
8581;0.964;0.632;0.278;0.312;0.222;0.264;0.144;0.52;2.944;1.208;0.239;0.166;0.278;0.029
8582;0.967;0.632;0.273;0.31;0.229;0.283;0.156;0.513;3.027;1.218;0.249;0.171;0.278;0.034
8583;0.959;0.63;0.266;0.305;0.229;0.283;0.168;0.508;3.081;1.221;0.249;0.173;0.278;0.037
8584;0.95;0.645;0.269;0.295;0.22;0.273;0.183;0.505;3.127;1.228;0.254;0.181;0.281;0.037
8585;0.945;0.632;0.264;0.278;0.22;0.271;0.188;0.505;3.162;1.226;0.259;0.188;0.281;0.034
8586;0.942;0.647;0.269;0.261;0.229;0.254;0.19;0.518;3.181;1.216;0.259;0.186;0.281;0.039
8587;0.938;0.632;0.273;0.254;0.229;0.264;0.183;0.522;3.193;1.216;0.261;0.188;0.281;0.034
8588;0.942;0.63;0.283;0.261;0.229;0.264;0.183;0.53;3.208;1.206;0.266;0.19;0.281;0.039
8589;0.942;0.625;0.283;0.271;0.247;0.261;0.186;0.537;3.237;1.201;0.269;0.195;0.281;0.032
8590;0.955;0.615;0.276;0.273;0.247;0.256;0.212;0.549;3.291;1.191;0.273;0.193;0.281;0.034
8591;0.962;0.625;0.271;0.266;0.256;0.242;0.183;0.537;3.372;1.184;0.276;0.195;0.283;0.034
8592;0.969;0.623;0.264;0.259;0.256;0.227;0.183;0.52;3.479;1.177;0.281;0.198;0.281;0.032
8593;0.974;0.618;0.271;0.251;0.259;0.222;0.186;0.515;3.608;1.172;0.288;0.2;0.283;0.034
8594;0.972;0.623;0.271;0.254;0.261;0.232;0.173;0.518;3.748;1.169;0.288;0.198;0.286;0.034
8595;0.974;0.615;0.273;0.259;0.256;0.234;0.156;0.5;3.894;1.167;0.291;0.2;0.288;0.037
8596;0.972;0.618;0.259;0.266;0.256;0.244;0.181;0.515;4.031;1.162;0.293;0.203;0.288;0.034
8597;0.969;0.615;0.251;0.266;0.254;0.249;0.176;0.527;4.155;1.162;0.293;0.2;0.288;0.039
8598;0.967;0.618;0.239;0.259;0.251;0.251;0.173;0.552;4.253;1.165;0.293;0.203;0.288;0.032
8599;0.967;0.62;0.232;0.256;0.254;0.249;0.195;0.535;4.326;1.167;0.291;0.2;0.286;0.029
8600;0.969;0.618;0.22;0.254;0.261;0.251;0.198;0.549;4.387;1.172;0.291;0.203;0.288;0.034
8601;0.967;0.618;0.217;0.256;0.273;0.254;0.195;0.547;4.421;1.172;0.288;0.203;0.286;0.039
8602;0.962;0.613;0.215;0.264;0.276;0.249;0.208;0.552;4.438;1.174;0.288;0.205;0.286;0.029
8603;0.962;0.618;0.22;0.256;0.276;0.254;0.217;0.527;4.436;1.174;0.288;0.208;0.286;0.037
8604;0.964;0.62;0.225;0.256;0.276;0.261;0.205;0.518;4.421;1.172;0.286;0.208;0.283;0.032
8605;0.969;0.618;0.232;0.254;0.283;0.264;0.21;0.522;4.407;1.172;0.283;0.21;0.283;0.034
8606;0.972;0.623;0.234;0.251;0.281;0.269;0.198;0.535;4.387;1.167;0.276;0.21;0.283;0.032
8607;0.974;0.613;0.242;0.254;0.281;0.264;0.183;0.527;4.375;1.162;0.276;0.215;0.281;0.032
8608;0.979;0.61;0.251;0.247;0.281;0.264;0.168;0.54;4.363;1.15;0.271;0.212;0.281;0.032
8609;0.974;0.615;0.261;0.242;0.283;0.254;0.171;0.547;4.355;1.138;0.269;0.215;0.276;0.032
8610;0.969;0.61;0.266;0.239;0.276;0.249;0.154;0.552;4.343;1.123;0.266;0.217;0.278;0.029
8611;0.967;0.62;0.278;0.239;0.278;0.254;0.146;0.552;4.326;1.106;0.266;0.217;0.278;0.039
8612;0.974;0.618;0.281;0.239;0.283;0.254;0.151;0.554;4.299;1.086;0.264;0.222;0.271;0.027
8613;0.981;0.618;0.291;0.242;0.283;0.254;0.151;0.547;4.265;1.062;0.259;0.22;0.271;0.037
8614;0.986;0.62;0.295;0.247;0.271;0.247;0.154;0.549;4.224;1.04;0.261;0.227;0.269;0.032
8615;0.991;0.608;0.303;0.239;0.266;0.237;0.159;0.557;4.17;1.016;0.259;0.222;0.264;0.032
8616;0.994;0.613;0.31;0.225;0.264;0.234;0.166;0.588;4.114;0.996;0.256;0.225;0.264;0.027
8617;0.994;0.603;0.31;0.215;0.266;0.229;0.166;0.596;4.048;0.974;0.256;0.225;0.264;0.034
8618;0.994;0.605;0.308;0.21;0.261;0.232;0.178;0.601;3.979;0.95;0.256;0.225;0.261;0.029
8619;0.996;0.603;0.303;0.212;0.256;0.234;0.183;0.613;3.906;0.933;0.254;0.225;0.259;0.029
8620;1.001;0.598;0.293;0.22;0.247;0.229;0.193;0.601;3.826;0.916;0.251;0.225;0.251;0.034
8621;1.001;0.596;0.281;0.225;0.247;0.234;0.195;0.583;3.745;0.894;0.249;0.227;0.247;0.029
8622;1.003;0.588;0.269;0.227;0.232;0.227;0.195;0.542;3.662;0.876;0.249;0.232;0.249;0.029
8623;1.011;0.586;0.259;0.225;0.227;0.234;0.19;0.549;3.582;0.857;0.244;0.229;0.247;0.034
8624;1.008;0.581;0.256;0.225;0.227;0.242;0.188;0.542;3.511;0.84;0.244;0.234;0.247;0.032
8625;1.006;0.574;0.264;0.22;0.22;0.247;0.186;0.535;3.442;0.82;0.239;0.234;0.242;0.032
8626;1.003;0.576;0.261;0.222;0.225;0.251;0.183;0.52;3.381;0.806;0.237;0.234;0.242;0.032
8627;0.999;0.579;0.266;0.225;0.225;0.256;0.181;0.527;3.325;0.791;0.234;0.239;0.237;0.027
8628;1.001;0.581;0.269;0.222;0.234;0.259;0.183;0.518;3.271;0.781;0.229;0.239;0.234;0.029
8629;0.994;0.586;0.271;0.222;0.239;0.271;0.183;0.525;3.218;0.774;0.225;0.239;0.237;0.029
8630;0.999;0.583;0.273;0.212;0.237;0.276;0.176;0.525;3.169;0.769;0.225;0.244;0.232;0.027
8631;0.999;0.588;0.278;0.203;0.242;0.281;0.176;0.54;3.113;0.767;0.222;0.244;0.234;0.029
8632;0.999;0.588;0.283;0.198;0.237;0.276;0.173;0.535;3.059;0.762;0.215;0.242;0.234;0.029
8633;0.999;0.596;0.283;0.198;0.234;0.278;0.178;0.527;3.01;0.757;0.215;0.249;0.234;0.029
8634;0.999;0.605;0.276;0.198;0.232;0.271;0.171;0.552;2.959;0.754;0.21;0.247;0.234;0.032
8635;0.999;0.608;0.276;0.203;0.225;0.266;0.168;0.552;2.905;0.747;0.21;0.247;0.227;0.024
8636;0.999;0.613;0.269;0.2;0.215;0.266;0.166;0.537;2.849;0.735;0.205;0.247;0.234;0.027
8637;0.996;0.613;0.276;0.203;0.205;0.264;0.168;0.537;2.793;0.73;0.203;0.244;0.234;0.034
8638;0.994;0.608;0.276;0.203;0.21;0.264;0.178;0.542;2.732;0.718;0.195;0.244;0.232;0.029
8639;0.996;0.608;0.273;0.205;0.22;0.271;0.188;0.54;2.673;0.708;0.195;0.244;0.229;0.029
8640;0.994;0.615;0.269;0.217;0.227;0.273;0.193;0.535;2.615;0.696;0.195;0.247;0.229;0.027
8641;0.994;0.618;0.264;0.225;0.239;0.276;0.188;0.54;2.554;0.679;0.19;0.239;0.229;0.029
8642;0.994;0.623;0.254;0.232;0.244;0.276;0.181;0.54;2.5;0.669;0.19;0.242;0.225;0.029
8643;0.986;0.623;0.256;0.232;0.251;0.278;0.176;0.525;2.446;0.657;0.19;0.242;0.229;0.029
8644;0.986;0.62;0.249;0.225;0.251;0.276;0.178;0.522;2.395;0.647;0.193;0.244;0.225;0.027
8645;0.986;0.623;0.249;0.225;0.249;0.278;0.181;0.54;2.344;0.635;0.19;0.242;0.225;0.027
8646;0.991;0.625;0.254;0.227;0.247;0.276;0.188;0.542;2.297;0.63;0.19;0.239;0.225;0.032
8647;0.991;0.62;0.256;0.234;0.244;0.269;0.19;0.547;2.253;0.62;0.19;0.239;0.22;0.027
8648;0.991;0.625;0.249;0.237;0.244;0.261;0.186;0.53;2.207;0.61;0.19;0.239;0.217;0.027
8649;0.991;0.618;0.259;0.242;0.232;0.256;0.193;0.527;2.168;0.605;0.19;0.237;0.217;0.034
8650;0.986;0.62;0.259;0.237;0.232;0.249;0.198;0.51;2.129;0.598;0.193;0.237;0.217;0.029
8651;0.989;0.615;0.261;0.229;0.225;0.244;0.198;0.525;2.095;0.598;0.19;0.234;0.21;0.027
8652;0.989;0.608;0.266;0.227;0.225;0.244;0.195;0.537;2.058;0.596;0.19;0.234;0.212;0.027
8653;0.994;0.61;0.269;0.232;0.229;0.247;0.193;0.53;2.029;0.598;0.195;0.234;0.212;0.029
8654;0.996;0.605;0.273;0.229;0.232;0.247;0.195;0.525;1.992;0.596;0.193;0.232;0.21;0.027
8655;0.999;0.603;0.276;0.229;0.237;0.259;0.198;0.544;1.96;0.598;0.195;0.232;0.208;0.027
8656;1.003;0.605;0.286;0.227;0.247;0.264;0.19;0.542;1.929;0.601;0.195;0.232;0.208;0.027
8657;1.003;0.608;0.281;0.222;0.254;0.273;0.19;0.54;1.899;0.61;0.198;0.229;0.205;0.029
8658;1.003;0.605;0.288;0.215;0.259;0.281;0.183;0.535;1.865;0.615;0.198;0.227;0.203;0.027
8659;1.006;0.603;0.303;0.217;0.256;0.288;0.176;0.532;1.843;0.625;0.2;0.227;0.2;0.027
8660;1.008;0.596;0.31;0.212;0.254;0.288;0.164;0.532;1.814;0.632;0.198;0.225;0.2;0.027
8661;1.008;0.588;0.31;0.215;0.247;0.286;0.161;0.535;1.787;0.645;0.2;0.222;0.198;0.029
8662;1.006;0.583;0.298;0.212;0.237;0.281;0.161;0.547;1.76;0.654;0.2;0.222;0.2;0.024
8663;1.003;0.586;0.293;0.215;0.229;0.273;0.159;0.542;1.733;0.669;0.203;0.22;0.195;0.027
8664;1.003;0.588;0.288;0.217;0.227;0.264;0.164;0.552;1.704;0.679;0.203;0.217;0.195;0.027
8665;1.001;0.588;0.283;0.215;0.229;0.259;0.171;0.535;1.675;0.696;0.205;0.217;0.198;0.027
8666;0.994;0.583;0.283;0.227;0.229;0.249;0.178;0.547;1.641;0.703;0.2;0.212;0.195;0.029
8667;0.984;0.579;0.273;0.229;0.229;0.244;0.178;0.557;1.614;0.72;0.203;0.21;0.193;0.027
8668;0.984;0.576;0.266;0.222;0.232;0.239;0.183;0.557;1.584;0.73;0.2;0.21;0.19;0.029
8669;0.977;0.581;0.264;0.217;0.229;0.239;0.183;0.549;1.553;0.742;0.203;0.208;0.193;0.024
8670;0.981;0.586;0.264;0.212;0.234;0.239;0.19;0.54;1.526;0.754;0.203;0.205;0.19;0.032
8671;0.986;0.591;0.259;0.205;0.237;0.244;0.193;0.532;1.499;0.769;0.203;0.203;0.19;0.024
8672;0.986;0.596;0.256;0.208;0.237;0.244;0.19;0.537;1.472;0.784;0.203;0.203;0.188;0.029
8673;0.986;0.593;0.251;0.215;0.234;0.249;0.186;0.544;1.445;0.796;0.2;0.2;0.19;0.027
8674;0.981;0.598;0.251;0.217;0.22;0.249;0.183;0.537;1.423;0.808;0.203;0.2;0.188;0.029
8675;0.979;0.598;0.249;0.222;0.208;0.251;0.183;0.535;1.401;0.818;0.203;0.198;0.19;0.027
8676;0.977;0.596;0.244;0.222;0.195;0.249;0.193;0.535;1.377;0.83;0.205;0.198;0.183;0.022
8677;0.974;0.601;0.254;0.222;0.188;0.251;0.21;0.547;1.357;0.835;0.205;0.195;0.186;0.029
8678;0.977;0.598;0.254;0.222;0.183;0.247;0.21;0.54;1.333;0.845;0.208;0.193;0.186;0.027
8679;0.979;0.601;0.256;0.227;0.186;0.247;0.203;0.544;1.316;0.847;0.21;0.193;0.183;0.022
8680;0.974;0.603;0.259;0.229;0.195;0.242;0.19;0.549;1.299;0.85;0.21;0.19;0.186;0.024
8681;0.974;0.603;0.259;0.229;0.195;0.237;0.176;0.535;1.279;0.847;0.212;0.19;0.178;0.032
8682;0.967;0.601;0.251;0.215;0.203;0.237;0.164;0.522;1.272;0.845;0.212;0.19;0.178;0.022
8683;0.964;0.601;0.239;0.212;0.203;0.237;0.159;0.535;1.262;0.84;0.212;0.188;0.181;0.024
8684;0.964;0.601;0.239;0.205;0.205;0.239;0.156;0.525;1.257;0.84;0.212;0.188;0.178;0.029
8685;0.955;0.603;0.242;0.2;0.21;0.237;0.154;0.522;1.25;0.83;0.21;0.186;0.173;0.027
8686;0.95;0.603;0.247;0.2;0.217;0.242;0.154;0.503;1.252;0.825;0.21;0.186;0.176;0.027
8687;0.945;0.605;0.251;0.195;0.217;0.234;0.159;0.525;1.25;0.82;0.208;0.183;0.171;0.022
8688;0.945;0.605;0.254;0.186;0.222;0.234;0.161;0.527;1.257;0.813;0.208;0.181;0.168;0.022
8689;0.945;0.598;0.254;0.173;0.217;0.229;0.171;0.544;1.26;0.811;0.208;0.178;0.171;0.027
8690;0.942;0.596;0.259;0.173;0.215;0.229;0.181;0.564;1.26;0.806;0.21;0.181;0.171;0.024
8691;0.942;0.591;0.256;0.168;0.212;0.227;0.19;0.544;1.257;0.798;0.205;0.176;0.168;0.024
8692;0.947;0.586;0.259;0.171;0.208;0.227;0.193;0.532;1.255;0.791;0.205;0.173;0.166;0.024
8693;0.952;0.588;0.256;0.161;0.208;0.232;0.203;0.542;1.252;0.789;0.208;0.176;0.164;0.024
8694;0.955;0.588;0.264;0.164;0.21;0.225;0.203;0.547;1.245;0.784;0.205;0.171;0.161;0.024
8695;0.957;0.586;0.261;0.154;0.208;0.215;0.205;0.53;1.238;0.779;0.205;0.173;0.159;0.024
8696;0.962;0.581;0.254;0.154;0.212;0.21;0.203;0.53;1.226;0.769;0.203;0.168;0.159;0.022
8697;0.962;0.574;0.249;0.161;0.208;0.21;0.198;0.54;1.216;0.764;0.203;0.166;0.159;0.024
8698;0.967;0.574;0.242;0.164;0.21;0.217;0.195;0.53;1.208;0.757;0.203;0.164;0.159;0.029
8699;0.967;0.571;0.247;0.166;0.215;0.222;0.188;0.518;1.199;0.745;0.2;0.161;0.156;0.022
8700;0.969;0.576;0.251;0.168;0.212;0.227;0.178;0.542;1.187;0.732;0.198;0.161;0.154;0.024
8701;0.974;0.574;0.249;0.173;0.212;0.225;0.173;0.549;1.179;0.723;0.198;0.159;0.154;0.029
8702;0.977;0.571;0.254;0.188;0.212;0.217;0.173;0.547;1.167;0.71;0.195;0.156;0.149;0.022
8703;0.981;0.571;0.254;0.195;0.217;0.217;0.171;0.535;1.152;0.698;0.195;0.154;0.151;0.027
8704;0.981;0.569;0.251;0.198;0.212;0.215;0.166;0.537;1.138;0.688;0.193;0.151;0.146;0.022
8705;0.984;0.571;0.254;0.2;0.21;0.212;0.164;0.542;1.121;0.676;0.193;0.149;0.146;0.027
8706;0.981;0.569;0.254;0.203;0.2;0.22;0.166;0.53;1.108;0.664;0.193;0.146;0.149;0.032
8707;0.979;0.569;0.259;0.205;0.198;0.222;0.166;0.52;1.094;0.657;0.19;0.144;0.146;0.027
8708;0.972;0.566;0.269;0.208;0.19;0.217;0.173;0.549;1.079;0.645;0.19;0.144;0.144;0.024
8709;0.964;0.569;0.266;0.217;0.188;0.215;0.176;0.547;1.062;0.635;0.188;0.142;0.142;0.024
8710;0.955;0.571;0.269;0.222;0.188;0.212;0.176;0.562;1.052;0.627;0.188;0.142;0.142;0.02
8711;0.947;0.574;0.264;0.227;0.188;0.205;0.168;0.588;1.042;0.618;0.183;0.134;0.142;0.024
8712;0.938;0.574;0.264;0.227;0.188;0.208;0.164;0.593;1.035;0.613;0.183;0.137;0.144;0.024
8713;0.933;0.579;0.266;0.234;0.19;0.21;0.164;0.588;1.03;0.603;0.181;0.134;0.139;0.027
8714;0.92;0.576;0.276;0.232;0.19;0.212;0.166;0.581;1.033;0.596;0.181;0.137;0.134;0.024
8715;0.916;0.581;0.281;0.232;0.193;0.215;0.178;0.576;1.04;0.593;0.178;0.132;0.134;0.022
8716;0.918;0.586;0.286;0.232;0.195;0.212;0.176;0.559;1.05;0.591;0.178;0.134;0.139;0.027
8717;0.92;0.586;0.291;0.232;0.188;0.21;0.168;0.532;1.057;0.586;0.176;0.132;0.134;0.022
8718;0.933;0.586;0.286;0.232;0.178;0.203;0.166;0.544;1.069;0.581;0.176;0.134;0.134;0.024
8719;0.935;0.583;0.281;0.227;0.176;0.2;0.156;0.532;1.077;0.576;0.173;0.137;0.134;0.024
8720;0.945;0.581;0.276;0.225;0.166;0.2;0.149;0.522;1.086;0.571;0.176;0.134;0.132;0.02
8721;0.952;0.579;0.276;0.225;0.151;0.198;0.154;0.535;1.084;0.569;0.173;0.139;0.134;0.024
8722;0.955;0.579;0.271;0.222;0.142;0.19;0.161;0.559;1.089;0.569;0.178;0.146;0.132;0.02
8723;0.957;0.574;0.276;0.22;0.134;0.188;0.164;0.564;1.072;0.554;0.168;0.142;0.132;0.029
8724;0.959;0.574;0.276;0.217;0.139;0.186;0.166;0.557;1.062;0.552;0.173;0.149;0.129;0.029
8725;0.964;0.574;0.269;0.21;0.144;0.188;0.164;0.564;1.047;0.544;0.171;0.151;0.129;0.024
8726;0.964;0.566;0.273;0.205;0.156;0.188;0.164;0.569;1.028;0.537;0.168;0.151;0.129;0.024
8727;0.959;0.566;0.269;0.203;0.166;0.188;0.156;0.54;1.008;0.535;0.171;0.161;0.127;0.027
8728;0.95;0.588;0.273;0.2;0.173;0.186;0.156;0.54;0.984;0.522;0.166;0.164;0.129;0.034
8729;0.94;0.662;0.273;0.198;0.171;0.188;0.159;0.557;0.962;0.518;0.168;0.166;0.125;0.024
8730;0.933;0.723;0.283;0.195;0.168;0.183;0.159;0.542;0.938;0.513;0.166;0.171;0.125;0.027
8731;0.925;0.791;0.271;0.193;0.176;0.181;0.159;0.54;0.925;0.505;0.166;0.176;0.125;0.029
8732;0.92;0.833;0.264;0.188;0.173;0.186;0.149;0.566;0.918;0.5;0.168;0.178;0.122;0.029
8733;0.918;0.852;0.256;0.183;0.178;0.19;0.142;0.569;0.916;0.498;0.166;0.183;0.122;0.029
8734;0.911;0.857;0.249;0.183;0.181;0.2;0.142;0.557;0.923;0.498;0.168;0.188;0.125;0.029
8735;0.908;0.845;0.249;0.183;0.183;0.205;0.144;0.547;0.942;0.498;0.168;0.193;0.12;0.029
8736;0.911;0.845;0.249;0.186;0.181;0.212;0.149;0.554;0.969;0.498;0.171;0.193;0.125;0.032
8737;0.906;0.837;0.254;0.195;0.176;0.21;0.151;0.552;0.999;0.503;0.168;0.195;0.122;0.029
8738;0.908;0.85;0.256;0.205;0.173;0.215;0.149;0.542;1.028;0.508;0.166;0.198;0.117;0.032
8739;0.908;0.867;0.259;0.22;0.168;0.22;0.149;0.54;1.062;0.515;0.168;0.2;0.12;0.032
8740;0.911;0.879;0.256;0.229;0.161;0.227;0.149;0.557;1.096;0.527;0.168;0.205;0.117;0.032
8741;0.908;0.874;0.249;0.237;0.166;0.229;0.146;0.547;1.128;0.532;0.171;0.205;0.115;0.029
8742;0.908;0.874;0.251;0.254;0.164;0.234;0.151;0.547;1.165;0.547;0.168;0.205;0.12;0.034
8743;0.908;0.864;0.259;0.259;0.164;0.237;0.156;0.552;1.208;0.554;0.168;0.208;0.12;0.029
8744;0.911;0.867;0.261;0.264;0.164;0.229;0.164;0.562;1.26;0.564;0.168;0.21;0.115;0.032
8745;0.918;0.889;0.259;0.259;0.159;0.225;0.166;0.549;1.326;0.569;0.166;0.212;0.117;0.034
8746;0.928;0.903;0.251;0.254;0.161;0.22;0.164;0.562;1.399;0.571;0.168;0.217;0.112;0.034
8747;0.935;0.918;0.254;0.249;0.164;0.212;0.159;0.566;1.487;0.574;0.159;0.22;0.105;0.027
8748;0.935;0.923;0.259;0.247;0.168;0.215;0.156;0.566;1.582;0.574;0.159;0.225;0.115;0.037
8749;0.94;0.925;0.271;0.239;0.176;0.212;0.156;0.576;1.685;0.574;0.159;0.22;0.112;0.034
8750;0.938;0.911;0.288;0.242;0.178;0.212;0.161;0.579;1.794;0.571;0.159;0.225;0.112;0.032
8751;0.933;0.884;0.322;0.239;0.181;0.212;0.168;0.554;1.914;0.566;0.161;0.229;0.112;0.034
8752;0.935;0.906;0.342;0.232;0.178;0.21;0.173;0.552;2.039;0.564;0.159;0.232;0.11;0.037
8753;0.933;0.879;0.344;0.227;0.173;0.215;0.178;0.557;2.168;0.557;0.156;0.232;0.115;0.042
8754;0.935;0.908;0.354;0.222;0.164;0.22;0.178;0.557;2.302;0.554;0.159;0.239;0.115;0.037
8755;0.938;0.894;0.349;0.222;0.166;0.222;0.166;0.554;2.446;0.549;0.159;0.242;0.115;0.039
8756;0.938;0.901;0.366;0.232;0.159;0.225;0.159;0.566;2.585;0.542;0.156;0.244;0.11;0.037
8757;0.933;0.886;0.386;0.232;0.164;0.22;0.146;0.581;2.727;0.537;0.156;0.247;0.112;0.037
8758;0.928;0.886;0.371;0.234;0.164;0.222;0.137;0.571;2.871;0.53;0.156;0.249;0.112;0.039
8759;0.923;0.874;0.359;0.227;0.168;0.212;0.129;0.559;3.013;0.522;0.156;0.254;0.112;0.037
8760;0.923;0.898;0.354;0.222;0.168;0.212;0.129;0.559;3.142;0.515;0.154;0.251;0.12;0.039
8761;0.923;0.876;0.356;0.217;0.161;0.212;0.129;0.576;3.276;0.51;0.159;0.259;0.112;0.039
8762;0.928;0.898;0.356;0.215;0.159;0.212;0.129;0.549;3.398;0.508;0.156;0.256;0.115;0.039
8763;0.938;0.889;0.371;0.222;0.161;0.21;0.134;0.554;3.513;0.5;0.159;0.259;0.12;0.046
8764;0.942;0.898;0.369;0.232;0.159;0.212;0.137;0.557;3.618;0.496;0.156;0.256;0.117;0.039
8765;0.942;0.886;0.386;0.232;0.156;0.208;0.139;0.569;3.711;0.488;0.159;0.259;0.117;0.039
8766;0.94;0.872;0.413;0.237;0.156;0.205;0.137;0.571;3.784;0.481;0.161;0.259;0.115;0.037
8767;0.938;0.884;0.403;0.239;0.149;0.198;0.137;0.559;3.848;0.479;0.161;0.261;0.122;0.037
8768;0.933;0.867;0.364;0.237;0.144;0.195;0.132;0.549;3.887;0.471;0.159;0.256;0.12;0.042
8769;0.933;0.879;0.349;0.244;0.142;0.195;0.127;0.562;3.918;0.466;0.161;0.256;0.12;0.042
8770;0.935;0.872;0.339;0.244;0.142;0.198;0.117;0.569;3.938;0.464;0.164;0.256;0.122;0.044
8771;0.933;0.876;0.322;0.244;0.144;0.198;0.11;0.579;3.945;0.459;0.161;0.254;0.125;0.037
8772;0.938;0.879;0.317;0.242;0.154;0.195;0.107;0.554;3.943;0.454;0.161;0.251;0.127;0.044
8773;0.935;0.886;0.327;0.232;0.166;0.203;0.11;0.554;3.933;0.452;0.161;0.254;0.125;0.044
8774;0.933;0.879;0.347;0.227;0.173;0.208;0.115;0.557;3.911;0.449;0.164;0.251;0.122;0.039
8775;0.923;0.901;0.398;0.227;0.178;0.208;0.117;0.554;3.884;0.444;0.164;0.249;0.127;0.044
8776;0.918;0.891;0.361;0.225;0.186;0.212;0.125;0.559;3.848;0.439;0.166;0.249;0.127;0.037
8777;0.92;0.913;0.339;0.222;0.178;0.22;0.132;0.569;3.806;0.435;0.166;0.244;0.127;0.044
8778;0.918;0.901;0.386;0.22;0.171;0.217;0.139;0.566;3.767;0.432;0.166;0.242;0.129;0.039
8779;0.908;0.901;0.381;0.208;0.164;0.215;0.149;0.569;3.73;0.432;0.168;0.242;0.127;0.039
8780;0.901;0.92;0.469;0.203;0.159;0.212;0.164;0.562;3.699;0.427;0.166;0.237;0.132;0.039
8781;0.896;0.911;0.386;0.2;0.149;0.205;0.156;0.542;3.669;0.425;0.164;0.237;0.132;0.039
8782;0.889;0.935;0.613;0.203;0.144;0.203;0.156;0.544;3.645;0.425;0.168;0.234;0.132;0.044
8783;0.884;0.925;0.552;0.208;0.142;0.195;0.149;0.532;3.621;0.417;0.166;0.229;0.132;0.037
8784;0.881;0.935;0.544;0.205;0.149;0.193;0.146;0.54;3.601;0.417;0.166;0.225;0.129;0.037
8785;0.876;0.935;0.71;0.215;0.156;0.188;0.139;0.535;3.577;0.413;0.168;0.222;0.134;0.039
8786;0.874;0.942;0.793;0.212;0.159;0.19;0.144;0.559;3.545;0.41;0.166;0.217;0.137;0.044
8787;0.872;0.938;0.938;0.222;0.166;0.188;0.137;0.549;3.513;0.405;0.168;0.215;0.137;0.042
8788;0.869;0.957;1.36;0.227;0.181;0.186;0.127;0.522;3.479;0.403;0.161;0.21;0.137;0.042
8789;0.872;0.935;0.728;0.237;0.186;0.183;0.122;0.513;3.44;0.398;0.164;0.208;0.139;0.042
8790;0.874;0.95;1.133;0.239;0.195;0.188;0.127;0.522;3.403;0.396;0.164;0.205;0.139;0.042
8791;0.879;0.923;1.274;0.234;0.195;0.195;0.125;0.503;3.369;0.391;0.164;0.2;0.144;0.039
8792;0.884;0.93;0.889;0.225;0.193;0.198;0.129;0.513;3.333;0.386;0.164;0.195;0.142;0.044
8793;0.886;0.913;0.867;0.22;0.186;0.203;0.129;0.522;3.293;0.381;0.166;0.193;0.144;0.042
8794;0.884;0.918;0.728;0.215;0.173;0.205;0.129;0.527;3.247;0.374;0.164;0.188;0.144;0.039
8795;0.889;0.911;4.998;0.22;0.164;0.203;0.127;0.518;3.196;0.374;0.161;0.183;0.146;0.042
8796;0.884;0.918;4.998;0.225;0.154;0.203;0.132;0.52;3.142;0.366;0.161;0.181;0.146;0.039
8797;0.886;0.908;4.998;0.232;0.151;0.2;0.137;0.52;3.091;0.366;0.164;0.178;0.146;0.039
8798;0.881;0.903;4.998;0.232;0.151;0.193;0.146;0.52;3.035;0.366;0.161;0.176;0.149;0.042
8799;0.879;0.906;4.998;0.234;0.154;0.19;0.151;0.542;2.983;0.364;0.164;0.171;0.149;0.039
8800;0.879;0.903;4.998;0.232;0.173;0.193;0.159;0.559;2.927;0.366;0.164;0.168;0.149;0.039
8801;0.879;0.908;4.998;0.229;0.19;0.195;0.156;0.54;2.878;0.369;0.164;0.164;0.151;0.044
8802;0.879;0.908;4.998;0.234;0.198;0.19;0.159;0.53;2.837;0.371;0.161;0.161;0.151;0.042
8803;0.876;0.911;4.998;0.234;0.203;0.195;0.154;0.544;2.808;0.374;0.161;0.159;0.156;0.042
8804;0.876;0.908;4.998;0.227;0.215;0.198;0.156;0.532;2.788;0.381;0.166;0.156;0.154;0.044
8805;0.872;0.903;4.998;0.22;0.225;0.198;0.156;0.527;2.773;0.383;0.164;0.154;0.151;0.034
8806;0.874;0.908;4.998;0.225;0.232;0.2;0.159;0.532;2.761;0.386;0.164;0.151;0.154;0.042
8807;0.879;0.906;4.998;0.225;0.234;0.2;0.161;0.569;2.759;0.388;0.164;0.151;0.156;0.037
8808;0.886;0.908;4.998;0.225;0.227;0.195;0.159;0.576;2.754;0.388;0.161;0.149;0.154;0.042
8809;0.894;0.911;4.998;0.227;0.222;0.195;0.156;0.559;2.756;0.391;0.159;0.146;0.151;0.039
8810;0.901;0.911;4.998;0.225;0.21;0.19;0.156;0.549;2.761;0.388;0.164;0.146;0.154;0.037
8811;0.903;0.911;4.998;0.222;0.2;0.19;0.164;0.554;2.769;0.388;0.161;0.139;0.156;0.039
8812;0.906;0.925;4.998;0.225;0.193;0.186;0.166;0.547;2.773;0.383;0.164;0.142;0.154;0.034
8813;0.906;0.92;4.998;0.225;0.195;0.183;0.164;0.537;2.773;0.381;0.159;0.137;0.151;0.039
8814;0.908;0.93;4.998;0.229;0.195;0.183;0.164;0.554;2.773;0.378;0.156;0.134;0.151;0.037
8815;0.908;0.925;4.998;0.232;0.198;0.188;0.161;0.557;2.781;0.376;0.156;0.132;0.154;0.037
8816;0.911;0.928;4.998;0.227;0.208;0.19;0.154;0.544;2.781;0.369;0.154;0.129;0.149;0.037
8817;0.908;0.925;4.998;0.222;0.215;0.193;0.154;0.552;2.781;0.366;0.151;0.129;0.149;0.037
8818;0.906;0.928;4.998;0.212;0.21;0.195;0.151;0.562;2.786;0.361;0.154;0.127;0.151;0.037
8819;0.901;0.925;4.998;0.205;0.208;0.203;0.146;0.554;2.783;0.356;0.149;0.122;0.151;0.044
8820;0.894;0.935;4.998;0.212;0.208;0.208;0.142;0.559;2.781;0.349;0.149;0.122;0.149;0.037
8821;0.894;0.918;4.998;0.208;0.2;0.21;0.139;0.559;2.773;0.349;0.146;0.122;0.149;0.037
8822;0.894;0.925;4.998;0.21;0.19;0.212;0.134;0.562;2.764;0.339;0.144;0.12;0.146;0.037
8823;0.898;0.913;4.998;0.208;0.19;0.21;0.139;0.544;2.744;0.334;0.144;0.117;0.151;0.042
8824;0.903;0.923;4.998;0.208;0.19;0.205;0.142;0.549;2.725;0.332;0.144;0.115;0.146;0.039
8825;0.906;0.916;4.998;0.2;0.188;0.203;0.144;0.559;2.7;0.322;0.142;0.115;0.142;0.042
8826;0.908;0.908;4.998;0.2;0.181;0.203;0.144;0.542;2.673;0.317;0.142;0.112;0.142;0.034
8827;0.916;0.906;4.998;0.198;0.176;0.21;0.154;0.527;2.646;0.312;0.139;0.112;0.144;0.039
8828;0.913;0.898;4.998;0.193;0.176;0.225;0.156;0.544;2.612;0.308;0.139;0.11;0.139;0.037
8829;0.913;0.891;4.998;0.188;0.176;0.237;0.156;0.559;2.583;0.308;0.137;0.107;0.139;0.037
8830;0.916;0.891;4.998;0.181;0.183;0.234;0.156;0.552;2.551;0.305;0.137;0.107;0.139;0.037
8831;0.918;0.881;4.998;0.168;0.2;0.254;0.161;0.552;2.52;0.305;0.134;0.107;0.139;0.037
8832;0.925;0.874;3.699;0.166;0.21;0.251;0.161;0.557;2.488;0.31;0.134;0.105;0.134;0.034
8833;0.933;0.867;1.87;0.166;0.22;0.269;0.161;0.552;2.456;0.312;0.132;0.105;0.137;0.039
8834;0.933;0.857;1.375;0.171;0.227;0.273;0.166;0.552;2.422;0.315;0.127;0.103;0.134;0.039
8835;0.93;0.857;1.006;0.168;0.222;0.278;0.171;0.554;2.397;0.322;0.129;0.103;0.132;0.044
8836;0.928;0.85;0.852;0.176;0.212;0.278;0.176;0.554;2.366;0.33;0.125;0.1;0.127;0.029
8837;0.925;0.852;0.72;0.186;0.203;0.269;0.183;0.552;2.341;0.334;0.122;0.103;0.129;0.037
8838;0.928;0.845;1.35;0.188;0.188;0.261;0.198;0.554;2.31;0.342;0.125;0.1;0.132;0.042
8839;0.93;0.842;4.998;0.19;0.181;0.266;0.21;0.547;2.28;0.344;0.122;0.1;0.127;0.037
8840;0.928;0.84;4.998;0.188;0.178;0.251;0.22;0.547;2.253;0.349;0.122;0.1;0.127;0.034
8841;0.925;0.833;4.998;0.188;0.178;0.254;0.22;0.544;2.227;0.354;0.122;0.1;0.125;0.037
8842;0.92;0.835;4.998;0.195;0.178;0.254;0.222;0.559;2.195;0.356;0.12;0.1;0.127;0.034
8843;0.911;0.84;4.998;0.198;0.176;0.247;0.22;0.564;2.163;0.354;0.117;0.1;0.122;0.034
8844;0.901;0.842;4.998;0.2;0.181;0.244;0.217;0.552;2.126;0.352;0.115;0.1;0.12;0.032
8845;0.889;0.84;4.998;0.195;0.173;0.249;0.21;0.562;2.097;0.349;0.117;0.1;0.125;0.034
8846;0.889;0.837;4.998;0.195;0.171;0.237;0.203;0.549;2.058;0.352;0.112;0.1;0.125;0.037
8847;0.886;0.833;4.998;0.195;0.173;0.239;0.198;0.542;2.017;0.347;0.112;0.1;0.125;0.039
8848;0.886;0.83;4.998;0.195;0.176;0.232;0.193;0.53;1.98;0.342;0.11;0.1;0.122;0.034
8849;0.891;0.83;4.998;0.198;0.181;0.227;0.195;0.53;1.946;0.337;0.11;0.1;0.125;0.037
8850;0.898;0.83;4.998;0.2;0.186;0.229;0.193;0.53;1.904;0.334;0.107;0.1;0.12;0.037
8851;0.901;0.83;4.998;0.203;0.193;0.217;0.193;0.54;1.868;0.327;0.107;0.1;0.12;0.032
8852;0.908;0.83;4.998;0.198;0.198;0.225;0.193;0.559;1.831;0.327;0.107;0.1;0.12;0.034
8853;0.911;0.828;4.998;0.193;0.2;0.22;0.19;0.554;1.794;0.32;0.105;0.098;0.117;0.029
8854;0.92;0.83;4.998;0.195;0.195;0.21;0.188;0.54;1.755;0.312;0.103;0.098;0.117;0.032
8855;0.93;0.83;4.998;0.2;0.198;0.217;0.193;0.544;1.716;0.305;0.098;0.098;0.115;0.032
8856;0.938;0.837;4.998;0.203;0.198;0.215;0.198;0.549;1.682;0.3;0.1;0.098;0.115;0.032
8857;0.935;0.84;4.998;0.21;0.198;0.225;0.193;0.559;1.648;0.295;0.1;0.1;0.11;0.032
8858;0.933;0.845;4.998;0.21;0.195;0.232;0.19;0.562;1.609;0.291;0.098;0.095;0.115;0.037
8859;0.933;0.847;4.998;0.217;0.19;0.229;0.181;0.54;1.577;0.286;0.095;0.098;0.112;0.029
8860;0.92;0.842;4.998;0.22;0.198;0.234;0.173;0.542;1.543;0.286;0.095;0.1;0.11;0.032
8861;0.911;0.845;4.998;0.222;0.19;0.232;0.176;0.535;1.509;0.283;0.093;0.098;0.107;0.032
8862;0.901;0.845;4.998;0.22;0.19;0.232;0.178;0.554;1.482;0.281;0.093;0.098;0.11;0.029
8863;0.894;0.845;4.023;0.217;0.188;0.229;0.188;0.549;1.448;0.281;0.09;0.098;0.107;0.034
8864;0.894;0.845;2.593;0.212;0.188;0.234;0.186;0.557;1.414;0.278;0.088;0.095;0.107;0.029
8865;0.894;0.842;1.848;0.208;0.186;0.234;0.183;0.552;1.384;0.283;0.088;0.095;0.1;0.034
8866;0.891;0.842;1.702;0.198;0.181;0.229;0.188;0.564;1.353;0.281;0.088;0.1;0.103;0.037
8867;0.891;0.84;1.108;0.193;0.176;0.237;0.193;0.557;1.326;0.288;0.088;0.095;0.1;0.034
8868;0.889;0.842;0.894;0.195;0.173;0.234;0.198;0.557;1.294;0.286;0.088;0.095;0.098;0.034
8869;0.891;0.84;0.784;0.203;0.166;0.234;0.205;0.552;1.265;0.291;0.088;0.093;0.095;0.034
8870;0.894;0.84;0.535;0.203;0.164;0.232;0.208;0.562;1.238;0.295;0.088;0.095;0.098;0.037
8871;0.894;0.84;0.527;0.205;0.166;0.234;0.203;0.547;1.211;0.298;0.088;0.093;0.095;0.037
8872;0.894;0.842;0.505;0.198;0.173;0.237;0.205;0.527;1.184;0.303;0.088;0.093;0.095;0.037
8873;0.894;0.847;0.435;0.186;0.178;0.232;0.198;0.549;1.157;0.312;0.09;0.095;0.093;0.042
8874;0.896;0.854;0.317;0.181;0.183;0.242;0.198;0.581;1.128;0.312;0.09;0.09;0.093;0.034
8875;0.891;0.852;0.317;0.176;0.186;0.237;0.19;0.566;1.106;0.32;0.088;0.088;0.093;0.037
8876;0.894;0.852;0.425;0.181;0.186;0.232;0.195;0.554;1.084;0.327;0.093;0.09;0.088;0.039
8877;0.894;0.842;0.422;0.181;0.186;0.232;0.19;0.547;1.064;0.332;0.093;0.09;0.088;0.037
8878;0.898;0.85;0.352;0.183;0.183;0.229;0.193;0.557;1.05;0.339;0.09;0.088;0.085;0.039
8879;0.894;0.847;0.278;0.188;0.176;0.229;0.198;0.542;1.04;0.347;0.093;0.09;0.085;0.042
8880;0.894;0.852;0.266;0.198;0.178;0.232;0.195;0.559;1.035;0.356;0.093;0.09;0.083;0.039
8881;0.891;0.847;0.256;0.208;0.176;0.234;0.195;0.574;1.033;0.356;0.09;0.085;0.083;0.044
8882;0.889;0.847;0.261;0.22;0.171;0.232;0.203;0.571;1.042;0.364;0.093;0.088;0.085;0.039
8883;0.884;0.837;0.244;0.225;0.166;0.229;0.203;0.569;1.057;0.369;0.093;0.088;0.081;0.039
8884;0.884;0.842;0.264;0.227;0.161;0.232;0.2;0.576;1.079;0.369;0.093;0.085;0.083;0.044
8885;0.881;0.84;0.244;0.222;0.156;0.234;0.205;0.579;1.121;0.374;0.095;0.088;0.081;0.039
8886;0.881;0.837;0.249;0.215;0.149;0.237;0.203;0.571;1.172;0.376;0.095;0.085;0.083;0.042
8887;0.879;0.833;0.249;0.208;0.151;0.244;0.2;0.571;1.228;0.376;0.095;0.088;0.083;0.042
8888;0.879;0.828;0.354;0.198;0.156;0.242;0.198;0.574;1.296;0.376;0.095;0.088;0.081;0.039
8889;0.872;0.828;0.825;0.188;0.161;0.244;0.198;0.566;1.37;0.376;0.095;0.085;0.081;0.039
8890;0.869;0.825;0.837;0.181;0.161;0.242;0.198;0.552;1.445;0.378;0.093;0.088;0.085;0.042
8891;0.869;0.828;0.879;0.178;0.168;0.242;0.19;0.566;1.523;0.378;0.093;0.09;0.078;0.039
8892;0.879;0.825;0.793;0.176;0.171;0.239;0.188;0.559;1.592;0.383;0.093;0.088;0.078;0.039
8893;0.881;0.82;0.908;0.171;0.176;0.237;0.188;0.544;1.667;0.388;0.095;0.09;0.081;0.039
8894;0.896;0.818;0.801;0.166;0.181;0.239;0.198;0.549;1.729;0.388;0.093;0.09;0.078;0.042
8895;0.906;0.818;0.652;0.166;0.186;0.234;0.2;0.571;1.787;0.386;0.093;0.09;0.076;0.037
8896;0.918;0.813;0.723;0.156;0.188;0.232;0.208;0.576;1.838;0.386;0.09;0.09;0.078;0.044
8897;0.918;0.818;0.574;0.154;0.181;0.229;0.21;0.569;1.882;0.388;0.095;0.09;0.078;0.034
8898;0.916;0.815;0.474;0.151;0.166;0.227;0.203;0.564;1.919;0.383;0.09;0.09;0.073;0.039
8899;0.908;0.818;0.415;0.151;0.149;0.229;0.2;0.581;1.946;0.381;0.09;0.093;0.073;0.039
8900;0.906;0.82;0.476;0.154;0.137;0.229;0.203;0.571;1.975;0.378;0.093;0.095;0.076;0.037
8901;0.903;0.825;0.339;0.156;0.132;0.229;0.203;0.591;1.997;0.374;0.09;0.093;0.073;0.037
8902;0.901;0.833;0.215;0.161;0.127;0.227;0.205;0.581;2.019;0.369;0.09;0.093;0.071;0.039
8903;0.903;0.837;0.21;0.161;0.12;0.227;0.203;0.588;2.046;0.364;0.093;0.098;0.071;0.034
8904;0.891;0.84;0.522;0.164;0.12;0.227;0.195;0.571;2.07;0.354;0.09;0.098;0.066;0.039
8905;0.889;0.842;0.811;0.168;0.12;0.22;0.188;0.564;2.097;0.354;0.088;0.098;0.071;0.034
8906;0.879;0.842;0.574;0.173;0.115;0.22;0.178;0.549;2.119;0.349;0.09;0.1;0.066;0.034
8907;0.867;0.847;0.315;0.178;0.115;0.22;0.173;0.537;2.141;0.342;0.088;0.098;0.068;0.037
8908;0.869;0.85;0.862;0.178;0.122;0.215;0.176;0.544;2.161;0.339;0.088;0.1;0.066;0.037
8909;0.869;0.854;0.591;0.176;0.127;0.215;0.178;0.552;2.18;0.334;0.088;0.098;0.061;0.034
8910;0.876;0.857;0.537;0.181;0.127;0.217;0.178;0.554;2.2;0.33;0.083;0.095;0.061;0.037
8911;0.879;0.857;0.403;0.181;0.129;0.217;0.176;0.54;2.224;0.322;0.085;0.1;0.061;0.037
8912;0.876;0.862;0.198;0.183;0.142;0.212;0.166;0.557;2.251;0.327;0.09;0.103;0.061;0.032
8913;0.872;0.862;0.203;0.19;0.144;0.217;0.164;0.547;2.275;0.322;0.083;0.095;0.061;0.037
8914;0.862;0.864;0.205;0.188;0.142;0.225;0.168;0.537;2.312;0.322;0.085;0.1;0.059;0.034
8915;0.859;0.869;0.208;0.195;0.137;0.229;0.173;0.53;2.346;0.315;0.083;0.098;0.056;0.034
8916;0.859;0.869;0.215;0.198;0.129;0.229;0.178;0.542;2.385;0.317;0.088;0.098;0.059;0.034
8917;0.867;0.869;0.215;0.203;0.129;0.229;0.178;0.549;2.422;0.317;0.085;0.098;0.059;0.039
8918;0.876;0.869;0.2;0.205;0.129;0.229;0.186;0.552;2.456;0.32;0.085;0.095;0.054;0.032
8919;0.881;0.859;0.198;0.21;0.134;0.225;0.183;0.549;2.495;0.32;0.083;0.095;0.056;0.037
8920;0.891;0.859;0.249;0.217;0.137;0.217;0.183;0.54;2.534;0.32;0.083;0.098;0.059;0.034
8921;0.889;0.857;0.513;0.215;0.134;0.217;0.186;0.54;2.573;0.32;0.081;0.095;0.061;0.044
8922;0.886;0.852;0.569;0.217;0.134;0.208;0.186;0.552;2.617;0.322;0.081;0.098;0.056;0.037
8923;0.889;0.842;0.818;0.22;0.129;0.208;0.188;0.537;2.659;0.32;0.083;0.095;0.054;0.032
8924;0.894;0.842;0.825;0.212;0.134;0.203;0.186;0.54;2.693;0.32;0.083;0.098;0.056;0.042
8925;0.901;0.835;1.023;0.21;0.139;0.205;0.186;0.547;2.725;0.322;0.083;0.098;0.054;0.032
8926;0.906;0.835;0.862;0.212;0.139;0.205;0.188;0.559;2.744;0.32;0.081;0.098;0.056;0.042
8927;0.908;0.833;0.845;0.212;0.142;0.208;0.19;0.547;2.764;0.322;0.083;0.1;0.054;0.037
8928;0.906;0.83;0.864;0.21;0.137;0.205;0.19;0.532;2.776;0.322;0.085;0.1;0.056;0.039
8929;0.896;0.825;0.989;0.21;0.137;0.21;0.193;0.542;2.781;0.317;0.085;0.098;0.054;0.042
8930;0.886;0.823;0.762;0.208;0.137;0.215;0.186;0.557;2.783;0.317;0.083;0.095;0.054;0.042
8931;0.886;0.82;0.955;0.212;0.134;0.217;0.181;0.54;2.783;0.317;0.085;0.098;0.051;0.044
8932;0.884;0.823;0.906;0.222;0.139;0.215;0.176;0.549;2.781;0.317;0.085;0.095;0.054;0.042
8933;0.891;0.823;0.737;0.227;0.139;0.215;0.171;0.564;2.778;0.315;0.088;0.098;0.051;0.042
8934;0.896;0.825;0.896;0.229;0.146;0.217;0.168;0.566;2.769;0.308;0.085;0.095;0.051;0.042
8935;0.901;0.825;0.967;0.227;0.142;0.22;0.171;0.557;2.756;0.31;0.088;0.095;0.051;0.044
8936;0.894;0.823;1.292;0.225;0.149;0.222;0.171;0.552;2.747;0.308;0.09;0.095;0.049;0.042
8937;0.894;0.823;1.008;0.225;0.146;0.222;0.166;0.54;2.729;0.305;0.088;0.095;0.054;0.046
8938;0.889;0.825;0.896;0.225;0.137;0.227;0.161;0.537;2.715;0.305;0.093;0.095;0.051;0.042
8939;0.886;0.828;0.752;0.222;0.127;0.227;0.161;0.53;2.693;0.3;0.088;0.095;0.049;0.046
8940;0.884;0.83;1.233;0.22;0.127;0.222;0.166;0.544;2.676;0.303;0.093;0.098;0.049;0.044
8941;0.886;0.833;1.064;0.217;0.12;0.215;0.176;0.54;2.651;0.303;0.09;0.098;0.051;0.044
8942;0.886;0.833;0.886;0.215;0.122;0.208;0.181;0.544;2.627;0.305;0.09;0.098;0.049;0.046
8943;0.884;0.825;0.745;0.21;0.12;0.203;0.181;0.537;2.603;0.303;0.093;0.093;0.049;0.044
8944;0.884;0.825;0.63;0.21;0.117;0.195;0.178;0.547;2.581;0.3;0.093;0.09;0.051;0.049
8945;0.884;0.823;0.938;0.21;0.115;0.195;0.173;0.544;2.559;0.3;0.09;0.095;0.049;0.049
8946;0.881;0.823;0.332;0.212;0.11;0.193;0.178;0.54;2.537;0.303;0.095;0.095;0.046;0.042
8947;0.881;0.82;0.352;0.22;0.115;0.19;0.181;0.542;2.517;0.3;0.095;0.098;0.049;0.049
8948;0.889;0.82;0.618;0.225;0.125;0.193;0.178;0.532;2.498;0.295;0.093;0.095;0.046;0.049
8949;0.889;0.815;0.354;0.227;0.127;0.188;0.173;0.53;2.48;0.295;0.093;0.095;0.051;0.049
8950;0.889;0.818;0.444;0.225;0.137;0.193;0.176;0.54;2.468;0.293;0.095;0.095;0.051;0.046
8951;0.886;0.815;0.564;0.22;0.137;0.193;0.171;0.559;2.451;0.291;0.093;0.098;0.051;0.049
8952;0.886;0.82;0.588;0.215;0.137;0.193;0.166;0.552;2.441;0.286;0.095;0.098;0.049;0.044
8953;0.879;0.818;0.486;0.212;0.139;0.19;0.168;0.562;2.437;0.286;0.095;0.095;0.051;0.046
8954;0.876;0.823;0.752;0.217;0.137;0.19;0.171;0.559;2.424;0.283;0.095;0.095;0.051;0.044
8955;0.874;0.825;0.378;0.217;0.137;0.195;0.168;0.542;2.417;0.278;0.095;0.095;0.051;0.046
8956;0.869;0.828;0.422;0.215;0.132;0.198;0.168;0.54;2.41;0.271;0.093;0.095;0.054;0.051
8957;0.867;0.833;0.552;0.208;0.127;0.195;0.166;0.544;2.397;0.269;0.09;0.095;0.051;0.046
8958;0.867;0.837;0.771;0.203;0.125;0.193;0.168;0.559;2.385;0.264;0.095;0.095;0.054;0.051
8959;0.864;0.835;0.452;0.203;0.127;0.19;0.171;0.54;2.373;0.264;0.093;0.093;0.051;0.049
8960;0.869;0.837;0.266;0.203;0.122;0.183;0.176;0.552;2.358;0.259;0.093;0.095;0.054;0.046
8961;0.872;0.837;0.598;0.2;0.12;0.183;0.178;0.562;2.336;0.254;0.088;0.093;0.054;0.046
8962;0.879;0.84;0.608;0.193;0.12;0.183;0.178;0.566;2.322;0.251;0.09;0.093;0.049;0.046
8963;0.886;0.842;0.601;0.186;0.12;0.186;0.178;0.552;2.305;0.249;0.093;0.093;0.051;0.046
8964;0.886;0.842;0.718;0.181;0.125;0.181;0.178;0.552;2.28;0.244;0.09;0.09;0.051;0.044
8965;0.881;0.84;0.667;0.176;0.129;0.183;0.173;0.554;2.258;0.244;0.09;0.09;0.051;0.049
8966;0.874;0.837;0.554;0.171;0.127;0.188;0.178;0.542;2.236;0.239;0.09;0.09;0.051;0.044
8967;0.874;0.84;0.708;0.166;0.127;0.188;0.181;0.544;2.214;0.237;0.09;0.09;0.051;0.046
8968;0.869;0.84;0.505;0.159;0.132;0.193;0.178;0.559;2.185;0.237;0.09;0.09;0.051;0.046
8969;0.869;0.842;0.64;0.159;0.132;0.195;0.178;0.547;2.153;0.234;0.088;0.085;0.051;0.042
8970;0.867;0.847;0.498;0.164;0.134;0.195;0.173;0.554;2.114;0.232;0.088;0.09;0.051;0.046
8971;0.862;0.845;0.469;0.173;0.139;0.19;0.171;0.552;2.075;0.227;0.085;0.088;0.054;0.049
8972;0.859;0.847;0.713;0.178;0.142;0.193;0.166;0.559;2.039;0.225;0.085;0.09;0.051;0.042
8973;0.852;0.845;0.801;0.181;0.139;0.19;0.168;0.542;1.995;0.225;0.083;0.085;0.051;0.046
8974;0.854;0.847;0.554;0.181;0.142;0.188;0.173;0.535;1.956;0.22;0.085;0.09;0.051;0.044
8975;0.852;0.85;0.466;0.178;0.142;0.19;0.166;0.549;1.914;0.22;0.081;0.085;0.051;0.046
8976;0.862;0.847;0.442;0.183;0.149;0.193;0.164;0.564;1.87;0.22;0.081;0.085;0.051;0.044
8977;0.869;0.847;0.579;0.188;0.154;0.193;0.161;0.564;1.829;0.22;0.078;0.085;0.051;0.044
8978;0.876;0.845;0.53;0.2;0.156;0.198;0.159;0.569;1.79;0.217;0.081;0.085;0.051;0.042
8979;0.884;0.84;0.742;0.22;0.154;0.195;0.159;0.581;1.75;0.215;0.078;0.085;0.049;0.046
8980;0.886;0.84;0.693;0.229;0.149;0.193;0.161;0.576;1.711;0.215;0.078;0.083;0.049;0.039
8981;0.876;0.84;0.574;0.229;0.154;0.188;0.159;0.581;1.672;0.212;0.076;0.083;0.051;0.042
8982;0.872;0.835;0.752;0.237;0.151;0.19;0.149;0.576;1.636;0.215;0.076;0.083;0.046;0.044
8983;0.862;0.835;0.52;0.239;0.146;0.188;0.146;0.571;1.599;0.21;0.076;0.081;0.051;0.042
8984;0.854;0.833;0.593;0.234;0.144;0.188;0.139;0.562;1.562;0.21;0.073;0.081;0.051;0.044
8985;0.85;0.833;0.454;0.234;0.142;0.186;0.134;0.562;1.533;0.21;0.076;0.081;0.046;0.042
8986;0.85;0.833;0.352;0.229;0.142;0.188;0.139;0.576;1.499;0.208;0.076;0.081;0.049;0.042
8987;0.842;0.835;0.312;0.229;0.142;0.186;0.142;0.559;1.467;0.205;0.076;0.078;0.051;0.039
8988;0.837;0.833;0.244;0.234;0.142;0.188;0.144;0.569;1.44;0.205;0.076;0.078;0.049;0.044
8989;0.833;0.833;0.305;0.229;0.144;0.188;0.144;0.586;1.414;0.205;0.078;0.081;0.049;0.046
8990;0.83;0.835;0.315;0.227;0.139;0.193;0.144;0.581;1.384;0.203;0.078;0.076;0.049;0.042
8991;0.833;0.84;0.269;0.225;0.142;0.193;0.146;0.581;1.357;0.205;0.081;0.076;0.051;0.042
8992;0.837;0.842;0.295;0.22;0.144;0.2;0.149;0.583;1.328;0.203;0.078;0.076;0.049;0.037
8993;0.84;0.842;0.339;0.215;0.146;0.198;0.154;0.593;1.301;0.2;0.078;0.076;0.049;0.046
8994;0.842;0.842;0.33;0.217;0.161;0.195;0.151;0.581;1.277;0.2;0.081;0.076;0.046;0.039
8995;0.845;0.842;0.278;0.22;0.164;0.198;0.151;0.569;1.25;0.198;0.085;0.073;0.051;0.042
8996;0.842;0.842;0.376;0.225;0.171;0.2;0.144;0.579;1.223;0.198;0.081;0.071;0.046;0.042
8997;0.837;0.845;0.4;0.229;0.176;0.195;0.146;0.603;1.201;0.198;0.088;0.073;0.046;0.039
8998;0.83;0.845;0.308;0.232;0.176;0.198;0.144;0.603;1.182;0.198;0.09;0.071;0.046;0.039
8999;0.828;0.845;0.266;0.229;0.183;0.195;0.146;0.588;1.162;0.195;0.093;0.071;0.049;0.044
9000;0.828;0.842;0.239;0.225;0.181;0.193;0.151;0.579;1.143;0.195;0.09;0.066;0.046;0.039
9001;0.825;0.84;0.254;0.22;0.173;0.19;0.156;0.566;1.125;0.193;0.093;0.066;0.051;0.042
9002;0.825;0.842;0.227;0.215;0.171;0.193;0.161;0.557;1.108;0.19;0.095;0.066;0.049;0.039
9003;0.825;0.845;0.19;0.212;0.168;0.193;0.168;0.557;1.096;0.19;0.1;0.066;0.044;0.044
9004;0.83;0.85;0.188;0.21;0.171;0.193;0.173;0.566;1.079;0.193;0.105;0.063;0.046;0.039
9005;0.833;0.854;0.186;0.2;0.168;0.198;0.171;0.571;1.067;0.19;0.105;0.063;0.046;0.039
9006;0.835;0.859;0.183;0.198;0.161;0.203;0.171;0.574;1.052;0.188;0.105;0.066;0.049;0.037
9007;0.84;0.862;0.176;0.193;0.164;0.203;0.164;0.557;1.042;0.188;0.107;0.063;0.049;0.044
9008;0.84;0.862;0.183;0.193;0.166;0.208;0.156;0.562;1.038;0.188;0.107;0.061;0.046;0.037
9009;0.842;0.859;0.186;0.198;0.164;0.21;0.151;0.564;1.03;0.188;0.11;0.061;0.046;0.042
9010;0.842;0.864;0.193;0.2;0.168;0.208;0.142;0.576;1.025;0.188;0.112;0.063;0.049;0.039
9011;0.842;0.864;0.193;0.205;0.171;0.205;0.137;0.559;1.023;0.186;0.11;0.061;0.049;0.039
9012;0.835;0.859;0.2;0.215;0.173;0.2;0.139;0.547;1.023;0.181;0.11;0.059;0.049;0.042
9013;0.828;0.854;0.195;0.212;0.173;0.195;0.142;0.54;1.028;0.186;0.11;0.061;0.051;0.039
9014;0.818;0.85;0.19;0.217;0.171;0.19;0.146;0.549;1.028;0.186;0.115;0.061;0.049;0.039
9015;0.806;0.842;0.188;0.217;0.166;0.188;0.146;0.557;1.03;0.183;0.115;0.059;0.051;0.042
9016;0.798;0.837;0.188;0.217;0.168;0.186;0.154;0.552;1.033;0.178;0.112;0.059;0.049;0.039
9017;0.793;0.828;0.188;0.222;0.164;0.183;0.156;0.557;1.038;0.176;0.115;0.061;0.051;0.039
9018;0.791;0.825;0.188;0.227;0.164;0.183;0.159;0.562;1.038;0.176;0.115;0.061;0.049;0.037
9019;0.786;0.82;0.183;0.229;0.161;0.188;0.161;0.564;1.047;0.173;0.115;0.059;0.049;0.037
9020;0.784;0.818;0.178;0.232;0.159;0.19;0.161;0.574;1.055;0.173;0.117;0.061;0.049;0.039
9021;0.784;0.815;0.173;0.229;0.164;0.195;0.151;0.564;1.064;0.168;0.117;0.061;0.049;0.039
9022;0.791;0.815;0.168;0.225;0.168;0.195;0.146;0.552;1.079;0.166;0.115;0.061;0.049;0.034
9023;0.796;0.815;0.164;0.222;0.166;0.195;0.144;0.54;1.101;0.166;0.117;0.059;0.049;0.034
9024;0.803;0.811;0.156;0.222;0.168;0.2;0.142;0.547;1.118;0.161;0.117;0.059;0.049;0.037
9025;0.813;0.813;0.156;0.225;0.173;0.2;0.144;0.557;1.152;0.161;0.12;0.061;0.051;0.039
9026;0.818;0.808;0.146;0.227;0.178;0.2;0.142;0.554;1.179;0.159;0.115;0.059;0.051;0.034
9027;0.818;0.808;0.139;0.222;0.188;0.2;0.146;0.562;1.216;0.156;0.117;0.063;0.049;0.037
9028;0.818;0.808;0.146;0.217;0.19;0.2;0.151;0.557;1.255;0.156;0.117;0.061;0.049;0.037
9029;0.815;0.811;0.142;0.21;0.195;0.195;0.151;0.564;1.299;0.156;0.12;0.061;0.051;0.034
9030;0.815;0.813;0.142;0.208;0.193;0.198;0.161;0.549;1.34;0.154;0.12;0.061;0.049;0.034
9031;0.813;0.811;0.146;0.208;0.19;0.195;0.171;0.559;1.387;0.154;0.12;0.059;0.046;0.032
9032;0.813;0.813;0.156;0.21;0.188;0.2;0.183;0.532;1.426;0.154;0.117;0.059;0.051;0.034
9033;0.813;0.811;0.159;0.212;0.183;0.203;0.19;0.542;1.46;0.154;0.122;0.061;0.049;0.037
9034;0.813;0.811;0.164;0.217;0.183;0.208;0.198;0.544;1.492;0.149;0.122;0.061;0.049;0.032
9035;0.811;0.808;0.168;0.215;0.183;0.212;0.2;0.554;1.519;0.151;0.122;0.061;0.046;0.032
9036;0.818;0.808;0.176;0.215;0.173;0.215;0.203;0.552;1.548;0.149;0.12;0.059;0.049;0.037
9037;0.815;0.808;0.171;0.205;0.171;0.215;0.203;0.552;1.572;0.151;0.122;0.056;0.049;0.032
9038;0.811;0.815;0.166;0.198;0.173;0.217;0.208;0.54;1.599;0.149;0.125;0.061;0.049;0.034
9039;0.808;0.813;0.168;0.19;0.171;0.217;0.203;0.542;1.626;0.151;0.122;0.061;0.044;0.032
9040;0.803;0.815;0.159;0.186;0.173;0.217;0.195;0.544;1.643;0.149;0.122;0.061;0.046;0.032
9041;0.801;0.813;0.181;0.183;0.171;0.212;0.193;0.537;1.655;0.146;0.125;0.059;0.049;0.037
9042;0.793;0.813;0.242;0.186;0.173;0.21;0.186;0.542;1.665;0.149;0.122;0.061;0.049;0.029
9043;0.791;0.813;0.261;0.19;0.176;0.205;0.181;0.544;1.68;0.149;0.122;0.061;0.044;0.032
9044;0.786;0.815;0.31;0.193;0.176;0.2;0.173;0.54;1.694;0.146;0.122;0.056;0.044;0.032
9045;0.781;0.815;0.349;0.2;0.195;0.195;0.166;0.537;1.719;0.149;0.122;0.059;0.044;0.032
9046;0.781;0.818;0.378;0.205;0.203;0.19;0.156;0.537;1.746;0.146;0.125;0.059;0.042;0.032
9047;0.784;0.815;0.403;0.21;0.203;0.186;0.149;0.559;1.782;0.144;0.122;0.056;0.044;0.032
9048;0.791;0.815;0.408;0.217;0.212;0.186;0.137;0.559;1.824;0.149;0.127;0.059;0.039;0.027
9049;0.798;0.815;0.415;0.222;0.215;0.181;0.132;0.542;1.855;0.146;0.122;0.059;0.042;0.034
9050;0.801;0.811;0.439;0.212;0.22;0.183;0.125;0.547;1.89;0.146;0.127;0.056;0.044;0.034
9051;0.806;0.815;0.471;0.212;0.217;0.19;0.125;0.552;1.912;0.144;0.127;0.059;0.039;0.029
9052;0.806;0.815;0.483;0.21;0.22;0.188;0.125;0.549;1.926;0.144;0.125;0.054;0.044;0.032
9053;0.811;0.815;0.505;0.208;0.229;0.19;0.132;0.549;1.936;0.146;0.125;0.056;0.039;0.032
9054;0.808;0.815;0.498;0.2;0.232;0.198;0.142;0.557;1.936;0.144;0.127;0.054;0.042;0.032
9055;0.811;0.813;0.479;0.193;0.222;0.198;0.149;0.547;1.934;0.144;0.127;0.059;0.039;0.032
9056;0.815;0.813;0.449;0.183;0.215;0.198;0.151;0.544;1.936;0.144;0.129;0.056;0.042;0.032
9057;0.815;0.815;0.449;0.176;0.21;0.198;0.164;0.566;1.931;0.144;0.129;0.056;0.039;0.032
9058;0.82;0.813;0.427;0.176;0.205;0.195;0.168;0.562;1.931;0.146;0.129;0.059;0.044;0.034
9059;0.818;0.813;0.439;0.178;0.198;0.193;0.171;0.559;1.929;0.144;0.132;0.056;0.037;0.034
9060;0.818;0.813;0.405;0.183;0.195;0.19;0.168;0.549;1.921;0.144;0.134;0.056;0.037;0.032
9061;0.818;0.815;0.393;0.188;0.203;0.19;0.171;0.552;1.914;0.144;0.134;0.059;0.039;0.032
9062;0.813;0.811;0.383;0.195;0.203;0.195;0.178;0.544;1.899;0.142;0.132;0.059;0.039;0.034
9063;0.815;0.808;0.374;0.198;0.198;0.195;0.183;0.547;1.892;0.142;0.134;0.059;0.037;0.029
9064;0.813;0.803;0.376;0.198;0.203;0.2;0.181;0.547;1.88;0.144;0.137;0.059;0.037;0.029
9065;0.811;0.798;0.369;0.205;0.203;0.2;0.181;0.54;1.87;0.139;0.132;0.054;0.039;0.034
9066;0.815;0.796;0.376;0.212;0.2;0.198;0.181;0.515;1.904;0.139;0.134;0.056;0.034;0.032
9067;0.811;0.791;0.369;0.21;0.2;0.198;0.171;0.53;1.997;0.142;0.134;0.059;0.032;0.029
9068;0.811;0.789;0.393;0.21;0.2;0.195;0.168;0.544;2.129;0.137;0.134;0.054;0.032;0.032
9069;0.811;0.786;0.505;0.212;0.203;0.2;0.164;0.547;2.295;0.142;0.134;0.056;0.034;0.029
9070;0.803;0.776;0.54;0.21;0.195;0.203;0.159;0.542;2.458;0.137;0.137;0.056;0.032;0.027
9071;0.806;0.776;0.583;0.208;0.193;0.203;0.159;0.54;2.629;0.142;0.134;0.059;0.034;0.027
9072;0.798;0.771;0.659;0.205;0.198;0.2;0.164;0.54;2.817;0.139;0.134;0.059;0.032;0.029
9073;0.803;0.771;0.605;0.203;0.203;0.195;0.164;0.535;3.025;0.142;0.137;0.059;0.029;0.027
9074;0.793;0.771;0.649;0.2;0.208;0.188;0.159;0.53;3.245;0.139;0.134;0.059;0.029;0.024
9075;0.791;0.771;0.637;0.198;0.208;0.186;0.156;0.532;3.484;0.139;0.132;0.054;0.029;0.027
9076;0.786;0.771;0.696;0.195;0.212;0.176;0.149;0.535;3.757;0.139;0.134;0.054;0.029;0.024
9077;0.781;0.774;0.767;0.193;0.212;0.2;0.149;0.535;4.06;0.139;0.134;0.054;0.032;0.027
9078;0.779;0.774;0.786;0.198;0.212;0.171;0.146;0.544;4.382;0.142;0.129;0.054;0.029;0.024
9079;0.781;0.774;0.696;0.198;0.212;0.188;0.149;0.557;4.714;0.142;0.129;0.054;0.027;0.027
9080;0.784;0.774;0.771;0.2;0.222;0.183;0.146;0.549;4.998;0.142;0.134;0.054;0.027;0.024
9081;0.786;0.779;0.703;0.203;0.222;0.178;0.146;0.564;4.998;0.142;0.132;0.051;0.027;0.02
9082;0.786;0.784;0.671;0.2;0.222;0.193;0.146;0.559;4.998;0.144;0.132;0.054;0.029;0.024
9083;0.781;0.786;0.747;0.205;0.222;0.186;0.146;0.559;4.998;0.144;0.127;0.051;0.022;0.02
9084;0.779;0.784;0.671;0.2;0.222;0.195;0.151;0.557;4.998;0.144;0.129;0.054;0.024;0.022
9085;0.781;0.786;0.723;0.205;0.217;0.198;0.151;0.569;4.998;0.142;0.125;0.051;0.027;0.027
9086;0.781;0.789;0.71;0.208;0.21;0.198;0.154;0.564;4.998;0.144;0.127;0.051;0.029;0.022
9087;0.784;0.791;0.691;0.212;0.208;0.205;0.154;0.557;4.998;0.142;0.125;0.051;0.029;0.024
9088;0.784;0.796;0.664;0.205;0.205;0.203;0.154;0.549;4.998;0.142;0.122;0.049;0.027;0.027
9089;0.781;0.796;0.647;0.21;0.2;0.203;0.156;0.562;4.998;0.137;0.122;0.051;0.032;0.024
9090;0.781;0.798;0.605;0.217;0.198;0.215;0.156;0.557;4.998;0.139;0.125;0.054;0.032;0.029
9091;0.784;0.801;0.598;0.222;0.2;0.22;0.159;0.559;4.998;0.139;0.122;0.049;0.032;0.027
9092;0.779;0.798;0.598;0.222;0.21;0.22;0.159;0.562;4.998;0.137;0.12;0.046;0.034;0.027
9093;0.776;0.793;0.586;0.225;0.21;0.229;0.161;0.569;4.998;0.137;0.12;0.049;0.032;0.027
9094;0.776;0.793;0.61;0.22;0.215;0.227;0.161;0.554;4.998;0.132;0.117;0.046;0.032;0.027
9095;0.776;0.796;0.525;0.217;0.215;0.222;0.161;0.564;4.998;0.129;0.115;0.046;0.034;0.032
9096;0.774;0.793;0.566;0.222;0.22;0.217;0.164;0.566;4.998;0.125;0.107;0.044;0.034;0.032
9097;0.767;0.793;0.547;0.222;0.227;0.212;0.159;0.579;4.998;0.127;0.107;0.044;0.034;0.032
9098;0.767;0.791;0.535;0.222;0.229;0.21;0.159;0.557;4.998;0.117;0.103;0.044;0.034;0.034
9099;0.757;0.784;0.549;0.22;0.232;0.212;0.164;0.557;4.998;0.117;0.103;0.042;0.032;0.027
9100;0.757;0.779;0.557;0.212;0.227;0.212;0.164;0.562;4.998;0.115;0.098;0.039;0.034;0.032
9101;0.75;0.776;0.525;0.208;0.215;0.222;0.164;0.566;4.998;0.115;0.098;0.044;0.034;0.032
9102;0.752;0.776;0.596;0.2;0.21;0.22;0.166;0.564;4.998;0.112;0.093;0.039;0.032;0.027
9103;0.752;0.779;0.549;0.203;0.203;0.225;0.168;0.557;4.998;0.112;0.09;0.039;0.034;0.029
9104;0.754;0.771;0.525;0.2;0.203;0.227;0.166;0.581;4.998;0.11;0.093;0.042;0.034;0.032
9105;0.752;0.774;0.532;0.198;0.19;0.217;0.161;0.583;4.998;0.11;0.09;0.039;0.032;0.032
9106;0.75;0.771;0.505;0.19;0.188;0.227;0.154;0.569;4.998;0.11;0.09;0.039;0.034;0.034
9107;0.745;0.764;0.522;0.178;0.193;0.222;0.149;0.576;4.998;0.11;0.085;0.039;0.034;0.032
9108;0.745;0.767;0.537;0.173;0.19;0.22;0.149;0.569;4.998;0.11;0.088;0.039;0.032;0.032
9109;0.742;0.769;0.503;0.168;0.183;0.225;0.146;0.579;4.998;0.103;0.081;0.034;0.032;0.032
9110;0.747;0.767;0.52;0.168;0.181;0.217;0.139;0.581;4.998;0.103;0.083;0.037;0.034;0.032
9111;0.747;0.771;0.525;0.171;0.193;0.217;0.139;0.581;4.998;0.103;0.083;0.039;0.034;0.032
9112;0.754;0.774;0.5;0.173;0.198;0.212;0.129;0.583;4.998;0.098;0.083;0.037;0.037;0.034
9113;0.759;0.774;0.544;0.176;0.208;0.208;0.129;0.576;4.998;0.1;0.081;0.037;0.034;0.032
9114;0.762;0.776;0.535;0.173;0.212;0.21;0.137;0.586;4.998;0.098;0.081;0.037;0.029;0.024
9115;0.759;0.771;0.544;0.173;0.215;0.2;0.144;0.615;4.998;0.098;0.083;0.037;0.037;0.032
9116;0.757;0.771;0.576;0.173;0.217;0.195;0.151;0.603;4.998;0.1;0.083;0.039;0.037;0.032
9117;0.759;0.771;0.559;0.178;0.21;0.19;0.164;0.596;4.998;0.098;0.081;0.037;0.034;0.032
9118;0.759;0.769;0.564;0.181;0.21;0.188;0.173;0.608;4.998;0.098;0.081;0.037;0.037;0.032
9119;0.759;0.769;0.569;0.181;0.21;0.19;0.178;0.593;4.998;0.095;0.083;0.037;0.037;0.034
9120;0.757;0.771;0.559;0.176;0.208;0.198;0.183;0.579;4.998;0.1;0.083;0.042;0.039;0.034
9121;0.754;0.771;0.586;0.178;0.205;0.203;0.183;0.586;4.998;0.098;0.083;0.037;0.044;0.039
9122;0.752;0.771;0.598;0.176;0.2;0.208;0.183;0.598;4.998;0.098;0.085;0.037;0.042;0.037
9123;0.747;0.769;0.581;0.181;0.198;0.21;0.178;0.598;4.998;0.1;0.085;0.039;0.042;0.032
9124;0.75;0.769;0.603;0.193;0.198;0.208;0.178;0.583;4.998;0.1;0.088;0.039;0.044;0.039
9125;0.75;0.771;0.571;0.203;0.193;0.212;0.176;0.593;4.998;0.098;0.088;0.037;0.042;0.039
9126;0.752;0.771;0.588;0.203;0.19;0.215;0.173;0.586;4.998;0.1;0.088;0.037;0.044;0.039
9127;0.752;0.769;0.61;0.205;0.193;0.225;0.173;0.583;4.998;0.1;0.088;0.037;0.044;0.037
9128;0.75;0.769;0.591;0.208;0.198;0.225;0.176;0.579;4.998;0.103;0.093;0.042;0.042;0.042
9129;0.75;0.767;0.613;0.212;0.208;0.225;0.176;0.579;4.998;0.1;0.093;0.037;0.042;0.042
9130;0.75;0.762;0.61;0.225;0.217;0.222;0.173;0.569;4.998;0.1;0.09;0.037;0.042;0.039
9131;0.75;0.764;0.62;0.234;0.227;0.212;0.173;0.576;4.998;0.105;0.093;0.042;0.042;0.037
9132;0.75;0.762;0.62;0.232;0.229;0.212;0.176;0.583;4.998;0.103;0.085;0.037;0.044;0.042
9133;0.752;0.759;0.618;0.225;0.227;0.21;0.178;0.583;4.998;0.1;0.085;0.032;0.042;0.039
9134;0.757;0.759;0.608;0.22;0.22;0.205;0.181;0.569;4.998;0.107;0.088;0.037;0.042;0.039
9135;0.764;0.759;0.593;0.21;0.212;0.205;0.176;0.574;4.998;0.105;0.085;0.037;0.049;0.039
9136;0.769;0.759;0.605;0.205;0.21;0.203;0.176;0.586;4.998;0.107;0.085;0.037;0.044;0.039
9137;0.776;0.759;0.603;0.203;0.205;0.198;0.171;0.586;4.998;0.11;0.085;0.039;0.042;0.034
9138;0.781;0.757;0.608;0.2;0.2;0.193;0.171;0.581;4.998;0.112;0.083;0.037;0.046;0.042
9139;0.779;0.754;0.581;0.2;0.186;0.19;0.178;0.576;4.998;0.115;0.085;0.037;0.046;0.037
9140;0.786;0.757;0.569;0.203;0.181;0.195;0.19;0.579;4.998;0.115;0.083;0.037;0.049;0.039
9141;0.789;0.757;0.554;0.203;0.173;0.195;0.198;0.581;4.998;0.112;0.083;0.034;0.042;0.042
9142;0.791;0.757;0.547;0.21;0.173;0.205;0.2;0.588;4.998;0.117;0.085;0.034;0.044;0.037
9143;0.793;0.759;0.554;0.212;0.181;0.21;0.205;0.601;4.998;0.117;0.083;0.032;0.044;0.037
9144;0.796;0.754;0.547;0.21;0.183;0.212;0.2;0.605;4.998;0.117;0.085;0.034;0.044;0.037
9145;0.793;0.752;0.549;0.205;0.19;0.217;0.195;0.605;4.998;0.122;0.085;0.037;0.044;0.039
9146;0.793;0.75;0.552;0.205;0.2;0.22;0.19;0.603;4.998;0.12;0.085;0.032;0.044;0.034
9147;0.791;0.75;0.547;0.198;0.2;0.22;0.19;0.61;4.998;0.122;0.088;0.032;0.044;0.037
9148;0.791;0.752;0.549;0.193;0.195;0.217;0.178;0.623;4.998;0.122;0.09;0.037;0.046;0.037
9149;0.789;0.754;0.549;0.186;0.188;0.22;0.171;0.625;4.998;0.125;0.09;0.037;0.044;0.037
9150;0.789;0.754;0.564;0.181;0.183;0.22;0.159;0.615;4.998;0.125;0.09;0.034;0.046;0.034
9151;0.786;0.754;0.581;0.183;0.183;0.215;0.151;0.623;4.998;0.122;0.088;0.034;0.042;0.034
9152;0.784;0.752;0.581;0.183;0.178;0.212;0.151;0.615;4.998;0.127;0.093;0.042;0.044;0.032
9153;0.779;0.747;0.608;0.186;0.181;0.205;0.154;0.627;4.998;0.122;0.085;0.034;0.039;0.032
9154;0.774;0.747;0.605;0.188;0.171;0.2;0.156;0.62;4.998;0.125;0.088;0.037;0.039;0.029
9155;0.771;0.742;0.608;0.188;0.171;0.198;0.154;0.591;4.998;0.127;0.09;0.039;0.039;0.032
9156;0.771;0.745;0.608;0.19;0.168;0.198;0.154;0.574;4.998;0.129;0.088;0.039;0.039;0.027
9157;0.771;0.74;0.608;0.193;0.168;0.2;0.154;0.583;4.998;0.127;0.085;0.037;0.037;0.029
9158;0.769;0.735;0.615;0.195;0.168;0.2;0.154;0.583;4.998;0.132;0.085;0.039;0.039;0.027
9159;0.774;0.732;0.62;0.198;0.164;0.203;0.159;0.581;4.998;0.132;0.085;0.044;0.039;0.029
9160;0.771;0.73;0.632;0.195;0.166;0.203;0.161;0.586;4.998;0.134;0.088;0.044;0.037;0.029
9161;0.774;0.725;0.635;0.193;0.173;0.205;0.156;0.581;4.998;0.137;0.088;0.046;0.037;0.029
9162;0.779;0.725;0.627;0.188;0.176;0.212;0.156;0.581;4.998;0.139;0.09;0.046;0.039;0.029
9163;0.779;0.725;0.625;0.188;0.181;0.215;0.151;0.583;4.998;0.139;0.09;0.049;0.037;0.029
9164;0.776;0.728;0.627;0.176;0.176;0.222;0.149;0.591;4.998;0.144;0.09;0.051;0.039;0.032
9165;0.781;0.73;0.613;0.178;0.166;0.225;0.146;0.596;4.998;0.144;0.09;0.049;0.039;0.032
9166;0.779;0.732;0.615;0.178;0.144;0.222;0.142;0.596;4.998;0.144;0.083;0.049;0.039;0.029
9167;0.784;0.737;0.601;0.178;0.132;0.22;0.139;0.596;4.998;0.144;0.088;0.051;0.039;0.034
9168;0.781;0.742;0.596;0.181;0.127;0.217;0.139;0.591;4.998;0.144;0.085;0.054;0.042;0.034
9169;0.781;0.742;0.574;0.186;0.125;0.217;0.142;0.586;4.998;0.144;0.083;0.054;0.044;0.032
9170;0.779;0.747;0.569;0.183;0.122;0.215;0.142;0.586;4.998;0.142;0.088;0.054;0.044;0.037
9171;0.776;0.742;0.559;0.173;0.122;0.215;0.144;0.576;4.998;0.142;0.085;0.056;0.044;0.037
9172;0.771;0.745;0.564;0.171;0.129;0.215;0.151;0.579;4.998;0.134;0.083;0.051;0.042;0.034
9173;0.767;0.742;0.569;0.168;0.132;0.212;0.149;0.576;4.998;0.134;0.083;0.054;0.042;0.032
9174;0.762;0.74;0.569;0.173;0.134;0.215;0.156;0.583;4.998;0.137;0.081;0.049;0.039;0.037
9175;0.757;0.737;0.579;0.225;0.142;0.217;0.159;0.588;4.998;0.132;0.078;0.054;0.042;0.037
9176;0.754;0.735;0.569;0.317;0.151;0.22;0.168;0.588;4.998;0.134;0.078;0.051;0.044;0.037
9177;0.752;0.74;0.571;0.198;0.154;0.22;0.171;0.569;4.998;0.129;0.078;0.051;0.044;0.032
9178;0.747;0.737;0.581;0.168;0.146;0.225;0.164;0.579;4.998;0.127;0.076;0.051;0.042;0.037
9179;0.745;0.742;0.613;0.171;0.144;0.225;0.161;0.576;4.998;0.125;0.076;0.051;0.039;0.037
9180;0.74;0.745;0.61;0.168;0.139;0.217;0.144;0.591;4.998;0.125;0.073;0.051;0.042;0.037
9181;0.737;0.745;0.62;0.164;0.132;0.212;0.129;0.571;4.998;0.12;0.071;0.051;0.037;0.037
9182;0.737;0.745;0.632;0.164;0.127;0.212;0.112;0.559;4.998;0.122;0.071;0.054;0.039;0.037
9183;0.737;0.745;0.662;0.168;0.125;0.205;0.1;0.569;4.998;0.115;0.066;0.051;0.039;0.037
9184;0.735;0.747;0.647;0.176;0.12;0.203;0.095;0.562;4.998;0.117;0.066;0.051;0.037;0.032
9185;0.732;0.752;0.64;0.176;0.115;0.2;0.098;0.559;4.998;0.112;0.066;0.051;0.037;0.034
9186;0.73;0.752;0.647;0.173;0.11;0.198;0.105;0.554;4.998;0.115;0.063;0.054;0.039;0.034
9187;0.728;0.754;0.671;0.171;0.107;0.195;0.11;0.557;4.998;0.112;0.063;0.051;0.039;0.037
9188;0.732;0.752;0.657;0.181;0.11;0.195;0.112;0.554;4.998;0.11;0.061;0.049;0.039;0.034
9189;0.735;0.754;0.659;0.186;0.117;0.198;0.122;0.552;4.998;0.107;0.063;0.049;0.039;0.034
9190;0.737;0.752;0.647;0.186;0.12;0.198;0.132;0.554;4.922;0.107;0.061;0.054;0.034;0.032
9191;0.74;0.754;0.659;0.186;0.117;0.2;0.142;0.559;4.812;0.107;0.056;0.046;0.034;0.032
9192;0.735;0.757;0.654;0.181;0.112;0.203;0.149;0.562;4.722;0.107;0.059;0.051;0.034;0.027
9193;0.735;0.757;0.693;0.176;0.107;0.198;0.154;0.557;4.631;0.107;0.056;0.051;0.034;0.032
9194;0.732;0.759;0.74;0.176;0.107;0.198;0.154;0.559;4.568;0.107;0.056;0.049;0.032;0.029
9195;0.728;0.762;0.833;0.176;0.115;0.195;0.154;0.557;4.526;0.107;0.051;0.049;0.039;0.034
9196;0.728;0.759;0.867;0.181;0.112;0.19;0.154;0.554;4.524;0.107;0.054;0.046;0.032;0.029
9197;0.725;0.757;0.876;0.173;0.115;0.195;0.159;0.547;4.553;0.11;0.051;0.049;0.034;0.029
9198;0.728;0.759;0.779;0.171;0.117;0.19;0.154;0.554;4.624;0.112;0.051;0.051;0.034;0.029
9199;0.73;0.759;0.791;0.176;0.12;0.195;0.156;0.549;4.709;0.112;0.054;0.049;0.034;0.027
9200;0.725;0.764;0.793;0.178;0.122;0.195;0.159;0.542;4.817;0.117;0.051;0.054;0.034;0.022
9201;0.725;0.767;0.952;0.183;0.125;0.195;0.161;0.566;4.919;0.115;0.046;0.049;0.032;0.027
9202;0.728;0.764;0.984;0.186;0.12;0.195;0.156;0.566;4.998;0.12;0.051;0.054;0.034;0.022
9203;0.73;0.759;0.986;0.188;0.115;0.195;0.159;0.552;4.998;0.117;0.051;0.051;0.034;0.027
9204;0.732;0.757;0.862;0.188;0.103;0.195;0.159;0.544;4.998;0.12;0.049;0.056;0.034;0.024
9205;0.732;0.757;0.952;0.186;0.098;0.195;0.154;0.544;4.998;0.122;0.051;0.056;0.034;0.027
9206;0.735;0.752;1.057;0.186;0.095;0.198;0.154;0.549;4.998;0.122;0.049;0.056;0.034;0.024
9207;0.735;0.75;0.955;0.19;0.098;0.19;0.151;0.542;4.998;0.125;0.049;0.056;0.037;0.027
9208;0.728;0.75;1.289;0.19;0.09;0.188;0.156;0.557;4.998;0.127;0.046;0.054;0.034;0.027
9209;0.723;0.742;1.06;0.188;0.085;0.186;0.156;0.557;4.998;0.132;0.051;0.056;0.034;0.024
9210;0.72;0.74;1.184;0.19;0.083;0.193;0.161;0.549;4.998;0.132;0.046;0.059;0.037;0.029
9211;0.72;0.737;1.028;0.186;0.081;0.19;0.159;0.564;4.998;0.137;0.051;0.061;0.034;0.024
9212;0.725;0.735;0.962;0.19;0.083;0.188;0.164;0.574;4.998;0.137;0.049;0.059;0.037;0.029
9213;0.725;0.732;0.737;0.19;0.083;0.19;0.164;0.569;4.998;0.139;0.049;0.056;0.037;0.022
9214;0.723;0.732;0.688;0.188;0.09;0.181;0.166;0.562;4.998;0.142;0.046;0.056;0.032;0.027
9215;0.725;0.73;0.662;0.186;0.098;0.181;0.168;0.571;4.998;0.139;0.046;0.056;0.034;0.022
9216;0.72;0.732;0.664;0.188;0.105;0.181;0.171;0.571;4.998;0.144;0.046;0.056;0.037;0.027
9217;0.715;0.732;0.669;0.212;0.11;0.176;0.173;0.566;4.998;0.146;0.046;0.054;0.034;0.024
9218;0.713;0.73;0.725;0.21;0.112;0.181;0.164;0.566;4.998;0.149;0.046;0.056;0.034;0.024
9219;0.713;0.732;0.798;0.21;0.107;0.183;0.156;0.569;4.998;0.149;0.046;0.056;0.034;0.024
9220;0.718;0.737;0.835;0.208;0.107;0.183;0.144;0.562;4.998;0.151;0.044;0.054;0.034;0.024
9221;0.72;0.74;0.789;0.21;0.105;0.19;0.132;0.559;4.998;0.156;0.046;0.059;0.039;0.027
9222;0.723;0.74;0.732;0.208;0.103;0.186;0.129;0.562;4.998;0.159;0.046;0.056;0.034;0.027
9223;0.723;0.74;0.798;0.225;0.103;0.188;0.127;0.569;4.998;0.156;0.044;0.056;0.034;0.024
9224;0.723;0.742;0.955;0.227;0.1;0.186;0.132;0.576;4.998;0.159;0.044;0.054;0.037;0.024
9225;0.723;0.742;0.95;0.232;0.098;0.183;0.134;0.581;4.998;0.166;0.049;0.059;0.034;0.027
9226;0.72;0.742;1.047;0.225;0.095;0.181;0.137;0.566;4.998;0.166;0.044;0.056;0.034;0.022
9227;0.718;0.75;1.035;0.225;0.095;0.181;0.142;0.562;4.998;0.168;0.046;0.056;0.032;0.024
9228;0.723;0.752;1.335;0.217;0.09;0.183;0.146;0.557;4.998;0.171;0.044;0.054;0.032;0.02
9229;0.72;0.759;1.357;0.21;0.095;0.188;0.156;0.569;4.998;0.173;0.051;0.059;0.032;0.022
9230;0.71;0.759;1.406;0.215;0.09;0.183;0.156;0.566;4.998;0.173;0.046;0.054;0.029;0.024
9231;0.708;0.767;1.245;0.217;0.095;0.186;0.159;0.562;4.998;0.173;0.049;0.056;0.032;0.02
9232;0.703;0.769;1.272;0.21;0.09;0.186;0.159;0.557;4.998;0.176;0.049;0.054;0.029;0.02
9233;0.701;0.769;1.406;0.212;0.095;0.183;0.154;0.571;4.998;0.178;0.049;0.054;0.027;0.022
9234;0.696;0.769;1.228;0.208;0.103;0.181;0.149;0.571;4.998;0.178;0.051;0.051;0.029;0.02
9235;0.696;0.769;1.287;0.205;0.103;0.178;0.144;0.574;4.998;0.178;0.051;0.054;0.029;0.02
9236;0.693;0.764;1.44;0.198;0.105;0.176;0.144;0.566;4.998;0.181;0.049;0.051;0.027;0.022
9237;0.693;0.762;1.23;0.198;0.098;0.176;0.144;0.581;4.998;0.188;0.059;0.056;0.029;0.02
9238;0.698;0.754;1.57;0.195;0.098;0.176;0.146;0.586;4.998;0.186;0.059;0.054;0.029;0.022
9239;0.696;0.747;1.555;0.19;0.1;0.173;0.149;0.586;4.998;0.195;0.063;0.059;0.029;0.02
9240;0.703;0.74;1.372;0.181;0.1;0.173;0.151;0.603;4.998;0.195;0.063;0.059;0.029;0.024
9241;0.701;0.735;0.925;0.168;0.103;0.171;0.156;0.613;4.998;0.198;0.068;0.061;0.034;0.024
9242;0.701;0.73;0.967;0.154;0.095;0.168;0.164;0.613;4.998;0.198;0.068;0.059;0.037;0.027
9243;0.701;0.725;0.952;0.142;0.095;0.164;0.168;0.608;4.998;0.198;0.073;0.056;0.034;0.032
9244;0.703;0.72;0.913;0.149;0.093;0.164;0.176;0.598;4.998;0.2;0.073;0.061;0.039;0.027
9245;0.706;0.713;0.916;0.149;0.09;0.166;0.183;0.583;4.998;0.205;0.078;0.061;0.039;0.032
9246;0.706;0.708;1.194;0.151;0.088;0.168;0.183;0.579;4.998;0.205;0.078;0.063;0.039;0.037
9247;0.703;0.701;1.257;0.156;0.088;0.178;0.181;0.581;4.998;0.203;0.081;0.063;0.044;0.032
9248;0.706;0.701;1.355;0.156;0.088;0.181;0.178;0.566;4.998;0.205;0.081;0.063;0.044;0.034
9249;0.706;0.701;1.287;0.151;0.083;0.183;0.168;0.571;4.998;0.21;0.083;0.063;0.046;0.039
9250;0.703;0.703;1.392;0.156;0.081;0.186;0.156;0.579;4.998;0.21;0.081;0.063;0.049;0.042
9251;0.703;0.706;0.85;0.161;0.085;0.188;0.154;0.576;4.998;0.208;0.083;0.066;0.046;0.034
9252;0.698;0.708;1.248;0.166;0.088;0.19;0.149;0.559;4.998;0.21;0.078;0.061;0.051;0.044
9253;0.693;0.706;1.462;0.164;0.085;0.188;0.149;0.569;4.998;0.212;0.083;0.061;0.046;0.039
9254;0.693;0.706;2.104;0.161;0.083;0.186;0.144;0.574;4.998;0.205;0.078;0.061;0.049;0.044
9255;0.693;0.706;2.239;0.161;0.081;0.183;0.144;0.569;4.998;0.21;0.081;0.061;0.049;0.037
9256;0.693;0.71;1.807;0.164;0.083;0.181;0.146;0.583;4.998;0.208;0.078;0.059;0.049;0.046
9257;0.693;0.71;2.92;0.161;0.083;0.181;0.146;0.569;4.998;0.208;0.078;0.059;0.049;0.042
9258;0.688;0.713;4.998;0.168;0.085;0.178;0.149;0.557;4.998;0.203;0.076;0.056;0.049;0.044
9259;0.691;0.713;4.998;0.161;0.085;0.176;0.156;0.554;4.998;0.203;0.076;0.054;0.049;0.039
9260;0.691;0.713;4.998;0.156;0.088;0.171;0.161;0.564;4.998;0.2;0.073;0.054;0.044;0.037
9261;0.688;0.71;4.998;0.154;0.085;0.168;0.166;0.574;4.998;0.195;0.071;0.046;0.051;0.049
9262;0.691;0.708;4.998;0.151;0.078;0.168;0.164;0.571;4.998;0.195;0.071;0.046;0.049;0.039
9263;0.698;0.708;4.998;0.154;0.073;0.171;0.166;0.566;4.998;0.193;0.066;0.044;0.046;0.039
9264;0.698;0.706;4.81;0.154;0.076;0.176;0.161;0.562;4.998;0.19;0.068;0.046;0.046;0.037
9265;0.703;0.71;2.495;0.156;0.073;0.176;0.151;0.559;4.998;0.19;0.066;0.044;0.044;0.037
9266;0.703;0.708;1.592;0.161;0.078;0.176;0.151;0.559;4.998;0.19;0.063;0.044;0.044;0.034
9267;0.706;0.708;1.37;0.156;0.078;0.173;0.144;0.564;4.998;0.186;0.061;0.039;0.046;0.039
9268;0.706;0.71;1.057;0.154;0.081;0.173;0.144;0.557;4.998;0.183;0.063;0.039;0.046;0.039
9269;0.706;0.71;1.265;0.161;0.081;0.176;0.144;0.554;4.998;0.186;0.059;0.042;0.046;0.034
9270;0.706;0.706;4.998;0.168;0.073;0.176;0.144;0.564;4.998;0.181;0.051;0.034;0.046;0.034
9271;0.706;0.708;4.998;0.181;0.076;0.173;0.142;0.562;4.998;0.181;0.056;0.039;0.046;0.029
9272;0.706;0.706;4.998;0.186;0.083;0.173;0.144;0.557;4.998;0.183;0.054;0.037;0.044;0.034
9273;0.701;0.703;4.998;0.188;0.09;0.171;0.144;0.549;4.998;0.181;0.056;0.039;0.049;0.032
9274;0.696;0.708;4.998;0.183;0.093;0.171;0.151;0.544;4.998;0.181;0.054;0.039;0.044;0.029
9275;0.696;0.706;4.998;0.186;0.098;0.168;0.149;0.54;4.998;0.178;0.054;0.039;0.044;0.029
9276;0.693;0.698;4.998;0.188;0.103;0.171;0.149;0.537;4.998;0.176;0.051;0.037;0.044;0.024
9277;0.698;0.693;3.777;0.188;0.107;0.176;0.144;0.549;4.998;0.176;0.051;0.034;0.042;0.029
9278;0.701;0.688;2.153;0.183;0.112;0.183;0.149;0.554;4.998;0.176;0.049;0.039;0.046;0.029
9279;0.706;0.686;1.516;0.178;0.122;0.186;0.146;0.549;4.998;0.176;0.046;0.037;0.042;0.027
9280;0.708;0.686;2.019;0.178;0.127;0.186;0.146;0.537;4.998;0.168;0.044;0.037;0.042;0.027
9281;0.708;0.688;1.262;0.178;0.127;0.193;0.149;0.547;4.998;0.171;0.042;0.037;0.044;0.024
9282;0.71;0.691;1.377;0.176;0.117;0.19;0.151;0.542;4.998;0.176;0.044;0.037;0.042;0.029
9283;0.708;0.691;1.118;0.183;0.105;0.195;0.151;0.537;4.998;0.176;0.044;0.037;0.042;0.024
9284;0.71;0.688;1.318;0.186;0.103;0.198;0.149;0.535;4.998;0.173;0.044;0.034;0.044;0.029
9285;0.71;0.691;1.133;0.19;0.103;0.2;0.149;0.54;4.998;0.176;0.044;0.037;0.044;0.027
9286;0.71;0.693;1.14;0.188;0.095;0.198;0.154;0.532;4.998;0.173;0.039;0.034;0.046;0.027
9287;0.713;0.693;1.265;0.183;0.098;0.208;0.156;0.54;4.998;0.173;0.042;0.034;0.042;0.029
9288;0.713;0.693;1.008;0.178;0.1;0.21;0.161;0.544;4.998;0.171;0.042;0.039;0.046;0.029
9289;0.718;0.693;1.125;0.176;0.103;0.212;0.171;0.549;4.998;0.173;0.042;0.034;0.044;0.024
9290;0.72;0.691;0.83;0.176;0.103;0.212;0.178;0.542;4.998;0.173;0.039;0.037;0.044;0.024
9291;0.72;0.693;0.789;0.168;0.117;0.208;0.183;0.542;4.998;0.171;0.039;0.034;0.044;0.022
9292;0.72;0.691;0.786;0.164;0.127;0.205;0.181;0.54;4.998;0.173;0.039;0.034;0.046;0.029
9293;0.72;0.696;0.796;0.161;0.129;0.2;0.181;0.544;4.998;0.168;0.037;0.037;0.046;0.027
9294;0.725;0.698;0.862;0.154;0.132;0.2;0.181;0.547;4.998;0.171;0.039;0.034;0.044;0.027
9295;0.725;0.698;0.906;0.156;0.134;0.198;0.178;0.54;4.998;0.168;0.042;0.039;0.046;0.027
9296;0.723;0.701;0.811;0.159;0.142;0.195;0.178;0.542;4.998;0.173;0.039;0.037;0.049;0.032
9297;0.72;0.701;0.657;0.154;0.146;0.193;0.178;0.54;4.998;0.171;0.039;0.037;0.051;0.022
9298;0.715;0.698;0.674;0.154;0.146;0.19;0.176;0.552;4.998;0.166;0.034;0.034;0.046;0.024
9299;0.71;0.701;0.906;0.146;0.149;0.186;0.176;0.549;4.998;0.166;0.034;0.034;0.046;0.032
9300;0.713;0.703;0.933;0.146;0.149;0.183;0.173;0.547;4.998;0.166;0.037;0.037;0.049;0.024
9301;0.708;0.701;0.874;0.149;0.142;0.176;0.173;0.54;4.998;0.166;0.034;0.037;0.046;0.027
9302;0.708;0.703;1.011;0.154;0.139;0.173;0.173;0.542;4.998;0.164;0.032;0.032;0.044;0.024
9303;0.706;0.701;1.008;0.161;0.134;0.173;0.173;0.537;4.998;0.164;0.032;0.032;0.046;0.024
9304;0.708;0.698;1.018;0.166;0.144;0.176;0.178;0.54;4.998;0.159;0.032;0.034;0.044;0.022
9305;0.708;0.696;1.345;0.171;0.139;0.178;0.173;0.544;4.998;0.159;0.032;0.032;0.046;0.024
9306;0.706;0.696;4.998;0.173;0.137;0.173;0.173;0.549;4.998;0.156;0.032;0.034;0.046;0.022
9307;0.706;0.693;4.998;0.176;0.137;0.168;0.171;0.542;4.998;0.161;0.032;0.032;0.046;0.027
9308;0.706;0.688;4.998;0.183;0.134;0.164;0.176;0.547;4.998;0.159;0.029;0.032;0.046;0.024
9309;0.71;0.688;4.998;0.19;0.122;0.159;0.171;0.554;4.998;0.156;0.032;0.034;0.049;0.024
9310;0.713;0.688;4.998;0.198;0.12;0.164;0.168;0.554;4.998;0.159;0.032;0.034;0.046;0.022
9311;0.715;0.686;4.998;0.205;0.127;0.171;0.164;0.554;4.998;0.154;0.029;0.034;0.049;0.022
9312;0.72;0.681;4.998;0.208;0.125;0.178;0.166;0.547;4.998;0.156;0.027;0.034;0.046;0.024
9313;0.723;0.681;4.998;0.21;0.127;0.183;0.168;0.552;4.998;0.151;0.027;0.032;0.046;0.022
9314;0.723;0.674;4.998;0.205;0.127;0.186;0.168;0.544;4.998;0.154;0.027;0.034;0.049;0.027
9315;0.728;0.671;4.998;0.198;0.132;0.186;0.171;0.549;4.998;0.151;0.027;0.034;0.051;0.024
9316;0.725;0.671;4.998;0.193;0.132;0.193;0.166;0.557;4.998;0.151;0.024;0.032;0.046;0.027
9317;0.728;0.671;4.998;0.188;0.129;0.193;0.166;0.552;4.998;0.154;0.027;0.034;0.049;0.029
9318;0.723;0.669;4.998;0.183;0.134;0.193;0.164;0.547;4.998;0.149;0.024;0.034;0.051;0.027
9319;0.723;0.669;4.998;0.173;0.137;0.195;0.166;0.542;4.998;0.151;0.024;0.037;0.049;0.024
9320;0.725;0.667;4.998;0.164;0.132;0.19;0.168;0.535;4.998;0.151;0.022;0.034;0.046;0.027
9321;0.73;0.669;4.998;0.156;0.129;0.193;0.168;0.535;4.998;0.151;0.022;0.037;0.049;0.024
9322;0.73;0.671;4.998;0.149;0.122;0.188;0.168;0.535;4.998;0.154;0.022;0.037;0.051;0.027
9323;0.73;0.671;4.998;0.144;0.117;0.188;0.168;0.54;4.998;0.151;0.022;0.039;0.051;0.024
9324;0.725;0.671;4.998;0.139;0.117;0.188;0.173;0.542;4.998;0.154;0.022;0.039;0.059;0.032
9325;0.72;0.671;4.998;0.139;0.115;0.195;0.168;0.537;4.998;0.159;0.02;0.042;0.051;0.024
9326;0.718;0.674;4.998;0.256;0.112;0.208;0.173;0.542;4.998;0.171;0.024;0.044;0.054;0.027
9327;0.718;0.671;3.972;0.439;0.107;0.2;0.173;0.547;4.998;0.181;0.02;0.039;0.054;0.027
9328;0.718;0.674;2.168;0.51;0.11;0.205;0.176;0.544;4.998;0.203;0.017;0.039;0.054;0.024
9329;0.715;0.674;1.389;0.532;0.115;0.203;0.173;0.552;4.998;0.222;0.017;0.042;0.054;0.029
9330;0.713;0.676;0.999;0.605;0.117;0.205;0.173;0.552;4.998;0.242;0.022;0.046;0.056;0.024
9331;0.713;0.676;0.803;0.588;0.122;0.21;0.173;0.554;4.998;0.266;0.02;0.042;0.059;0.029
9332;0.71;0.679;0.696;0.63;0.122;0.21;0.173;0.542;4.998;0.295;0.017;0.044;0.056;0.029
9333;0.708;0.679;0.635;0.608;0.125;0.208;0.171;0.544;4.998;0.334;0.02;0.046;0.059;0.027
9334;0.703;0.681;0.605;0.684;0.129;0.208;0.173;0.544;4.998;0.383;0.017;0.044;0.061;0.029
9335;0.706;0.681;0.608;0.657;0.129;0.203;0.173;0.54;4.998;0.459;0.017;0.046;0.061;0.034
9336;0.713;0.686;0.601;0.762;0.122;0.2;0.176;0.537;4.998;0.564;0.017;0.049;0.066;0.032
9337;0.723;0.684;0.596;0.732;0.12;0.193;0.173;0.547;4.998;0.688;0.02;0.054;0.066;0.037
9338;0.725;0.684;0.596;0.723;0.115;0.188;0.166;0.535;4.998;0.818;0.02;0.054;0.063;0.032
9339;0.73;0.686;0.581;0.671;0.112;0.193;0.164;0.535;4.998;0.95;0.015;0.054;0.071;0.034
9340;0.732;0.684;0.581;0.671;0.107;0.193;0.159;0.532;4.998;1.082;0.017;0.056;0.071;0.034
9341;0.732;0.686;0.586;0.593;0.107;0.193;0.161;0.537;4.998;1.191;0.012;0.054;0.068;0.037
9342;0.737;0.684;0.583;0.645;0.105;0.2;0.164;0.537;4.998;1.292;0.012;0.056;0.073;0.034
9343;0.735;0.681;0.696;0.581;0.105;0.195;0.159;0.537;4.998;1.37;0.015;0.061;0.073;0.042
9344;0.737;0.684;0.779;0.664;0.107;0.195;0.164;0.544;4.998;1.436;0.015;0.061;0.076;0.034
9345;0.74;0.679;0.774;0.576;0.112;0.195;0.159;0.552;4.998;1.484;0.012;0.059;0.076;0.037
9346;0.737;0.681;0.872;0.598;0.112;0.193;0.159;0.547;4.998;1.523;0.01;0.059;0.076;0.037
9347;0.735;0.676;0.789;0.566;0.11;0.2;0.156;0.544;4.998;1.555;0.01;0.061;0.073;0.042
9348;0.732;0.674;0.886;0.562;0.115;0.198;0.154;0.54;4.998;1.567;0.015;0.063;0.078;0.037
9349;0.728;0.671;1.069;0.571;0.112;0.198;0.156;0.544;4.998;1.558;0.01;0.061;0.076;0.039
9350;0.725;0.667;1.006;0.586;0.117;0.203;0.161;0.537;4.998;1.541;0.01;0.061;0.071;0.039
9351;0.725;0.662;1.243;0.559;0.12;0.208;0.171;0.537;4.998;1.516;0.01;0.061;0.073;0.039
9352;0.728;0.664;1.211;0.591;0.12;0.215;0.168;0.535;4.998;1.487;0.01;0.063;0.078;0.039
9353;0.73;0.659;1.521;0.579;0.12;0.217;0.173;0.535;4.998;1.455;0.01;0.063;0.073;0.039
9354;0.732;0.659;1.26;0.591;0.12;0.225;0.176;0.535;4.998;1.416;0.01;0.061;0.078;0.039
9355;0.728;0.657;1.26;0.586;0.115;0.222;0.176;0.537;4.998;1.379;0.01;0.063;0.076;0.037
9356;0.723;0.659;1.292;0.61;0.117;0.217;0.173;0.53;4.998;1.34;0.01;0.063;0.081;0.037
9357;0.718;0.657;1.499;0.605;0.112;0.208;0.168;0.535;4.998;1.304;0.01;0.066;0.071;0.037
9358;0.715;0.657;1.431;0.562;0.115;0.205;0.171;0.542;4.998;1.277;0.01;0.063;0.078;0.042
9359;0.718;0.654;1.069;0.557;0.115;0.205;0.161;0.537;4.998;1.265;0.01;0.066;0.076;0.037
9360;0.72;0.652;1.218;0.549;0.115;0.2;0.154;0.53;4.998;1.262;0.012;0.063;0.076;0.039
9361;0.725;0.649;1.155;0.554;0.112;0.195;0.151;0.532;4.998;1.274;0.01;0.063;0.071;0.037
9362;0.728;0.652;0.767;0.557;0.12;0.19;0.151;0.53;4.998;1.296;0.01;0.063;0.073;0.039
9363;0.725;0.649;0.718;0.54;0.125;0.188;0.154;0.537;4.998;1.313;0.007;0.063;0.071;0.034
9364;0.728;0.649;0.664;0.542;0.137;0.19;0.159;0.54;4.998;1.326;0.012;0.068;0.071;0.037
9365;0.725;0.647;0.669;0.527;0.142;0.186;0.166;0.544;4.998;1.331;0.01;0.063;0.068;0.034
9366;0.725;0.647;0.703;0.527;0.142;0.19;0.173;0.547;4.998;1.331;0.01;0.066;0.071;0.037
9367;0.728;0.645;0.676;0.527;0.142;0.193;0.176;0.542;4.998;1.323;0.01;0.066;0.068;0.037
9368;0.73;0.645;0.676;0.532;0.142;0.195;0.176;0.54;4.998;1.311;0.015;0.068;0.066;0.032
9369;0.728;0.647;0.664;0.542;0.139;0.2;0.178;0.544;4.998;1.287;0.012;0.063;0.068;0.034
9370;0.718;0.647;0.715;0.549;0.139;0.205;0.178;0.544;4.998;1.262;0.01;0.066;0.068;0.037
9371;0.713;0.647;0.757;0.549;0.132;0.203;0.168;0.544;4.998;1.24;0.015;0.066;0.068;0.034
9372;0.703;0.649;0.837;0.522;0.129;0.203;0.166;0.554;4.998;1.216;0.01;0.063;0.066;0.034
9373;0.698;0.649;0.957;0.535;0.127;0.203;0.161;0.552;4.998;1.196;0.012;0.061;0.063;0.029
9374;0.696;0.649;1.199;0.535;0.129;0.2;0.154;0.549;4.998;1.167;0.01;0.063;0.063;0.037
9375;0.696;0.652;1.086;0.53;0.127;0.2;0.151;0.549;4.998;1.135;0.012;0.063;0.063;0.027
9376;0.691;0.649;0.977;0.532;0.127;0.205;0.154;0.552;4.998;1.104;0.017;0.066;0.063;0.029
9377;0.686;0.647;1.052;0.537;0.125;0.2;0.151;0.544;4.998;1.064;0.012;0.063;0.059;0.029
9378;0.686;0.649;1.057;0.525;0.127;0.2;0.149;0.549;4.998;1.03;0.017;0.063;0.056;0.027
9379;0.684;0.652;0.891;0.508;0.132;0.2;0.151;0.552;4.998;1.006;0.015;0.066;0.056;0.029
9380;0.681;0.652;0.747;0.51;0.134;0.195;0.156;0.562;4.998;0.989;0.015;0.066;0.056;0.027
9381;0.688;0.654;0.811;0.505;0.142;0.193;0.156;0.562;4.998;0.999;0.02;0.068;0.054;0.024
9382;0.693;0.657;1.113;0.5;0.144;0.2;0.164;0.562;4.998;1.023;0.015;0.063;0.056;0.027
9383;0.698;0.654;1.147;0.498;0.144;0.195;0.168;0.559;4.998;1.062;0.015;0.066;0.056;0.027
9384;0.703;0.657;1.135;0.486;0.142;0.203;0.173;0.564;4.998;1.096;0.022;0.066;0.056;0.024
9385;0.708;0.659;1.003;0.483;0.142;0.205;0.173;0.564;4.998;1.13;0.017;0.068;0.054;0.029
9386;0.708;0.664;1.074;0.474;0.139;0.21;0.176;0.549;4.998;1.177;0.017;0.071;0.056;0.027
9387;0.708;0.664;1.064;0.474;0.137;0.217;0.176;0.549;4.998;1.226;0.02;0.068;0.054;0.029
9388;0.708;0.667;1.128;0.481;0.134;0.217;0.178;0.544;4.998;1.27;0.02;0.073;0.056;0.029
9389;0.71;0.667;0.984;0.488;0.134;0.222;0.178;0.552;4.998;1.304;0.022;0.076;0.054;0.029
9390;0.713;0.667;0.918;0.493;0.129;0.225;0.176;0.552;4.998;1.353;0.022;0.073;0.051;0.027
9391;0.713;0.664;1.021;0.505;0.127;0.22;0.173;0.552;4.998;1.409;0.022;0.073;0.054;0.029
9392;0.708;0.664;0.852;0.513;0.127;0.217;0.176;0.554;4.998;1.46;0.024;0.078;0.054;0.032
9393;0.706;0.664;0.974;0.525;0.125;0.215;0.173;0.549;4.998;1.516;0.027;0.078;0.054;0.027
9394;0.698;0.662;0.92;0.54;0.125;0.215;0.173;0.549;4.998;1.577;0.027;0.081;0.059;0.032
9395;0.693;0.662;1.118;0.532;0.125;0.22;0.178;0.554;4.998;1.633;0.032;0.081;0.056;0.027
9396;0.693;0.659;0.994;0.532;0.125;0.215;0.178;0.562;4.998;1.667;0.029;0.078;0.056;0.034
9397;0.698;0.662;0.813;0.52;0.125;0.217;0.181;0.559;4.998;1.677;0.029;0.083;0.059;0.032
9398;0.698;0.659;0.789;0.508;0.127;0.21;0.183;0.554;4.998;1.667;0.034;0.085;0.056;0.034
9399;0.696;0.662;0.725;0.508;0.125;0.205;0.178;0.552;4.998;1.638;0.034;0.085;0.054;0.027
9400;0.693;0.659;0.554;0.515;0.122;0.208;0.178;0.557;4.998;1.594;0.034;0.083;0.051;0.029
9401;0.688;0.659;0.623;0.508;0.122;0.203;0.181;0.559;4.998;1.538;0.034;0.083;0.056;0.034
9402;0.684;0.657;0.664;0.505;0.122;0.205;0.181;0.569;4.998;1.492;0.037;0.088;0.056;0.032
9403;0.679;0.659;0.608;0.505;0.122;0.208;0.178;0.569;4.998;1.45;0.034;0.085;0.056;0.027
9404;0.676;0.657;0.613;0.505;0.122;0.205;0.176;0.566;4.998;1.411;0.034;0.088;0.054;0.029
9405;0.676;0.659;0.667;0.508;0.122;0.21;0.173;0.569;4.998;1.379;0.034;0.085;0.056;0.034
9406;0.674;0.662;0.718;0.51;0.122;0.208;0.166;0.579;4.998;1.34;0.034;0.083;0.051;0.029
9407;0.671;0.662;0.596;0.515;0.122;0.208;0.161;0.583;4.998;1.301;0.037;0.088;0.054;0.027
9408;0.671;0.659;0.652;0.518;0.122;0.205;0.161;0.583;4.998;1.257;0.034;0.085;0.049;0.032
9409;0.671;0.662;0.703;0.52;0.122;0.2;0.164;0.596;4.998;1.233;0.037;0.088;0.049;0.027
9410;0.671;0.662;0.696;0.508;0.122;0.198;0.168;0.605;4.998;1.218;0.034;0.088;0.049;0.029
9411;0.674;0.664;0.654;0.505;0.122;0.193;0.173;0.61;4.998;1.218;0.034;0.09;0.046;0.027
9412;0.679;0.667;0.791;0.493;0.122;0.188;0.181;0.603;4.998;1.223;0.034;0.09;0.046;0.029
9413;0.684;0.669;0.674;0.488;0.125;0.19;0.183;0.608;4.998;1.23;0.034;0.088;0.049;0.024
9414;0.684;0.669;0.71;0.488;0.122;0.186;0.193;0.598;4.998;1.226;0.034;0.085;0.044;0.027
9415;0.684;0.674;0.959;0.491;0.12;0.186;0.19;0.586;4.998;1.213;0.037;0.088;0.044;0.024
9416;0.676;0.669;0.889;0.498;0.115;0.186;0.195;0.571;4.998;1.199;0.034;0.085;0.044;0.024
9417;0.667;0.674;1.135;0.498;0.115;0.183;0.195;0.569;4.998;1.191;0.034;0.088;0.044;0.024
9418;0.664;0.671;1.011;0.488;0.117;0.186;0.193;0.557;4.998;1.196;0.037;0.09;0.042;0.02
9419;0.659;0.674;1.111;0.493;0.12;0.183;0.183;0.547;4.998;1.201;0.032;0.088;0.049;0.027
9420;0.657;0.676;0.984;0.493;0.117;0.186;0.178;0.549;4.998;1.216;0.032;0.088;0.042;0.02
9421;0.662;0.674;0.823;0.491;0.117;0.188;0.168;0.554;4.998;1.233;0.032;0.088;0.044;0.029
9422;0.662;0.676;0.74;0.496;0.117;0.193;0.164;0.547;4.998;1.245;0.034;0.088;0.044;0.022
9423;0.664;0.676;0.847;0.496;0.117;0.188;0.156;0.554;4.998;1.252;0.032;0.085;0.046;0.024
9424;0.664;0.679;0.708;0.498;0.117;0.193;0.154;0.569;4.998;1.26;0.032;0.083;0.049;0.024
9425;0.664;0.679;0.752;0.496;0.117;0.19;0.146;0.569;4.998;1.27;0.032;0.085;0.046;0.02
9426;0.659;0.681;0.845;0.508;0.115;0.186;0.151;0.559;4.998;1.279;0.034;0.088;0.044;0.02
9427;0.657;0.681;1.243;0.51;0.115;0.181;0.151;0.566;4.998;1.292;0.029;0.083;0.042;0.022
9428;0.654;0.684;0.916;0.513;0.115;0.176;0.154;0.557;4.998;1.304;0.032;0.085;0.046;0.024
9429;0.654;0.686;0.732;0.515;0.107;0.173;0.151;0.554;4.998;1.318;0.029;0.081;0.046;0.024
9430;0.649;0.686;0.92;0.52;0.103;0.171;0.149;0.562;4.998;1.328;0.029;0.081;0.044;0.022
9431;0.645;0.681;0.745;0.52;0.1;0.171;0.146;0.564;4.998;1.35;0.029;0.081;0.042;0.024
9432;0.635;0.681;0.693;0.522;0.098;0.168;0.149;0.576;4.998;1.37;0.032;0.083;0.044;0.022
9433;0.63;0.676;0.645;0.525;0.1;0.164;0.154;0.574;4.998;1.394;0.032;0.078;0.046;0.022
9434;0.63;0.679;0.742;0.515;0.103;0.164;0.154;0.583;4.998;1.426;0.027;0.078;0.042;0.027
9435;0.625;0.674;0.701;0.522;0.11;0.166;0.151;0.576;4.998;1.46;0.029;0.078;0.044;0.027
9436;0.623;0.674;0.957;0.525;0.115;0.171;0.149;0.566;4.998;1.494;0.027;0.076;0.044;0.024
9437;0.625;0.671;1.086;0.532;0.117;0.173;0.146;0.564;4.998;1.528;0.027;0.076;0.046;0.022
9438;0.632;0.669;1.182;0.54;0.125;0.183;0.149;0.562;4.998;1.555;0.024;0.071;0.049;0.027
9439;0.637;0.667;1.13;0.552;0.125;0.186;0.154;0.559;4.998;1.582;0.027;0.076;0.049;0.029
9440;0.642;0.667;1.045;0.544;0.127;0.188;0.156;0.554;4.998;1.589;0.027;0.073;0.049;0.024
9441;0.647;0.662;1.37;0.544;0.127;0.183;0.159;0.552;4.998;1.592;0.027;0.073;0.049;0.027
9442;0.649;0.662;0.781;0.54;0.129;0.183;0.156;0.549;4.998;1.587;0.027;0.073;0.049;0.027
9443;0.654;0.662;1.089;0.54;0.134;0.186;0.159;0.566;4.998;1.592;0.029;0.071;0.051;0.029
9444;0.662;0.657;1.172;0.535;0.129;0.186;0.164;0.564;4.998;1.589;0.027;0.071;0.046;0.027
9445;0.662;0.659;1.267;0.53;0.122;0.186;0.166;0.571;4.998;1.599;0.024;0.068;0.049;0.032
9446;0.659;0.657;1.172;0.525;0.125;0.183;0.166;0.574;4.998;1.624;0.024;0.068;0.051;0.029
9447;0.649;0.657;1.042;0.513;0.12;0.183;0.166;0.571;4.998;1.646;0.022;0.068;0.049;0.034
9448;0.642;0.659;1.172;0.498;0.12;0.181;0.164;0.552;4.998;1.677;0.024;0.071;0.054;0.029
9449;0.637;0.659;1.023;0.496;0.115;0.178;0.161;0.554;4.998;1.702;0.022;0.066;0.051;0.037
9450;0.64;0.657;1.211;0.486;0.112;0.178;0.159;0.564;4.998;1.729;0.027;0.068;0.049;0.029
9451;0.645;0.657;1.299;0.488;0.115;0.186;0.159;0.554;4.998;1.753;0.024;0.066;0.051;0.034
9452;0.647;0.659;1.292;0.483;0.115;0.186;0.156;0.559;4.998;1.79;0.027;0.068;0.054;0.037
9453;0.649;0.664;1.116;0.483;0.117;0.19;0.159;0.559;4.998;1.829;0.024;0.066;0.054;0.034
9454;0.642;0.662;0.991;0.476;0.127;0.193;0.154;0.562;4.998;1.87;0.027;0.068;0.054;0.039
9455;0.637;0.662;0.977;0.471;0.134;0.193;0.151;0.562;4.998;1.921;0.022;0.066;0.054;0.039
9456;0.627;0.662;1.104;0.469;0.142;0.19;0.154;0.554;4.998;1.982;0.024;0.068;0.056;0.039
9457;0.623;0.659;1.318;0.474;0.151;0.188;0.156;0.564;4.998;2.036;0.027;0.066;0.059;0.042
9458;0.618;0.659;1.211;0.488;0.164;0.186;0.159;0.562;4.998;2.073;0.027;0.068;0.056;0.037
9459;0.62;0.654;1.079;0.496;0.166;0.188;0.166;0.557;4.998;2.083;0.024;0.066;0.056;0.039
9460;0.62;0.649;1.116;0.5;0.168;0.181;0.171;0.569;4.998;2.078;0.024;0.068;0.061;0.039
9461;0.618;0.647;1.096;0.503;0.168;0.181;0.168;0.571;4.998;2.056;0.027;0.073;0.061;0.039
9462;0.615;0.645;1.24;0.505;0.164;0.178;0.161;0.569;4.998;2.019;0.027;0.068;0.066;0.042
9463;0.61;0.642;1.194;0.513;0.154;0.171;0.164;0.564;4.998;1.975;0.022;0.066;0.063;0.039
9464;0.613;0.637;1.101;0.525;0.144;0.171;0.164;0.562;4.998;1.926;0.024;0.068;0.063;0.044
9465;0.61;0.635;0.898;0.527;0.134;0.178;0.168;0.554;4.998;1.87;0.022;0.066;0.066;0.042
9466;0.615;0.632;0.994;0.532;0.129;0.181;0.173;0.559;4.998;1.812;0.024;0.066;0.066;0.042
9467;0.618;0.627;1.074;0.53;0.125;0.183;0.171;0.562;4.998;1.758;0.027;0.068;0.068;0.042
9468;0.627;0.627;0.962;0.527;0.127;0.183;0.173;0.566;4.998;1.707;0.024;0.068;0.066;0.046
9469;0.627;0.627;1.116;0.53;0.122;0.186;0.166;0.562;4.998;1.677;0.024;0.066;0.071;0.039
9470;0.632;0.627;0.896;0.535;0.125;0.186;0.161;0.564;4.998;1.667;0.022;0.068;0.068;0.039
9471;0.627;0.625;0.938;0.535;0.12;0.186;0.161;0.564;4.998;1.692;0.022;0.066;0.066;0.039
9472;0.63;0.623;0.63;0.542;0.125;0.188;0.161;0.559;4.998;1.726;0.02;0.066;0.071;0.044
9473;0.625;0.62;0.596;0.542;0.125;0.19;0.154;0.559;4.998;1.763;0.022;0.063;0.068;0.039
9474;0.625;0.62;0.537;0.542;0.129;0.188;0.144;0.566;4.998;1.816;0.022;0.066;0.066;0.042
9475;0.625;0.618;0.571;0.54;0.134;0.186;0.137;0.559;4.998;1.868;0.022;0.066;0.073;0.037
9476;0.627;0.618;0.547;0.54;0.132;0.178;0.134;0.559;4.998;1.902;0.02;0.063;0.071;0.042
9477;0.625;0.618;0.554;0.54;0.127;0.178;0.134;0.562;4.998;1.936;0.022;0.068;0.071;0.042
9478;0.623;0.62;0.566;0.532;0.122;0.178;0.134;0.569;4.998;1.956;0.022;0.068;0.073;0.042
9479;0.623;0.618;0.554;0.53;0.12;0.178;0.139;0.559;4.998;1.975;0.022;0.066;0.071;0.034
9480;0.623;0.618;0.547;0.525;0.125;0.181;0.146;0.559;4.998;1.982;0.017;0.063;0.071;0.039
9481;0.625;0.62;0.547;0.518;0.117;0.178;0.151;0.571;4.998;1.982;0.017;0.061;0.076;0.037
9482;0.632;0.625;0.532;0.518;0.125;0.188;0.159;0.571;4.971;1.968;0.02;0.063;0.071;0.034
9483;0.635;0.623;0.53;0.52;0.127;0.19;0.166;0.559;4.829;1.946;0.02;0.061;0.073;0.037
9484;0.64;0.625;0.518;0.52;0.129;0.195;0.168;0.554;4.697;1.931;0.022;0.061;0.071;0.034
9485;0.64;0.62;0.505;0.525;0.134;0.195;0.176;0.554;4.565;1.921;0.02;0.061;0.076;0.037
9486;0.635;0.62;0.503;0.52;0.139;0.19;0.181;0.559;4.446;1.909;0.02;0.061;0.076;0.034
9487;0.632;0.62;0.498;0.518;0.146;0.188;0.186;0.564;4.377;1.897;0.02;0.063;0.073;0.037
9488;0.63;0.62;0.496;0.525;0.151;0.183;0.186;0.566;4.407;1.873;0.022;0.061;0.076;0.032
9489;0.625;0.618;0.493;0.53;0.149;0.178;0.188;0.576;4.539;1.831;0.02;0.056;0.071;0.029
9490;0.627;0.618;0.498;0.532;0.149;0.173;0.178;0.569;4.744;1.787;0.02;0.061;0.073;0.027
9491;0.627;0.615;0.493;0.535;0.146;0.173;0.173;0.571;4.973;1.741;0.024;0.061;0.073;0.032
9492;0.627;0.615;0.496;0.532;0.142;0.171;0.173;0.571;4.998;1.694;0.024;0.059;0.073;0.029
9493;0.625;0.615;0.491;0.527;0.137;0.173;0.166;0.576;4.998;1.658;0.024;0.061;0.073;0.024
9494;0.623;0.615;0.479;0.52;0.132;0.178;0.166;0.574;4.998;1.614;0.024;0.063;0.073;0.027
9495;0.62;0.618;0.479;0.52;0.129;0.181;0.164;0.574;4.998;1.567;0.027;0.063;0.076;0.029
9496;0.62;0.618;0.481;0.515;0.127;0.19;0.166;0.569;4.998;1.521;0.027;0.066;0.071;0.032
9497;0.625;0.615;0.483;0.515;0.129;0.193;0.161;0.579;4.998;1.482;0.024;0.063;0.073;0.027
9498;0.632;0.615;0.491;0.513;0.132;0.198;0.161;0.581;4.998;1.458;0.024;0.063;0.071;0.027
9499;0.635;0.615;0.488;0.513;0.137;0.2;0.159;0.586;4.998;1.448;0.027;0.066;0.076;0.029
9500;0.64;0.61;0.496;0.515;0.142;0.203;0.156;0.583;4.998;1.44;0.027;0.063;0.071;0.022
9501;0.645;0.61;0.493;0.515;0.144;0.203;0.156;0.591;4.998;1.458;0.029;0.066;0.076;0.027
9502;0.647;0.608;0.488;0.51;0.146;0.2;0.159;0.593;4.998;1.467;0.029;0.066;0.076;0.029
9503;0.647;0.605;0.496;0.51;0.149;0.2;0.159;0.608;4.998;1.47;0.027;0.063;0.076;0.024
9504;0.649;0.608;0.5;0.505;0.149;0.198;0.159;0.598;4.998;1.462;0.029;0.066;0.076;0.029
9505;0.647;0.605;0.505;0.5;0.154;0.198;0.159;0.601;4.998;1.453;0.029;0.066;0.081;0.027
9506;0.645;0.605;0.51;0.491;0.154;0.198;0.154;0.591;4.998;1.436;0.032;0.066;0.078;0.029
9507;0.645;0.608;0.515;0.486;0.154;0.198;0.156;0.593;4.998;1.416;0.029;0.063;0.081;0.027
9508;0.642;0.608;0.515;0.486;0.151;0.193;0.149;0.586;4.998;1.392;0.027;0.063;0.078;0.029
9509;0.642;0.61;0.515;0.483;0.149;0.195;0.149;0.583;4.998;1.37;0.032;0.063;0.078;0.032
9510;0.637;0.615;0.515;0.483;0.144;0.19;0.146;0.581;4.998;1.353;0.034;0.066;0.081;0.027
9511;0.64;0.613;0.515;0.483;0.142;0.186;0.146;0.581;4.998;1.328;0.032;0.063;0.076;0.032
9512;0.64;0.618;0.51;0.479;0.142;0.188;0.144;0.571;4.998;1.304;0.032;0.066;0.076;0.029
9513;0.642;0.618;0.508;0.479;0.134;0.186;0.146;0.586;4.998;1.279;0.034;0.068;0.081;0.029
9514;0.642;0.62;0.503;0.481;0.146;0.186;0.144;0.583;4.998;1.262;0.034;0.068;0.078;0.027
9515;0.647;0.62;0.496;0.486;0.139;0.186;0.142;0.583;4.998;1.257;0.034;0.066;0.078;0.029
9516;0.649;0.62;0.491;0.488;0.142;0.186;0.144;0.581;4.998;1.257;0.034;0.063;0.078;0.027
9517;0.647;0.623;0.483;0.493;0.142;0.186;0.149;0.583;4.998;1.255;0.032;0.066;0.081;0.029
9518;0.647;0.623;0.479;0.483;0.139;0.183;0.149;0.576;4.998;1.255;0.032;0.066;0.078;0.029
9519;0.645;0.623;0.476;0.479;0.144;0.186;0.149;0.576;4.998;1.25;0.032;0.066;0.078;0.029
9520;0.637;0.62;0.471;0.476;0.137;0.188;0.149;0.581;4.998;1.238;0.032;0.066;0.076;0.032
9521;0.635;0.618;0.469;0.469;0.144;0.195;0.146;0.588;4.998;1.221;0.029;0.068;0.078;0.032
9522;0.632;0.62;0.464;0.476;0.142;0.195;0.149;0.579;4.998;1.204;0.032;0.068;0.078;0.032
9523;0.635;0.62;0.469;0.483;0.137;0.2;0.149;0.579;4.998;1.182;0.029;0.068;0.076;0.034
9524;0.637;0.615;0.469;0.486;0.139;0.208;0.151;0.579;4.998;1.162;0.032;0.071;0.076;0.029
9525;0.642;0.615;0.479;0.488;0.134;0.208;0.154;0.571;4.998;1.143;0.029;0.068;0.073;0.029
9526;0.645;0.618;0.483;0.493;0.137;0.208;0.149;0.562;4.998;1.123;0.032;0.073;0.076;0.029
9527;0.647;0.61;0.483;0.491;0.137;0.205;0.149;0.574;4.998;1.108;0.032;0.071;0.076;0.034
9528;0.645;0.608;0.491;0.5;0.134;0.203;0.149;0.566;4.998;1.106;0.029;0.071;0.073;0.029
9529;0.647;0.608;0.493;0.503;0.134;0.198;0.154;0.566;4.998;1.111;0.029;0.071;0.076;0.034
9530;0.647;0.605;0.508;0.508;0.134;0.198;0.156;0.569;4.998;1.111;0.024;0.068;0.073;0.034
9531;0.642;0.605;0.493;0.503;0.142;0.195;0.154;0.583;4.998;1.118;0.027;0.071;0.073;0.029
9532;0.64;0.603;0.486;0.5;0.137;0.195;0.154;0.588;4.998;1.123;0.029;0.071;0.073;0.034
9533;0.635;0.601;0.486;0.496;0.142;0.195;0.151;0.574;4.998;1.143;0.029;0.071;0.071;0.029
9534;0.63;0.601;0.488;0.5;0.144;0.198;0.144;0.569;4.998;1.147;0.024;0.068;0.068;0.032
9535;0.625;0.598;0.486;0.503;0.142;0.2;0.142;0.571;4.998;1.15;0.024;0.068;0.068;0.029
9536;0.618;0.598;0.488;0.505;0.146;0.203;0.139;0.569;4.971;1.15;0.024;0.066;0.066;0.029
9537;0.613;0.598;0.493;0.513;0.151;0.208;0.142;0.564;4.924;1.14;0.024;0.068;0.066;0.029
9538;0.61;0.598;0.486;0.515;0.149;0.21;0.142;0.564;4.883;1.128;0.027;0.068;0.066;0.032
9539;0.613;0.598;0.486;0.518;0.154;0.205;0.142;0.566;4.854;1.111;0.027;0.068;0.068;0.029
9540;0.62;0.601;0.479;0.522;0.151;0.205;0.142;0.559;4.819;1.091;0.02;0.063;0.063;0.029
9541;0.627;0.601;0.476;0.52;0.156;0.208;0.146;0.569;4.802;1.094;0.024;0.068;0.063;0.029
9542;0.627;0.598;0.469;0.525;0.151;0.21;0.151;0.564;4.783;1.113;0.024;0.066;0.061;0.029
9543;0.627;0.598;0.469;0.527;0.159;0.203;0.156;0.559;4.756;1.138;0.022;0.066;0.061;0.029
9544;0.632;0.601;0.466;0.522;0.156;0.2;0.159;0.552;4.729;1.16;0.022;0.066;0.061;0.027
9545;0.63;0.603;0.469;0.522;0.166;0.2;0.159;0.557;4.724;1.182;0.022;0.063;0.059;0.032
9546;0.632;0.605;0.466;0.525;0.166;0.198;0.159;0.557;4.739;1.255;0.027;0.066;0.059;0.027
9547;0.635;0.601;0.474;0.53;0.156;0.198;0.154;0.554;4.751;1.348;0.024;0.063;0.061;0.029
9548;0.632;0.603;0.479;0.537;0.159;0.198;0.151;0.549;4.756;1.453;0.022;0.063;0.056;0.032
9549;0.627;0.601;0.471;0.537;0.149;0.195;0.142;0.549;4.756;1.558;0.024;0.063;0.061;0.032
9550;0.625;0.601;0.476;0.544;0.144;0.198;0.137;0.552;4.736;1.643;0.024;0.061;0.056;0.029
9551;0.62;0.601;0.476;0.542;0.154;0.198;0.134;0.547;4.712;1.714;0.024;0.063;0.056;0.029
9552;0.618;0.598;0.481;0.535;0.139;0.2;0.132;0.552;4.688;1.77;0.024;0.061;0.056;0.032
9553;0.618;0.598;0.483;0.537;0.149;0.2;0.132;0.566;4.666;1.807;0.024;0.063;0.061;0.029
9554;0.615;0.593;0.488;0.53;0.139;0.2;0.134;0.562;4.658;1.799;0.024;0.061;0.061;0.032
9555;0.623;0.596;0.491;0.525;0.137;0.203;0.144;0.559;4.67;1.775;0.027;0.066;0.056;0.029
9556;0.63;0.588;0.491;0.518;0.142;0.198;0.146;0.554;4.709;1.736;0.027;0.061;0.059;0.034
9557;0.632;0.591;0.493;0.505;0.139;0.198;0.154;0.559;4.753;1.697;0.024;0.061;0.059;0.032
9558;0.632;0.588;0.493;0.496;0.146;0.198;0.156;0.552;4.805;1.67;0.027;0.063;0.059;0.037
9559;0.635;0.588;0.493;0.491;0.146;0.195;0.164;0.549;4.861;1.648;0.027;0.063;0.059;0.032
9560;0.63;0.588;0.496;0.488;0.156;0.195;0.156;0.554;4.919;1.624;0.022;0.061;0.061;0.034
9561;0.63;0.588;0.496;0.486;0.156;0.19;0.151;0.559;4.99;1.611;0.027;0.063;0.061;0.032
9562;0.627;0.583;0.491;0.481;0.156;0.193;0.151;0.549;4.998;1.592;0.027;0.063;0.056;0.037
9563;0.625;0.588;0.488;0.476;0.154;0.193;0.149;0.557;4.998;1.575;0.027;0.063;0.061;0.037
9564;0.62;0.586;0.491;0.471;0.154;0.198;0.146;0.559;4.998;1.555;0.027;0.061;0.061;0.037
9565;0.618;0.581;0.491;0.471;0.149;0.198;0.142;0.552;4.998;1.543;0.032;0.063;0.061;0.037
9566;0.613;0.579;0.491;0.469;0.139;0.198;0.139;0.552;4.998;1.531;0.027;0.061;0.059;0.037
9567;0.613;0.579;0.488;0.461;0.149;0.198;0.139;0.554;4.998;1.519;0.027;0.063;0.061;0.039
9568;0.61;0.576;0.486;0.459;0.134;0.195;0.137;0.552;4.998;1.509;0.029;0.063;0.063;0.034
9569;0.61;0.579;0.481;0.464;0.142;0.19;0.134;0.547;4.998;1.492;0.029;0.063;0.059;0.034
9570;0.613;0.579;0.481;0.464;0.142;0.188;0.142;0.547;4.998;1.47;0.029;0.063;0.063;0.037
9571;0.618;0.579;0.474;0.464;0.139;0.186;0.146;0.549;4.998;1.445;0.032;0.063;0.063;0.039
9572;0.615;0.581;0.464;0.469;0.142;0.186;0.144;0.549;4.998;1.418;0.029;0.061;0.063;0.039
9573;0.618;0.581;0.466;0.471;0.137;0.188;0.144;0.544;4.998;1.394;0.029;0.063;0.063;0.039
9574;0.618;0.583;0.469;0.469;0.139;0.186;0.142;0.554;4.998;1.37;0.029;0.063;0.063;0.042
9575;0.618;0.588;0.471;0.471;0.129;0.195;0.142;0.559;4.998;1.35;0.034;0.066;0.063;0.039
9576;0.615;0.588;0.476;0.479;0.127;0.205;0.144;0.566;4.998;1.318;0.029;0.063;0.063;0.042
9577;0.615;0.591;0.474;0.481;0.132;0.205;0.146;0.557;4.998;1.292;0.032;0.066;0.061;0.042
9578;0.61;0.593;0.474;0.479;0.127;0.212;0.151;0.559;4.998;1.265;0.027;0.061;0.066;0.044
9579;0.61;0.591;0.476;0.479;0.129;0.21;0.151;0.552;4.998;1.248;0.027;0.061;0.066;0.039
9580;0.603;0.593;0.474;0.474;0.125;0.215;0.149;0.552;4.998;1.23;0.029;0.063;0.066;0.042
9581;0.596;0.591;0.481;0.476;0.115;0.217;0.146;0.554;4.998;1.221;0.029;0.059;0.068;0.039
9582;0.596;0.593;0.481;0.471;0.12;0.217;0.142;0.549;4.998;1.208;0.022;0.061;0.068;0.042
9583;0.591;0.593;0.486;0.474;0.115;0.22;0.142;0.552;4.998;1.196;0.024;0.059;0.068;0.037
9584;0.591;0.593;0.483;0.474;0.115;0.222;0.144;0.557;4.998;1.172;0.024;0.059;0.066;0.042
9585;0.593;0.598;0.479;0.474;0.115;0.217;0.139;0.564;4.998;1.152;0.02;0.061;0.063;0.037
9586;0.593;0.598;0.491;0.469;0.122;0.215;0.137;0.557;4.949;1.133;0.02;0.061;0.066;0.037
9587;0.591;0.601;0.496;0.474;0.117;0.212;0.134;0.559;4.81;1.104;0.015;0.059;0.066;0.042
9588;0.591;0.601;0.498;0.476;0.125;0.21;0.127;0.557;4.678;1.079;0.015;0.061;0.063;0.042
9589;0.593;0.603;0.503;0.481;0.117;0.212;0.127;0.559;4.553;1.05;0.015;0.061;0.066;0.039
9590;0.593;0.601;0.503;0.479;0.127;0.215;0.129;0.559;4.434;1.016;0.012;0.059;0.068;0.042
9591;0.593;0.601;0.5;0.481;0.129;0.215;0.134;0.559;4.319;0.984;0.015;0.061;0.063;0.039
9592;0.593;0.598;0.498;0.479;0.132;0.22;0.142;0.564;4.197;0.945;0.012;0.061;0.068;0.037
9593;0.593;0.598;0.493;0.479;0.129;0.217;0.149;0.562;4.08;0.911;0.01;0.061;0.066;0.037
9594;0.596;0.596;0.486;0.486;0.129;0.22;0.151;0.559;3.955;0.874;0.007;0.059;0.063;0.039
9595;0.591;0.593;0.483;0.488;0.125;0.215;0.151;0.557;3.835;0.845;0.01;0.059;0.066;0.039
9596;0.586;0.593;0.479;0.491;0.127;0.215;0.154;0.559;3.706;0.811;0.01;0.059;0.063;0.032
9597;0.586;0.593;0.474;0.493;0.122;0.215;0.154;0.554;3.579;0.786;0.012;0.061;0.066;0.037
9598;0.588;0.593;0.464;0.493;0.122;0.208;0.156;0.549;3.455;0.769;0.01;0.063;0.066;0.037
9599;0.588;0.593;0.464;0.503;0.117;0.208;0.154;0.549;3.33;0.752;0.012;0.061;0.066;0.039
9600;0.588;0.593;0.464;0.498;0.117;0.205;0.156;0.552;3.21;0.742;0.01;0.063;0.066;0.042
9601;0.588;0.591;0.464;0.493;0.115;0.205;0.154;0.542;3.096;0.72;0.01;0.063;0.068;0.037
9602;0.586;0.593;0.471;0.496;0.125;0.205;0.154;0.537;2.988;0.696;0.007;0.059;0.066;0.039
9603;0.588;0.591;0.474;0.493;0.122;0.208;0.151;0.535;2.893;0.679;0.012;0.066;0.063;0.034
9604;0.588;0.591;0.483;0.496;0.129;0.21;0.151;0.542;2.793;0.659;0.007;0.063;0.063;0.039
9605;0.588;0.596;0.481;0.498;0.139;0.21;0.151;0.542;2.698;0.654;0.01;0.066;0.066;0.039
9606;0.586;0.596;0.483;0.496;0.144;0.21;0.151;0.542;2.605;0.662;0.012;0.066;0.066;0.037
9607;0.586;0.596;0.486;0.498;0.151;0.212;0.146;0.547;2.529;0.688;0.012;0.068;0.066;0.039
9608;0.586;0.596;0.488;0.491;0.151;0.217;0.144;0.549;2.466;0.728;0.012;0.066;0.063;0.037
9609;0.586;0.596;0.493;0.488;0.156;0.22;0.146;0.54;2.427;0.757;0.01;0.066;0.066;0.039
9610;0.583;0.598;0.498;0.488;0.154;0.225;0.144;0.547;2.417;0.801;0.01;0.071;0.068;0.037
9611;0.581;0.601;0.5;0.483;0.151;0.227;0.139;0.542;2.417;0.84;0.01;0.066;0.066;0.042
9612;0.583;0.605;0.508;0.483;0.151;0.227;0.142;0.542;2.424;0.874;0.015;0.071;0.066;0.042
9613;0.586;0.608;0.51;0.483;0.149;0.229;0.139;0.549;2.415;0.898;0.012;0.071;0.066;0.039
9614;0.586;0.608;0.51;0.479;0.134;0.232;0.139;0.554;2.393;0.908;0.012;0.071;0.066;0.044
9615;0.591;0.61;0.505;0.479;0.139;0.232;0.146;0.554;2.366;0.916;0.015;0.076;0.068;0.046
9616;0.591;0.613;0.503;0.471;0.134;0.232;0.146;0.552;2.332;0.913;0.017;0.076;0.071;0.044
9617;0.591;0.61;0.498;0.469;0.129;0.232;0.146;0.552;2.28;0.903;0.015;0.076;0.066;0.044
9618;0.593;0.61;0.498;0.461;0.125;0.234;0.146;0.559;2.222;0.898;0.017;0.078;0.071;0.046
9619;0.596;0.61;0.503;0.454;0.115;0.232;0.142;0.549;2.156;0.903;0.015;0.078;0.063;0.046
9620;0.598;0.61;0.5;0.449;0.107;0.229;0.137;0.549;2.095;0.908;0.015;0.078;0.066;0.044
9621;0.601;0.61;0.498;0.442;0.112;0.229;0.139;0.554;2.036;0.916;0.015;0.076;0.068;0.044
9622;0.603;0.61;0.498;0.442;0.11;0.229;0.139;0.557;1.98;0.923;0.012;0.073;0.066;0.049
9623;0.601;0.608;0.496;0.442;0.112;0.229;0.139;0.557;1.921;0.938;0.017;0.076;0.066;0.046
9624;0.601;0.608;0.503;0.452;0.115;0.227;0.142;0.557;1.868;0.947;0.017;0.073;0.071;0.051
9625;0.596;0.608;0.51;0.454;0.115;0.222;0.144;0.562;1.819;0.967;0.015;0.076;0.068;0.049
9626;0.591;0.608;0.518;0.457;0.12;0.22;0.146;0.576;1.775;0.986;0.017;0.076;0.068;0.049
9627;0.583;0.605;0.522;0.459;0.115;0.212;0.149;0.579;1.736;1.003;0.02;0.076;0.068;0.051
9628;0.581;0.605;0.522;0.464;0.122;0.215;0.151;0.579;1.694;1.025;0.02;0.078;0.068;0.051
9629;0.579;0.605;0.518;0.466;0.122;0.21;0.151;0.576;1.663;1.067;0.02;0.078;0.071;0.051
9630;0.571;0.605;0.52;0.469;0.117;0.21;0.151;0.574;1.626;1.111;0.022;0.076;0.068;0.051
9631;0.569;0.605;0.522;0.474;0.12;0.208;0.146;0.576;1.604;1.135;0.02;0.076;0.073;0.046
9632;0.566;0.603;0.525;0.474;0.11;0.21;0.144;0.579;1.582;1.145;0.022;0.081;0.073;0.054
9633;0.566;0.603;0.535;0.476;0.103;0.208;0.139;0.581;1.56;1.135;0.024;0.076;0.073;0.056
9634;0.566;0.601;0.537;0.476;0.1;0.22;0.139;0.581;1.538;1.123;0.024;0.081;0.071;0.046
9635;0.566;0.598;0.537;0.476;0.093;0.22;0.137;0.583;1.509;1.096;0.024;0.081;0.073;0.049
9636;0.569;0.598;0.537;0.469;0.098;0.225;0.134;0.581;1.479;1.064;0.027;0.085;0.071;0.051
9637;0.569;0.598;0.542;0.466;0.1;0.232;0.132;0.586;1.453;1.021;0.027;0.085;0.073;0.049
9638;0.569;0.598;0.544;0.464;0.098;0.237;0.139;0.591;1.438;0.984;0.027;0.088;0.076;0.049
9639;0.569;0.596;0.544;0.457;0.095;0.247;0.137;0.588;1.431;0.945;0.029;0.088;0.073;0.054
9640;0.569;0.596;0.547;0.454;0.093;0.247;0.142;0.591;1.428;0.918;0.027;0.088;0.076;0.044
9641;0.569;0.593;0.549;0.452;0.085;0.251;0.146;0.586;1.436;0.891;0.027;0.09;0.076;0.051
9642;0.569;0.593;0.542;0.447;0.083;0.251;0.151;0.588;1.44;0.869;0.024;0.09;0.073;0.049
9643;0.566;0.591;0.542;0.452;0.085;0.254;0.149;0.588;1.443;0.852;0.027;0.093;0.076;0.049
9644;0.564;0.591;0.535;0.452;0.078;0.251;0.156;0.588;1.445;0.83;0.027;0.093;0.076;0.046
9645;0.564;0.591;0.535;0.452;0.076;0.249;0.154;0.581;1.443;0.811;0.027;0.095;0.078;0.046
9646;0.566;0.593;0.54;0.452;0.066;0.244;0.154;0.581;1.431;0.789;0.029;0.098;0.076;0.051
9647;0.564;0.593;0.54;0.464;0.066;0.244;0.156;0.576;1.418;0.767;0.024;0.098;0.078;0.046
9648;0.562;0.591;0.549;0.471;0.068;0.237;0.154;0.583;1.416;0.745;0.02;0.095;0.071;0.049
9649;0.562;0.591;0.544;0.479;0.073;0.232;0.146;0.581;1.443;0.725;0.024;0.103;0.078;0.042
9650;0.557;0.586;0.547;0.479;0.076;0.227;0.144;0.581;1.489;0.701;0.024;0.103;0.078;0.044
9651;0.557;0.588;0.557;0.483;0.083;0.222;0.142;0.581;1.555;0.674;0.022;0.1;0.073;0.046
9652;0.552;0.586;0.559;0.479;0.083;0.217;0.139;0.583;1.653;0.652;0.02;0.103;0.078;0.046
9653;0.547;0.588;0.559;0.486;0.085;0.22;0.142;0.583;1.758;0.635;0.024;0.105;0.078;0.046
9654;0.544;0.583;0.562;0.486;0.088;0.22;0.142;0.583;1.875;0.613;0.022;0.107;0.078;0.044
9655;0.542;0.581;0.574;0.496;0.098;0.225;0.146;0.586;2.009;0.601;0.024;0.107;0.081;0.044
9656;0.537;0.583;0.579;0.5;0.103;0.227;0.146;0.583;2.153;0.591;0.024;0.11;0.078;0.044
9657;0.54;0.579;0.591;0.508;0.11;0.227;0.156;0.576;2.307;0.586;0.022;0.112;0.081;0.044
9658;0.535;0.579;0.601;0.508;0.105;0.227;0.156;0.579;2.485;0.588;0.024;0.115;0.081;0.044
9659;0.537;0.576;0.601;0.51;0.1;0.227;0.156;0.576;2.693;0.598;0.024;0.112;0.078;0.044
9660;0.54;0.576;0.623;0.508;0.095;0.225;0.159;0.576;2.92;0.613;0.024;0.117;0.081;0.044
9661;0.54;0.576;0.642;0.503;0.093;0.22;0.154;0.579;3.149;0.62;0.024;0.117;0.078;0.042
9662;0.542;0.576;0.659;0.493;0.088;0.22;0.159;0.569;3.374;0.625;0.027;0.122;0.085;0.049
9663;0.547;0.571;0.64;0.491;0.09;0.217;0.156;0.576;3.589;0.627;0.029;0.12;0.083;0.039
9664;0.552;0.576;0.632;0.486;0.088;0.212;0.149;0.576;3.789;0.623;0.027;0.12;0.083;0.044
9665;0.559;0.574;0.62;0.479;0.088;0.21;0.144;0.583;3.987;0.615;0.029;0.125;0.083;0.039
9666;0.559;0.574;0.623;0.471;0.09;0.208;0.142;0.581;4.163;0.608;0.032;0.125;0.083;0.042
9667;0.562;0.574;0.64;0.474;0.085;0.203;0.137;0.588;4.314;0.596;0.032;0.125;0.083;0.042
9668;0.564;0.571;0.645;0.466;0.085;0.203;0.137;0.588;4.446;0.588;0.029;0.125;0.085;0.042
9669;0.562;0.571;0.623;0.464;0.085;0.203;0.139;0.588;4.556;0.576;0.032;0.122;0.085;0.042
9670;0.564;0.571;0.608;0.466;0.085;0.2;0.144;0.586;4.661;0.569;0.037;0.125;0.083;0.039
9671;0.564;0.571;0.598;0.464;0.088;0.2;0.149;0.596;4.756;0.562;0.034;0.12;0.085;0.037
9672;0.564;0.569;0.537;0.464;0.09;0.203;0.156;0.588;4.832;0.554;0.037;0.125;0.085;0.039
9673;0.564;0.569;0.515;0.464;0.093;0.205;0.156;0.586;4.888;0.542;0.037;0.122;0.085;0.042
9674;0.564;0.566;0.515;0.461;0.105;0.212;0.159;0.581;4.917;0.532;0.037;0.122;0.085;0.039
9675;0.559;0.564;0.518;0.459;0.112;0.212;0.161;0.583;4.929;0.52;0.037;0.122;0.085;0.044
9676;0.559;0.569;0.52;0.464;0.125;0.215;0.164;0.586;4.922;0.515;0.039;0.12;0.085;0.039
9677;0.554;0.564;0.532;0.461;0.127;0.215;0.164;0.593;4.893;0.505;0.037;0.12;0.085;0.044
9678;0.549;0.564;0.537;0.457;0.132;0.212;0.166;0.586;4.841;0.5;0.039;0.115;0.09;0.044
9679;0.552;0.562;0.542;0.452;0.127;0.208;0.168;0.571;4.773;0.505;0.042;0.117;0.085;0.037
9680;0.549;0.559;0.542;0.449;0.134;0.208;0.166;0.566;4.68;0.518;0.042;0.115;0.088;0.044
9681;0.549;0.562;0.542;0.452;0.129;0.205;0.164;0.574;4.578;0.532;0.044;0.115;0.085;0.039
9682;0.549;0.559;0.542;0.454;0.132;0.203;0.159;0.566;4.465;0.542;0.042;0.112;0.085;0.037
9683;0.547;0.557;0.544;0.461;0.125;0.203;0.156;0.564;4.355;0.557;0.046;0.112;0.083;0.042
9684;0.552;0.557;0.544;0.461;0.117;0.205;0.159;0.576;4.246;0.566;0.046;0.11;0.088;0.042
9685;0.552;0.557;0.542;0.461;0.112;0.205;0.156;0.574;4.15;0.574;0.049;0.11;0.085;0.037
9686;0.552;0.554;0.547;0.461;0.107;0.205;0.159;0.564;4.06;0.579;0.049;0.11;0.085;0.042
9687;0.554;0.552;0.547;0.459;0.098;0.208;0.156;0.559;3.984;0.583;0.049;0.107;0.083;0.037
9688;0.557;0.552;0.544;0.459;0.093;0.208;0.159;0.571;3.918;0.583;0.049;0.107;0.085;0.037
9689;0.557;0.549;0.547;0.461;0.098;0.205;0.159;0.579;3.853;0.579;0.054;0.105;0.085;0.042
9690;0.557;0.549;0.552;0.464;0.237;0.208;0.161;0.571;3.796;0.574;0.071;0.105;0.085;0.037
9691;0.557;0.544;0.593;0.461;0.322;0.208;0.166;0.571;3.738;0.566;0.083;0.1;0.088;0.039
9692;0.549;0.542;0.684;0.461;0.361;0.21;0.168;0.576;3.684;0.559;0.098;0.103;0.085;0.042
9693;0.549;0.54;0.872;0.457;0.312;0.208;0.168;0.576;3.623;0.557;0.105;0.103;0.078;0.034
9694;0.547;0.54;1.042;0.457;0.366;0.21;0.168;0.579;3.572;0.559;0.115;0.1;0.085;0.037
9695;0.542;0.542;1.104;0.454;0.388;0.212;0.168;0.571;3.528;0.574;0.125;0.098;0.083;0.039
9696;0.547;0.544;0.835;0.457;0.381;0.215;0.168;0.571;3.506;0.598;0.137;0.098;0.083;0.039
9697;0.547;0.547;0.542;0.459;0.374;0.22;0.164;0.574;3.501;0.625;0.151;0.098;0.076;0.039
9698;0.547;0.544;0.674;0.461;0.422;0.22;0.164;0.574;3.506;0.659;0.166;0.095;0.081;0.032
9699;0.552;0.547;0.564;0.457;0.562;0.222;0.161;0.581;3.53;0.688;0.183;0.098;0.081;0.037
9700;0.554;0.547;0.598;0.449;0.481;0.225;0.161;0.574;3.574;0.72;0.193;0.098;0.081;0.039
9701;0.557;0.547;0.632;0.447;0.476;0.225;0.164;0.576;3.63;0.75;0.21;0.095;0.081;0.037
9702;0.557;0.547;0.635;0.452;0.449;0.227;0.159;0.576;3.691;0.781;0.225;0.098;0.081;0.037
9703;0.564;0.549;0.935;0.457;0.483;0.227;0.156;0.574;3.748;0.803;0.234;0.095;0.081;0.039
9704;0.562;0.549;0.972;0.464;0.427;0.225;0.156;0.571;3.806;0.808;0.251;0.095;0.078;0.044
9705;0.564;0.549;0.515;0.469;0.388;0.227;0.154;0.574;3.86;0.811;0.266;0.095;0.081;0.037
9706;0.564;0.549;0.518;0.471;0.408;0.225;0.156;0.581;3.904;0.82;0.276;0.098;0.081;0.042
9707;0.564;0.549;0.54;0.471;0.43;0.225;0.161;0.576;3.938;0.837;0.288;0.095;0.081;0.042
9708;0.566;0.547;0.852;0.474;0.383;0.22;0.161;0.574;3.953;0.847;0.295;0.095;0.078;0.044
9709;0.564;0.547;0.742;0.474;0.376;0.215;0.164;0.571;3.958;0.864;0.308;0.1;0.081;0.037
9710;0.562;0.547;0.64;0.479;0.356;0.215;0.168;0.574;3.95;0.879;0.317;0.095;0.078;0.042
9711;0.562;0.547;0.586;0.476;0.381;0.212;0.166;0.569;3.931;0.898;0.325;0.095;0.081;0.042
9712;0.559;0.549;0.586;0.476;0.31;0.208;0.164;0.574;3.909;0.916;0.334;0.098;0.081;0.037
9713;0.557;0.549;0.62;0.471;0.337;0.21;0.164;0.566;3.882;0.925;0.344;0.095;0.078;0.037
9714;0.557;0.549;0.635;0.469;0.356;0.212;0.159;0.564;3.853;0.92;0.352;0.095;0.081;0.034
9715;0.552;0.549;0.71;0.466;0.347;0.212;0.154;0.557;3.816;0.916;0.356;0.095;0.078;0.039
9716;0.549;0.544;0.789;0.461;0.315;0.215;0.156;0.562;3.784;0.92;0.369;0.1;0.076;0.037
9717;0.549;0.547;0.898;0.457;0.361;0.215;0.156;0.564;3.74;0.913;0.376;0.095;0.071;0.029
9718;0.547;0.542;2.139;0.449;0.366;0.217;0.159;0.559;3.701;0.903;0.383;0.098;0.078;0.032
9719;0.549;0.542;2.317;0.449;0.4;0.22;0.156;0.559;3.669;0.896;0.396;0.103;0.076;0.032
9720;0.549;0.542;2.407;0.452;0.396;0.22;0.154;0.564;3.63;0.884;0.403;0.098;0.078;0.037
9721;0.552;0.54;3.03;0.459;0.388;0.22;0.151;0.562;3.604;0.872;0.41;0.098;0.081;0.029
9722;0.552;0.537;1.88;0.459;0.437;0.22;0.154;0.566;3.589;0.864;0.435;0.103;0.078;0.032
9723;0.554;0.535;1.147;0.459;0.42;0.217;0.156;0.564;3.569;0.847;0.464;0.1;0.076;0.029
9724;0.557;0.532;0.605;0.459;0.403;0.215;0.156;0.559;3.574;0.83;0.508;0.103;0.078;0.027
9725;0.557;0.53;0.63;0.454;0.43;0.21;0.156;0.557;3.584;0.808;0.559;0.107;0.076;0.032
9726;0.554;0.532;0.593;0.452;0.425;0.208;0.154;0.559;3.606;0.789;0.605;0.103;0.081;0.029
9727;0.552;0.527;0.54;0.454;0.442;0.205;0.154;0.564;3.621;0.759;0.652;0.105;0.078;0.024
9728;0.552;0.53;0.566;0.457;0.41;0.203;0.151;0.557;3.64;0.732;0.684;0.105;0.078;0.032
9729;0.549;0.527;0.586;0.461;0.432;0.198;0.154;0.559;3.66;0.703;0.708;0.107;0.078;0.024
9730;0.552;0.527;0.554;0.464;0.457;0.193;0.151;0.549;3.687;0.679;0.723;0.107;0.076;0.029
9731;0.549;0.527;0.593;0.466;0.469;0.19;0.154;0.549;3.711;0.652;0.73;0.112;0.078;0.022
9732;0.547;0.53;0.588;0.459;0.476;0.188;0.149;0.557;3.73;0.62;0.73;0.107;0.081;0.024
9733;0.542;0.53;0.586;0.452;0.474;0.19;0.144;0.552;3.74;0.596;0.73;0.11;0.078;0.027
9734;0.544;0.532;0.571;0.449;0.493;0.188;0.142;0.554;3.738;0.566;0.732;0.107;0.078;0.024
9735;0.542;0.535;0.571;0.447;0.486;0.193;0.142;0.554;3.718;0.542;0.737;0.107;0.078;0.024
9736;0.537;0.537;0.586;0.444;0.464;0.19;0.144;0.557;3.679;0.515;0.75;0.112;0.078;0.022
9737;0.535;0.535;0.574;0.447;0.483;0.19;0.142;0.562;3.635;0.488;0.767;0.11;0.078;0.017
9738;0.527;0.537;0.576;0.447;0.474;0.19;0.142;0.554;3.601;0.466;0.793;0.107;0.076;0.024
9739;0.522;0.537;0.593;0.444;0.471;0.19;0.139;0.544;3.591;0.452;0.833;0.107;0.076;0.017
9740;0.515;0.542;0.583;0.444;0.466;0.19;0.144;0.547;3.625;0.444;0.876;0.11;0.081;0.017
9741;0.513;0.542;0.583;0.444;0.459;0.188;0.149;0.549;3.694;0.435;0.923;0.105;0.078;0.017
9742;0.508;0.542;0.581;0.437;0.452;0.186;0.151;0.554;3.792;0.425;0.969;0.107;0.076;0.017
9743;0.505;0.542;0.61;0.437;0.444;0.19;0.156;0.547;3.896;0.413;1.021;0.11;0.078;0.015
9744;0.505;0.542;0.635;0.437;0.432;0.188;0.161;0.552;4.016;0.405;1.072;0.105;0.078;0.015
9745;0.505;0.542;0.63;0.439;0.444;0.188;0.159;0.554;4.15;0.398;1.128;0.107;0.078;0.012
9746;0.508;0.542;0.625;0.442;0.452;0.19;0.156;0.554;4.304;0.396;1.172;0.107;0.081;0.012
9747;0.508;0.54;0.662;0.447;0.461;0.193;0.154;0.557;4.46;0.388;1.204;0.105;0.078;0.017
9748;0.51;0.54;0.657;0.452;0.474;0.198;0.149;0.559;4.609;0.386;1.226;0.105;0.081;0.012
9749;0.515;0.537;0.737;0.454;0.466;0.203;0.149;0.559;4.746;0.386;1.24;0.107;0.081;0.015
9750;0.518;0.537;0.664;0.454;0.481;0.203;0.149;0.552;4.863;0.398;1.243;0.103;0.078;0.017
9751;0.52;0.537;0.811;0.457;0.469;0.205;0.149;0.547;4.983;0.439;1.245;0.107;0.078;0.01
9752;0.525;0.535;0.847;0.457;0.481;0.203;0.149;0.542;4.998;0.491;1.233;0.1;0.081;0.017
9753;0.53;0.532;0.854;0.457;0.488;0.208;0.146;0.54;4.998;0.549;1.233;0.1;0.078;0.015
9754;0.527;0.53;0.83;0.457;0.466;0.203;0.146;0.542;4.998;0.608;1.233;0.098;0.083;0.015
9755;0.53;0.53;0.896;0.457;0.452;0.203;0.149;0.547;4.998;0.657;1.238;0.095;0.081;0.02
9756;0.525;0.525;0.793;0.454;0.442;0.198;0.149;0.552;4.998;0.701;1.248;0.098;0.078;0.015
9757;0.522;0.525;0.869;0.457;0.442;0.198;0.149;0.552;4.998;0.723;1.262;0.093;0.078;0.017
9758;0.52;0.522;0.918;0.457;0.439;0.198;0.149;0.557;4.998;0.735;1.277;0.093;0.081;0.02
9759;0.518;0.518;0.94;0.459;0.422;0.195;0.149;0.557;4.998;0.732;1.294;0.093;0.081;0.02
9760;0.513;0.515;0.94;0.454;0.437;0.195;0.146;0.557;4.998;0.72;1.313;0.093;0.081;0.015
9761;0.508;0.515;1.045;0.452;0.432;0.193;0.146;0.544;4.998;0.693;1.328;0.09;0.076;0.015
9762;0.505;0.51;1.06;0.452;0.417;0.195;0.146;0.549;4.998;0.669;1.34;0.088;0.078;0.017
9763;0.503;0.51;1.04;0.452;0.425;0.195;0.149;0.549;4.998;0.642;1.348;0.085;0.078;0.022
9764;0.498;0.508;1.145;0.452;0.43;0.198;0.151;0.547;4.998;0.605;1.348;0.083;0.078;0.017
9765;0.5;0.505;0.92;0.457;0.437;0.203;0.154;0.557;4.998;0.574;1.35;0.083;0.081;0.017
9766;0.498;0.503;0.82;0.457;0.439;0.205;0.151;0.564;4.978;0.544;1.345;0.081;0.078;0.02
9767;0.503;0.505;0.906;0.452;0.437;0.208;0.154;0.564;4.902;0.518;1.343;0.085;0.078;0.02
9768;0.503;0.503;0.969;0.454;0.444;0.208;0.156;0.557;4.839;0.493;1.335;0.081;0.076;0.02
9769;0.508;0.503;0.603;0.457;0.447;0.205;0.159;0.564;4.795;0.471;1.323;0.081;0.076;0.02
9770;0.513;0.51;0.605;0.466;0.442;0.198;0.156;0.564;4.763;0.457;1.306;0.076;0.076;0.017
9771;0.513;0.508;0.715;0.466;0.449;0.198;0.156;0.557;4.744;0.449;1.294;0.081;0.076;0.017
9772;0.513;0.508;0.684;0.466;0.454;0.193;0.151;0.557;4.731;0.435;1.272;0.076;0.076;0.022
9773;0.515;0.51;0.703;0.461;0.447;0.188;0.146;0.559;4.731;0.43;1.255;0.076;0.076;0.027
9774;0.518;0.508;0.671;0.452;0.442;0.183;0.149;0.554;4.751;0.43;1.248;0.083;0.078;0.022
9775;0.522;0.508;0.691;0.452;0.439;0.181;0.151;0.557;4.783;0.417;1.23;0.073;0.081;0.032
9776;0.525;0.508;0.603;0.449;0.444;0.183;0.154;0.562;4.851;0.42;1.226;0.078;0.078;0.024
9777;0.53;0.505;0.63;0.454;0.442;0.181;0.156;0.559;4.941;0.422;1.221;0.078;0.078;0.029
9778;0.532;0.51;0.737;0.459;0.439;0.181;0.154;0.562;4.998;0.432;1.216;0.078;0.081;0.029
9779;0.53;0.51;0.742;0.457;0.452;0.183;0.154;0.574;4.998;0.435;1.213;0.078;0.078;0.027
9780;0.53;0.51;0.71;0.447;0.457;0.188;0.151;0.581;4.998;0.439;1.218;0.083;0.081;0.029
9781;0.525;0.51;0.693;0.447;0.449;0.186;0.151;0.576;4.998;0.437;1.221;0.081;0.078;0.032
9782;0.522;0.51;0.637;0.447;0.452;0.19;0.151;0.574;4.998;0.447;1.233;0.081;0.078;0.032
9783;0.518;0.51;0.647;0.452;0.459;0.198;0.151;0.571;4.998;0.464;1.252;0.085;0.081;0.034
9784;0.515;0.515;0.757;0.461;0.464;0.203;0.151;0.571;4.998;0.476;1.274;0.085;0.081;0.034
9785;0.508;0.513;0.745;0.471;0.454;0.208;0.149;0.564;4.998;0.483;1.299;0.088;0.078;0.073
9786;0.505;0.518;0.676;0.476;0.454;0.208;0.151;0.569;4.998;0.491;1.318;0.085;0.081;0.071
9787;0.503;0.518;0.71;0.474;0.447;0.21;0.151;0.579;4.998;0.5;1.348;0.083;0.081;0.071
9788;0.5;0.522;0.647;0.471;0.444;0.21;0.156;0.583;4.998;0.51;1.384;0.088;0.081;0.073
9789;0.5;0.522;0.642;0.471;0.437;0.21;0.151;0.583;4.998;0.518;1.426;0.085;0.078;0.071
9790;0.5;0.52;0.63;0.471;0.439;0.205;0.154;0.581;4.917;0.518;1.462;0.088;0.078;0.068
9791;0.503;0.52;0.63;0.474;0.444;0.203;0.154;0.579;4.783;0.508;1.492;0.088;0.078;0.068
9792;0.503;0.518;0.645;0.474;0.449;0.2;0.156;0.576;4.636;0.496;1.516;0.085;0.078;0.068
9793;0.508;0.52;0.657;0.474;0.444;0.198;0.161;0.566;4.497;0.496;1.548;0.088;0.078;0.068
9794;0.51;0.52;0.64;0.461;0.452;0.195;0.156;0.566;4.355;0.496;1.572;0.085;0.076;0.061
9795;0.513;0.52;0.657;0.452;0.459;0.198;0.159;0.569;4.229;0.498;1.599;0.093;0.078;0.066
9796;0.51;0.52;0.632;0.439;0.461;0.198;0.159;0.576;4.111;0.498;1.628;0.088;0.076;0.061
9797;0.513;0.52;0.615;0.439;0.471;0.2;0.154;0.574;4.011;0.5;1.663;0.088;0.078;0.059
9798;0.513;0.518;0.686;0.442;0.471;0.2;0.154;0.566;3.921;0.496;1.694;0.083;0.078;0.061
9799;0.515;0.522;0.693;0.447;0.479;0.193;0.151;0.566;3.843;0.496;1.731;0.085;0.073;0.056
9800;0.513;0.522;0.779;0.447;0.469;0.19;0.151;0.566;3.767;0.498;1.77;0.083;0.078;0.056
9801;0.515;0.525;0.854;0.444;0.449;0.186;0.154;0.571;3.704;0.52;1.816;0.085;0.076;0.056
9802;0.513;0.525;1.033;0.439;0.447;0.186;0.156;0.571;3.64;0.542;1.858;0.083;0.076;0.054
9803;0.51;0.525;0.984;0.437;0.439;0.181;0.156;0.576;3.591;0.571;1.907;0.088;0.076;0.051
9804;0.508;0.525;1.038;0.442;0.43;0.181;0.161;0.579;3.535;0.603;1.943;0.083;0.076;0.051
9805;0.505;0.525;0.73;0.444;0.422;0.181;0.164;0.569;3.486;0.635;1.975;0.085;0.073;0.051
9806;0.503;0.522;0.696;0.447;0.427;0.181;0.166;0.571;3.423;0.657;1.997;0.081;0.076;0.049
9807;0.503;0.522;0.508;0.444;0.435;0.186;0.171;0.574;3.372;0.674;2.021;0.085;0.073;0.049
9808;0.505;0.525;0.479;0.442;0.435;0.188;0.173;0.571;3.32;0.676;2.043;0.083;0.073;0.046
9809;0.505;0.525;0.645;0.442;0.435;0.19;0.168;0.571;3.281;0.674;2.065;0.083;0.068;0.046
9810;0.51;0.525;0.562;0.447;0.442;0.19;0.164;0.571;3.276;0.674;2.08;0.081;0.071;0.049
9811;0.51;0.525;0.552;0.452;0.447;0.19;0.159;0.571;3.315;0.669;2.095;0.078;0.071;0.044
9812;0.513;0.527;0.522;0.461;0.444;0.193;0.151;0.571;3.398;0.654;2.109;0.081;0.068;0.044
9813;0.508;0.527;0.586;0.469;0.447;0.195;0.146;0.571;3.496;0.63;2.129;0.081;0.068;0.039
9814;0.51;0.527;0.94;0.471;0.447;0.2;0.142;0.569;3.594;0.605;2.158;0.081;0.066;0.042
9815;0.505;0.527;0.959;0.471;0.447;0.203;0.137;0.571;3.677;0.574;2.202;0.081;0.066;0.039
9816;0.505;0.527;0.935;0.474;0.444;0.205;0.134;0.571;3.74;0.549;2.256;0.083;0.063;0.037
9817;0.503;0.527;0.913;0.476;0.43;0.203;0.129;0.571;3.774;0.527;2.31;0.083;0.068;0.044
9818;0.505;0.527;0.984;0.479;0.43;0.2;0.134;0.569;3.796;0.52;2.368;0.083;0.066;0.039
9819;0.505;0.53;0.95;0.481;0.422;0.198;0.139;0.569;3.821;0.515;2.407;0.083;0.068;0.042
9820;0.505;0.53;0.935;0.481;0.415;0.2;0.144;0.571;3.87;0.515;2.439;0.085;0.068;0.037
9821;0.508;0.527;0.964;0.476;0.41;0.2;0.151;0.564;3.94;0.498;2.463;0.083;0.061;0.042
9822;0.505;0.53;1.011;0.471;0.41;0.2;0.154;0.566;4.05;0.493;2.5;0.085;0.063;0.042
9823;0.505;0.532;1.021;0.471;0.413;0.198;0.156;0.564;4.199;0.496;2.532;0.085;0.063;0.039
9824;0.503;0.537;1.03;0.469;0.417;0.198;0.156;0.557;4.375;0.515;2.568;0.088;0.061;0.037
9825;0.505;0.535;1.287;0.471;0.417;0.2;0.156;0.549;4.558;0.52;2.595;0.085;0.066;0.037
9826;0.503;0.54;1.108;0.474;0.417;0.205;0.154;0.554;4.744;0.535;2.62;0.09;0.063;0.044
9827;0.508;0.54;1.255;0.474;0.413;0.208;0.149;0.564;4.917;0.54;2.637;0.09;0.063;0.039
9828;0.51;0.537;1.265;0.469;0.413;0.208;0.149;0.557;4.998;0.537;2.646;0.09;0.061;0.042
9829;0.51;0.54;1.345;0.461;0.413;0.217;0.144;0.559;4.998;0.535;2.646;0.09;0.061;0.044
9830;0.515;0.542;2.576;0.464;0.41;0.217;0.144;0.566;4.998;0.527;2.644;0.09;0.061;0.044
9831;0.51;0.54;2.29;0.459;0.41;0.22;0.139;0.559;4.998;0.515;2.644;0.09;0.061;0.042
9832;0.51;0.54;2.136;0.461;0.405;0.222;0.139;0.557;4.998;0.493;2.642;0.093;0.063;0.042
9833;0.51;0.54;2.122;0.457;0.403;0.22;0.144;0.552;4.998;0.471;2.642;0.093;0.063;0.039
9834;0.51;0.537;2.036;0.454;0.405;0.22;0.142;0.559;4.998;0.442;2.642;0.093;0.061;0.044
9835;0.505;0.537;1.541;0.452;0.405;0.215;0.142;0.554;4.998;0.417;2.639;0.093;0.063;0.044
9836;0.503;0.54;1.453;0.449;0.413;0.215;0.142;0.557;4.998;0.398;2.639;0.095;0.063;0.044
9837;0.498;0.54;1.328;0.452;0.415;0.215;0.142;0.552;4.998;0.388;2.639;0.095;0.061;0.046
9838;0.496;0.54;1.013;0.452;0.422;0.212;0.139;0.552;4.998;0.391;2.637;0.098;0.068;0.049
9839;0.491;0.537;1.133;0.454;0.422;0.21;0.139;0.554;4.998;0.422;2.644;0.1;0.063;0.049
9840;0.483;0.537;1.145;0.452;0.43;0.212;0.142;0.554;4.998;0.469;2.646;0.098;0.061;0.049
9841;0.486;0.54;1.316;0.452;0.432;0.21;0.144;0.549;4.998;0.52;2.651;0.098;0.068;0.049
9842;0.481;0.54;1.26;0.452;0.437;0.21;0.142;0.549;4.998;0.571;2.666;0.1;0.063;0.056
9843;0.486;0.542;1.455;0.452;0.442;0.208;0.139;0.557;4.998;0.61;2.681;0.1;0.071;0.051
9844;0.486;0.542;2.651;0.449;0.444;0.21;0.139;0.557;4.998;0.625;2.693;0.1;0.071;0.059
9845;0.488;0.537;3.074;0.447;0.454;0.21;0.139;0.547;4.998;0.635;2.708;0.1;0.068;0.056
9846;0.493;0.537;2.927;0.447;0.452;0.215;0.142;0.547;4.998;0.64;2.712;0.098;0.071;0.056
9847;0.496;0.532;4.998;0.447;0.452;0.212;0.139;0.557;4.998;0.649;2.72;0.098;0.068;0.059
9848;0.498;0.535;4.998;0.449;0.457;0.212;0.146;0.554;4.998;0.669;2.715;0.098;0.071;0.056
9849;0.498;0.532;4.998;0.452;0.457;0.21;0.149;0.552;4.998;0.706;2.717;0.098;0.071;0.063
9850;0.498;0.532;4.998;0.454;0.457;0.21;0.151;0.552;4.998;0.752;2.712;0.095;0.071;0.061
9851;0.493;0.532;4.998;0.454;0.454;0.203;0.159;0.552;4.998;0.801;2.712;0.093;0.068;0.061
9852;0.491;0.535;4.998;0.459;0.449;0.203;0.161;0.554;4.998;0.823;2.729;0.095;0.068;0.063
9853;0.486;0.532;4.998;0.457;0.444;0.2;0.164;0.557;4.998;0.815;2.749;0.093;0.068;0.068
9854;0.486;0.532;4.998;0.459;0.437;0.195;0.166;0.552;4.998;0.776;2.773;0.095;0.068;0.061
9855;0.481;0.532;4.998;0.464;0.427;0.193;0.164;0.552;4.998;0.728;2.788;0.09;0.071;0.068
9856;0.486;0.532;4.998;0.471;0.422;0.193;0.166;0.552;4.998;0.688;2.798;0.09;0.071;0.066
9857;0.481;0.535;4.998;0.476;0.413;0.195;0.159;0.554;4.998;0.669;2.808;0.09;0.068;0.066
9858;0.481;0.532;4.998;0.479;0.408;0.195;0.154;0.552;4.998;0.654;2.812;0.085;0.066;0.066
9859;0.479;0.535;4.998;0.481;0.41;0.198;0.149;0.549;4.998;0.662;2.827;0.088;0.066;0.063
9860;0.476;0.532;4.998;0.481;0.41;0.203;0.144;0.549;4.998;0.671;2.839;0.083;0.063;0.061
9861;0.476;0.53;4.998;0.488;0.41;0.208;0.137;0.557;4.998;0.698;2.849;0.081;0.063;0.059
9862;0.474;0.525;4.998;0.503;0.403;0.21;0.132;0.549;4.998;0.754;2.847;0.083;0.063;0.061
9863;0.474;0.525;4.998;0.608;0.413;0.217;0.134;0.552;4.998;0.835;2.839;0.083;0.063;0.061
9864;0.474;0.527;4.998;0.708;0.413;0.215;0.137;0.549;4.998;0.933;2.817;0.076;0.061;0.061
9865;0.476;0.527;4.998;0.676;0.413;0.215;0.139;0.552;4.998;1.05;2.803;0.081;0.061;0.059
9866;0.479;0.53;4.998;0.576;0.413;0.21;0.146;0.549;4.998;1.172;2.783;0.078;0.063;0.061
9867;0.479;0.53;4.998;0.557;0.417;0.208;0.151;0.549;4.998;1.279;2.761;0.081;0.061;0.059
9868;0.476;0.53;4.998;0.537;0.425;0.2;0.156;0.549;4.998;1.372;2.739;0.078;0.063;0.056
9869;0.476;0.532;4.998;0.522;0.43;0.198;0.156;0.554;4.998;1.445;2.725;0.076;0.066;0.061
9870;0.474;0.532;4.998;0.515;0.432;0.193;0.156;0.552;4.998;1.482;2.698;0.081;0.063;0.063
9871;0.479;0.535;4.998;0.515;0.437;0.188;0.154;0.562;4.998;1.494;2.681;0.083;0.068;0.059
9872;0.479;0.54;4.998;0.51;0.439;0.186;0.151;0.566;4.998;1.484;2.659;0.078;0.068;0.063
9873;0.479;0.537;4.998;0.505;0.437;0.188;0.146;0.562;4.998;1.455;2.637;0.081;0.071;0.061
9874;0.476;0.537;4.998;0.503;0.435;0.188;0.139;0.559;4.998;1.411;2.615;0.073;0.068;0.061
9875;0.481;0.54;4.998;0.498;0.439;0.188;0.134;0.562;4.998;1.406;2.612;0.078;0.068;0.059
9876;0.479;0.537;4.998;0.493;0.439;0.193;0.129;0.566;4.998;1.406;2.607;0.073;0.066;0.056
9877;0.476;0.535;4.172;0.486;0.437;0.195;0.127;0.564;4.998;1.418;2.622;0.078;0.068;0.059
9878;0.471;0.535;2.18;0.483;0.432;0.198;0.134;0.564;4.998;1.421;2.644;0.076;0.068;0.051
9879;0.479;0.532;1.23;0.486;0.432;0.203;0.137;0.566;4.998;1.421;2.664;0.073;0.066;0.056
9880;0.474;0.535;0.791;0.481;0.43;0.205;0.144;0.566;4.998;1.409;2.676;0.076;0.071;0.049
9881;0.474;0.53;0.586;0.481;0.427;0.208;0.149;0.562;4.998;1.387;2.683;0.073;0.068;0.059
9882;0.471;0.532;0.493;0.486;0.427;0.208;0.154;0.571;4.998;1.367;2.688;0.076;0.071;0.049
9883;0.466;0.53;0.449;0.486;0.425;0.205;0.151;0.571;4.998;1.343;2.678;0.076;0.068;0.049
9884;0.464;0.53;0.435;0.481;0.422;0.208;0.154;0.569;4.998;1.318;2.659;0.073;0.066;0.054
9885;0.461;0.53;0.427;0.525;0.417;0.203;0.154;0.564;4.998;1.299;2.629;0.073;0.071;0.051
9886;0.459;0.53;0.425;0.488;0.415;0.205;0.151;0.559;4.998;1.279;2.593;0.076;0.071;0.049
9887;0.459;0.53;0.425;0.466;0.42;0.203;0.151;0.559;4.998;1.262;2.554;0.076;0.071;0.049
9888;0.457;0.527;0.427;0.469;0.417;0.2;0.151;0.562;4.998;1.257;2.522;0.073;0.071;0.049
9889;0.459;0.53;0.42;0.469;0.415;0.205;0.149;0.566;4.998;1.265;2.495;0.076;0.068;0.049
9890;0.459;0.527;0.757;0.469;0.415;0.208;0.149;0.562;4.998;1.284;2.473;0.073;0.073;0.049
9891;0.461;0.527;0.989;0.464;0.41;0.215;0.149;0.559;4.998;1.304;2.451;0.076;0.073;0.049
9892;0.461;0.525;0.906;0.469;0.41;0.222;0.149;0.564;4.998;1.321;2.437;0.076;0.071;0.054
9893;0.461;0.525;0.847;0.466;0.41;0.225;0.151;0.569;4.998;1.323;2.422;0.076;0.068;0.049
9894;0.464;0.527;0.82;0.466;0.408;0.232;0.151;0.564;4.998;1.316;2.412;0.076;0.073;0.046
9895;0.459;0.525;0.75;0.469;0.408;0.232;0.151;0.562;4.998;1.311;2.4;0.071;0.073;0.051
9896;0.459;0.525;0.708;0.474;0.405;0.234;0.149;0.564;4.998;1.304;2.41;0.076;0.073;0.046
9897;0.457;0.525;0.62;0.474;0.4;0.239;0.149;0.557;4.998;1.289;2.422;0.073;0.068;0.049
9898;0.452;0.525;0.698;0.479;0.403;0.242;0.144;0.559;4.998;1.287;2.451;0.073;0.073;0.046
9899;0.449;0.527;0.754;0.479;0.4;0.242;0.139;0.557;4.998;1.292;2.485;0.078;0.073;0.049
9900;0.444;0.527;0.562;0.476;0.396;0.242;0.139;0.566;4.998;1.301;2.52;0.076;0.073;0.042
9901;0.444;0.53;0.544;0.476;0.393;0.237;0.142;0.566;4.998;1.318;2.554;0.071;0.073;0.051
9902;0.442;0.532;0.496;0.476;0.393;0.229;0.144;0.566;4.998;1.34;2.585;0.073;0.076;0.046
9903;0.444;0.532;0.466;0.474;0.393;0.227;0.149;0.571;4.998;1.355;2.617;0.076;0.073;0.044
9904;0.444;0.532;0.444;0.469;0.396;0.222;0.151;0.574;4.998;1.372;2.654;0.076;0.071;0.044
9905;0.444;0.535;0.459;0.466;0.396;0.22;0.156;0.574;4.998;1.389;2.673;0.071;0.073;0.049
9906;0.447;0.535;0.505;0.466;0.4;0.215;0.156;0.569;4.998;1.406;2.698;0.071;0.068;0.046
9907;0.447;0.537;0.476;0.464;0.41;0.22;0.164;0.564;4.998;1.428;2.71;0.076;0.071;0.051
9908;0.447;0.542;0.459;0.469;0.42;0.22;0.164;0.562;4.998;1.431;2.715;0.076;0.073;0.044
9909;0.449;0.542;0.457;0.474;0.422;0.222;0.164;0.571;4.998;1.431;2.712;0.076;0.073;0.049
9910;0.447;0.54;0.444;0.474;0.422;0.229;0.164;0.569;4.998;1.406;2.7;0.076;0.068;0.051
9911;0.449;0.544;0.449;0.479;0.425;0.234;0.159;0.571;4.998;1.382;2.69;0.073;0.078;0.059
9912;0.447;0.542;0.42;0.481;0.425;0.237;0.161;0.571;4.998;1.348;2.676;0.076;0.071;0.051
9913;0.452;0.542;0.454;0.481;0.43;0.239;0.159;0.576;4.951;1.328;2.666;0.076;0.068;0.046
9914;0.452;0.54;0.566;0.483;0.427;0.237;0.159;0.579;4.858;1.311;2.656;0.078;0.071;0.051
9915;0.457;0.54;0.808;0.481;0.427;0.234;0.154;0.581;4.797;1.304;2.639;0.076;0.071;0.046
9916;0.461;0.54;0.72;0.486;0.425;0.232;0.161;0.576;4.753;1.311;2.627;0.073;0.066;0.046
9917;0.464;0.535;0.713;0.486;0.422;0.227;0.161;0.576;4.709;1.331;2.607;0.076;0.068;0.046
9918;0.471;0.53;0.623;0.481;0.42;0.222;0.164;0.566;4.641;1.355;2.583;0.076;0.068;0.054
9919;0.474;0.527;0.566;0.483;0.422;0.215;0.164;0.569;4.541;1.387;2.561;0.078;0.066;0.049
9920;0.474;0.525;0.52;0.481;0.422;0.212;0.166;0.571;4.402;1.421;2.537;0.078;0.068;0.049
9921;0.471;0.525;0.515;0.488;0.427;0.208;0.166;0.569;4.238;1.453;2.52;0.078;0.066;0.051
9922;0.469;0.522;0.486;0.491;0.425;0.208;0.171;0.576;4.065;1.497;2.502;0.081;0.063;0.046
9923;0.469;0.515;0.43;0.486;0.422;0.205;0.173;0.576;3.896;1.531;2.483;0.081;0.063;0.049
9924;0.466;0.513;0.422;0.483;0.425;0.215;0.176;0.576;3.74;1.562;2.471;0.088;0.066;0.049
9925;0.464;0.508;0.461;0.483;0.425;0.32;0.178;0.581;3.604;1.572;2.463;0.095;0.061;0.046
9926;0.459;0.508;0.432;0.479;0.425;0.527;0.176;0.579;3.503;1.565;2.458;0.107;0.061;0.049
9927;0.457;0.51;0.432;0.474;0.425;0.435;0.173;0.581;3.452;1.538;2.449;0.115;0.063;0.044
9928;0.454;0.508;0.457;0.464;0.427;0.54;0.166;0.571;3.425;1.521;2.429;0.122;0.059;0.046
9929;0.447;0.508;0.459;0.457;0.427;0.496;0.159;0.574;3.413;1.577;2.417;0.134;0.059;0.049
9930;0.447;0.51;0.493;0.449;0.427;0.486;0.151;0.574;3.425;1.67;2.41;0.144;0.059;0.044
9931;0.447;0.51;0.444;0.442;0.43;0.618;0.144;0.576;3.467;1.772;2.407;0.164;0.059;0.044
9932;0.447;0.51;0.437;0.437;0.432;0.476;0.134;0.579;3.521;1.858;2.41;0.178;0.059;0.044
9933;0.447;0.513;0.457;0.432;0.432;0.588;0.125;0.591;3.584;1.931;2.417;0.198;0.054;0.046
9934;0.449;0.518;0.449;0.432;0.435;0.618;0.117;0.598;3.655;1.985;2.422;0.212;0.056;0.039
9935;0.449;0.518;0.413;0.432;0.437;0.552;0.12;0.591;3.726;2.026;2.419;0.227;0.056;0.046
9936;0.447;0.515;0.408;0.432;0.437;0.61;0.12;0.591;3.784;2.051;2.412;0.239;0.056;0.046
9937;0.449;0.518;0.405;0.435;0.432;0.566;0.127;0.586;3.831;2.061;2.388;0.251;0.054;0.044
9938;0.449;0.518;0.381;0.439;0.427;0.613;0.129;0.586;3.884;2.078;2.363;0.266;0.056;0.051
9939;0.449;0.518;0.364;0.444;0.427;0.562;0.142;0.588;3.923;2.104;2.329;0.283;0.056;0.039
9940;0.452;0.52;0.352;0.449;0.425;0.569;0.149;0.591;3.953;2.153;2.3;0.303;0.056;0.046
9941;0.457;0.518;0.344;0.454;0.425;0.535;0.154;0.583;3.955;2.195;2.258;0.325;0.056;0.049
9942;0.461;0.518;0.342;0.452;0.425;0.549;0.161;0.579;3.97;2.239;2.222;0.349;0.051;0.046
9943;0.459;0.518;0.342;0.457;0.427;0.535;0.159;0.574;3.982;2.273;2.192;0.378;0.056;0.044
9944;0.459;0.518;0.349;0.457;0.422;0.522;0.159;0.576;4.006;2.295;2.166;0.41;0.054;0.044
9945;0.457;0.515;0.344;0.457;0.422;0.549;0.156;0.576;4.06;2.307;2.151;0.452;0.054;0.044
9946;0.457;0.513;0.344;0.454;0.422;0.457;0.151;0.576;4.121;2.3;2.139;0.486;0.054;0.044
9947;0.454;0.51;0.347;0.452;0.427;0.518;0.149;0.581;4.211;2.28;2.148;0.527;0.054;0.044
9948;0.457;0.513;0.339;0.452;0.427;0.486;0.146;0.576;4.307;2.249;2.168;0.566;0.054;0.044
9949;0.457;0.508;0.347;0.449;0.42;0.52;0.142;0.569;4.395;2.212;2.185;0.596;0.051;0.044
9950;0.457;0.505;0.342;0.444;0.42;0.549;0.139;0.574;4.48;2.173;2.214;0.625;0.051;0.044
9951;0.454;0.5;0.337;0.439;0.415;0.508;0.137;0.566;4.546;2.131;2.246;0.635;0.051;0.046
9952;0.449;0.5;0.337;0.435;0.417;0.52;0.134;0.562;4.6;2.078;2.278;0.645;0.051;0.046
9953;0.452;0.5;0.342;0.43;0.417;0.508;0.137;0.564;4.631;2.036;2.312;0.647;0.054;0.039
9954;0.447;0.496;0.337;0.422;0.417;0.488;0.142;0.574;4.668;1.982;2.351;0.652;0.051;0.044
9955;0.447;0.496;0.342;0.42;0.42;0.53;0.146;0.576;4.717;1.919;2.39;0.652;0.051;0.044
9956;0.444;0.491;0.337;0.41;0.417;0.51;0.151;0.574;4.785;1.851;2.434;0.667;0.049;0.042
9957;0.444;0.493;0.339;0.408;0.415;0.51;0.151;0.579;4.875;1.78;2.468;0.676;0.049;0.044
9958;0.444;0.493;0.339;0.403;0.417;0.52;0.151;0.579;4.98;1.746;2.485;0.684;0.054;0.044
9959;0.447;0.493;0.339;0.403;0.42;0.488;0.151;0.566;4.998;1.738;2.498;0.686;0.049;0.042
9960;0.444;0.491;0.342;0.4;0.422;0.552;0.149;0.569;4.998;1.772;2.502;0.681;0.046;0.042
9961;0.449;0.493;0.344;0.396;0.422;0.503;0.144;0.569;4.998;1.819;2.507;0.679;0.046;0.034
9962;0.449;0.491;0.337;0.396;0.425;0.522;0.146;0.569;4.998;1.858;2.524;0.681;0.049;0.039
9963;0.449;0.491;0.342;0.4;0.425;0.54;0.142;0.569;4.998;1.863;2.537;0.684;0.049;0.037
9964;0.452;0.493;0.342;0.4;0.422;0.537;0.149;0.574;4.998;1.836;2.559;0.693;0.051;0.039
9965;0.452;0.493;0.339;0.403;0.427;0.513;0.149;0.564;4.998;1.777;2.581;0.718;0.056;0.042
9966;0.452;0.493;0.339;0.408;0.425;0.518;0.154;0.559;4.998;1.699;2.6;0.745;0.054;0.039
9967;0.454;0.496;0.344;0.408;0.427;0.518;0.156;0.564;4.998;1.665;2.627;0.769;0.051;0.034
9968;0.454;0.496;0.344;0.408;0.435;0.54;0.164;0.569;4.998;1.685;2.651;0.789;0.056;0.037
9969;0.454;0.493;0.344;0.408;0.432;0.513;0.164;0.557;4.998;1.763;2.676;0.801;0.059;0.042
9970;0.457;0.498;0.342;0.405;0.435;0.537;0.161;0.554;4.998;1.851;2.695;0.808;0.056;0.039
9971;0.459;0.5;0.349;0.41;0.43;0.542;0.164;0.562;4.998;1.943;2.705;0.811;0.061;0.044
9972;0.459;0.505;0.349;0.41;0.43;0.481;0.159;0.566;4.998;2.009;2.71;0.808;0.063;0.039
9973;0.459;0.505;0.347;0.405;0.43;0.508;0.159;0.562;4.998;2.039;2.708;0.801;0.066;0.046
9974;0.459;0.51;0.347;0.41;0.427;0.508;0.156;0.559;4.998;2.014;2.708;0.793;0.066;0.046
9975;0.459;0.513;0.344;0.405;0.422;0.464;0.154;0.557;4.998;1.965;2.708;0.791;0.068;0.049
9976;0.454;0.515;0.349;0.403;0.42;0.508;0.156;0.557;4.998;1.921;2.7;0.781;0.063;0.044
9977;0.454;0.518;0.354;0.4;0.422;0.474;0.159;0.549;4.998;1.899;2.695;0.776;0.066;0.049
9978;0.454;0.52;0.352;0.4;0.425;0.496;0.159;0.552;4.998;1.885;2.688;0.771;0.068;0.046
9979;0.454;0.52;0.347;0.396;0.425;0.518;0.156;0.547;4.998;1.882;2.69;0.776;0.073;0.046
9980;0.452;0.518;0.344;0.391;0.425;0.469;0.156;0.547;4.998;1.88;2.676;0.781;0.068;0.051
9981;0.454;0.522;0.347;0.391;0.427;0.488;0.154;0.544;4.998;1.88;2.666;0.796;0.068;0.046
9982;0.454;0.52;0.347;0.386;0.427;0.525;0.154;0.544;4.998;1.877;2.659;0.815;0.073;0.046
9983;0.449;0.52;0.352;0.386;0.425;0.457;0.154;0.544;4.998;1.865;2.649;0.823;0.073;0.046
9984;0.454;0.52;0.349;0.386;0.422;0.513;0.156;0.542;4.998;1.846;2.634;0.818;0.071;0.051
9985;0.454;0.518;0.344;0.383;0.42;0.508;0.161;0.544;4.998;1.812;2.629;0.818;0.073;0.049
9986;0.457;0.515;0.342;0.388;0.42;0.476;0.168;0.547;4.998;1.753;2.615;0.811;0.071;0.051
9987;0.457;0.515;0.337;0.391;0.415;0.503;0.171;0.542;4.998;1.692;2.61;0.811;0.073;0.046
9988;0.459;0.51;0.339;0.396;0.413;0.505;0.173;0.54;4.998;1.609;2.59;0.801;0.071;0.051
9989;0.464;0.508;0.334;0.398;0.408;0.493;0.171;0.547;4.998;1.511;2.573;0.796;0.073;0.049
9990;0.459;0.51;0.339;0.398;0.405;0.515;0.166;0.549;4.998;1.406;2.556;0.791;0.071;0.051
9991;0.459;0.505;0.334;0.398;0.403;0.508;0.161;0.544;4.998;1.301;2.537;0.786;0.071;0.046
9992;0.457;0.503;0.332;0.4;0.4;0.53;0.159;0.544;4.998;1.199;2.527;0.789;0.071;0.049
9993;0.459;0.5;0.332;0.398;0.405;0.525;0.156;0.537;4.998;1.101;2.51;0.789;0.068;0.046
9994;0.459;0.496;0.327;0.4;0.408;0.496;0.156;0.537;4.998;1.013;2.493;0.789;0.068;0.051
9995;0.461;0.493;0.322;0.403;0.408;0.527;0.151;0.542;4.998;0.933;2.471;0.789;0.068;0.051
9996;0.461;0.496;0.322;0.403;0.413;0.503;0.146;0.547;4.998;0.857;2.441;0.784;0.068;0.046
9997;0.461;0.491;0.327;0.403;0.415;0.51;0.142;0.544;4.998;0.791;2.415;0.781;0.068;0.054
9998;0.466;0.491;0.334;0.403;0.413;0.53;0.142;0.54;4.998;0.732;2.39;0.779;0.071;0.051
9999;0.469;0.493;0.337;0.408;0.417;0.513;0.142;0.54;4.998;0.693;2.371;0.776;0.068;0.046
10000;0.474;0.486;0.342;0.413;0.415;0.525;0.146;0.547;4.998;0.664;2.341;0.769;0.068;0.051
10001;0.476;0.491;0.344;0.415;0.415;0.518;0.151;0.547;4.998;0.667;2.322;0.759;0.068;0.054
10002;0.476;0.491;0.349;0.415;0.413;0.522;0.159;0.542;4.998;0.691;2.297;0.752;0.063;0.049
10003;0.483;0.493;0.354;0.417;0.41;0.525;0.161;0.544;4.998;0.747;2.278;0.747;0.066;0.051
10004;0.486;0.498;0.356;0.417;0.408;0.515;0.171;0.547;4.998;0.825;2.256;0.742;0.063;0.049
10005;0.486;0.498;0.359;0.417;0.405;0.518;0.173;0.549;4.998;0.908;2.239;0.742;0.066;0.049
10006;0.486;0.5;0.361;0.417;0.398;0.542;0.173;0.562;4.998;0.996;2.224;0.745;0.063;0.049
10007;0.486;0.498;0.356;0.415;0.388;0.515;0.173;0.564;4.998;1.072;2.209;0.747;0.066;0.051
10008;0.486;0.5;0.352;0.417;0.386;0.53;0.171;0.562;4.998;1.116;2.2;0.752;0.063;0.054
10009;0.483;0.503;0.349;0.413;0.386;0.54;0.168;0.564;4.998;1.14;2.185;0.759;0.063;0.056
10010;0.479;0.503;0.344;0.415;0.383;0.537;0.164;0.559;4.998;1.162;2.173;0.769;0.063;0.056
10011;0.481;0.503;0.342;0.413;0.381;0.552;0.164;0.557;4.998;1.172;2.148;0.776;0.063;0.054
10012;0.481;0.505;0.347;0.408;0.388;0.564;0.161;0.557;4.998;1.167;2.126;0.786;0.061;0.059
10013;0.483;0.503;0.339;0.41;0.396;0.564;0.161;0.562;4.998;1.147;2.102;0.793;0.061;0.054
10014;0.486;0.5;0.334;0.408;0.4;0.588;0.159;0.564;4.998;1.121;2.073;0.796;0.063;0.056
10015;0.486;0.5;0.332;0.405;0.405;0.583;0.159;0.566;4.998;1.084;2.039;0.791;0.059;0.056
10016;0.488;0.503;0.325;0.405;0.405;0.583;0.154;0.569;4.998;1.057;2.017;0.791;0.063;0.059
10017;0.488;0.498;0.322;0.408;0.413;0.593;0.154;0.576;4.998;1.03;1.99;0.786;0.061;0.059
10018;0.493;0.5;0.322;0.408;0.413;0.586;0.154;0.576;4.937;1.016;1.968;0.786;0.061;0.061
10019;0.496;0.5;0.327;0.41;0.415;0.583;0.159;0.579;4.849;1.006;1.946;0.786;0.059;0.059
10020;0.496;0.493;0.325;0.405;0.415;0.596;0.159;0.566;4.766;1.008;1.929;0.789;0.059;0.059
10021;0.498;0.496;0.325;0.405;0.42;0.586;0.156;0.564;4.683;1.011;1.914;0.784;0.061;0.059
10022;0.498;0.491;0.322;0.408;0.417;0.591;0.161;0.562;4.609;1.016;1.904;0.779;0.061;0.063
10023;0.496;0.491;0.315;0.408;0.417;0.583;0.159;0.566;4.543;1.021;1.895;0.779;0.063;0.063
10024;0.493;0.486;0.322;0.405;0.42;0.574;0.159;0.569;4.482;1.021;1.885;0.776;0.059;0.061
10025;0.488;0.483;0.325;0.408;0.417;0.576;0.164;0.574;4.426;1.018;1.882;0.764;0.059;0.063
10026;0.488;0.481;0.33;0.413;0.417;0.552;0.168;0.571;4.365;1.016;1.88;0.762;0.059;0.063
10027;0.483;0.479;0.332;0.405;0.415;0.562;0.168;0.576;4.307;1.008;1.882;0.767;0.059;0.061
10028;0.483;0.476;0.334;0.405;0.413;0.547;0.166;0.576;4.246;1.001;1.882;0.762;0.059;0.066
10029;0.483;0.471;0.334;0.4;0.41;0.537;0.164;0.579;4.177;1.001;1.887;0.764;0.061;0.061
10030;0.481;0.469;0.334;0.403;0.403;0.549;0.164;0.574;4.106;0.991;1.89;0.764;0.059;0.068
10031;0.481;0.469;0.339;0.403;0.398;0.544;0.159;0.571;4.041;0.989;1.89;0.764;0.059;0.061
10032;0.481;0.466;0.339;0.403;0.4;0.54;0.161;0.571;3.977;0.986;1.89;0.759;0.059;0.068
10033;0.481;0.464;0.347;0.403;0.396;0.544;0.164;0.571;3.923;0.981;1.89;0.757;0.059;0.066
10034;0.481;0.466;0.352;0.403;0.393;0.542;0.166;0.574;3.882;0.972;1.88;0.75;0.056;0.066
10035;0.481;0.464;0.361;0.403;0.391;0.54;0.171;0.571;3.848;0.955;1.868;0.75;0.061;0.066
10036;0.483;0.466;0.359;0.4;0.388;0.537;0.173;0.571;3.823;0.913;1.853;0.745;0.051;0.059
10037;0.481;0.469;0.361;0.403;0.396;0.54;0.178;0.569;3.801;0.869;1.836;0.742;0.061;0.068
10038;0.483;0.466;0.359;0.4;0.396;0.535;0.178;0.569;3.777;0.833;1.819;0.742;0.061;0.071
10039;0.479;0.469;0.364;0.4;0.398;0.532;0.181;0.574;3.75;0.798;1.799;0.737;0.061;0.068
10040;0.479;0.471;0.364;0.398;0.403;0.54;0.183;0.571;3.735;0.771;1.79;0.735;0.059;0.063
10041;0.479;0.471;0.364;0.4;0.398;0.532;0.186;0.566;3.713;0.757;1.777;0.735;0.059;0.068
10042;0.476;0.471;0.361;0.4;0.403;0.535;0.186;0.562;3.694;0.762;1.772;0.735;0.056;0.068
10043;0.474;0.471;0.356;0.405;0.403;0.535;0.188;0.559;3.667;0.796;1.765;0.732;0.056;0.068
10044;0.476;0.476;0.354;0.405;0.398;0.535;0.188;0.566;3.645;0.862;1.763;0.737;0.056;0.063
10045;0.479;0.476;0.354;0.4;0.396;0.527;0.188;0.566;3.613;0.952;1.753;0.732;0.056;0.068
10046;0.479;0.476;0.352;0.396;0.396;0.535;0.188;0.571;3.586;1.05;1.748;0.732;0.056;0.066
10047;0.479;0.479;0.352;0.391;0.396;0.54;0.186;0.574;3.562;1.143;1.743;0.737;0.056;0.061
10048;0.483;0.479;0.349;0.396;0.391;0.537;0.186;0.564;3.538;1.206;1.736;0.745;0.056;0.061
10049;0.483;0.481;0.349;0.396;0.388;0.525;0.186;0.562;3.508;1.243;1.726;0.754;0.056;0.066
10050;0.486;0.481;0.347;0.396;0.391;0.547;0.186;0.571;3.481;1.262;1.716;0.771;0.056;0.063
10051;0.488;0.483;0.344;0.391;0.391;0.527;0.186;0.566;3.447;1.26;1.716;0.789;0.056;0.059
10052;0.488;0.488;0.352;0.388;0.388;0.53;0.178;0.569;3.411;1.24;1.714;0.801;0.056;0.061
10053;0.486;0.486;0.342;0.386;0.388;0.532;0.176;0.569;3.379;1.223;1.724;0.815;0.059;0.061
10054;0.483;0.486;0.349;0.386;0.388;0.525;0.168;0.569;3.347;1.196;1.726;0.833;0.054;0.056
10055;0.486;0.488;0.352;0.388;0.386;0.53;0.166;0.571;3.323;1.165;1.729;0.847;0.056;0.063
10056;0.483;0.486;0.352;0.388;0.383;0.53;0.166;0.564;3.306;1.14;1.731;0.876;0.059;0.051
10057;0.483;0.488;0.354;0.388;0.378;0.53;0.164;0.562;3.279;1.106;1.724;0.898;0.056;0.056
10058;0.483;0.491;0.352;0.388;0.378;0.54;0.164;0.559;3.252;1.082;1.716;0.93;0.054;0.054
10059;0.481;0.488;0.352;0.388;0.374;0.54;0.161;0.564;3.215;1.052;1.702;0.959;0.054;0.056
10060;0.483;0.486;0.349;0.388;0.371;0.542;0.166;0.564;3.176;1.03;1.689;0.991;0.056;0.054
10061;0.483;0.488;0.347;0.386;0.369;0.544;0.168;0.562;3.132;1.006;1.667;1.018;0.054;0.056
10062;0.481;0.488;0.349;0.378;0.371;0.544;0.166;0.564;3.086;0.989;1.648;1.045;0.056;0.046
10063;0.481;0.491;0.354;0.371;0.376;0.554;0.166;0.562;3.037;0.979;1.626;1.067;0.056;0.049
10064;0.483;0.491;0.347;0.371;0.381;0.552;0.161;0.559;2.991;0.969;1.602;1.089;0.056;0.051
10065;0.483;0.491;0.347;0.371;0.386;0.552;0.154;0.559;2.939;0.962;1.575;1.104;0.054;0.051
10066;0.483;0.488;0.344;0.374;0.393;0.554;0.146;0.557;2.886;0.959;1.55;1.121;0.054;0.051
10067;0.486;0.488;0.344;0.381;0.393;0.552;0.146;0.557;2.837;0.945;1.519;1.128;0.054;0.051
10068;0.483;0.486;0.354;0.386;0.393;0.549;0.146;0.554;2.786;0.94;1.487;1.135;0.051;0.049
10069;0.481;0.483;0.352;0.388;0.388;0.554;0.151;0.549;2.744;0.933;1.465;1.145;0.054;0.054
10070;0.479;0.483;0.359;0.388;0.393;0.549;0.156;0.554;2.695;0.93;1.436;1.15;0.051;0.044
10071;0.474;0.486;0.364;0.396;0.388;0.552;0.156;0.552;2.649;0.92;1.409;1.152;0.054;0.046
10072;0.474;0.483;0.366;0.396;0.391;0.554;0.161;0.552;2.603;0.92;1.387;1.15;0.054;0.051
10073;0.474;0.481;0.361;0.396;0.391;0.554;0.161;0.552;2.556;0.916;1.37;1.152;0.051;0.044
10074;0.476;0.483;0.366;0.396;0.391;0.554;0.161;0.554;2.507;0.913;1.357;1.147;0.051;0.042
10075;0.474;0.483;0.361;0.396;0.393;0.557;0.161;0.554;2.458;0.913;1.343;1.147;0.049;0.044
10076;0.474;0.481;0.361;0.396;0.393;0.554;0.164;0.554;2.41;0.911;1.326;1.143;0.049;0.044
10077;0.471;0.479;0.364;0.396;0.391;0.552;0.161;0.559;2.356;0.908;1.301;1.14;0.051;0.042
10078;0.471;0.479;0.361;0.396;0.388;0.552;0.159;0.559;2.31;0.908;1.279;1.143;0.051;0.049
10079;0.471;0.481;0.364;0.396;0.383;0.552;0.154;0.562;2.266;0.908;1.255;1.143;0.049;0.044
10080;0.474;0.481;0.361;0.396;0.378;0.554;0.151;0.566;2.234;0.908;1.238;1.145;0.049;0.042
10081;0.471;0.481;0.356;0.4;0.378;0.547;0.146;0.574;2.2;0.901;1.218;1.145;0.049;0.042
10082;0.471;0.481;0.354;0.408;0.381;0.552;0.146;0.569;2.183;0.894;1.206;1.152;0.049;0.039
10083;0.471;0.479;0.349;0.408;0.378;0.552;0.149;0.564;2.17;0.884;1.196;1.169;0.046;0.046
10084;0.469;0.481;0.354;0.408;0.376;0.542;0.149;0.564;2.166;0.874;1.189;1.204;0.046;0.037
10085;0.466;0.479;0.354;0.408;0.378;0.544;0.149;0.569;2.161;0.862;1.184;1.245;0.046;0.042
10086;0.461;0.479;0.354;0.408;0.376;0.537;0.146;0.562;2.153;0.85;1.182;1.284;0.046;0.039
10087;0.459;0.479;0.354;0.405;0.376;0.537;0.142;0.566;2.153;0.84;1.182;1.321;0.049;0.039
10088;0.459;0.476;0.354;0.403;0.376;0.532;0.139;0.566;2.151;0.828;1.182;1.345;0.049;0.037
10089;0.457;0.476;0.354;0.4;0.376;0.527;0.139;0.566;2.156;0.82;1.177;1.37;0.049;0.034
10090;0.459;0.471;0.359;0.403;0.376;0.522;0.137;0.566;2.163;0.808;1.165;1.387;0.046;0.039
10091;0.461;0.466;0.369;0.405;0.374;0.52;0.139;0.571;2.18;0.801;1.155;1.401;0.046;0.037
10092;0.464;0.466;0.374;0.408;0.369;0.52;0.139;0.569;2.197;0.796;1.143;1.414;0.051;0.037
10093;0.466;0.464;0.378;0.408;0.366;0.515;0.146;0.571;2.224;0.806;1.13;1.428;0.049;0.037
10094;0.466;0.461;0.381;0.415;0.361;0.52;0.156;0.569;2.253;0.818;1.121;1.438;0.051;0.037
10095;0.466;0.459;0.386;0.415;0.356;0.515;0.161;0.571;2.292;0.833;1.121;1.448;0.046;0.032
10096;0.466;0.457;0.383;0.413;0.352;0.515;0.168;0.566;2.336;0.847;1.125;1.458;0.049;0.039
10097;0.464;0.454;0.386;0.413;0.349;0.515;0.178;0.564;2.385;0.854;1.133;1.465;0.049;0.034
10098;0.461;0.449;0.388;0.41;0.344;0.52;0.178;0.564;2.429;0.85;1.13;1.462;0.051;0.037
10099;0.459;0.447;0.388;0.408;0.344;0.513;0.178;0.564;2.485;0.862;1.14;1.472;0.049;0.039
10100;0.459;0.449;0.393;0.398;0.344;0.513;0.178;0.559;2.537;0.864;1.138;1.484;0.049;0.034
10101;0.457;0.447;0.386;0.393;0.344;0.513;0.176;0.562;2.588;0.874;1.135;1.501;0.051;0.042
10102;0.457;0.442;0.386;0.388;0.342;0.513;0.171;0.569;2.629;0.884;1.128;1.516;0.054;0.037
10103;0.457;0.439;0.388;0.386;0.339;0.508;0.166;0.574;2.671;0.896;1.116;1.526;0.051;0.034
10104;0.449;0.439;0.383;0.381;0.339;0.51;0.164;0.571;2.695;0.903;1.106;1.533;0.056;0.042
10105;0.457;0.437;0.383;0.376;0.334;0.508;0.156;0.571;2.72;0.92;1.101;1.543;0.051;0.037
10106;0.459;0.439;0.383;0.378;0.332;0.51;0.151;0.566;2.734;0.93;1.089;1.548;0.054;0.034
10107;0.461;0.439;0.383;0.376;0.327;0.503;0.146;0.566;2.739;0.942;1.079;1.553;0.051;0.037
10108;0.464;0.439;0.376;0.376;0.322;0.51;0.144;0.566;2.739;0.957;1.072;1.565;0.054;0.039
10109;0.466;0.437;0.374;0.376;0.315;0.513;0.144;0.566;2.727;0.962;1.052;1.562;0.054;0.039
10110;0.466;0.435;0.374;0.378;0.315;0.51;0.146;0.566;2.708;0.964;1.045;1.57;0.051;0.034
10111;0.464;0.437;0.371;0.378;0.308;0.515;0.146;0.562;2.683;0.964;1.035;1.57;0.054;0.037
10112;0.461;0.435;0.366;0.381;0.308;0.515;0.151;0.562;2.654;0.955;1.028;1.565;0.051;0.037
10113;0.459;0.435;0.374;0.376;0.305;0.513;0.159;0.562;2.617;0.945;1.018;1.558;0.054;0.034
10114;0.461;0.435;0.374;0.376;0.308;0.515;0.164;0.569;2.583;0.928;1.008;1.548;0.051;0.034
10115;0.459;0.432;0.376;0.378;0.312;0.513;0.171;0.564;2.544;0.913;1.001;1.533;0.051;0.037
10116;0.459;0.432;0.374;0.381;0.317;0.515;0.176;0.562;2.505;0.894;0.996;1.523;0.054;0.034
10117;0.457;0.43;0.369;0.378;0.325;0.515;0.178;0.559;2.461;0.874;0.979;1.501;0.051;0.037
10118;0.459;0.43;0.364;0.376;0.334;0.513;0.178;0.564;2.419;0.857;0.972;1.482;0.051;0.037
10119;0.457;0.43;0.359;0.374;0.337;0.51;0.171;0.562;2.383;0.84;0.962;1.46;0.054;0.037
10120;0.457;0.43;0.366;0.378;0.339;0.508;0.166;0.564;2.354;0.815;0.947;1.433;0.054;0.039
10121;0.457;0.43;0.364;0.381;0.339;0.503;0.156;0.559;2.334;0.796;0.933;1.406;0.046;0.039
10122;0.459;0.43;0.366;0.386;0.337;0.508;0.146;0.557;2.324;0.771;0.918;1.377;0.054;0.032
10123;0.459;0.427;0.369;0.386;0.342;0.503;0.144;0.559;2.317;0.747;0.898;1.345;0.051;0.037
10124;0.457;0.425;0.369;0.388;0.342;0.508;0.142;0.554;2.324;0.73;0.889;1.321;0.051;0.042
10125;0.457;0.422;0.366;0.386;0.344;0.503;0.142;0.557;2.324;0.708;0.874;1.292;0.051;0.037
10126;0.452;0.422;0.369;0.386;0.337;0.5;0.144;0.549;2.327;0.684;0.859;1.265;0.054;0.039
10127;0.449;0.42;0.364;0.383;0.334;0.505;0.151;0.554;2.327;0.667;0.852;1.243;0.051;0.039
10128;0.447;0.422;0.366;0.381;0.332;0.508;0.161;0.549;2.322;0.649;0.84;1.223;0.051;0.034
10129;0.444;0.42;0.371;0.376;0.334;0.503;0.171;0.547;2.314;0.63;0.833;1.201;0.046;0.034
10130;0.447;0.42;0.366;0.378;0.334;0.508;0.176;0.547;2.302;0.613;0.823;1.184;0.049;0.046
10131;0.444;0.417;0.369;0.374;0.339;0.51;0.183;0.547;2.292;0.603;0.825;1.179;0.054;0.037
10132;0.444;0.42;0.371;0.371;0.339;0.51;0.186;0.547;2.271;0.579;0.815;1.167;0.051;0.039
10133;0.439;0.417;0.366;0.378;0.342;0.515;0.186;0.544;2.246;0.564;0.815;1.172;0.051;0.042
10134;0.439;0.415;0.369;0.383;0.344;0.515;0.186;0.547;2.217;0.547;0.813;1.172;0.051;0.042
10135;0.439;0.413;0.366;0.386;0.347;0.515;0.183;0.549;2.19;0.535;0.818;1.182;0.051;0.039
10136;0.437;0.41;0.371;0.388;0.349;0.525;0.176;0.544;2.156;0.525;0.813;1.187;0.051;0.037
10137;0.442;0.41;0.366;0.383;0.352;0.527;0.173;0.542;2.126;0.52;0.815;1.194;0.051;0.037
10138;0.442;0.408;0.374;0.383;0.356;0.535;0.166;0.544;2.095;0.51;0.811;1.196;0.051;0.042
10139;0.444;0.408;0.364;0.381;0.359;0.535;0.161;0.552;2.061;0.503;0.806;1.204;0.049;0.039
10140;0.447;0.403;0.361;0.381;0.356;0.54;0.164;0.549;2.029;0.5;0.798;1.208;0.051;0.039
10141;0.447;0.408;0.359;0.378;0.361;0.537;0.164;0.544;1.99;0.496;0.791;1.211;0.051;0.034
10142;0.444;0.408;0.356;0.378;0.364;0.54;0.164;0.549;1.948;0.488;0.786;1.216;0.051;0.039
10143;0.444;0.41;0.361;0.371;0.364;0.54;0.168;0.547;1.909;0.481;0.779;1.213;0.049;0.039
10144;0.444;0.415;0.369;0.369;0.356;0.535;0.171;0.542;1.868;0.471;0.776;1.213;0.054;0.032
10145;0.447;0.415;0.364;0.366;0.356;0.535;0.173;0.544;1.826;0.464;0.774;1.221;0.051;0.037
10146;0.444;0.415;0.366;0.361;0.359;0.532;0.173;0.549;1.782;0.452;0.764;1.218;0.049;0.039
10147;0.444;0.415;0.366;0.359;0.352;0.525;0.173;0.554;1.741;0.439;0.759;1.221;0.051;0.037
10148;0.447;0.415;0.364;0.359;0.356;0.525;0.173;0.557;1.702;0.43;0.752;1.221;0.051;0.037
10149;0.447;0.415;0.364;0.352;0.356;0.525;0.168;0.554;1.667;0.427;0.745;1.223;0.054;0.037
10150;0.447;0.415;0.366;0.349;0.354;0.525;0.176;0.557;1.633;0.417;0.735;1.233;0.049;0.032
10151;0.447;0.413;0.366;0.342;0.354;0.53;0.173;0.557;1.602;0.408;0.728;1.233;0.051;0.034
10152;0.447;0.41;0.366;0.344;0.352;0.535;0.164;0.557;1.575;0.403;0.718;1.233;0.049;0.037
10153;0.449;0.41;0.369;0.342;0.356;0.535;0.161;0.557;1.545;0.391;0.706;1.228;0.054;0.034
10154;0.449;0.41;0.369;0.339;0.359;0.537;0.156;0.559;1.516;0.381;0.696;1.218;0.049;0.032
10155;0.447;0.413;0.364;0.339;0.359;0.537;0.151;0.557;1.492;0.378;0.684;1.216;0.054;0.034
10156;0.442;0.41;0.364;0.337;0.359;0.537;0.144;0.562;1.465;0.369;0.676;1.206;0.051;0.034
10157;0.442;0.413;0.371;0.339;0.359;0.535;0.142;0.554;1.436;0.366;0.664;1.194;0.049;0.034
10158;0.435;0.413;0.383;0.342;0.354;0.537;0.139;0.557;1.406;0.356;0.649;1.179;0.056;0.034
10159;0.432;0.41;0.381;0.344;0.347;0.537;0.137;0.559;1.379;0.352;0.64;1.172;0.056;0.034
10160;0.432;0.413;0.386;0.342;0.342;0.532;0.142;0.562;1.35;0.344;0.63;1.167;0.061;0.032
10161;0.432;0.413;0.415;0.339;0.337;0.527;0.254;0.562;1.328;0.342;0.62;1.167;0.068;0.032
10162;0.432;0.41;0.378;0.337;0.334;0.525;0.439;0.557;1.296;0.337;0.605;1.165;0.076;0.034
10163;0.43;0.405;0.369;0.337;0.332;0.518;0.403;0.562;1.272;0.332;0.596;1.165;0.078;0.037
10164;0.432;0.405;0.391;0.339;0.332;0.513;0.588;0.557;1.248;0.33;0.586;1.162;0.085;0.037
10165;0.43;0.405;0.469;0.339;0.334;0.513;0.447;0.549;1.221;0.33;0.576;1.16;0.09;0.032
10166;0.427;0.403;0.596;0.337;0.33;0.513;0.525;0.554;1.196;0.332;0.569;1.157;0.1;0.032
10167;0.43;0.4;0.649;0.337;0.327;0.508;0.493;0.557;1.177;0.339;0.566;1.155;0.107;0.037
10168;0.43;0.4;0.647;0.337;0.332;0.508;0.557;0.554;1.15;0.352;0.566;1.155;0.117;0.032
10169;0.432;0.4;0.508;0.332;0.33;0.505;0.405;0.557;1.13;0.361;0.569;1.157;0.129;0.029
10170;0.432;0.396;0.603;0.332;0.334;0.5;0.608;0.559;1.111;0.374;0.576;1.16;0.146;0.032
10171;0.435;0.396;0.803;0.33;0.33;0.498;0.515;0.559;1.091;0.378;0.579;1.157;0.168;0.029
10172;0.435;0.393;0.637;0.33;0.33;0.5;0.496;0.554;1.077;0.386;0.591;1.157;0.205;0.034
10173;0.432;0.396;0.5;0.33;0.334;0.498;0.557;0.566;1.069;0.393;0.603;1.16;0.244;0.032
10174;0.435;0.393;0.486;0.334;0.33;0.5;0.53;0.564;1.06;0.4;0.62;1.165;0.288;0.037
10175;0.437;0.398;0.989;0.337;0.327;0.498;0.52;0.562;1.055;0.403;0.63;1.162;0.334;0.034
10176;0.437;0.4;1.689;0.337;0.33;0.496;0.544;0.564;1.052;0.408;0.654;1.165;0.374;0.034
10177;0.435;0.4;1.394;0.344;0.33;0.496;0.63;0.566;1.045;0.408;0.669;1.157;0.405;0.032
10178;0.43;0.4;0.969;0.349;0.33;0.498;0.493;0.571;1.038;0.408;0.691;1.157;0.439;0.027
10179;0.43;0.4;1.562;0.352;0.332;0.503;0.642;0.569;1.023;0.403;0.708;1.147;0.461;0.037
10180;0.427;0.403;1.423;0.354;0.332;0.505;0.564;0.571;1.011;0.4;0.73;1.145;0.496;0.029
10181;0.425;0.403;1.133;0.356;0.339;0.508;0.583;0.564;0.989;0.391;0.74;1.133;0.515;0.032
10182;0.425;0.403;4.998;0.356;0.342;0.508;0.527;0.569;0.977;0.388;0.757;1.128;0.54;0.032
10183;0.422;0.403;3.503;0.349;0.347;0.503;0.593;0.569;0.957;0.383;0.764;1.118;0.562;0.029
10184;0.422;0.403;2.192;0.354;0.347;0.503;0.493;0.576;0.942;0.381;0.779;1.108;0.579;0.029
10185;0.422;0.4;4.998;0.352;0.344;0.505;0.54;0.571;0.93;0.381;0.791;1.106;0.596;0.034
10186;0.42;0.4;4.998;0.347;0.342;0.503;0.564;0.571;0.911;0.374;0.806;1.096;0.61;0.029
10187;0.42;0.4;4.053;0.344;0.334;0.503;0.52;0.566;0.901;0.378;0.825;1.096;0.625;0.029
10188;0.417;0.4;2.178;0.344;0.332;0.503;0.522;0.569;0.881;0.376;0.833;1.091;0.645;0.029
10189;0.42;0.403;0.894;0.342;0.327;0.5;0.525;0.564;0.869;0.383;0.84;1.086;0.657;0.029
10190;0.42;0.405;0.669;0.342;0.322;0.496;0.537;0.566;0.852;0.381;0.837;1.079;0.674;0.029
10191;0.42;0.405;0.583;0.339;0.322;0.498;0.5;0.566;0.84;0.378;0.833;1.069;0.688;0.029
10192;0.422;0.405;0.596;0.342;0.325;0.496;0.508;0.562;0.823;0.376;0.828;1.062;0.701;0.029
10193;0.43;0.4;0.479;0.342;0.327;0.5;0.503;0.554;0.808;0.376;0.82;1.06;0.713;0.032
10194;0.427;0.405;0.425;0.342;0.33;0.503;0.493;0.562;0.796;0.376;0.806;1.052;0.72;0.027
10195;0.425;0.405;0.54;0.337;0.327;0.503;0.503;0.562;0.781;0.371;0.791;1.045;0.72;0.029
10196;0.425;0.403;0.491;0.332;0.327;0.503;0.496;0.554;0.764;0.371;0.774;1.033;0.723;0.029
10197;0.422;0.403;0.474;0.322;0.33;0.503;0.491;0.554;0.752;0.369;0.762;1.025;0.728;0.027
10198;0.42;0.403;0.5;0.315;0.334;0.5;0.466;0.554;0.732;0.364;0.74;1.013;0.73;0.027
10199;0.417;0.4;0.464;0.31;0.334;0.5;0.469;0.557;0.72;0.364;0.725;1.006;0.732;0.032
10200;0.415;0.4;0.598;0.303;0.337;0.498;0.464;0.552;0.706;0.356;0.708;0.994;0.747;0.027
10201;0.413;0.4;0.581;0.303;0.337;0.498;0.469;0.554;0.691;0.356;0.691;0.984;0.762;0.032
10202;0.41;0.4;0.701;0.305;0.33;0.496;0.466;0.554;0.684;0.354;0.676;0.974;0.781;0.024
10203;0.408;0.398;0.718;0.31;0.327;0.496;0.471;0.549;0.671;0.347;0.654;0.959;0.791;0.027
10204;0.408;0.4;0.654;0.315;0.322;0.496;0.452;0.547;0.669;0.344;0.642;0.947;0.808;0.024
10205;0.408;0.4;0.781;0.315;0.32;0.496;0.459;0.552;0.669;0.334;0.623;0.928;0.818;0.029
10206;0.408;0.398;0.698;0.317;0.315;0.498;0.459;0.557;0.693;0.33;0.613;0.918;0.833;0.024
10207;0.41;0.398;0.732;0.322;0.315;0.498;0.413;0.557;0.735;0.325;0.598;0.903;0.837;0.029
10208;0.41;0.393;0.625;0.327;0.308;0.503;0.437;0.557;0.803;0.315;0.593;0.889;0.845;0.032
10209;0.413;0.393;0.642;0.334;0.305;0.505;0.439;0.562;0.894;0.312;0.596;0.881;0.857;0.027
10210;0.41;0.393;0.62;0.339;0.305;0.508;0.41;0.557;1.001;0.308;0.601;0.867;0.859;0.027
10211;0.41;0.396;0.674;0.344;0.303;0.505;0.425;0.559;1.123;0.295;0.615;0.854;0.869;0.029
10212;0.405;0.396;0.747;0.344;0.303;0.51;0.41;0.557;1.267;0.291;0.64;0.854;0.872;0.024
10213;0.405;0.396;0.713;0.344;0.3;0.513;0.41;0.557;1.409;0.283;0.662;0.847;0.886;0.032
10214;0.4;0.393;0.54;0.342;0.303;0.515;0.405;0.564;1.533;0.276;0.686;0.84;0.896;0.029
10215;0.403;0.393;0.625;0.342;0.305;0.518;0.413;0.564;1.643;0.271;0.708;0.84;0.918;0.027
10216;0.4;0.393;0.701;0.339;0.31;0.518;0.417;0.562;1.716;0.261;0.723;0.842;0.933;0.034
10217;0.4;0.393;0.852;0.339;0.31;0.52;0.417;0.564;1.775;0.251;0.73;0.842;0.947;0.029
10218;0.4;0.391;0.552;0.339;0.312;0.518;0.442;0.562;1.836;0.247;0.73;0.84;0.964;0.032
10219;0.398;0.386;0.391;0.337;0.312;0.513;0.415;0.557;1.899;0.239;0.728;0.835;0.981;0.032
10220;0.398;0.391;0.388;0.334;0.31;0.515;0.435;0.554;1.97;0.232;0.728;0.83;0.994;0.034
10221;0.4;0.391;0.393;0.334;0.31;0.51;0.439;0.557;2.048;0.225;0.725;0.828;1.016;0.032
10222;0.398;0.391;0.386;0.33;0.315;0.508;0.42;0.557;2.139;0.212;0.728;0.823;1.04;0.034
10223;0.398;0.391;0.403;0.332;0.317;0.508;0.425;0.566;2.227;0.2;0.742;0.815;1.067;0.039
10224;0.398;0.391;0.542;0.325;0.317;0.508;0.439;0.566;2.329;0.195;0.771;0.818;1.099;0.039
10225;0.403;0.391;0.593;0.322;0.315;0.505;0.442;0.564;2.429;0.19;0.808;0.813;1.123;0.034
10226;0.408;0.391;0.806;0.32;0.315;0.498;0.422;0.569;2.51;0.173;0.84;0.803;1.145;0.037
10227;0.408;0.393;4.998;0.317;0.315;0.503;0.447;0.576;2.59;0.164;0.881;0.803;1.169;0.042
10228;0.41;0.391;2.783;0.317;0.312;0.5;0.43;0.579;2.654;0.149;0.913;0.796;1.179;0.042
10229;0.413;0.393;4.998;0.317;0.312;0.498;0.425;0.583;2.715;0.149;0.95;0.801;1.187;0.037
10230;0.415;0.393;2.595;0.322;0.312;0.5;0.422;0.583;2.759;0.142;0.979;0.803;1.191;0.039
10231;0.415;0.391;4.998;0.327;0.312;0.5;0.457;0.581;2.793;0.144;1.011;0.806;1.184;0.044
10232;0.42;0.388;4.998;0.33;0.315;0.498;0.447;0.583;2.808;0.134;1.04;0.801;1.191;0.039
10233;0.417;0.388;4.998;0.332;0.312;0.5;0.457;0.586;2.827;0.134;1.064;0.798;1.184;0.046
10234;0.417;0.386;4.998;0.339;0.317;0.5;0.479;0.583;2.832;0.132;1.082;0.796;1.189;0.044
10235;0.417;0.386;4.998;0.349;0.325;0.505;0.483;0.586;2.842;0.134;1.096;0.793;1.189;0.044
10236;0.417;0.388;4.998;0.354;0.33;0.505;0.481;0.583;2.837;0.129;1.101;0.786;1.187;0.046
10237;0.417;0.386;4.998;0.354;0.337;0.508;0.459;0.586;2.83;0.127;1.096;0.776;1.189;0.046
10238;0.415;0.386;4.998;0.352;0.339;0.51;0.469;0.588;2.83;0.125;1.089;0.769;1.189;0.042
10239;0.415;0.386;4.998;0.356;0.339;0.503;0.449;0.586;2.839;0.122;1.074;0.771;1.187;0.049
10240;0.417;0.383;4.998;0.354;0.337;0.505;0.466;0.581;2.861;0.127;1.064;0.784;1.199;0.044
10241;0.415;0.386;4.998;0.356;0.339;0.503;0.459;0.583;2.888;0.127;1.05;0.789;1.206;0.054
10242;0.413;0.388;2.739;0.349;0.337;0.503;0.459;0.579;2.932;0.127;1.038;0.796;1.204;0.046
10243;0.41;0.391;1.755;0.347;0.339;0.5;0.454;0.571;2.983;0.129;1.025;0.798;1.206;0.049
10244;0.41;0.388;1.108;0.347;0.337;0.503;0.461;0.571;3.032;0.129;1.016;0.798;1.201;0.049
10245;0.41;0.386;0.94;0.347;0.337;0.498;0.447;0.574;3.086;0.132;1.003;0.798;1.206;0.049
10246;0.413;0.388;0.962;0.354;0.337;0.496;0.437;0.566;3.135;0.132;0.984;0.791;1.211;0.051
10247;0.42;0.391;0.823;0.356;0.33;0.496;0.449;0.571;3.184;0.132;0.972;0.786;1.213;0.051
10248;0.422;0.391;0.767;0.359;0.332;0.493;0.43;0.574;3.228;0.132;0.962;0.786;1.208;0.054
10249;0.427;0.391;0.889;0.359;0.334;0.493;0.422;0.574;3.262;0.132;0.95;0.779;1.221;0.051
10250;0.427;0.393;0.825;0.359;0.332;0.493;0.43;0.569;3.276;0.129;0.942;0.774;1.226;0.056
10251;0.427;0.396;0.811;0.356;0.33;0.496;0.435;0.571;3.281;0.132;0.933;0.767;1.233;0.056
10252;0.43;0.398;0.645;0.356;0.334;0.491;0.42;0.566;3.271;0.127;0.918;0.764;1.233;0.056
10253;0.427;0.396;0.693;0.354;0.337;0.491;0.439;0.562;3.257;0.132;0.911;0.774;1.238;0.056
10254;0.425;0.398;0.593;0.352;0.342;0.488;0.447;0.564;3.228;0.125;0.896;0.796;1.23;0.054
10255;0.425;0.398;0.586;0.352;0.342;0.491;0.437;0.571;3.21;0.127;0.896;0.842;1.228;0.054
10256;0.422;0.4;0.728;0.352;0.339;0.486;0.449;0.571;3.176;0.122;0.896;0.876;1.23;0.061
10257;0.417;0.398;0.713;0.354;0.339;0.491;0.452;0.569;3.14;0.12;0.903;0.903;1.223;0.059
10258;0.42;0.398;0.645;0.356;0.334;0.491;0.435;0.566;3.098;0.117;0.906;0.911;1.216;0.059
10259;0.41;0.398;0.691;0.354;0.334;0.491;0.449;0.569;3.054;0.12;0.906;0.911;1.211;0.059
10260;0.41;0.396;0.527;0.356;0.337;0.488;0.442;0.566;3;0.12;0.908;0.906;1.206;0.059
10261;0.408;0.393;0.815;0.361;0.334;0.486;0.43;0.564;2.947;0.127;0.908;0.916;1.194;0.059
10262;0.408;0.396;0.896;0.364;0.334;0.483;0.449;0.569;2.886;0.134;0.901;0.933;1.187;0.059
10263;0.408;0.391;0.674;0.364;0.339;0.481;0.447;0.569;2.825;0.139;0.889;0.957;1.189;0.061
10264;0.408;0.388;0.815;0.366;0.342;0.486;0.449;0.571;2.761;0.144;0.876;0.981;1.187;0.061
10265;0.41;0.388;0.667;0.366;0.347;0.481;0.474;0.576;2.708;0.149;0.867;1.006;1.182;0.061
10266;0.408;0.391;0.381;0.361;0.352;0.486;0.496;0.583;2.656;0.159;0.857;1.018;1.179;0.054
10267;0.408;0.388;0.444;0.359;0.354;0.483;0.476;0.581;2.607;0.171;0.852;1.033;1.187;0.061
10268;0.405;0.388;0.889;0.361;0.356;0.483;0.481;0.576;2.568;0.186;0.845;1.05;1.184;0.056
10269;0.403;0.386;0.496;0.361;0.361;0.486;0.476;0.569;2.539;0.198;0.84;1.064;1.187;0.059
10270;0.403;0.388;0.427;0.361;0.364;0.486;0.466;0.569;2.527;0.215;0.833;1.086;1.187;0.059
10271;0.403;0.391;0.42;0.364;0.369;0.486;0.464;0.571;2.527;0.227;0.825;1.108;1.179;0.059
10272;0.403;0.388;0.417;0.366;0.371;0.486;0.466;0.574;2.539;0.239;0.811;1.121;1.169;0.056
10273;0.4;0.391;0.422;0.359;0.374;0.486;0.471;0.576;2.568;0.249;0.796;1.138;1.16;0.063
10274;0.398;0.396;0.432;0.361;0.378;0.486;0.486;0.579;2.617;0.259;0.781;1.157;1.147;0.056
10275;0.398;0.4;0.439;0.364;0.374;0.486;0.486;0.569;2.664;0.266;0.762;1.177;1.14;0.061
10276;0.393;0.4;0.425;0.361;0.378;0.483;0.486;0.574;2.715;0.273;0.742;1.194;1.135;0.059
10277;0.393;0.403;0.459;0.364;0.378;0.483;0.505;0.581;2.769;0.273;0.72;1.208;1.13;0.059
10278;0.396;0.405;0.471;0.361;0.381;0.481;0.498;0.574;2.82;0.278;0.701;1.221;1.128;0.061
10279;0.398;0.41;0.408;0.361;0.376;0.479;0.493;0.576;2.871;0.281;0.679;1.228;1.13;0.061
10280;0.398;0.413;0.391;0.359;0.378;0.481;0.505;0.574;2.917;0.286;0.662;1.24;1.125;0.063
10281;0.4;0.417;0.388;0.359;0.376;0.476;0.525;0.571;2.964;0.298;0.647;1.24;1.128;0.059
10282;0.4;0.417;0.386;0.356;0.374;0.476;0.508;0.566;3.003;0.303;0.632;1.245;1.128;0.061
10283;0.403;0.422;0.408;0.359;0.376;0.471;0.525;0.566;3.03;0.303;0.615;1.235;1.128;0.059
10284;0.4;0.425;0.4;0.359;0.376;0.469;0.527;0.571;3.052;0.317;0.61;1.24;1.13;0.059
10285;0.4;0.425;0.454;0.364;0.374;0.469;0.52;0.571;3.064;0.322;0.596;1.233;1.13;0.063
10286;0.4;0.425;0.801;0.364;0.374;0.466;0.51;0.576;3.076;0.325;0.583;1.218;1.121;0.059
10287;0.398;0.427;0.779;0.366;0.374;0.466;0.508;0.579;3.088;0.334;0.579;1.211;1.113;0.061
10288;0.393;0.425;0.82;0.371;0.374;0.464;0.498;0.576;3.105;0.337;0.564;1.201;1.101;0.059
10289;0.393;0.422;0.723;0.376;0.371;0.464;0.493;0.576;3.147;0.342;0.554;1.199;1.082;0.063
10290;0.391;0.422;0.867;0.374;0.369;0.464;0.496;0.581;3.198;0.344;0.547;1.199;1.069;0.059
10291;0.386;0.422;0.974;0.376;0.371;0.464;0.481;0.579;3.25;0.342;0.54;1.204;1.05;0.061
10292;0.381;0.42;0.93;0.378;0.371;0.466;0.481;0.574;3.298;0.339;0.537;1.208;1.042;0.061
10293;0.381;0.415;0.969;0.376;0.374;0.466;0.483;0.569;3.342;0.334;0.53;1.206;1.03;0.056
10294;0.381;0.415;0.588;0.374;0.374;0.464;0.471;0.574;3.386;0.334;0.527;1.208;1.025;0.059
10295;0.381;0.41;0.386;0.371;0.374;0.464;0.466;0.574;3.425;0.332;0.525;1.206;1.016;0.061
10296;0.383;0.41;0.364;0.371;0.374;0.466;0.474;0.571;3.474;0.33;0.522;1.211;1.006;0.056
10297;0.383;0.408;0.378;0.364;0.376;0.464;0.466;0.571;3.533;0.327;0.522;1.228;0.996;0.056
10298;0.386;0.405;0.686;0.364;0.378;0.466;0.469;0.566;3.586;0.322;0.52;1.255;0.986;0.056
10299;0.383;0.405;0.632;0.361;0.378;0.464;0.479;0.566;3.645;0.332;0.52;1.296;0.986;0.054
10300;0.386;0.403;0.5;0.361;0.378;0.461;0.479;0.569;3.691;0.325;0.52;1.333;0.977;0.056
10301;0.388;0.403;0.571;0.361;0.386;0.464;0.474;0.566;3.733;0.32;0.525;1.37;0.972;0.049
10302;0.383;0.4;0.439;0.361;0.391;0.461;0.481;0.566;3.765;0.315;0.525;1.401;0.962;0.051
10303;0.383;0.403;0.383;0.366;0.396;0.454;0.479;0.564;3.787;0.315;0.53;1.431;0.962;0.054
10304;0.383;0.398;0.371;0.364;0.396;0.452;0.483;0.566;3.804;0.31;0.537;1.453;0.955;0.054
10305;0.386;0.398;0.383;0.364;0.4;0.449;0.488;0.564;3.813;0.305;0.554;1.458;0.952;0.051
10306;0.383;0.396;0.364;0.364;0.4;0.444;0.486;0.566;3.826;0.298;0.564;1.46;0.952;0.051
10307;0.388;0.398;0.349;0.364;0.403;0.447;0.486;0.574;3.843;0.298;0.574;1.465;0.955;0.054
10308;0.386;0.398;0.352;0.364;0.4;0.442;0.491;0.571;3.87;0.291;0.576;1.467;0.957;0.051
10309;0.383;0.398;0.347;0.361;0.398;0.442;0.488;0.574;3.904;0.283;0.574;1.477;0.964;0.051
10310;0.383;0.398;0.349;0.361;0.396;0.437;0.481;0.579;3.955;0.278;0.574;1.479;0.981;0.049
10311;0.386;0.396;0.344;0.361;0.393;0.437;0.491;0.579;4.014;0.273;0.571;1.482;0.994;0.051
10312;0.388;0.398;0.349;0.359;0.391;0.435;0.491;0.576;4.075;0.264;0.569;1.487;1.008;0.049
10313;0.391;0.398;0.349;0.366;0.386;0.435;0.488;0.574;4.136;0.261;0.571;1.499;1.018;0.046
10314;0.393;0.4;0.349;0.371;0.391;0.437;0.498;0.571;4.197;0.256;0.571;1.514;1.023;0.049
10315;0.396;0.4;0.342;0.374;0.391;0.442;0.498;0.574;4.241;0.254;0.576;1.528;1.03;0.046
10316;0.398;0.403;0.344;0.374;0.391;0.442;0.486;0.574;4.27;0.247;0.574;1.538;1.03;0.046
10317;0.396;0.398;0.344;0.374;0.391;0.449;0.488;0.579;4.299;0.242;0.571;1.548;1.035;0.049
10318;0.398;0.403;0.349;0.374;0.391;0.447;0.483;0.574;4.321;0.239;0.574;1.562;1.038;0.049
10319;0.393;0.4;0.356;0.378;0.393;0.452;0.476;0.586;4.338;0.237;0.571;1.572;1.038;0.051
10320;0.393;0.408;0.356;0.383;0.391;0.457;0.476;0.583;4.348;0.234;0.569;1.577;1.038;0.046
10321;0.391;0.405;0.361;0.386;0.396;0.457;0.479;0.581;4.348;0.234;0.569;1.572;1.04;0.044
10322;0.391;0.405;0.356;0.388;0.398;0.457;0.479;0.586;4.341;0.232;0.566;1.567;1.04;0.042
10323;0.388;0.405;0.356;0.388;0.4;0.454;0.486;0.576;4.316;0.225;0.559;1.536;1.045;0.046
10324;0.388;0.403;0.354;0.381;0.403;0.452;0.486;0.571;4.294;0.229;0.557;1.499;1.045;0.042
10325;0.383;0.4;0.352;0.378;0.4;0.449;0.491;0.574;4.263;0.225;0.549;1.455;1.045;0.042
10326;0.383;0.403;0.356;0.381;0.4;0.444;0.498;0.571;4.226;0.22;0.544;1.414;1.052;0.042
10327;0.383;0.4;0.361;0.388;0.403;0.442;0.503;0.569;4.18;0.217;0.547;1.382;1.055;0.042
10328;0.383;0.398;0.356;0.391;0.4;0.442;0.505;0.566;4.136;0.215;0.554;1.357;1.062;0.037
10329;0.383;0.398;0.361;0.388;0.4;0.439;0.51;0.574;4.08;0.208;0.562;1.335;1.064;0.044
10330;0.383;0.396;0.356;0.388;0.398;0.439;0.508;0.574;4.026;0.203;0.581;1.326;1.072;0.042
10331;0.386;0.393;0.352;0.391;0.403;0.439;0.51;0.571;3.97;0.203;0.601;1.318;1.069;0.039
10332;0.383;0.393;0.352;0.388;0.403;0.444;0.496;0.574;3.918;0.198;0.627;1.318;1.072;0.032
10333;0.386;0.388;0.344;0.388;0.405;0.442;0.493;0.574;3.867;0.195;0.664;1.323;1.077;0.037
10334;0.388;0.391;0.347;0.393;0.405;0.442;0.491;0.569;3.813;0.193;0.688;1.318;1.084;0.034
10335;0.388;0.391;0.344;0.403;0.405;0.439;0.488;0.569;3.755;0.188;0.71;1.318;1.096;0.037
10336;0.388;0.388;0.342;0.405;0.408;0.439;0.488;0.569;3.687;0.181;0.725;1.321;1.101;0.034
10337;0.393;0.386;0.347;0.403;0.415;0.439;0.493;0.566;3.616;0.186;0.735;1.34;1.106;0.039
10338;0.393;0.383;0.356;0.391;0.413;0.439;0.5;0.564;3.535;0.183;0.745;1.362;1.121;0.032
10339;0.398;0.381;0.459;0.383;0.415;0.437;0.498;0.564;3.45;0.183;0.75;1.394;1.133;0.037
10340;0.398;0.381;0.369;0.381;0.42;0.437;0.503;0.571;3.359;0.186;0.752;1.423;1.14;0.032
10341;0.398;0.378;0.349;0.376;0.425;0.439;0.505;0.571;3.269;0.186;0.752;1.448;1.147;0.032
10342;0.398;0.378;0.347;0.376;0.427;0.442;0.508;0.571;3.191;0.19;0.757;1.479;1.152;0.032
10343;0.398;0.378;0.344;0.374;0.43;0.447;0.51;0.576;3.123;0.193;0.759;1.506;1.16;0.029
10344;0.4;0.381;0.332;0.376;0.43;0.452;0.51;0.571;3.064;0.205;0.764;1.531;1.162;0.037
10345;0.403;0.381;0.342;0.376;0.432;0.449;0.508;0.566;3.022;0.215;0.776;1.56;1.16;0.032
10346;0.403;0.383;0.337;0.383;0.435;0.454;0.503;0.569;2.986;0.227;0.781;1.582;1.155;0.032
10347;0.405;0.383;0.337;0.381;0.435;0.454;0.498;0.569;2.952;0.242;0.793;1.602;1.152;0.032
10348;0.403;0.386;0.339;0.376;0.43;0.454;0.491;0.564;2.92;0.254;0.803;1.621;1.152;0.034
10349;0.403;0.386;0.376;0.369;0.432;0.454;0.496;0.569;2.891;0.259;0.811;1.636;1.15;0.027
10350;0.403;0.386;0.354;0.366;0.432;0.449;0.488;0.569;2.871;0.271;0.815;1.646;1.145;0.034
10351;0.403;0.388;0.398;0.364;0.432;0.449;0.491;0.569;2.859;0.276;0.815;1.65;1.15;0.032
10352;0.4;0.388;0.41;0.359;0.435;0.442;0.491;0.566;2.852;0.281;0.813;1.648;1.145;0.027
10353;0.4;0.388;0.403;0.356;0.435;0.439;0.493;0.562;2.849;0.283;0.806;1.646;1.138;0.024
10354;0.4;0.391;0.41;0.354;0.435;0.437;0.488;0.564;2.844;0.286;0.798;1.65;1.135;0.027
10355;0.4;0.388;0.354;0.349;0.43;0.437;0.491;0.562;2.849;0.286;0.791;1.672;1.13;0.024
10356;0.393;0.391;0.325;0.347;0.43;0.437;0.493;0.554;2.874;0.291;0.784;1.707;1.125;0.024
10357;0.393;0.393;0.308;0.349;0.427;0.439;0.491;0.562;2.917;0.291;0.781;1.743;1.118;0.024
10358;0.391;0.393;0.3;0.347;0.422;0.444;0.488;0.564;2.974;0.295;0.771;1.79;1.118;0.022
10359;0.388;0.393;0.3;0.349;0.417;0.444;0.483;0.557;3.022;0.298;0.762;1.826;1.113;0.027
10360;0.391;0.396;0.31;0.352;0.413;0.447;0.481;0.552;3.064;0.295;0.75;1.863;1.116;0.024
10361;0.388;0.398;0.315;0.354;0.41;0.447;0.479;0.554;3.108;0.3;0.737;1.899;1.111;0.027
10362;0.386;0.398;0.317;0.352;0.408;0.447;0.483;0.552;3.154;0.305;0.723;1.931;1.116;0.024
10363;0.388;0.398;0.308;0.347;0.405;0.447;0.479;0.559;3.198;0.308;0.706;1.946;1.108;0.029
10364;0.388;0.4;0.293;0.342;0.408;0.442;0.479;0.566;3.254;0.31;0.691;1.943;1.113;0.024
10365;0.391;0.4;0.295;0.332;0.403;0.439;0.479;0.571;3.315;0.308;0.676;1.934;1.106;0.029
10366;0.391;0.398;0.305;0.325;0.403;0.432;0.474;0.564;3.379;0.308;0.667;1.926;1.111;0.032
10367;0.391;0.4;0.337;0.32;0.4;0.427;0.474;0.564;3.44;0.31;0.657;1.914;1.106;0.032
10368;0.391;0.398;0.442;0.32;0.403;0.425;0.471;0.564;3.489;0.308;0.649;1.909;1.101;0.027
10369;0.391;0.396;0.522;0.312;0.405;0.425;0.469;0.574;3.525;0.308;0.637;1.902;1.106;0.029
10370;0.388;0.393;0.498;0.312;0.403;0.422;0.464;0.571;3.55;0.308;0.63;1.895;1.106;0.034
10371;0.388;0.396;0.491;0.312;0.408;0.422;0.464;0.576;3.569;0.305;0.623;1.88;1.104;0.032
10372;0.388;0.391;0.471;0.32;0.408;0.425;0.457;0.576;3.599;0.305;0.62;1.877;1.099;0.032
10373;0.391;0.391;0.396;0.33;0.405;0.427;0.457;0.586;3.628;0.3;0.613;1.87;1.091;0.029
10374;0.391;0.388;0.393;0.334;0.41;0.43;0.457;0.583;3.667;0.298;0.61;1.873;1.086;0.032
10375;0.393;0.386;0.352;0.337;0.408;0.435;0.457;0.588;3.711;0.295;0.605;1.877;1.082;0.029
10376;0.393;0.386;0.352;0.337;0.405;0.439;0.454;0.588;3.762;0.291;0.608;1.873;1.074;0.032
10377;0.391;0.388;0.352;0.334;0.4;0.442;0.454;0.591;3.818;0.286;0.605;1.868;1.069;0.027
10378;0.388;0.391;0.359;0.332;0.396;0.444;0.454;0.591;3.877;0.281;0.603;1.853;1.069;0.029
10379;0.388;0.388;0.361;0.332;0.388;0.442;0.457;0.598;3.938;0.278;0.601;1.829;1.06;0.034
10380;0.386;0.393;0.344;0.332;0.386;0.442;0.457;0.596;3.994;0.271;0.593;1.794;1.052;0.029
10381;0.381;0.388;0.339;0.332;0.383;0.439;0.461;0.596;4.036;0.266;0.588;1.758;1.038;0.032
10382;0.383;0.391;0.361;0.33;0.386;0.439;0.461;0.591;4.062;0.256;0.581;1.719;1.028;0.032
10383;0.381;0.393;0.349;0.33;0.386;0.439;0.464;0.593;4.087;0.259;0.579;1.689;1.011;0.032
10384;0.381;0.393;0.339;0.332;0.383;0.444;0.469;0.591;4.104;0.251;0.576;1.667;0.999;0.027
10385;0.381;0.398;0.332;0.33;0.378;0.444;0.471;0.591;4.109;0.247;0.569;1.65;0.984;0.027
10386;0.378;0.398;0.645;0.337;0.376;0.452;0.476;0.593;4.119;0.242;0.564;1.658;0.969;0.032
10387;0.374;0.398;1.707;0.337;0.376;0.457;0.481;0.591;4.121;0.239;0.562;1.68;0.955;0.027
10388;0.376;0.4;1.755;0.337;0.374;0.461;0.479;0.591;4.114;0.234;0.552;1.719;0.945;0.029
10389;0.374;0.398;1.531;0.342;0.374;0.466;0.476;0.593;4.099;0.232;0.549;1.758;0.933;0.034
10390;0.374;0.4;1.692;0.337;0.376;0.469;0.476;0.596;4.08;0.232;0.549;1.79;0.925;0.029
10391;0.374;0.4;1.743;0.334;0.371;0.471;0.476;0.586;4.053;0.229;0.544;1.794;0.908;0.029
10392;0.371;0.403;0.747;0.334;0.376;0.476;0.476;0.588;4.019;0.229;0.54;1.787;0.891;0.032
10393;0.371;0.398;0.762;0.337;0.374;0.471;0.479;0.588;3.987;0.232;0.54;1.777;0.881;0.032
10394;0.371;0.398;0.925;0.334;0.378;0.471;0.479;0.583;3.953;0.232;0.54;1.755;0.869;0.032
10395;0.371;0.398;1.274;0.342;0.378;0.469;0.476;0.583;3.909;0.229;0.535;1.736;0.854;0.029
10396;0.371;0.393;1.064;0.342;0.374;0.461;0.479;0.586;3.86;0.225;0.535;1.719;0.842;0.029
10397;0.371;0.396;0.82;0.337;0.371;0.459;0.479;0.588;3.813;0.225;0.535;1.702;0.83;0.029
10398;0.376;0.391;0.632;0.342;0.366;0.457;0.483;0.581;3.772;0.225;0.532;1.689;0.82;0.032
10399;0.376;0.386;0.649;0.339;0.366;0.452;0.493;0.583;3.735;0.217;0.53;1.672;0.813;0.032
10400;0.376;0.386;0.664;0.356;0.361;0.449;0.496;0.583;3.708;0.22;0.527;1.655;0.798;0.034
10401;0.376;0.386;0.813;0.366;0.356;0.449;0.498;0.583;3.687;0.21;0.522;1.633;0.793;0.029
10402;0.376;0.386;0.659;0.361;0.356;0.454;0.5;0.583;3.669;0.21;0.52;1.616;0.793;0.032
10403;0.376;0.386;0.476;0.361;0.354;0.457;0.503;0.586;3.655;0.21;0.518;1.606;0.801;0.034
10404;0.371;0.388;0.632;0.359;0.352;0.461;0.496;0.586;3.64;0.205;0.515;1.614;0.813;0.032
10405;0.369;0.386;0.627;0.364;0.354;0.466;0.503;0.586;3.625;0.205;0.51;1.624;0.825;0.032
10406;0.371;0.391;0.547;0.366;0.359;0.469;0.503;0.586;3.606;0.203;0.51;1.65;0.847;0.029
10407;0.371;0.393;0.515;0.371;0.364;0.464;0.5;0.579;3.584;0.198;0.508;1.68;0.864;0.029
10408;0.369;0.398;0.481;0.366;0.361;0.466;0.498;0.576;3.557;0.193;0.51;1.716;0.881;0.027
10409;0.369;0.398;0.41;0.364;0.364;0.464;0.503;0.579;3.53;0.193;0.51;1.758;0.898;0.027
10410;0.369;0.398;0.444;0.364;0.361;0.464;0.505;0.571;3.506;0.19;0.513;1.794;0.918;0.027
10411;0.369;0.398;0.447;0.361;0.359;0.461;0.505;0.576;3.479;0.19;0.518;1.833;0.938;0.032
10412;0.369;0.403;0.52;0.371;0.354;0.459;0.51;0.574;3.452;0.188;0.52;1.87;0.955;0.027
10413;0.369;0.403;0.476;0.366;0.354;0.459;0.505;0.576;3.398;0.188;0.525;1.899;0.974;0.029
10414;0.371;0.403;0.493;0.376;0.354;0.459;0.505;0.579;3.374;0.186;0.527;1.912;0.994;0.029
10415;0.374;0.4;0.437;0.376;0.354;0.459;0.505;0.576;3.354;0.19;0.535;1.924;1.011;0.032
10416;0.371;0.4;0.386;0.369;0.356;0.459;0.503;0.588;3.337;0.193;0.54;1.934;1.025;0.027
10417;0.371;0.398;0.393;0.369;0.354;0.457;0.5;0.61;3.32;0.195;0.544;1.951;1.03;0.029
10418;0.369;0.396;0.381;0.364;0.349;0.459;0.503;0.576;3.298;0.198;0.547;1.973;1.038;0.029
10419;0.364;0.396;0.356;0.359;0.349;0.464;0.5;0.53;3.276;0.2;0.549;2;1.04;0.029
10420;0.364;0.393;0.347;0.361;0.352;0.464;0.503;0.549;3.254;0.205;0.549;2.024;1.04;0.029
10421;0.364;0.391;0.347;0.361;0.349;0.466;0.503;0.627;3.235;0.208;0.547;2.048;1.04;0.024
10422;0.364;0.388;0.356;0.359;0.344;0.466;0.508;0.61;3.223;0.217;0.549;2.065;1.028;0.034
10423;0.364;0.386;0.349;0.356;0.344;0.461;0.508;0.613;3.208;0.227;0.547;2.075;1.023;0.027
10424;0.364;0.381;0.354;0.354;0.344;0.459;0.508;0.613;3.191;0.239;0.547;2.073;1.016;0.032
10425;0.361;0.378;0.413;0.352;0.344;0.454;0.51;0.591;3.174;0.249;0.544;2.07;1.016;0.044
10426;0.361;0.378;0.391;0.344;0.337;0.447;0.503;0.559;3.167;0.261;0.544;2.08;1.008;0.066
10427;0.359;0.374;0.369;0.354;0.337;0.442;0.503;0.605;3.154;0.273;0.542;2.09;1.001;0.088
10428;0.359;0.371;0.339;0.352;0.334;0.439;0.5;0.61;3.149;0.273;0.535;2.107;0.999;0.19
10429;0.359;0.369;0.327;0.347;0.327;0.439;0.493;0.566;3.149;0.278;0.527;2.134;0.986;0.623
10430;0.361;0.366;0.322;0.342;0.322;0.439;0.491;0.566;3.152;0.276;0.525;2.163;0.984;1.843
10431;0.359;0.369;0.308;0.339;0.322;0.435;0.483;1.792;3.149;0.273;0.515;2.2;0.972;3.174
10432;0.364;0.369;0.3;0.334;0.322;0.439;0.486;4.319;3.149;0.269;0.508;2.241;0.969;4.146
10433;0.361;0.369;0.298;0.332;0.322;0.439;0.483;4.822;3.137;0.259;0.493;2.283;0.957;4.924
10434;0.359;0.371;0.298;0.334;0.325;0.442;0.483;4.998;3.13;0.251;0.488;2.319;0.957;4.998
10435;0.356;0.371;0.295;0.33;0.327;0.444;0.483;4.998;3.11;0.244;0.479;2.344;0.942;4.998
10436;0.359;0.371;0.295;0.33;0.327;0.444;0.483;4.998;3.083;0.239;0.476;2.356;0.938;4.998
10437;0.359;0.376;0.291;0.33;0.327;0.442;0.486;4.539;3.049;0.234;0.469;2.356;0.938;4.998
10438;0.356;0.374;0.288;0.327;0.325;0.444;0.488;4.331;3.003;0.232;0.466;2.354;0.94;4.998
10439;0.359;0.371;0.283;0.327;0.325;0.442;0.486;2.812;2.944;0.232;0.461;2.334;0.933;4.998
10440;0.359;0.376;0.283;0.327;0.325;0.444;0.488;2.478;2.881;0.227;0.457;2.312;0.933;4.998
10441;0.359;0.374;0.281;0.33;0.32;0.442;0.486;2.791;2.81;0.222;0.454;2.295;0.92;4.998
10442;0.361;0.374;0.276;0.33;0.317;0.442;0.479;3.335;2.739;0.225;0.457;2.288;0.916;4.998
10443;0.361;0.376;0.281;0.33;0.315;0.442;0.476;2.844;2.659;0.212;0.447;2.275;0.903;4.998
10444;0.364;0.376;0.276;0.332;0.315;0.444;0.471;2.419;2.588;0.21;0.447;2.278;0.896;4.998
10445;0.364;0.381;0.273;0.325;0.31;0.447;0.471;2.979;2.517;0.212;0.447;2.275;0.886;4.998
10446;0.366;0.381;0.269;0.32;0.308;0.442;0.469;3.064;2.454;0.208;0.444;2.271;0.879;4.998
10447;0.366;0.383;0.266;0.322;0.31;0.442;0.466;2.524;2.397;0.198;0.442;2.253;0.864;4.998
10448;0.364;0.383;0.264;0.317;0.31;0.439;0.464;2.917;2.354;0.195;0.444;2.249;0.854;4.998
10449;0.359;0.383;0.261;0.317;0.308;0.437;0.466;3.53;2.31;0.195;0.442;2.239;0.845;4.998
10450;0.361;0.386;0.259;0.31;0.305;0.435;0.469;2.712;2.271;0.19;0.442;2.227;0.837;4.998
10451;0.359;0.383;0.261;0.305;0.303;0.432;0.469;2.627;2.231;0.188;0.442;2.219;0.823;4.998
10452;0.356;0.381;0.261;0.3;0.305;0.427;0.474;2.627;2.18;0.183;0.447;2.219;0.811;4.998
10453;0.354;0.383;0.261;0.298;0.308;0.425;0.474;3.032;2.131;0.186;0.452;2.219;0.801;4.998
10454;0.356;0.381;0.261;0.3;0.305;0.425;0.474;2.942;2.08;0.181;0.454;2.217;0.786;4.998
10455;0.356;0.378;0.264;0.303;0.308;0.422;0.474;2.729;2.029;0.176;0.454;2.205;0.771;4.998
10456;0.354;0.376;0.266;0.305;0.312;0.422;0.476;2.788;1.987;0.173;0.457;2.197;0.762;4.998
10457;0.356;0.374;0.266;0.303;0.317;0.427;0.476;2.498;1.96;0.176;0.457;2.183;0.754;4.998
10458;0.354;0.371;0.276;0.3;0.322;0.427;0.479;2.429;1.953;0.168;0.457;2.168;0.742;4.998
10459;0.354;0.366;0.276;0.295;0.325;0.427;0.481;2.8;1.968;0.173;0.461;2.168;0.742;4.998
10460;0.354;0.366;0.278;0.298;0.33;0.43;0.481;2.725;2.004;0.164;0.452;2.158;0.723;4.998
10461;0.354;0.364;0.283;0.3;0.332;0.432;0.474;2.534;2.08;0.166;0.452;2.158;0.718;4.998
10462;0.354;0.364;0.283;0.303;0.33;0.435;0.471;2.529;2.18;0.164;0.444;2.151;0.713;4.998
10463;0.352;0.361;0.286;0.305;0.332;0.435;0.474;2.659;2.31;0.166;0.439;2.158;0.706;4.998
10464;0.349;0.359;0.286;0.305;0.33;0.439;0.471;2.546;2.444;0.166;0.435;2.17;0.696;4.998
10465;0.352;0.361;0.288;0.308;0.33;0.437;0.469;2.434;2.578;0.161;0.427;2.185;0.688;4.998
10466;0.347;0.361;0.288;0.305;0.327;0.435;0.466;2.493;2.715;0.164;0.425;2.197;0.686;4.998
10467;0.347;0.361;0.288;0.305;0.322;0.437;0.466;2.083;2.834;0.159;0.42;2.2;0.676;4.998
10468;0.344;0.361;0.288;0.31;0.317;0.437;0.461;2.107;2.935;0.156;0.417;2.202;0.669;4.998
10469;0.349;0.364;0.291;0.317;0.315;0.435;0.461;2.405;3.02;0.159;0.415;2.197;0.669;4.998
10470;0.347;0.366;0.283;0.32;0.32;0.435;0.464;2.515;3.088;0.154;0.42;2.19;0.662;4.998
10471;0.349;0.369;0.276;0.32;0.32;0.432;0.466;2.241;3.137;0.156;0.425;2.175;0.652;4.998
10472;0.349;0.371;0.278;0.325;0.317;0.43;0.469;2.068;3.164;0.149;0.437;2.158;0.652;4.998
10473;0.352;0.374;0.273;0.325;0.315;0.432;0.471;2.168;3.179;0.149;0.452;2.139;0.647;4.932
10474;0.349;0.378;0.278;0.33;0.317;0.43;0.471;2.166;3.184;0.142;0.461;2.107;0.637;4.851
10475;0.352;0.378;0.278;0.322;0.32;0.427;0.474;2.061;3.203;0.146;0.481;2.085;0.635;4.78
10476;0.354;0.381;0.281;0.325;0.315;0.43;0.471;2.046;3.223;0.144;0.496;2.056;0.63;4.717
10477;0.356;0.381;0.286;0.322;0.31;0.427;0.469;1.887;3.252;0.142;0.505;2.026;0.625;4.666
10478;0.359;0.386;0.283;0.327;0.308;0.432;0.469;1.865;3.293;0.144;0.52;2.002;0.623;4.612
10479;0.356;0.386;0.281;0.33;0.308;0.432;0.466;1.87;3.328;0.142;0.53;1.975;0.618;4.565
10480;0.356;0.391;0.286;0.33;0.303;0.435;0.466;1.973;3.352;0.139;0.537;1.948;0.61;4.531
10481;0.354;0.391;0.286;0.33;0.298;0.435;0.469;1.978;3.376;0.142;0.542;1.919;0.608;4.495
10482;0.354;0.391;0.283;0.334;0.298;0.435;0.474;1.904;3.386;0.137;0.54;1.887;0.601;4.47
10483;0.349;0.391;0.283;0.339;0.298;0.437;0.476;1.78;3.376;0.139;0.544;1.86;0.596;4.443
10484;0.349;0.391;0.288;0.342;0.295;0.439;0.474;1.846;3.352;0.142;0.54;1.833;0.591;4.414
10485;0.342;0.391;0.291;0.347;0.295;0.439;0.474;1.848;3.34;0.142;0.537;1.809;0.588;4.397
10486;0.342;0.396;0.293;0.349;0.298;0.439;0.469;1.897;3.318;0.134;0.53;1.785;0.583;4.38
10487;0.347;0.391;0.295;0.347;0.303;0.439;0.464;1.697;3.301;0.139;0.527;1.777;0.576;4.358
10488;0.344;0.391;0.303;0.349;0.303;0.435;0.461;1.553;3.284;0.139;0.525;1.772;0.571;4.341
10489;0.342;0.391;0.3;0.347;0.308;0.435;0.454;1.655;3.267;0.142;0.522;1.768;0.564;4.331
10490;0.344;0.393;0.31;0.349;0.303;0.432;0.449;1.812;3.247;0.137;0.51;1.763;0.559;4.321
10491;0.344;0.391;0.3;0.344;0.303;0.427;0.444;1.836;3.245;0.142;0.508;1.768;0.557;4.324
10492;0.347;0.388;0.3;0.347;0.3;0.432;0.447;1.714;3.247;0.149;0.505;1.765;0.552;4.312
10493;0.344;0.391;0.303;0.349;0.295;0.432;0.444;1.589;3.264;0.149;0.5;1.758;0.547;4.297
10494;0.344;0.391;0.303;0.349;0.286;0.432;0.444;1.655;3.289;0.146;0.491;1.753;0.547;4.287
10495;0.344;0.388;0.3;0.344;0.286;0.43;0.449;1.577;3.325;0.149;0.486;1.75;0.542;4.265
10496;0.344;0.391;0.295;0.347;0.281;0.43;0.454;1.658;3.364;0.154;0.491;1.755;0.535;4.226
10497;0.339;0.388;0.295;0.344;0.283;0.435;0.464;1.685;3.396;0.146;0.479;1.748;0.535;4.192
10498;0.339;0.391;0.293;0.344;0.281;0.437;0.469;1.533;3.425;0.149;0.474;1.741;0.535;4.153
10499;0.339;0.388;0.291;0.344;0.286;0.442;0.474;1.511;3.445;0.142;0.469;1.731;0.532;4.106
10500;0.337;0.388;0.283;0.344;0.281;0.442;0.479;1.506;3.452;0.142;0.466;1.719;0.532;4.053
10501;0.337;0.388;0.283;0.344;0.286;0.437;0.481;1.533;3.447;0.137;0.469;1.707;0.53;3.997
10502;0.339;0.388;0.286;0.342;0.286;0.437;0.483;1.533;3.435;0.134;0.461;1.687;0.535;3.945
10503;0.342;0.388;0.286;0.339;0.288;0.435;0.479;1.482;3.425;0.134;0.459;1.67;0.532;3.887
10504;0.342;0.388;0.283;0.339;0.288;0.432;0.479;1.482;3.406;0.129;0.454;1.643;0.537;3.828
10505;0.344;0.388;0.283;0.339;0.291;0.43;0.469;1.519;3.394;0.129;0.452;1.619;0.537;3.772
10506;0.344;0.383;0.286;0.339;0.288;0.427;0.469;1.548;3.381;0.127;0.449;1.597;0.537;3.708
10507;0.347;0.386;0.288;0.344;0.283;0.427;0.464;1.555;3.364;0.125;0.444;1.57;0.537;3.645
10508;0.349;0.388;0.291;0.344;0.283;0.427;0.461;1.516;3.337;0.127;0.437;1.545;0.537;3.589
10509;0.352;0.388;0.293;0.344;0.283;0.422;0.461;1.455;3.303;0.125;0.43;1.519;0.542;3.528
10510;0.349;0.386;0.293;0.344;0.283;0.422;0.459;1.475;3.259;0.122;0.427;1.492;0.532;3.464
10511;0.352;0.386;0.293;0.344;0.283;0.427;0.457;1.462;3.213;0.122;0.422;1.47;0.53;3.403
10512;0.354;0.386;0.288;0.344;0.281;0.427;0.459;1.482;3.167;0.12;0.417;1.445;0.53;3.345
10513;0.349;0.386;0.295;0.342;0.283;0.43;0.464;1.443;3.123;0.117;0.41;1.416;0.522;3.291
10514;0.352;0.388;0.3;0.342;0.283;0.432;0.459;1.416;3.079;0.115;0.403;1.392;0.518;3.23
10515;0.352;0.388;0.298;0.342;0.286;0.432;0.469;1.448;3.047;0.115;0.398;1.367;0.515;3.176
10516;0.349;0.383;0.295;0.334;0.291;0.435;0.466;1.482;3.022;0.11;0.393;1.345;0.515;3.127
10517;0.354;0.386;0.293;0.337;0.293;0.435;0.469;1.523;3.008;0.11;0.391;1.328;0.508;3.081
10518;0.347;0.383;0.298;0.332;0.298;0.437;0.471;1.479;3.005;0.103;0.386;1.306;0.51;3.03
10519;0.347;0.378;0.3;0.334;0.295;0.437;0.476;1.409;3.013;0.095;0.378;1.282;0.51;2.988
10520;0.352;0.378;0.295;0.334;0.298;0.437;0.481;1.46;3.044;0.103;0.383;1.272;0.51;2.939
10521;0.352;0.376;0.298;0.334;0.295;0.437;0.481;1.448;3.079;0.093;0.374;1.248;0.513;2.91
10522;0.347;0.374;0.293;0.339;0.295;0.439;0.481;1.46;3.14;0.093;0.374;1.235;0.515;2.866
10523;0.352;0.374;0.298;0.342;0.295;0.439;0.479;1.44;3.206;0.09;0.369;1.216;0.51;2.844
10524;0.352;0.369;0.291;0.339;0.295;0.439;0.474;1.443;3.281;0.09;0.371;1.201;0.515;2.832
10525;0.344;0.369;0.295;0.334;0.295;0.442;0.474;1.46;3.352;0.088;0.366;1.187;0.515;2.82
10526;0.347;0.369;0.295;0.332;0.3;0.444;0.469;1.44;3.416;0.088;0.364;1.169;0.515;2.825
10527;0.349;0.364;0.295;0.327;0.298;0.447;0.466;1.499;3.477;0.085;0.359;1.152;0.515;2.842
10528;0.349;0.361;0.298;0.322;0.293;0.447;0.466;1.514;3.523;0.083;0.356;1.138;0.508;2.861
10529;0.349;0.359;0.295;0.32;0.291;0.449;0.461;1.399;3.564;0.085;0.359;1.125;0.51;2.893
10530;0.349;0.359;0.303;0.315;0.286;0.447;0.452;1.45;3.589;0.081;0.349;1.108;0.51;2.92
10531;0.349;0.356;0.303;0.31;0.283;0.452;0.447;1.47;3.618;0.085;0.349;1.104;0.508;2.952
10532;0.354;0.356;0.298;0.305;0.281;0.449;0.439;1.472;3.633;0.088;0.347;1.096;0.508;2.993
10533;0.354;0.354;0.3;0.308;0.278;0.449;0.435;1.479;3.645;0.095;0.347;1.099;0.508;3.037
10534;0.356;0.354;0.298;0.305;0.281;0.444;0.43;1.428;3.647;0.093;0.339;1.099;0.508;3.083
10535;0.354;0.349;0.303;0.308;0.283;0.442;0.437;1.472;3.652;0.095;0.337;1.106;0.503;3.145
10536;0.354;0.352;0.298;0.303;0.283;0.437;0.442;1.458;3.643;0.095;0.337;1.121;0.503;3.206
10537;0.354;0.349;0.305;0.31;0.288;0.432;0.444;1.453;3.633;0.09;0.332;1.145;0.5;3.254
10538;0.354;0.352;0.305;0.312;0.288;0.435;0.449;1.44;3.611;0.093;0.327;1.177;0.498;3.303
10539;0.356;0.352;0.305;0.315;0.288;0.432;0.461;1.423;3.589;0.105;0.325;1.221;0.496;3.342
10540;0.354;0.354;0.305;0.315;0.288;0.43;0.464;1.428;3.564;0.115;0.322;1.265;0.493;3.374
10541;0.356;0.354;0.305;0.317;0.291;0.43;0.469;1.448;3.538;0.139;0.32;1.323;0.486;3.403
10542;0.354;0.354;0.3;0.32;0.298;0.43;0.471;1.404;3.503;0.166;0.317;1.375;0.486;3.42
10543;0.354;0.354;0.3;0.317;0.298;0.427;0.471;1.421;3.472;0.2;0.317;1.433;0.486;3.425
10544;0.352;0.354;0.295;0.317;0.303;0.43;0.466;1.367;3.442;0.242;0.32;1.494;0.483;3.43
10545;0.354;0.356;0.295;0.32;0.31;0.43;0.461;1.401;3.413;0.281;0.315;1.545;0.483;3.425
10546;0.349;0.356;0.291;0.32;0.312;0.437;0.454;1.458;3.396;0.32;0.315;1.594;0.481;3.406
10547;0.349;0.356;0.291;0.315;0.312;0.437;0.447;1.484;3.394;0.364;0.312;1.628;0.486;3.391
10548;0.349;0.356;0.298;0.312;0.312;0.437;0.439;1.57;3.391;0.403;0.312;1.653;0.488;3.369
10549;0.347;0.359;0.295;0.315;0.312;0.442;0.437;1.643;3.394;0.447;0.32;1.665;0.488;3.333
10550;0.344;0.359;0.298;0.312;0.308;0.439;0.432;1.714;3.403;0.481;0.327;1.665;0.486;3.296
10551;0.344;0.361;0.293;0.31;0.308;0.439;0.427;1.699;3.413;0.515;0.334;1.663;0.483;3.254
10552;0.344;0.361;0.295;0.31;0.308;0.439;0.425;1.641;3.418;0.537;0.339;1.665;0.483;3.206
10553;0.344;0.361;0.293;0.305;0.308;0.439;0.422;1.631;3.411;0.549;0.349;1.672;0.486;3.157
10554;0.342;0.361;0.288;0.303;0.31;0.439;0.427;1.562;3.384;0.557;0.352;1.68;0.493;3.11
10555;0.344;0.361;0.288;0.303;0.31;0.442;0.427;1.482;3.345;0.562;0.356;1.689;0.488;3.052
10556;0.342;0.359;0.286;0.305;0.308;0.442;0.432;1.506;3.296;0.559;0.359;1.692;0.493;3.003
10557;0.342;0.359;0.286;0.305;0.308;0.444;0.435;1.519;3.237;0.554;0.361;1.702;0.496;2.942
10558;0.342;0.359;0.288;0.303;0.31;0.444;0.43;1.57;3.181;0.544;0.359;1.704;0.496;2.896
10559;0.342;0.359;0.278;0.305;0.31;0.444;0.432;1.501;3.135;0.547;0.364;1.716;0.496;2.842
10560;0.342;0.356;0.283;0.305;0.312;0.447;0.43;1.472;3.086;0.537;0.361;1.719;0.496;2.788
10561;0.342;0.356;0.283;0.305;0.312;0.444;0.43;1.433;3.04;0.53;0.364;1.719;0.493;2.742
10562;0.342;0.356;0.288;0.308;0.315;0.439;0.43;1.418;2.991;0.518;0.359;1.709;0.488;2.69
10563;0.344;0.356;0.288;0.305;0.317;0.439;0.43;1.411;2.954;0.515;0.361;1.699;0.491;2.644
10564;0.342;0.352;0.293;0.303;0.315;0.437;0.425;1.365;2.905;0.5;0.354;1.685;0.488;2.6
10565;0.347;0.354;0.291;0.3;0.317;0.437;0.425;1.296;2.864;0.493;0.356;1.692;0.488;2.556
10566;0.344;0.356;0.288;0.3;0.312;0.432;0.42;1.267;2.822;0.481;0.347;1.689;0.493;2.517
10567;0.344;0.359;0.295;0.295;0.312;0.437;0.417;1.292;2.786;0.466;0.342;1.697;0.503;2.478
10568;0.342;0.359;0.293;0.293;0.315;0.435;0.415;1.304;2.761;0.469;0.339;1.709;0.51;2.434
10569;0.342;0.359;0.293;0.291;0.31;0.439;0.41;1.326;2.742;0.461;0.334;1.721;0.52;2.395
10570;0.342;0.354;0.295;0.288;0.305;0.437;0.408;1.348;2.725;0.452;0.327;1.726;0.522;2.361
10571;0.344;0.354;0.3;0.288;0.303;0.439;0.403;1.377;2.722;0.452;0.327;1.731;0.522;2.317
10572;0.342;0.349;0.308;0.291;0.3;0.444;0.403;1.36;2.722;0.454;0.322;1.729;0.527;2.283
10573;0.344;0.349;0.305;0.286;0.298;0.449;0.405;1.35;2.739;0.459;0.322;1.731;0.53;2.246
10574;0.347;0.349;0.305;0.288;0.293;0.449;0.405;1.343;2.754;0.459;0.315;1.731;0.535;2.214
10575;0.347;0.347;0.312;0.283;0.3;0.454;0.405;1.353;2.778;0.452;0.31;1.731;0.54;2.183
10576;0.349;0.349;0.31;0.286;0.3;0.454;0.413;1.301;2.805;0.454;0.31;1.736;0.54;2.146
10577;0.342;0.344;0.312;0.288;0.303;0.459;0.413;1.304;2.834;0.447;0.305;1.736;0.547;2.117
10578;0.344;0.342;0.312;0.288;0.308;0.457;0.42;1.265;2.864;0.442;0.298;1.743;0.544;2.087
10579;0.349;0.342;0.308;0.291;0.308;0.457;0.422;1.311;2.903;0.432;0.295;1.753;0.554;2.056
10580;0.344;0.339;0.31;0.288;0.305;0.461;0.427;1.284;2.952;0.427;0.293;1.765;0.544;2.026
10581;0.347;0.342;0.315;0.283;0.303;0.459;0.43;1.309;3.003;0.41;0.288;1.772;0.544;1.992
10582;0.347;0.342;0.315;0.281;0.303;0.459;0.432;1.321;3.052;0.398;0.286;1.78;0.544;1.963
10583;0.347;0.342;0.312;0.283;0.298;0.459;0.432;1.328;3.098;0.386;0.281;1.787;0.535;1.934
10584;0.349;0.342;0.308;0.281;0.298;0.457;0.427;1.309;3.137;0.386;0.276;1.797;0.53;1.902
10585;0.347;0.342;0.317;0.281;0.295;0.459;0.43;1.306;3.176;0.383;0.273;1.807;0.525;1.877
10586;0.347;0.339;0.317;0.273;0.293;0.459;0.432;1.306;3.22;0.388;0.273;1.831;0.52;1.848
10587;0.349;0.342;0.325;0.271;0.291;0.459;0.43;1.331;3.254;0.383;0.269;1.853;0.518;1.824
10588;0.349;0.339;0.325;0.266;0.291;0.461;0.427;1.338;3.293;0.381;0.269;1.882;0.505;1.802
10589;0.352;0.337;0.32;0.261;0.291;0.461;0.422;1.34;3.335;0.376;0.261;1.899;0.498;1.785
10590;0.352;0.342;0.322;0.259;0.291;0.461;0.417;1.294;3.381;0.378;0.266;1.917;0.496;1.77
10591;0.354;0.342;0.322;0.261;0.295;0.461;0.42;1.245;3.423;0.374;0.256;1.921;0.486;1.753
10592;0.354;0.342;0.32;0.261;0.298;0.459;0.417;1.238;3.467;0.376;0.251;1.929;0.474;1.746
10593;0.354;0.342;0.32;0.261;0.305;0.459;0.42;1.226;3.511;0.386;0.249;1.929;0.469;1.738
10594;0.349;0.339;0.325;0.256;0.305;0.454;0.417;1.27;3.538;0.386;0.247;1.919;0.464;1.736
10595;0.352;0.342;0.322;0.259;0.308;0.459;0.413;1.287;3.567;0.396;0.247;1.914;0.454;1.733
10596;0.352;0.339;0.322;0.261;0.305;0.457;0.413;1.47;3.584;0.403;0.244;1.902;0.437;1.733
10597;0.352;0.342;0.32;0.269;0.305;0.461;0.405;1.506;3.589;0.408;0.242;1.895;0.439;1.738
10598;0.347;0.339;0.315;0.271;0.31;0.464;0.398;1.567;3.582;0.408;0.244;1.88;0.432;1.746
10599;0.349;0.342;0.317;0.276;0.305;0.464;0.396;1.523;3.579;0.415;0.242;1.87;0.43;1.753
10600;0.344;0.339;0.32;0.276;0.308;0.464;0.398;1.479;3.582;0.42;0.244;1.86;0.425;1.763
10601;0.342;0.337;0.315;0.276;0.31;0.469;0.396;1.484;3.584;0.422;0.242;1.853;0.422;1.768
10602;0.342;0.339;0.315;0.281;0.31;0.469;0.393;1.611;3.599;0.42;0.242;1.841;0.42;1.782
10603;0.344;0.339;0.327;0.281;0.312;0.469;0.393;1.65;3.606;0.413;0.239;1.829;0.417;1.787
10604;0.347;0.342;0.317;0.281;0.305;0.466;0.393;1.526;3.625;0.415;0.247;1.829;0.415;1.797
10605;0.347;0.339;0.317;0.286;0.308;0.466;0.396;1.489;3.63;0.405;0.247;1.826;0.417;1.807
10606;0.349;0.339;0.317;0.283;0.303;0.461;0.398;1.545;3.635;0.408;0.251;1.836;0.417;1.814
10607;0.352;0.337;0.327;0.286;0.305;0.459;0.403;1.567;3.625;0.396;0.249;1.843;0.413;1.821
10608;0.354;0.337;0.332;0.281;0.303;0.459;0.405;1.592;3.618;0.4;0.259;1.855;0.415;1.824
10609;0.352;0.337;0.361;0.281;0.3;0.457;0.408;1.609;3.604;0.403;0.261;1.858;0.413;1.831
10610;0.356;0.337;0.398;0.276;0.3;0.454;0.41;1.643;3.589;0.405;0.271;1.858;0.41;1.833
10611;0.356;0.337;0.388;0.273;0.298;0.452;0.41;1.58;3.564;0.408;0.278;1.853;0.405;1.831
10612;0.354;0.334;0.361;0.273;0.298;0.454;0.413;1.519;3.538;0.413;0.283;1.848;0.405;1.833
10613;0.359;0.334;0.464;0.271;0.298;0.454;0.413;1.636;3.525;0.425;0.293;1.853;0.405;1.829
10614;0.356;0.334;0.52;0.271;0.3;0.452;0.41;1.699;3.511;0.43;0.295;1.855;0.408;1.824
10615;0.354;0.334;0.535;0.269;0.3;0.452;0.417;1.765;3.503;0.437;0.291;1.863;0.405;1.816
10616;0.354;0.332;0.652;0.271;0.298;0.449;0.413;1.873;3.513;0.447;0.293;1.88;0.413;1.804
10617;0.349;0.334;0.615;0.271;0.298;0.449;0.408;1.953;3.538;0.457;0.295;1.897;0.413;1.794
10618;0.347;0.337;0.789;0.278;0.298;0.452;0.405;2;3.572;0.464;0.291;1.904;0.417;1.782
10619;0.344;0.334;0.864;0.278;0.303;0.449;0.403;1.995;3.606;0.471;0.291;1.912;0.42;1.76
10620;0.347;0.334;0.938;0.283;0.303;0.454;0.4;1.934;3.64;0.479;0.293;1.921;0.427;1.748
10621;0.342;0.332;0.645;0.283;0.303;0.454;0.4;1.807;3.665;0.476;0.283;1.912;0.425;1.736
10622;0.342;0.337;0.586;0.291;0.305;0.454;0.408;1.667;3.701;0.479;0.293;1.917;0.432;1.714
10623;0.342;0.337;0.403;0.295;0.305;0.452;0.413;1.675;3.735;0.483;0.291;1.909;0.435;1.692
10624;0.342;0.332;0.43;0.298;0.305;0.454;0.417;1.675;3.77;0.479;0.288;1.902;0.432;1.672
10625;0.337;0.334;0.327;0.298;0.303;0.457;0.42;1.65;3.796;0.479;0.286;1.89;0.439;1.653
10626;0.334;0.334;0.676;0.295;0.305;0.457;0.427;1.694;3.818;0.476;0.283;1.885;0.437;1.633
10627;0.334;0.337;0.596;0.295;0.303;0.459;0.427;1.663;3.831;0.471;0.278;1.88;0.437;1.614
10628;0.334;0.334;0.698;0.291;0.298;0.459;0.43;1.626;3.823;0.471;0.276;1.877;0.439;1.597
10629;0.332;0.334;0.837;0.293;0.295;0.457;0.43;1.614;3.801;0.464;0.271;1.87;0.439;1.58
10630;0.332;0.337;0.908;0.291;0.293;0.459;0.427;1.636;3.77;0.461;0.271;1.877;0.435;1.558
10631;0.337;0.337;0.674;0.291;0.293;0.459;0.43;1.633;3.718;0.457;0.266;1.877;0.435;1.541
10632;0.334;0.337;0.437;0.286;0.291;0.459;0.425;1.599;3.655;0.452;0.261;1.875;0.43;1.528
10633;0.337;0.334;0.947;0.281;0.286;0.454;0.42;1.536;3.596;0.447;0.264;1.875;0.432;1.509
10634;0.337;0.332;1.855;0.281;0.286;0.454;0.42;1.526;3.533;0.442;0.259;1.87;0.425;1.494
10635;0.342;0.337;4.998;0.273;0.281;0.452;0.42;1.499;3.459;0.43;0.256;1.858;0.417;1.479
10636;0.342;0.332;4.998;0.278;0.278;0.449;0.422;1.489;3.391;0.425;0.254;1.853;0.413;1.47
10637;0.344;0.334;4.998;0.281;0.276;0.449;0.422;1.45;3.32;0.413;0.256;1.846;0.403;1.465
10638;0.349;0.334;4.998;0.283;0.276;0.447;0.43;1.453;3.245;0.403;0.251;1.836;0.4;1.46
10639;0.352;0.334;4.998;0.283;0.276;0.447;0.432;1.477;3.174;0.393;0.251;1.824;0.388;1.47
10640;0.352;0.334;4.998;0.278;0.276;0.447;0.435;1.484;3.103;0.381;0.249;1.812;0.383;1.501
10641;0.359;0.332;4.998;0.276;0.276;0.447;0.435;1.482;3.032;0.369;0.249;1.797;0.376;1.555
10642;0.354;0.332;4.998;0.273;0.278;0.449;0.439;1.47;2.966;0.354;0.249;1.777;0.364;1.619
10643;0.354;0.332;4.998;0.273;0.278;0.452;0.437;1.479;2.903;0.349;0.254;1.77;0.356;1.687
10644;0.354;0.334;4.998;0.281;0.286;0.454;0.435;1.516;2.837;0.334;0.251;1.755;0.354;1.772
10645;0.354;0.334;4.998;0.283;0.291;0.454;0.435;1.533;2.781;0.327;0.256;1.75;0.349;1.858
10646;0.356;0.334;4.998;0.278;0.291;0.454;0.43;1.55;2.727;0.315;0.259;1.743;0.342;1.951
10647;0.356;0.337;4.998;0.278;0.293;0.457;0.425;1.533;2.673;0.303;0.261;1.731;0.347;2.041
10648;0.354;0.334;4.998;0.278;0.298;0.461;0.425;1.497;2.632;0.298;0.264;1.716;0.344;2.126
10649;0.352;0.334;4.998;0.281;0.298;0.461;0.422;1.47;2.598;0.286;0.264;1.697;0.347;2.217
10650;0.356;0.334;4.998;0.286;0.298;0.461;0.417;1.479;2.571;0.281;0.266;1.677;0.342;2.288
10651;0.354;0.334;4.998;0.286;0.295;0.461;0.413;1.487;2.551;0.276;0.269;1.658;0.334;2.354
10652;0.356;0.334;4.998;0.286;0.291;0.457;0.405;1.465;2.542;0.266;0.271;1.633;0.334;2.407
10653;0.361;0.332;4.998;0.286;0.286;0.459;0.405;1.45;2.537;0.264;0.273;1.606;0.33;2.451
10654;0.364;0.334;4.998;0.283;0.283;0.457;0.405;1.436;2.534;0.254;0.278;1.58;0.32;2.478
10655;0.369;0.334;4.998;0.286;0.281;0.457;0.408;1.448;2.534;0.247;0.283;1.553;0.317;2.505
10656;0.371;0.334;4.998;0.288;0.278;0.457;0.41;1.46;2.534;0.237;0.288;1.531;0.308;2.512
10657;0.371;0.332;4.998;0.288;0.271;0.457;0.413;1.45;2.529;0.232;0.291;1.509;0.305;2.529
10658;0.371;0.337;4.998;0.291;0.273;0.454;0.415;1.421;2.52;0.217;0.295;1.489;0.303;2.524
10659;0.374;0.332;4.998;0.293;0.271;0.457;0.417;1.411;2.507;0.212;0.308;1.472;0.298;2.527
10660;0.371;0.332;4.36;0.295;0.273;0.459;0.427;1.394;2.49;0.205;0.317;1.458;0.3;2.52
10661;0.371;0.332;2.437;0.298;0.273;0.459;0.43;1.409;2.473;0.203;0.332;1.443;0.308;2.507
10662;0.371;0.33;1.58;0.3;0.278;0.464;0.432;1.423;2.454;0.193;0.344;1.426;0.312;2.5
10663;0.369;0.327;1.44;0.295;0.283;0.464;0.437;1.401;2.432;0.188;0.359;1.411;0.322;2.483
10664;0.364;0.327;1.328;0.3;0.281;0.469;0.437;1.406;2.412;0.188;0.378;1.396;0.337;2.468
10665;0.361;0.322;1.812;0.303;0.286;0.466;0.439;1.382;2.39;0.173;0.388;1.377;0.349;2.454
10666;0.361;0.322;0.813;0.303;0.286;0.466;0.442;1.416;2.371;0.176;0.403;1.362;0.366;2.439
10667;0.361;0.32;1.284;0.3;0.293;0.464;0.444;1.421;2.366;0.176;0.417;1.345;0.386;2.424
10668;0.361;0.322;0.798;0.295;0.291;0.461;0.452;1.416;2.354;0.168;0.42;1.326;0.405;2.417
10669;0.361;0.322;0.757;0.291;0.293;0.459;0.457;1.414;2.354;0.176;0.43;1.311;0.425;2.397
10670;0.361;0.322;0.835;0.291;0.293;0.459;0.459;1.401;2.354;0.176;0.43;1.292;0.442;2.383
10671;0.364;0.322;1.184;0.288;0.293;0.457;0.459;1.372;2.356;0.181;0.432;1.274;0.459;2.375
10672;0.361;0.325;0.933;0.291;0.288;0.454;0.459;1.362;2.366;0.186;0.43;1.257;0.476;2.356
10673;0.364;0.325;0.852;0.286;0.288;0.452;0.454;1.345;2.383;0.19;0.43;1.238;0.488;2.341
10674;0.364;0.325;0.571;0.283;0.283;0.449;0.442;1.36;2.407;0.203;0.427;1.223;0.498;2.322
10675;0.366;0.327;0.723;0.286;0.283;0.447;0.435;1.362;2.432;0.208;0.42;1.204;0.51;2.297
10676;0.366;0.325;0.808;0.291;0.281;0.449;0.427;1.377;2.463;0.222;0.415;1.189;0.518;2.275
10677;0.366;0.325;0.676;0.293;0.283;0.449;0.425;1.362;2.498;0.237;0.408;1.174;0.522;2.249
10678;0.371;0.327;0.781;0.295;0.283;0.449;0.422;1.353;2.534;0.249;0.4;1.16;0.522;2.219
10679;0.369;0.325;0.71;0.295;0.286;0.452;0.425;1.338;2.576;0.269;0.391;1.147;0.527;2.192
10680;0.369;0.325;0.659;0.291;0.283;0.452;0.432;1.357;2.632;0.295;0.386;1.143;0.527;2.161
10681;0.366;0.325;0.657;0.291;0.283;0.449;0.435;1.365;2.688;0.322;0.378;1.13;0.527;2.131
10682;0.366;0.325;0.757;0.291;0.286;0.454;0.444;1.382;2.756;0.352;0.369;1.121;0.522;2.1
10683;0.369;0.327;0.701;0.298;0.288;0.454;0.444;1.37;2.832;0.393;0.356;1.108;0.518;2.068
10684;0.371;0.322;0.85;0.3;0.291;0.457;0.447;1.365;2.915;0.447;0.349;1.096;0.508;2.041
10685;0.371;0.322;0.862;0.3;0.293;0.454;0.444;1.36;2.993;0.513;0.342;1.084;0.505;2.009
10686;0.371;0.325;0.681;0.3;0.295;0.454;0.439;1.379;3.062;0.576;0.334;1.067;0.498;1.982
10687;0.366;0.325;0.598;0.3;0.298;0.452;0.432;1.389;3.12;0.642;0.325;1.047;0.488;1.96
10688;0.366;0.325;0.579;0.3;0.298;0.452;0.427;1.387;3.176;0.701;0.322;1.035;0.483;1.934
10689;0.364;0.325;0.693;0.305;0.295;0.452;0.417;1.357;3.218;0.74;0.312;1.013;0.479;1.909
10690;0.361;0.327;0.767;0.308;0.293;0.449;0.41;1.328;3.262;0.771;0.308;0.996;0.479;1.89
10691;0.361;0.325;0.815;0.308;0.291;0.452;0.408;1.318;3.291;0.793;0.298;0.979;0.491;1.865
10692;0.359;0.327;0.613;0.308;0.286;0.449;0.408;1.331;3.32;0.815;0.291;0.964;0.5;1.851
10693;0.356;0.327;0.63;0.308;0.286;0.449;0.413;1.343;3.34;0.828;0.286;0.947;0.518;1.829
10694;0.354;0.33;0.686;0.303;0.283;0.447;0.42;1.323;3.345;0.83;0.273;0.925;0.527;1.814
10695;0.359;0.33;0.498;0.303;0.286;0.444;0.427;1.345;3.352;0.84;0.271;0.92;0.542;1.802
10696;0.356;0.332;0.425;0.3;0.288;0.442;0.43;1.36;3.364;0.847;0.264;0.911;0.544;1.787
10697;0.356;0.33;0.51;0.298;0.295;0.444;0.43;1.36;3.364;0.85;0.254;0.898;0.552;1.78
10698;0.356;0.33;0.535;0.3;0.295;0.444;0.43;1.331;3.367;0.869;0.249;0.891;0.557;1.775
10699;0.361;0.334;0.583;0.298;0.3;0.444;0.427;1.301;3.372;0.894;0.244;0.884;0.562;1.772
10700;0.356;0.332;0.54;0.3;0.308;0.444;0.425;1.292;3.364;0.913;0.234;0.874;0.562;1.777
10701;0.354;0.33;0.552;0.3;0.308;0.447;0.422;1.309;3.367;0.942;0.237;0.879;0.562;1.782
10702;0.359;0.33;0.769;0.298;0.31;0.447;0.417;1.318;3.359;0.945;0.227;0.876;0.559;1.79
10703;0.359;0.325;0.713;0.293;0.308;0.449;0.415;1.318;3.359;0.955;0.229;0.889;0.557;1.799
10704;0.359;0.325;0.63;0.293;0.312;0.444;0.413;1.321;3.352;0.945;0.225;0.896;0.552;1.816
10705;0.356;0.322;0.498;0.295;0.308;0.444;0.405;1.321;3.347;0.938;0.222;0.903;0.542;1.836
10706;0.359;0.32;0.398;0.298;0.308;0.447;0.4;1.333;3.34;0.93;0.22;0.916;0.532;1.855
10707;0.359;0.322;0.354;0.3;0.31;0.447;0.398;1.338;3.325;0.916;0.217;0.92;0.525;1.885
10708;0.359;0.32;0.386;0.298;0.31;0.447;0.398;1.333;3.306;0.898;0.215;0.925;0.522;1.929
10709;0.361;0.315;0.413;0.298;0.31;0.444;0.396;1.345;3.284;0.886;0.21;0.93;0.505;1.963
10710;0.361;0.317;0.417;0.3;0.312;0.447;0.393;1.353;3.257;0.869;0.205;0.933;0.496;2.012
10711;0.364;0.32;0.42;0.298;0.317;0.444;0.396;1.382;3.228;0.859;0.203;0.933;0.486;2.065
10712;0.366;0.317;0.457;0.298;0.322;0.442;0.396;1.399;3.193;0.842;0.198;0.93;0.471;2.124
10713;0.366;0.315;0.488;0.298;0.322;0.437;0.393;1.475;3.162;0.833;0.195;0.923;0.461;2.178
10714;0.364;0.317;0.425;0.3;0.325;0.439;0.396;1.531;3.115;0.813;0.188;0.908;0.447;2.236
10715;0.361;0.317;0.422;0.303;0.325;0.435;0.393;1.555;3.071;0.803;0.188;0.891;0.437;2.297
10716;0.356;0.317;0.405;0.305;0.325;0.435;0.393;1.548;3.022;0.796;0.186;0.872;0.425;2.354
10717;0.356;0.317;0.425;0.303;0.32;0.435;0.388;1.528;2.979;0.789;0.183;0.854;0.415;2.41
10718;0.354;0.315;0.688;0.305;0.315;0.437;0.381;1.514;2.927;0.789;0.181;0.835;0.4;2.466
10719;0.349;0.32;0.542;0.303;0.31;0.437;0.383;1.497;2.871;0.786;0.178;0.813;0.396;2.512
10720;0.347;0.322;0.532;0.3;0.303;0.437;0.388;1.506;2.82;0.784;0.178;0.796;0.388;2.556
10721;0.344;0.32;0.566;0.298;0.293;0.435;0.388;1.526;2.766;0.781;0.181;0.781;0.381;2.588
10722;0.339;0.325;0.869;0.298;0.291;0.437;0.388;1.531;2.708;0.764;0.176;0.762;0.376;2.612
10723;0.342;0.325;0.688;0.295;0.288;0.435;0.396;1.526;2.651;0.75;0.181;0.75;0.366;2.632
10724;0.342;0.325;0.569;0.293;0.288;0.432;0.396;1.528;2.598;0.732;0.178;0.737;0.361;2.646
10725;0.342;0.327;0.698;0.291;0.295;0.435;0.4;1.545;2.534;0.708;0.176;0.72;0.354;2.649
10726;0.342;0.327;0.84;0.291;0.3;0.435;0.403;1.577;2.478;0.696;0.178;0.72;0.352;2.651
10727;0.339;0.327;0.999;0.288;0.305;0.432;0.398;1.616;2.417;0.674;0.176;0.718;0.347;2.639
10728;0.344;0.33;0.886;0.283;0.308;0.43;0.396;1.606;2.361;0.659;0.176;0.723;0.342;2.634
10729;0.347;0.332;0.669;0.283;0.308;0.427;0.393;1.575;2.305;0.647;0.176;0.735;0.337;2.622
10730;0.342;0.332;0.657;0.281;0.31;0.43;0.388;1.56;2.249;0.632;0.178;0.742;0.339;2.6
10731;0.342;0.327;0.742;0.286;0.308;0.427;0.383;1.531;2.2;0.62;0.181;0.759;0.339;2.583
10732;0.344;0.327;0.657;0.283;0.303;0.427;0.378;1.509;2.148;0.608;0.176;0.771;0.334;2.559
10733;0.342;0.33;0.598;0.286;0.3;0.43;0.383;1.509;2.102;0.601;0.173;0.774;0.332;2.534
10734;0.339;0.327;0.735;0.288;0.298;0.43;0.376;1.528;2.068;0.608;0.178;0.786;0.332;2.512
10735;0.342;0.327;0.876;0.293;0.298;0.432;0.378;1.536;2.031;0.618;0.181;0.786;0.33;2.483
10736;0.337;0.327;1.064;0.298;0.3;0.435;0.374;1.538;2;0.63;0.178;0.784;0.327;2.461
10737;0.339;0.325;1.157;0.295;0.308;0.432;0.371;1.55;1.973;0.657;0.176;0.781;0.322;2.432
10738;0.337;0.327;1.299;0.303;0.31;0.437;0.374;1.56;1.948;0.676;0.173;0.776;0.322;2.407
10739;0.339;0.325;1.194;0.308;0.317;0.439;0.378;1.555;1.936;0.706;0.176;0.791;0.317;2.378
10740;0.337;0.322;4.998;0.31;0.317;0.442;0.386;1.536;1.926;0.72;0.178;0.796;0.312;2.349
10741;0.337;0.325;2.288;0.315;0.32;0.447;0.391;1.504;1.921;0.737;0.181;0.801;0.303;2.327
10742;0.339;0.325;4.998;0.325;0.32;0.449;0.393;1.47;1.934;0.769;0.186;0.813;0.308;2.29
10743;0.337;0.325;4.998;0.327;0.32;0.447;0.396;1.45;1.953;0.801;0.186;0.82;0.3;2.268
10744;0.334;0.325;4.998;0.33;0.322;0.452;0.398;1.44;1.98;0.852;0.193;0.84;0.293;2.241
10745;0.334;0.322;4.998;0.327;0.32;0.449;0.396;1.431;2.012;0.911;0.19;0.859;0.293;2.214
10746;0.33;0.322;4.998;0.325;0.312;0.449;0.391;1.409;2.046;0.979;0.19;0.889;0.288;2.185
10747;0.332;0.322;4.998;0.327;0.31;0.447;0.391;1.421;2.078;1.057;0.193;0.916;0.283;2.166
10748;0.33;0.322;4.998;0.327;0.31;0.449;0.393;1.418;2.109;1.128;0.19;0.947;0.281;2.139
10749;0.33;0.32;4.998;0.332;0.305;0.447;0.393;1.436;2.144;1.187;0.188;0.974;0.278;2.117
10750;0.32;0.322;4.998;0.33;0.303;0.444;0.398;1.44;2.17;1.23;0.188;0.994;0.271;2.095
10751;0.32;0.32;4.998;0.325;0.305;0.444;0.4;1.445;2.202;1.274;0.186;1.008;0.273;2.07
10752;0.32;0.322;4.998;0.322;0.305;0.444;0.408;1.431;2.236;1.304;0.183;1.016;0.269;2.051
10753;0.32;0.322;4.998;0.322;0.31;0.442;0.413;1.421;2.268;1.331;0.183;1.016;0.269;2.026
10754;0.317;0.32;4.998;0.322;0.312;0.437;0.417;1.414;2.3;1.355;0.178;1.013;0.276;2.002
10755;0.32;0.322;4.998;0.322;0.32;0.439;0.42;1.416;2.334;1.37;0.173;1.006;0.291;1.985
10756;0.322;0.322;4.998;0.317;0.32;0.435;0.42;1.406;2.371;1.387;0.173;1.001;0.305;1.96
10757;0.32;0.325;2.686;0.317;0.325;0.435;0.41;1.404;2.405;1.396;0.178;1.001;0.327;1.938
10758;0.325;0.325;4.998;0.317;0.325;0.439;0.405;1.423;2.424;1.396;0.168;0.986;0.349;1.912
10759;0.322;0.327;3.875;0.315;0.33;0.439;0.396;1.421;2.449;1.396;0.168;0.981;0.366;1.89
10760;0.325;0.327;1.501;0.31;0.33;0.439;0.391;1.418;2.454;1.384;0.164;0.967;0.376;1.868
10761;0.325;0.33;0.984;0.31;0.327;0.437;0.386;1.418;2.456;1.375;0.168;0.957;0.388;1.843
10762;0.325;0.33;0.999;0.308;0.332;0.439;0.383;1.426;2.449;1.357;0.168;0.945;0.388;1.824
10763;0.325;0.33;1.218;0.308;0.332;0.442;0.383;1.426;2.429;1.338;0.168;0.923;0.396;1.799
10764;0.325;0.332;0.938;0.31;0.337;0.442;0.383;1.426;2.4;1.318;0.168;0.906;0.391;1.772
10765;0.322;0.33;0.762;0.312;0.339;0.439;0.388;1.431;2.371;1.299;0.173;0.894;0.398;1.755
10766;0.322;0.332;1.125;0.315;0.347;0.442;0.393;1.418;2.332;1.272;0.176;0.874;0.398;1.738
10767;0.32;0.332;0.876;0.312;0.352;0.442;0.403;1.421;2.285;1.245;0.178;0.859;0.396;1.721
10768;0.32;0.332;1.05;0.317;0.354;0.439;0.41;1.423;2.236;1.216;0.178;0.842;0.398;1.704
10769;0.325;0.332;1.062;0.32;0.359;0.442;0.422;1.416;2.19;1.187;0.183;0.83;0.405;1.689
10770;0.322;0.33;1.167;0.33;0.356;0.437;0.432;1.418;2.139;1.157;0.181;0.813;0.41;1.675
10771;0.32;0.33;0.94;0.334;0.364;0.435;0.439;1.411;2.085;1.125;0.181;0.798;0.425;1.667
10772;0.322;0.327;0.969;0.339;0.359;0.432;0.444;1.404;2.034;1.104;0.178;0.784;0.432;1.658
10773;0.325;0.327;0.698;0.339;0.359;0.432;0.447;1.406;1.985;1.086;0.178;0.771;0.444;1.655
10774;0.325;0.327;0.737;0.339;0.359;0.425;0.447;1.404;1.934;1.074;0.176;0.757;0.454;1.655
10775;0.325;0.327;1.187;0.339;0.354;0.425;0.444;1.418;1.877;1.06;0.173;0.737;0.466;1.655
10776;0.327;0.325;1.292;0.337;0.354;0.425;0.435;1.416;1.838;1.064;0.178;0.737;0.471;1.663
10777;0.33;0.327;0.811;0.332;0.356;0.425;0.427;1.426;1.787;1.055;0.171;0.718;0.483;1.667
10778;0.332;0.325;0.815;0.332;0.354;0.425;0.422;1.438;1.75;1.052;0.173;0.713;0.493;1.675
10779;0.332;0.322;0.796;0.332;0.349;0.425;0.42;1.445;1.711;1.045;0.168;0.701;0.503;1.687
10780;0.332;0.322;0.645;0.325;0.349;0.427;0.422;1.453;1.677;1.028;0.171;0.691;0.515;1.697
10781;0.334;0.32;0.596;0.322;0.352;0.425;0.42;1.453;1.643;1.013;0.166;0.688;0.522;1.707
10782;0.332;0.315;0.535;0.317;0.352;0.427;0.425;1.44;1.614;0.999;0.168;0.698;0.532;1.711
10783;0.334;0.315;0.413;0.312;0.349;0.432;0.422;1.453;1.575;0.984;0.159;0.713;0.54;1.724
10784;0.334;0.312;0.566;0.31;0.347;0.427;0.427;1.448;1.553;0.984;0.161;0.75;0.554;1.729
10785;0.337;0.31;0.828;0.303;0.342;0.427;0.427;1.443;1.521;0.981;0.159;0.786;0.557;1.743
10786;0.334;0.305;0.786;0.298;0.339;0.427;0.422;1.448;1.497;0.999;0.156;0.82;0.559;1.743
10787;0.332;0.303;0.605;0.293;0.337;0.422;0.425;1.431;1.467;1.03;0.156;0.85;0.564;1.753
10788;0.332;0.303;0.691;0.288;0.337;0.422;0.42;1.436;1.44;1.072;0.159;0.876;0.562;1.76
10789;0.334;0.3;0.554;0.281;0.342;0.42;0.415;1.431;1.411;1.118;0.161;0.908;0.559;1.765
10790;0.332;0.295;0.498;0.273;0.339;0.417;0.417;1.416;1.384;1.167;0.168;0.947;0.554;1.772
10791;0.334;0.295;0.566;0.269;0.339;0.415;0.413;1.431;1.355;1.199;0.176;0.996;0.552;1.78
10792;0.334;0.298;0.522;0.259;0.339;0.415;0.413;1.453;1.328;1.228;0.193;1.057;0.554;1.792
10793;0.332;0.295;0.759;0.256;0.339;0.413;0.415;1.467;1.296;1.245;0.21;1.125;0.544;1.802
10794;0.337;0.293;0.515;0.256;0.337;0.413;0.41;1.467;1.272;1.265;0.234;1.194;0.547;1.809
10795;0.337;0.293;0.654;0.254;0.339;0.413;0.41;1.477;1.245;1.27;0.264;1.252;0.547;1.821
10796;0.337;0.291;0.52;0.256;0.339;0.415;0.41;1.494;1.216;1.274;0.291;1.306;0.549;1.821
10797;0.339;0.293;0.339;0.259;0.337;0.417;0.41;1.499;1.194;1.274;0.32;1.353;0.554;1.819
10798;0.339;0.293;0.344;0.264;0.332;0.425;0.408;1.482;1.167;1.272;0.347;1.392;0.557;1.824
10799;0.339;0.295;0.269;0.261;0.332;0.435;0.413;1.492;1.147;1.27;0.369;1.438;0.566;1.824
10800;0.342;0.295;0.266;0.261;0.33;0.439;0.413;1.482;1.125;1.257;0.388;1.467;0.566;1.814
10801;0.342;0.298;0.342;0.261;0.33;0.444;0.405;1.489;1.104;1.243;0.4;1.484;0.566;1.807
10802;0.344;0.3;0.376;0.264;0.33;0.444;0.398;1.477;1.089;1.235;0.417;1.492;0.566;1.794
10803;0.347;0.303;0.569;0.271;0.325;0.447;0.391;1.472;1.072;1.211;0.422;1.479;0.564;1.785
10804;0.349;0.303;0.576;0.276;0.33;0.447;0.383;1.477;1.057;1.196;0.432;1.472;0.559;1.765
10805;0.349;0.305;0.532;0.276;0.334;0.449;0.376;1.462;1.047;1.172;0.439;1.46;0.552;1.748
10806;0.352;0.305;0.476;0.273;0.342;0.447;0.374;1.455;1.052;1.15;0.447;1.45;0.547;1.721
10807;0.354;0.312;0.527;0.281;0.344;0.442;0.371;1.448;1.057;1.116;0.449;1.438;0.542;1.697
10808;0.354;0.312;0.752;0.276;0.349;0.439;0.374;1.44;1.082;1.091;0.457;1.428;0.535;1.667
10809;0.356;0.31;0.913;0.273;0.352;0.435;0.381;1.445;1.104;1.06;0.459;1.421;0.53;1.646
10810;0.356;0.31;0.776;0.271;0.356;0.432;0.393;1.428;1.133;1.028;0.461;1.436;0.532;1.614
10811;0.356;0.312;0.737;0.271;0.356;0.43;0.396;1.414;1.157;0.994;0.461;1.455;0.53;1.58
10812;0.361;0.312;0.544;0.271;0.356;0.427;0.4;1.414;1.189;0.967;0.466;1.484;0.537;1.545
10813;0.356;0.312;0.554;0.269;0.354;0.422;0.405;1.399;1.208;0.933;0.459;1.509;0.532;1.519
10814;0.356;0.31;0.535;0.276;0.349;0.42;0.408;1.394;1.24;0.896;0.457;1.536;0.532;1.484
10815;0.354;0.308;0.61;0.281;0.337;0.42;0.413;1.404;1.267;0.864;0.452;1.565;0.532;1.455
10816;0.354;0.305;0.483;0.283;0.337;0.417;0.415;1.428;1.304;0.833;0.444;1.584;0.527;1.426
10817;0.354;0.303;0.635;0.291;0.334;0.417;0.417;1.436;1.348;0.798;0.439;1.611;0.522;1.399
10818;0.354;0.303;0.361;0.286;0.332;0.422;0.422;1.436;1.396;0.764;0.435;1.631;0.52;1.377
10819;0.352;0.298;0.688;0.288;0.332;0.422;0.422;1.428;1.458;0.735;0.425;1.65;0.508;1.362
10820;0.352;0.298;0.828;0.291;0.339;0.42;0.42;1.436;1.533;0.703;0.417;1.658;0.5;1.35
10821;0.349;0.295;0.713;0.293;0.342;0.42;0.415;1.438;1.636;0.676;0.408;1.658;0.493;1.34
10822;0.349;0.293;0.735;0.293;0.347;0.42;0.413;1.426;1.765;0.654;0.403;1.658;0.486;1.338
10823;0.349;0.291;0.754;0.293;0.349;0.42;0.405;1.423;1.909;0.623;0.393;1.653;0.479;1.338
10824;0.349;0.291;0.664;0.291;0.354;0.42;0.405;1.416;2.07;0.598;0.388;1.648;0.466;1.343
10825;0.349;0.291;0.642;0.288;0.354;0.42;0.405;1.414;2.234;0.576;0.381;1.646;0.457;1.348
10826;0.349;0.291;0.63;0.283;0.356;0.42;0.408;1.404;2.395;0.549;0.369;1.643;0.447;1.36
10827;0.349;0.288;0.447;0.286;0.356;0.422;0.41;1.418;2.554;0.535;0.364;1.648;0.435;1.367
10828;0.349;0.288;0.493;0.286;0.356;0.42;0.408;1.423;2.705;0.508;0.352;1.646;0.427;1.379
10829;0.349;0.288;0.349;0.286;0.359;0.42;0.408;1.423;2.861;0.491;0.342;1.646;0.415;1.396
10830;0.349;0.291;0.356;0.291;0.361;0.42;0.405;1.406;3.032;0.476;0.337;1.653;0.413;1.411
10831;0.349;0.293;0.254;0.278;0.361;0.425;0.403;1.394;3.208;0.459;0.325;1.658;0.4;1.428
10832;0.349;0.293;0.256;0.281;0.361;0.422;0.405;1.387;3.391;0.447;0.32;1.67;0.388;1.45
10833;0.347;0.298;0.278;0.281;0.356;0.42;0.408;1.399;3.579;0.439;0.312;1.682;0.378;1.467
10834;0.347;0.3;0.249;0.281;0.356;0.42;0.413;1.404;3.755;0.422;0.303;1.682;0.366;1.492
10835;0.349;0.305;0.227;0.283;0.354;0.42;0.413;1.404;3.938;0.415;0.295;1.692;0.361;1.511
10836;0.349;0.308;0.237;0.286;0.349;0.42;0.41;1.416;4.099;0.403;0.291;1.704;0.352;1.528
10837;0.347;0.308;0.256;0.286;0.352;0.415;0.41;1.436;4.25;0.396;0.288;1.716;0.344;1.548
10838;0.347;0.31;0.342;0.288;0.349;0.413;0.427;1.431;4.399;0.386;0.288;1.726;0.339;1.56
10839;0.347;0.308;0.386;0.288;0.347;0.41;0.479;1.421;4.553;0.386;0.288;1.733;0.339;1.57
10840;0.344;0.31;0.518;0.293;0.342;0.41;0.522;1.418;4.697;0.376;0.288;1.736;0.339;1.58
10841;0.342;0.31;0.444;0.288;0.337;0.41;0.61;1.411;4.836;0.366;0.293;1.736;0.347;1.587
10842;0.342;0.31;0.303;0.295;0.342;0.413;0.742;1.416;4.98;0.366;0.312;1.748;0.359;1.589
10843;0.342;0.308;0.298;0.291;0.342;0.415;0.811;1.396;4.998;0.366;0.337;1.753;0.374;1.587
10844;0.339;0.31;0.249;0.286;0.347;0.415;0.879;1.401;4.998;0.364;0.381;1.758;0.398;1.584
10845;0.337;0.31;0.261;0.271;0.349;0.413;0.923;1.409;4.998;0.364;0.435;1.765;0.427;1.58
10846;0.334;0.312;0.251;0.271;0.344;0.415;0.959;1.409;4.998;0.356;0.488;1.772;0.466;1.582
10847;0.33;0.312;0.237;0.271;0.347;0.417;0.935;1.404;4.998;0.354;0.547;1.782;0.518;1.567
10848;0.327;0.312;0.249;0.269;0.352;0.417;0.967;1.394;4.998;0.347;0.601;1.792;0.579;1.562
10849;0.325;0.312;0.261;0.271;0.356;0.417;0.959;1.389;4.998;0.342;0.649;1.799;0.642;1.55
10850;0.325;0.312;0.266;0.271;0.359;0.42;0.981;1.394;4.998;0.33;0.684;1.797;0.706;1.533
10851;0.32;0.308;0.293;0.269;0.356;0.42;0.994;1.396;4.998;0.33;0.715;1.797;0.786;1.523
10852;0.317;0.305;0.347;0.273;0.354;0.417;1.023;1.404;4.998;0.322;0.728;1.79;0.872;1.514
10853;0.317;0.303;0.261;0.276;0.349;0.413;0.989;1.409;4.998;0.317;0.732;1.787;0.962;1.499
10854;0.315;0.3;0.325;0.281;0.349;0.413;1.018;1.423;4.998;0.315;0.73;1.782;1.05;1.487
10855;0.315;0.298;0.452;0.291;0.344;0.405;0.984;1.404;4.998;0.31;0.728;1.775;1.138;1.477
10856;0.315;0.293;0.42;0.291;0.332;0.4;0.972;1.406;4.998;0.315;0.72;1.768;1.223;1.462
10857;0.315;0.293;0.369;0.293;0.33;0.398;0.95;1.406;4.998;0.308;0.706;1.768;1.296;1.45
10858;0.315;0.288;0.391;0.286;0.322;0.398;0.972;1.404;4.998;0.305;0.691;1.77;1.37;1.44
10859;0.315;0.288;0.381;0.288;0.315;0.393;0.928;1.411;4.998;0.31;0.684;1.78;1.436;1.428
10860;0.312;0.288;0.359;0.295;0.315;0.393;0.923;1.416;4.998;0.308;0.664;1.785;1.489;1.418
10861;0.315;0.288;0.295;0.291;0.31;0.386;0.945;1.396;4.998;0.305;0.649;1.792;1.538;1.409
10862;0.312;0.286;0.286;0.288;0.308;0.388;0.928;1.404;4.998;0.308;0.642;1.802;1.575;1.392
10863;0.312;0.288;0.305;0.286;0.308;0.386;0.935;1.416;4.998;0.305;0.63;1.807;1.604;1.377
10864;0.308;0.288;0.332;0.281;0.305;0.391;0.955;1.426;4.998;0.3;0.623;1.809;1.631;1.365
10865;0.312;0.291;0.339;0.276;0.31;0.393;0.935;1.436;4.998;0.3;0.623;1.809;1.655;1.353
10866;0.31;0.291;0.325;0.273;0.315;0.393;0.935;1.436;4.998;0.3;0.62;1.804;1.675;1.333
10867;0.312;0.286;0.339;0.266;0.312;0.398;0.95;1.431;4.998;0.3;0.627;1.799;1.697;1.321
10868;0.312;0.291;0.344;0.269;0.317;0.4;0.94;1.416;4.998;0.288;0.637;1.797;1.714;1.304
10869;0.312;0.288;0.315;0.269;0.325;0.408;0.95;1.394;4.998;0.293;0.657;1.804;1.741;1.284
10870;0.312;0.291;0.308;0.269;0.33;0.41;0.959;1.384;4.998;0.291;0.684;1.809;1.76;1.267
10871;0.312;0.288;0.259;0.271;0.334;0.415;0.964;1.389;4.998;0.286;0.706;1.812;1.785;1.252
10872;0.315;0.291;0.298;0.271;0.334;0.417;0.962;1.384;4.998;0.278;0.718;1.819;1.787;1.235
10873;0.315;0.295;0.322;0.273;0.332;0.417;0.962;1.382;4.998;0.276;0.732;1.821;1.799;1.216
10874;0.315;0.295;0.288;0.273;0.332;0.415;0.967;1.367;4.998;0.273;0.745;1.814;1.797;1.199
10875;0.312;0.295;0.283;0.276;0.327;0.413;0.95;1.375;4.998;0.269;0.752;1.794;1.792;1.182
10876;0.31;0.298;0.273;0.281;0.322;0.413;0.962;1.367;4.998;0.266;0.764;1.765;1.785;1.165
10877;0.308;0.298;0.259;0.286;0.317;0.405;0.95;1.357;4.998;0.261;0.776;1.724;1.78;1.152
10878;0.305;0.298;0.251;0.283;0.31;0.403;0.942;1.35;4.998;0.251;0.779;1.682;1.763;1.138
10879;0.303;0.298;0.229;0.286;0.3;0.398;0.938;1.37;4.998;0.254;0.791;1.643;1.753;1.121
10880;0.3;0.3;0.227;0.286;0.293;0.393;0.938;1.37;4.998;0.249;0.793;1.597;1.738;1.108
10881;0.298;0.298;0.215;0.286;0.291;0.393;0.933;1.355;4.998;0.244;0.791;1.555;1.721;1.101
10882;0.3;0.295;0.215;0.283;0.286;0.391;0.938;1.343;4.998;0.242;0.791;1.511;1.711;1.091
10883;0.295;0.295;0.208;0.281;0.288;0.391;0.94;1.367;4.998;0.242;0.786;1.475;1.699;1.086
10884;0.295;0.295;0.205;0.276;0.286;0.391;0.942;1.365;4.973;0.234;0.771;1.436;1.682;1.084
10885;0.298;0.293;0.2;0.271;0.286;0.396;0.933;1.357;4.9;0.242;0.769;1.416;1.675;1.079
10886;0.298;0.293;0.198;0.271;0.286;0.396;0.933;1.353;4.812;0.232;0.759;1.382;1.667;1.082
10887;0.298;0.293;0.193;0.271;0.283;0.4;0.923;1.365;4.724;0.227;0.752;1.357;1.655;1.086
10888;0.298;0.291;0.19;0.269;0.286;0.403;0.918;1.387;4.631;0.225;0.75;1.333;1.655;1.096
10889;0.3;0.288;0.195;0.261;0.286;0.405;0.923;1.387;4.536;0.225;0.75;1.313;1.655;1.104
10890;0.298;0.291;0.195;0.259;0.286;0.403;0.918;1.387;4.441;0.217;0.752;1.292;1.67;1.116
10891;0.298;0.293;0.198;0.261;0.288;0.405;0.918;1.375;4.343;0.217;0.759;1.27;1.682;1.135
10892;0.298;0.293;0.195;0.259;0.288;0.403;0.918;1.372;4.255;0.215;0.764;1.243;1.699;1.152
10893;0.295;0.293;0.198;0.259;0.293;0.4;0.923;1.362;4.175;0.212;0.776;1.218;1.719;1.174
10894;0.295;0.293;0.198;0.261;0.293;0.396;0.925;1.348;4.089;0.208;0.789;1.184;1.738;1.201
10895;0.295;0.293;0.198;0.261;0.293;0.396;0.933;1.367;4.011;0.21;0.803;1.16;1.75;1.223
10896;0.293;0.291;0.198;0.261;0.293;0.391;0.938;1.384;3.921;0.203;0.811;1.125;1.768;1.245
10897;0.293;0.293;0.195;0.261;0.288;0.391;0.94;1.375;3.838;0.2;0.825;1.101;1.785;1.272
10898;0.291;0.293;0.195;0.266;0.288;0.386;0.935;1.362;3.76;0.195;0.833;1.074;1.794;1.299
10899;0.288;0.291;0.195;0.264;0.286;0.386;0.935;1.345;3.691;0.193;0.847;1.052;1.807;1.321
10900;0.288;0.293;0.193;0.264;0.286;0.386;0.928;1.35;3.633;0.188;0.862;1.025;1.812;1.348
10901;0.288;0.295;0.19;0.261;0.281;0.386;0.925;1.355;3.579;0.183;0.876;1.001;1.814;1.375
10902;0.286;0.295;0.188;0.264;0.278;0.386;0.933;1.36;3.55;0.186;0.891;0.979;1.812;1.399
10903;0.283;0.295;0.19;0.261;0.271;0.383;0.938;1.345;3.533;0.186;0.901;0.957;1.812;1.414
10904;0.281;0.295;0.195;0.264;0.271;0.378;0.938;1.362;3.513;0.178;0.906;0.93;1.804;1.44
10905;0.283;0.298;0.193;0.264;0.271;0.381;0.935;1.387;3.499;0.178;0.906;0.906;1.802;1.46
10906;0.281;0.298;0.198;0.266;0.269;0.383;0.935;1.396;3.484;0.176;0.903;0.884;1.797;1.472
10907;0.281;0.298;0.19;0.261;0.276;0.386;0.923;1.394;3.467;0.173;0.891;0.857;1.792;1.492
10908;0.278;0.3;0.188;0.264;0.278;0.393;0.918;1.394;3.447;0.166;0.879;0.83;1.792;1.499
10909;0.278;0.303;0.193;0.266;0.281;0.393;0.916;1.401;3.435;0.168;0.872;0.808;1.79;1.509
10910;0.278;0.303;0.193;0.266;0.288;0.396;0.916;1.384;3.42;0.168;0.859;0.793;1.797;1.511
10911;0.276;0.303;0.198;0.266;0.293;0.396;0.916;1.389;3.406;0.168;0.847;0.776;1.807;1.516
10912;0.273;0.3;0.19;0.264;0.303;0.396;0.923;1.396;3.389;0.164;0.835;0.759;1.816;1.519
10913;0.271;0.305;0.193;0.266;0.305;0.396;0.923;1.399;3.369;0.168;0.823;0.75;1.833;1.516
10914;0.271;0.3;0.19;0.266;0.305;0.398;0.925;1.389;3.347;0.164;0.806;0.732;1.843;1.514
10915;0.269;0.3;0.19;0.266;0.308;0.4;0.93;1.416;3.337;0.164;0.791;0.718;1.87;1.509
10916;0.269;0.303;0.186;0.273;0.308;0.403;0.933;1.421;3.34;0.159;0.771;0.71;1.89;1.504
10917;0.264;0.298;0.186;0.273;0.3;0.4;0.938;1.428;3.354;0.159;0.752;0.708;1.914;1.494
10918;0.261;0.298;0.188;0.281;0.298;0.398;0.938;1.418;3.379;0.164;0.735;0.713;1.941;1.484
10919;0.261;0.295;0.186;0.283;0.295;0.391;0.94;1.438;3.416;0.156;0.713;0.72;1.968;1.475
10920;0.261;0.293;0.188;0.283;0.298;0.386;0.935;1.418;3.467;0.161;0.703;0.74;1.995;1.458
10921;0.261;0.288;0.188;0.283;0.295;0.378;0.933;1.411;3.521;0.151;0.681;0.752;2.024;1.448
10922;0.261;0.291;0.186;0.283;0.293;0.376;0.925;1.409;3.579;0.154;0.664;0.771;2.048;1.431
10923;0.259;0.286;0.183;0.286;0.286;0.371;0.923;1.414;3.635;0.151;0.649;0.791;2.078;1.416
10924;0.256;0.283;0.183;0.291;0.278;0.374;0.911;1.399;3.691;0.156;0.642;0.815;2.102;1.399
10925;0.256;0.283;0.186;0.288;0.273;0.371;0.911;1.411;3.738;0.154;0.632;0.835;2.131;1.384
10926;0.256;0.283;0.188;0.286;0.264;0.371;0.901;1.411;3.777;0.154;0.63;0.847;2.158;1.367
10927;0.254;0.281;0.188;0.278;0.264;0.376;0.896;1.411;3.809;0.154;0.637;0.864;2.19;1.353
10928;0.256;0.283;0.186;0.276;0.261;0.376;0.891;1.411;3.833;0.161;0.659;0.874;2.219;1.333
10929;0.254;0.283;0.183;0.271;0.254;0.378;0.884;1.411;3.845;0.156;0.693;0.884;2.256;1.318
10930;0.251;0.283;0.186;0.264;0.254;0.378;0.879;1.401;3.857;0.156;0.74;0.889;2.283;1.304
10931;0.251;0.286;0.188;0.266;0.249;0.378;0.879;1.382;3.877;0.164;0.803;0.898;2.317;1.294
10932;0.249;0.286;0.19;0.264;0.251;0.383;0.884;1.387;3.887;0.159;0.872;0.901;2.344;1.274
10933;0.251;0.288;0.188;0.264;0.254;0.386;0.881;1.384;3.892;0.161;0.947;0.903;2.368;1.26
10934;0.254;0.283;0.19;0.261;0.254;0.388;0.884;1.36;3.896;0.161;1.021;0.898;2.388;1.25
10935;0.254;0.286;0.19;0.261;0.251;0.391;0.881;1.348;3.892;0.164;1.096;0.894;2.4;1.238
10936;0.256;0.288;0.19;0.261;0.254;0.388;0.881;1.34;3.877;0.164;1.182;0.884;2.41;1.228
10937;0.256;0.286;0.188;0.264;0.254;0.388;0.886;1.348;3.853;0.161;1.26;0.869;2.41;1.216
10938;0.259;0.288;0.186;0.261;0.256;0.386;0.891;1.348;3.823;0.161;1.335;0.857;2.41;1.204
10939;0.261;0.291;0.188;0.266;0.254;0.381;0.896;1.353;3.782;0.159;1.392;0.84;2.41;1.191
10940;0.269;0.291;0.193;0.266;0.251;0.376;0.901;1.362;3.733;0.164;1.433;0.823;2.407;1.182
10941;0.266;0.291;0.195;0.266;0.251;0.371;0.906;1.365;3.687;0.156;1.462;0.803;2.4;1.172
10942;0.269;0.293;0.203;0.266;0.249;0.371;0.908;1.365;3.647;0.156;1.477;0.786;2.388;1.16
10943;0.271;0.293;0.198;0.264;0.249;0.371;0.913;1.35;3.623;0.159;1.484;0.769;2.371;1.15
10944;0.273;0.291;0.198;0.259;0.247;0.364;0.913;1.343;3.599;0.161;1.484;0.754;2.349;1.14
10945;0.273;0.291;0.195;0.261;0.247;0.366;0.92;1.335;3.574;0.159;1.479;0.735;2.332;1.13
10946;0.273;0.293;0.193;0.261;0.244;0.364;0.925;1.331;3.555;0.161;1.472;0.723;2.302;1.118
10947;0.273;0.291;0.19;0.264;0.247;0.366;0.93;1.331;3.525;0.164;1.45;0.708;2.273;1.108
10948;0.271;0.288;0.19;0.261;0.244;0.369;0.933;1.331;3.499;0.168;1.438;0.703;2.249;1.104
10949;0.269;0.291;0.195;0.259;0.244;0.371;0.93;1.326;3.469;0.171;1.418;0.693;2.227;1.096
10950;0.269;0.288;0.195;0.259;0.247;0.371;0.928;1.333;3.44;0.176;1.404;0.686;2.197;1.091
10951;0.269;0.286;0.195;0.256;0.247;0.376;0.92;1.348;3.411;0.178;1.387;0.679;2.173;1.084
10952;0.266;0.286;0.198;0.256;0.251;0.376;0.916;1.357;3.384;0.178;1.365;0.674;2.146;1.082
10953;0.266;0.283;0.208;0.256;0.247;0.376;0.911;1.36;3.357;0.186;1.353;0.671;2.122;1.077
10954;0.269;0.283;0.212;0.256;0.244;0.378;0.908;1.357;3.325;0.183;1.335;0.662;2.1;1.077
10955;0.269;0.283;0.217;0.259;0.239;0.383;0.911;1.353;3.296;0.178;1.311;0.652;2.08;1.079
10956;0.266;0.283;0.215;0.254;0.232;0.381;0.913;1.345;3.269;0.178;1.292;0.647;2.061;1.079
10957;0.266;0.283;0.22;0.254;0.229;0.381;0.916;1.348;3.247;0.178;1.27;0.637;2.043;1.084
10958;0.266;0.286;0.222;0.256;0.234;0.381;0.92;1.345;3.223;0.173;1.25;0.625;2.029;1.091
10959;0.266;0.286;0.22;0.264;0.234;0.376;0.925;1.35;3.198;0.173;1.233;0.615;2.014;1.099
10960;0.269;0.286;0.217;0.271;0.232;0.376;0.925;1.355;3.186;0.176;1.226;0.613;2.004;1.108
10961;0.269;0.288;0.215;0.269;0.229;0.374;0.93;1.362;3.167;0.173;1.216;0.601;1.987;1.121
10962;0.271;0.288;0.212;0.269;0.232;0.381;0.938;1.348;3.154;0.176;1.213;0.586;1.97;1.138
10963;0.269;0.291;0.21;0.273;0.227;0.383;0.935;1.35;3.14;0.176;1.213;0.579;1.958;1.15
10964;0.269;0.291;0.212;0.271;0.225;0.388;0.94;1.36;3.135;0.181;1.218;0.571;1.948;1.165
10965;0.271;0.293;0.208;0.273;0.225;0.391;0.942;1.348;3.13;0.183;1.218;0.564;1.946;1.182
10966;0.271;0.295;0.203;0.271;0.225;0.391;0.94;1.34;3.118;0.178;1.208;0.549;1.929;1.196
10967;0.271;0.293;0.205;0.264;0.227;0.391;0.94;1.345;3.11;0.181;1.206;0.544;1.934;1.211
10968;0.269;0.295;0.205;0.259;0.229;0.391;0.942;1.353;3.088;0.181;1.194;0.535;1.926;1.226
10969;0.271;0.295;0.2;0.251;0.229;0.386;0.942;1.326;3.057;0.178;1.177;0.52;1.929;1.243
10970;0.271;0.298;0.2;0.247;0.229;0.388;0.95;1.328;3.022;0.176;1.155;0.513;1.921;1.255
10971;0.269;0.295;0.205;0.242;0.229;0.383;0.957;1.333;2.976;0.173;1.125;0.498;1.917;1.27
10972;0.269;0.295;0.208;0.247;0.227;0.386;0.957;1.328;2.932;0.168;1.099;0.491;1.909;1.287
10973;0.269;0.293;0.21;0.244;0.232;0.383;0.959;1.338;2.886;0.171;1.074;0.483;1.899;1.299
10974;0.269;0.293;0.22;0.239;0.232;0.381;0.955;1.37;2.834;0.168;1.042;0.471;1.885;1.316
10975;0.266;0.291;0.222;0.239;0.234;0.383;0.955;1.375;2.786;0.166;1.013;0.464;1.87;1.331
10976;0.266;0.291;0.225;0.239;0.234;0.388;0.957;1.37;2.729;0.159;0.979;0.454;1.848;1.345
10977;0.266;0.291;0.227;0.247;0.234;0.388;0.957;1.37;2.681;0.161;0.955;0.449;1.838;1.362
10978;0.264;0.288;0.232;0.249;0.237;0.391;0.964;1.355;2.625;0.166;0.925;0.444;1.819;1.375
10979;0.264;0.288;0.237;0.249;0.239;0.398;0.959;1.338;2.566;0.166;0.903;0.442;1.812;1.392
10980;0.259;0.288;0.237;0.249;0.237;0.396;0.957;1.343;2.502;0.164;0.876;0.435;1.799;1.406
10981;0.259;0.286;0.234;0.242;0.239;0.396;0.95;1.362;2.441;0.166;0.857;0.427;1.792;1.421
10982;0.256;0.286;0.239;0.239;0.232;0.393;0.95;1.365;2.378;0.168;0.833;0.422;1.79;1.436
10983;0.259;0.286;0.239;0.242;0.232;0.393;0.945;1.367;2.314;0.164;0.811;0.415;1.782;1.445
10984;0.256;0.283;0.234;0.242;0.234;0.393;0.95;1.377;2.251;0.159;0.791;0.408;1.775;1.46
10985;0.256;0.283;0.237;0.239;0.234;0.393;0.952;1.387;2.195;0.159;0.774;0.403;1.777;1.47
10986;0.259;0.281;0.227;0.239;0.237;0.398;0.957;1.372;2.139;0.168;0.767;0.4;1.77;1.475
10987;0.264;0.278;0.229;0.232;0.237;0.4;0.964;1.394;2.085;0.168;0.759;0.396;1.768;1.484
10988;0.264;0.278;0.227;0.227;0.234;0.403;0.984;1.396;2.029;0.171;0.75;0.388;1.765;1.492
10989;0.266;0.276;0.229;0.222;0.234;0.403;0.989;1.406;1.98;0.178;0.75;0.388;1.768;1.499
10990;0.266;0.273;0.225;0.222;0.229;0.405;0.991;1.416;1.936;0.181;0.75;0.383;1.765;1.509
10991;0.266;0.271;0.225;0.22;0.232;0.41;0.991;1.423;1.892;0.183;0.752;0.381;1.765;1.519
10992;0.266;0.271;0.222;0.222;0.229;0.415;0.979;1.401;1.853;0.183;0.75;0.376;1.77;1.521
10993;0.271;0.271;0.225;0.217;0.232;0.417;0.972;1.399;1.814;0.181;0.75;0.374;1.77;1.528
10994;0.271;0.269;0.222;0.212;0.232;0.42;0.962;1.399;1.782;0.188;0.75;0.371;1.78;1.533
10995;0.269;0.269;0.222;0.21;0.234;0.42;0.957;1.401;1.758;0.19;0.75;0.374;1.782;1.536
10996;0.266;0.269;0.225;0.21;0.239;0.417;0.955;1.404;1.724;0.195;0.747;0.371;1.787;1.536
10997;0.266;0.271;0.225;0.212;0.247;0.415;0.952;1.401;1.699;0.205;0.747;0.374;1.79;1.533
10998;0.266;0.271;0.225;0.215;0.249;0.41;0.955;1.411;1.68;0.212;0.752;0.376;1.794;1.526
10999;0.266;0.276;0.227;0.217;0.251;0.405;0.952;1.406;1.653;0.212;0.75;0.369;1.797;1.521
11000;0.264;0.273;0.225;0.222;0.251;0.4;0.947;1.394;1.633;0.22;0.75;0.374;1.802;1.511
11001;0.264;0.273;0.227;0.22;0.249;0.398;0.942;1.389;1.614;0.227;0.754;0.376;1.807;1.499
11002;0.264;0.273;0.227;0.222;0.249;0.396;0.935;1.399;1.597;0.225;0.752;0.374;1.816;1.492
11003;0.264;0.273;0.229;0.227;0.254;0.398;0.935;1.406;1.572;0.227;0.752;0.378;1.826;1.475
11004;0.264;0.273;0.225;0.229;0.251;0.4;0.938;1.387;1.55;0.229;0.757;0.383;1.846;1.462
11005;0.266;0.273;0.222;0.227;0.251;0.403;0.94;1.384;1.523;0.225;0.752;0.381;1.863;1.445
11006;0.266;0.271;0.22;0.229;0.249;0.408;0.942;1.389;1.501;0.232;0.759;0.386;1.882;1.428
11007;0.271;0.271;0.215;0.225;0.242;0.41;0.947;1.394;1.479;0.234;0.757;0.391;1.904;1.411
11008;0.276;0.271;0.217;0.225;0.244;0.42;0.942;1.384;1.453;0.229;0.752;0.388;1.924;1.389
11009;0.278;0.269;0.217;0.22;0.242;0.417;0.938;1.375;1.431;0.234;0.747;0.393;1.946;1.375
11010;0.281;0.269;0.217;0.22;0.242;0.417;0.933;1.392;1.409;0.232;0.745;0.391;1.963;1.348
11011;0.281;0.266;0.217;0.212;0.239;0.417;0.925;1.399;1.387;0.227;0.73;0.391;1.975;1.331
11012;0.281;0.266;0.217;0.208;0.244;0.417;0.918;1.389;1.365;0.227;0.72;0.391;1.99;1.301
11013;0.281;0.271;0.222;0.208;0.251;0.42;0.916;1.384;1.34;0.22;0.713;0.386;1.992;1.284
11014;0.283;0.269;0.222;0.21;0.259;0.42;0.911;1.389;1.321;0.22;0.708;0.388;1.997;1.26
11015;0.283;0.266;0.222;0.21;0.259;0.42;0.908;1.387;1.301;0.22;0.71;0.386;1.997;1.235
11016;0.286;0.264;0.227;0.21;0.256;0.42;0.908;1.377;1.277;0.212;0.718;0.376;1.99;1.213
11017;0.281;0.264;0.229;0.212;0.256;0.422;0.908;1.353;1.257;0.21;0.737;0.376;1.982;1.189
11018;0.281;0.266;0.232;0.208;0.256;0.42;0.911;1.365;1.238;0.212;0.764;0.378;1.98;1.167
11019;0.281;0.266;0.232;0.208;0.256;0.42;0.913;1.362;1.213;0.208;0.791;0.366;1.968;1.143
11020;0.276;0.269;0.232;0.208;0.256;0.417;0.913;1.35;1.191;0.205;0.815;0.366;1.956;1.123
11021;0.276;0.266;0.232;0.208;0.261;0.417;0.92;1.345;1.169;0.203;0.837;0.364;1.941;1.099
11022;0.273;0.264;0.229;0.208;0.266;0.413;0.923;1.348;1.147;0.203;0.862;0.366;1.931;1.077
11023;0.273;0.264;0.234;0.208;0.271;0.415;0.92;1.348;1.125;0.198;0.879;0.366;1.917;1.062
11024;0.276;0.264;0.234;0.208;0.273;0.417;0.92;1.338;1.106;0.19;0.901;0.366;1.899;1.045
11025;0.273;0.264;0.234;0.21;0.276;0.42;0.918;1.338;1.089;0.193;0.923;0.366;1.887;1.028
11026;0.278;0.264;0.234;0.208;0.276;0.425;0.911;1.343;1.062;0.186;0.94;0.364;1.868;1.016
11027;0.278;0.264;0.234;0.21;0.273;0.427;0.911;1.331;1.042;0.188;0.964;0.366;1.851;1.003
11028;0.278;0.266;0.232;0.208;0.266;0.43;0.906;1.323;1.025;0.183;0.984;0.369;1.831;0.994
11029;0.276;0.264;0.227;0.208;0.261;0.427;0.896;1.34;1.006;0.183;1.008;0.369;1.812;0.984
11030;0.276;0.264;0.227;0.205;0.261;0.422;0.886;1.338;0.989;0.181;1.033;0.369;1.787;0.981
11031;0.276;0.264;0.227;0.208;0.256;0.422;0.876;1.331;0.972;0.181;1.06;0.361;1.765;0.972
11032;0.281;0.261;0.225;0.205;0.251;0.422;0.869;1.328;0.957;0.176;1.084;0.364;1.743;0.969
11033;0.281;0.264;0.225;0.203;0.247;0.42;0.864;1.333;0.942;0.176;1.106;0.356;1.719;0.964
11034;0.283;0.261;0.225;0.198;0.244;0.422;0.862;1.326;0.93;0.173;1.128;0.356;1.694;0.959
11035;0.278;0.264;0.222;0.195;0.244;0.42;0.859;1.321;0.92;0.173;1.152;0.352;1.672;0.962
11036;0.281;0.266;0.222;0.193;0.244;0.42;0.857;1.333;0.906;0.168;1.174;0.344;1.643;0.962
11037;0.276;0.264;0.222;0.195;0.244;0.417;0.862;1.34;0.898;0.168;1.199;0.342;1.611;0.962
11038;0.271;0.266;0.225;0.195;0.244;0.413;0.864;1.331;0.891;0.171;1.223;0.339;1.584;0.962
11039;0.273;0.266;0.229;0.198;0.251;0.41;0.869;1.343;0.886;0.168;1.235;0.332;1.55;0.962
11040;0.271;0.266;0.237;0.195;0.256;0.408;0.874;1.345;0.881;0.171;1.243;0.33;1.514;0.964
11041;0.271;0.271;0.239;0.195;0.259;0.405;0.879;1.333;0.881;0.173;1.248;0.325;1.484;0.964
11042;0.269;0.269;0.244;0.2;0.264;0.403;0.881;1.326;0.884;0.171;1.248;0.322;1.45;0.964
11043;0.269;0.271;0.247;0.205;0.264;0.403;0.886;1.333;0.886;0.168;1.238;0.312;1.421;0.967
11044;0.266;0.273;0.247;0.21;0.261;0.403;0.881;1.333;0.901;0.176;1.228;0.315;1.392;0.962
11045;0.264;0.271;0.247;0.212;0.261;0.405;0.881;1.331;0.911;0.168;1.213;0.305;1.362;0.964
11046;0.266;0.273;0.254;0.22;0.259;0.403;0.879;1.321;0.94;0.178;1.199;0.305;1.34;0.962
11047;0.264;0.271;0.259;0.22;0.259;0.405;0.874;1.335;0.959;0.171;1.182;0.298;1.311;0.959
11048;0.264;0.273;0.254;0.22;0.259;0.403;0.862;1.335;0.994;0.173;1.169;0.298;1.284;0.959
11049;0.264;0.273;0.256;0.215;0.259;0.4;0.859;1.338;1.028;0.168;1.157;0.293;1.257;0.957
11050;0.264;0.273;0.254;0.217;0.259;0.396;0.854;1.35;1.067;0.168;1.145;0.288;1.238;0.955
11051;0.261;0.273;0.256;0.217;0.261;0.396;0.852;1.35;1.111;0.166;1.143;0.286;1.213;0.952
11052;0.256;0.276;0.259;0.215;0.261;0.393;0.85;1.34;1.157;0.168;1.138;0.286;1.189;0.945
11053;0.259;0.276;0.261;0.217;0.261;0.396;0.85;1.323;1.201;0.161;1.13;0.276;1.172;0.945
11054;0.261;0.276;0.261;0.217;0.261;0.391;0.85;1.313;1.25;0.164;1.125;0.273;1.152;0.935
11055;0.259;0.273;0.264;0.212;0.264;0.396;0.85;1.306;1.299;0.161;1.118;0.266;1.13;0.933
11056;0.259;0.271;0.261;0.215;0.259;0.396;0.854;1.292;1.348;0.159;1.111;0.264;1.116;0.928
11057;0.259;0.271;0.256;0.215;0.254;0.396;0.857;1.292;1.394;0.161;1.094;0.264;1.096;0.92
11058;0.256;0.266;0.254;0.217;0.251;0.393;0.859;1.299;1.433;0.156;1.074;0.256;1.074;0.916
11059;0.254;0.269;0.256;0.217;0.251;0.393;0.862;1.306;1.475;0.159;1.052;0.259;1.057;0.908
11060;0.251;0.261;0.249;0.212;0.249;0.393;0.862;1.313;1.509;0.154;1.028;0.259;1.04;0.906
11061;0.249;0.264;0.251;0.21;0.247;0.393;0.862;1.321;1.538;0.156;1.003;0.261;1.023;0.898
11062;0.251;0.264;0.249;0.205;0.249;0.393;0.859;1.333;1.56;0.154;0.972;0.261;1.006;0.896
11063;0.251;0.261;0.249;0.203;0.249;0.396;0.859;1.338;1.587;0.156;0.947;0.271;0.989;0.886
11064;0.254;0.261;0.251;0.203;0.256;0.396;0.859;1.328;1.606;0.154;0.925;0.276;0.974;0.886
11065;0.256;0.259;0.254;0.205;0.254;0.398;0.867;1.321;1.626;0.156;0.903;0.283;0.959;0.876
11066;0.256;0.261;0.251;0.208;0.259;0.403;0.876;1.321;1.636;0.151;0.879;0.293;0.947;0.869
11067;0.254;0.261;0.251;0.208;0.256;0.4;0.886;1.318;1.65;0.154;0.859;0.3;0.93;0.872
11068;0.256;0.266;0.254;0.212;0.256;0.405;0.891;1.313;1.658;0.149;0.837;0.305;0.916;0.862
11069;0.254;0.261;0.254;0.215;0.264;0.403;0.898;1.313;1.665;0.149;0.818;0.31;0.911;0.857
11070;0.254;0.264;0.256;0.217;0.264;0.4;0.901;1.318;1.665;0.149;0.801;0.32;0.898;0.852
11071;0.256;0.261;0.254;0.222;0.264;0.4;0.896;1.328;1.665;0.149;0.786;0.325;0.884;0.85
11072;0.261;0.264;0.261;0.227;0.266;0.403;0.894;1.328;1.658;0.151;0.769;0.33;0.881;0.842
11073;0.259;0.264;0.256;0.227;0.266;0.398;0.886;1.326;1.648;0.149;0.752;0.332;0.879;0.837
11074;0.264;0.264;0.254;0.232;0.264;0.4;0.879;1.323;1.633;0.151;0.737;0.337;0.876;0.833
11075;0.264;0.261;0.259;0.229;0.266;0.4;0.879;1.321;1.611;0.149;0.72;0.337;0.872;0.828
11076;0.261;0.264;0.281;0.229;0.271;0.4;0.872;1.321;1.592;0.149;0.708;0.339;0.869;0.818
11077;0.259;0.259;0.308;0.229;0.269;0.398;0.869;1.306;1.567;0.154;0.693;0.342;0.872;0.815
11078;0.264;0.261;0.3;0.225;0.271;0.396;0.874;1.306;1.538;0.151;0.681;0.339;0.874;0.811
11079;0.264;0.259;0.249;0.227;0.269;0.396;0.872;1.294;1.509;0.149;0.671;0.339;0.874;0.806
11080;0.261;0.259;0.264;0.225;0.269;0.396;0.881;1.292;1.479;0.156;0.667;0.337;0.876;0.801
11081;0.259;0.259;0.474;0.222;0.269;0.396;0.889;1.299;1.448;0.154;0.659;0.334;0.881;0.793
11082;0.261;0.256;0.483;0.22;0.264;0.393;0.889;1.316;1.418;0.156;0.662;0.334;0.889;0.789
11083;0.261;0.256;0.505;0.222;0.261;0.396;0.896;1.316;1.387;0.156;0.667;0.33;0.896;0.789
11084;0.261;0.256;0.452;0.222;0.261;0.396;0.894;1.333;1.357;0.156;0.679;0.332;0.903;0.784
11085;0.259;0.259;0.322;0.222;0.259;0.393;0.898;1.326;1.333;0.159;0.698;0.33;0.911;0.776
11086;0.259;0.259;0.537;0.222;0.259;0.391;0.894;1.316;1.304;0.156;0.715;0.327;0.925;0.774
11087;0.259;0.256;0.732;0.225;0.261;0.388;0.894;1.311;1.282;0.164;0.747;0.327;0.933;0.769
11088;0.256;0.259;0.793;0.229;0.259;0.386;0.889;1.299;1.257;0.166;0.781;0.325;0.935;0.767
11089;0.256;0.256;0.977;0.229;0.256;0.383;0.889;1.296;1.233;0.166;0.828;0.322;0.95;0.762
11090;0.256;0.256;0.901;0.229;0.254;0.381;0.896;1.301;1.206;0.166;0.891;0.32;0.952;0.757
11091;0.251;0.254;0.928;0.232;0.254;0.381;0.898;1.304;1.187;0.171;0.984;0.32;0.962;0.754
11092;0.254;0.251;0.872;0.232;0.247;0.381;0.903;1.301;1.16;0.168;1.099;0.312;0.967;0.752
11093;0.256;0.251;4.998;0.232;0.249;0.381;0.908;1.289;1.14;0.171;1.235;0.312;0.969;0.742
11094;0.259;0.251;4.998;0.237;0.244;0.386;0.913;1.277;1.118;0.171;1.372;0.312;0.986;0.75
11095;0.256;0.251;4.998;0.232;0.249;0.388;0.916;1.279;1.094;0.166;1.492;0.308;0.981;0.74
11096;0.259;0.251;4.998;0.237;0.247;0.393;0.916;1.284;1.082;0.166;1.594;0.305;0.989;0.732
11097;0.261;0.251;4.998;0.237;0.249;0.398;0.916;1.292;1.06;0.161;1.667;0.305;0.989;0.725
11098;0.261;0.254;4.998;0.239;0.251;0.396;0.908;1.296;1.042;0.161;1.719;0.303;0.994;0.725
11099;0.259;0.254;4.998;0.239;0.254;0.396;0.908;1.292;1.025;0.161;1.76;0.305;0.994;0.72
11100;0.261;0.256;4.998;0.234;0.259;0.396;0.901;1.289;1.011;0.161;1.785;0.308;0.999;0.715
11101;0.264;0.254;4.998;0.234;0.261;0.396;0.898;1.279;0.994;0.161;1.799;0.303;0.999;0.71
11102;0.264;0.256;4.998;0.232;0.259;0.393;0.898;1.265;0.977;0.159;1.812;0.305;1.006;0.703
11103;0.266;0.256;4.998;0.229;0.256;0.391;0.903;1.262;0.959;0.161;1.816;0.3;1.006;0.701
11104;0.269;0.259;4.998;0.234;0.254;0.391;0.906;1.272;0.942;0.156;1.821;0.295;1.008;0.693
11105;0.269;0.256;4.998;0.234;0.251;0.388;0.911;1.272;0.925;0.159;1.824;0.295;1.018;0.691
11106;0.266;0.259;4.998;0.234;0.247;0.388;0.916;1.272;0.906;0.159;1.821;0.293;1.016;0.681
11107;0.266;0.259;4.998;0.232;0.249;0.388;0.923;1.282;0.894;0.159;1.816;0.291;1.018;0.676
11108;0.266;0.261;4.998;0.232;0.249;0.386;0.928;1.296;0.874;0.159;1.807;0.291;1.018;0.671
11109;0.266;0.256;4.998;0.229;0.249;0.386;0.928;1.296;0.859;0.164;1.797;0.291;1.021;0.667
11110;0.261;0.261;4.998;0.229;0.249;0.381;0.933;1.296;0.847;0.166;1.782;0.295;1.018;0.659
11111;0.264;0.261;4.998;0.234;0.249;0.378;0.933;1.301;0.825;0.166;1.753;0.291;1.013;0.657
11112;0.261;0.261;4.998;0.234;0.247;0.376;0.93;1.309;0.811;0.168;1.724;0.291;1.011;0.652
11113;0.261;0.264;4.998;0.232;0.244;0.378;0.93;1.306;0.793;0.168;1.687;0.288;1.006;0.649
11114;0.256;0.266;4.998;0.232;0.247;0.378;0.925;1.309;0.781;0.168;1.655;0.291;1.001;0.647
11115;0.256;0.266;4.998;0.232;0.254;0.381;0.923;1.299;0.767;0.168;1.621;0.291;1.008;0.649
11116;0.251;0.266;4.998;0.232;0.254;0.378;0.918;1.292;0.752;0.166;1.589;0.288;1.008;0.652
11117;0.249;0.269;4.998;0.229;0.256;0.381;0.916;1.299;0.737;0.166;1.555;0.291;1.011;0.652
11118;0.249;0.269;4.998;0.229;0.259;0.381;0.911;1.318;0.728;0.168;1.536;0.298;1.021;0.659
11119;0.249;0.271;4.998;0.227;0.259;0.386;0.911;1.313;0.715;0.166;1.511;0.295;1.025;0.664
11120;0.251;0.271;4.998;0.232;0.261;0.378;0.913;1.306;0.703;0.164;1.489;0.295;1.035;0.669
11121;0.251;0.273;4.998;0.234;0.261;0.378;0.913;1.321;0.691;0.164;1.472;0.298;1.047;0.674
11122;0.251;0.271;4.998;0.232;0.259;0.381;0.908;1.333;0.681;0.159;1.455;0.295;1.06;0.681
11123;0.251;0.273;4.998;0.232;0.264;0.383;0.911;1.321;0.671;0.159;1.438;0.295;1.079;0.688
11124;0.254;0.269;4.998;0.229;0.266;0.388;0.908;1.311;0.664;0.159;1.416;0.295;1.086;0.696
11125;0.256;0.273;3.43;0.229;0.264;0.391;0.911;1.313;0.659;0.161;1.399;0.298;1.106;0.696
11126;0.256;0.271;1.777;0.229;0.269;0.393;0.913;1.313;0.652;0.154;1.375;0.293;1.116;0.706
11127;0.256;0.271;1.147;0.232;0.273;0.396;0.913;1.301;0.649;0.156;1.355;0.295;1.13;0.706
11128;0.259;0.271;0.947;0.232;0.273;0.393;0.916;1.311;0.642;0.154;1.331;0.298;1.143;0.713
11129;0.259;0.269;0.74;0.229;0.271;0.391;0.913;1.323;0.642;0.151;1.311;0.293;1.16;0.718
11130;0.261;0.271;0.828;0.232;0.269;0.388;0.913;1.335;0.642;0.149;1.292;0.293;1.174;0.72
11131;0.261;0.266;0.774;0.229;0.266;0.383;0.913;1.333;0.64;0.142;1.27;0.288;1.184;0.725
11132;0.264;0.269;0.823;0.229;0.264;0.381;0.903;1.343;0.642;0.142;1.257;0.288;1.196;0.728
11133;0.266;0.269;0.757;0.232;0.264;0.383;0.898;1.343;0.647;0.139;1.24;0.288;1.206;0.73
11134;0.259;0.269;0.676;0.229;0.261;0.381;0.894;1.343;0.647;0.142;1.223;0.286;1.213;0.732
11135;0.254;0.269;0.864;0.232;0.256;0.383;0.884;1.34;0.649;0.134;1.211;0.283;1.221;0.737
11136;0.254;0.269;0.764;0.232;0.254;0.386;0.881;1.35;0.642;0.132;1.204;0.281;1.226;0.74
11137;0.251;0.269;0.457;0.237;0.251;0.391;0.876;1.35;0.637;0.127;1.204;0.278;1.235;0.747
11138;0.249;0.269;0.349;0.239;0.256;0.393;0.874;1.353;0.635;0.127;1.199;0.281;1.243;0.75
11139;0.249;0.269;0.361;0.244;0.256;0.393;0.869;1.357;0.63;0.122;1.189;0.278;1.245;0.754
11140;0.254;0.271;0.366;0.251;0.256;0.391;0.869;1.357;0.625;0.122;1.172;0.278;1.25;0.757
11141;0.256;0.271;0.354;0.249;0.259;0.391;0.869;1.348;0.62;0.117;1.155;0.276;1.257;0.764
11142;0.256;0.269;0.417;0.254;0.254;0.388;0.867;1.343;0.615;0.115;1.125;0.278;1.27;0.771
11143;0.261;0.271;0.474;0.256;0.256;0.391;0.867;1.348;0.615;0.11;1.094;0.278;1.279;0.774
11144;0.261;0.269;0.388;0.256;0.256;0.391;0.864;1.345;0.613;0.107;1.069;0.273;1.289;0.779
11145;0.264;0.269;0.347;0.254;0.259;0.391;0.864;1.335;0.613;0.105;1.04;0.278;1.304;0.789
11146;0.266;0.271;0.298;0.259;0.256;0.386;0.862;1.328;0.618;0.105;1.011;0.278;1.318;0.793
11147;0.266;0.269;0.327;0.259;0.256;0.383;0.859;1.328;0.62;0.098;0.984;0.278;1.331;0.798
11148;0.269;0.269;0.286;0.256;0.254;0.386;0.857;1.333;0.63;0.103;0.957;0.278;1.34;0.798
11149;0.266;0.266;0.237;0.256;0.254;0.381;0.847;1.328;0.635;0.098;0.933;0.281;1.353;0.803
11150;0.269;0.266;0.251;0.251;0.249;0.383;0.84;1.34;0.645;0.095;0.908;0.281;1.362;0.806
11151;0.271;0.264;0.515;0.251;0.249;0.381;0.835;1.34;0.649;0.088;0.879;0.278;1.377;0.813
11152;0.266;0.264;0.437;0.254;0.247;0.381;0.825;1.328;0.659;0.09;0.857;0.278;1.382;0.815
11153;0.266;0.264;0.676;0.254;0.247;0.383;0.823;1.318;0.667;0.085;0.835;0.281;1.394;0.825
11154;0.264;0.264;0.398;0.254;0.249;0.386;0.82;1.311;0.681;0.088;0.813;0.281;1.409;0.828
11155;0.261;0.264;0.332;0.256;0.249;0.391;0.823;1.301;0.696;0.09;0.793;0.276;1.418;0.828
11156;0.259;0.264;0.278;0.256;0.251;0.393;0.83;1.292;0.713;0.085;0.769;0.278;1.431;0.833
11157;0.254;0.264;0.276;0.259;0.251;0.396;0.833;1.301;0.732;0.088;0.757;0.278;1.445;0.835
11158;0.256;0.264;0.276;0.261;0.251;0.391;0.835;1.301;0.752;0.09;0.74;0.281;1.462;0.84
11159;0.256;0.261;0.261;0.264;0.251;0.391;0.835;1.299;0.776;0.088;0.723;0.278;1.477;0.84
11160;0.256;0.264;0.264;0.264;0.251;0.391;0.837;1.313;0.803;0.088;0.708;0.276;1.492;0.845
11161;0.256;0.264;0.259;0.259;0.249;0.391;0.837;1.326;0.833;0.088;0.693;0.278;1.506;0.845
11162;0.256;0.261;0.276;0.259;0.249;0.388;0.837;1.323;0.869;0.088;0.684;0.273;1.523;0.847
11163;0.259;0.261;0.3;0.256;0.251;0.388;0.835;1.313;0.906;0.085;0.674;0.271;1.533;0.845
11164;0.264;0.259;0.291;0.256;0.251;0.391;0.828;1.313;0.945;0.088;0.662;0.266;1.548;0.85
11165;0.264;0.261;0.278;0.256;0.251;0.391;0.82;1.316;0.986;0.095;0.657;0.271;1.56;0.852
11166;0.266;0.259;0.266;0.256;0.254;0.391;0.811;1.316;1.03;0.093;0.647;0.266;1.57;0.852
11167;0.269;0.259;0.269;0.254;0.254;0.391;0.808;1.301;1.074;0.098;0.645;0.264;1.577;0.85
11168;0.273;0.259;0.271;0.251;0.254;0.393;0.806;1.296;1.121;0.098;0.645;0.261;1.58;0.85
11169;0.278;0.259;0.281;0.249;0.256;0.388;0.806;1.304;1.162;0.103;0.642;0.254;1.584;0.85
11170;0.281;0.261;0.291;0.249;0.259;0.388;0.806;1.311;1.211;0.105;0.647;0.259;1.582;0.85
11171;0.286;0.259;0.286;0.247;0.261;0.393;0.811;1.309;1.255;0.105;0.652;0.251;1.582;0.847
11172;0.288;0.261;0.317;0.247;0.261;0.396;0.815;1.306;1.299;0.11;0.657;0.249;1.575;0.847
11173;0.288;0.264;0.332;0.244;0.261;0.398;0.818;1.306;1.34;0.115;0.662;0.247;1.572;0.845
11174;0.291;0.264;0.349;0.249;0.261;0.396;0.823;1.309;1.379;0.122;0.664;0.242;1.565;0.842
11175;0.291;0.264;0.317;0.251;0.259;0.398;0.833;1.299;1.411;0.122;0.662;0.239;1.562;0.85
11176;0.286;0.266;0.308;0.247;0.259;0.398;0.837;1.289;1.436;0.132;0.659;0.239;1.541;0.835
11177;0.283;0.266;0.32;0.247;0.259;0.4;0.835;1.289;1.46;0.142;0.657;0.239;1.533;0.833
11178;0.278;0.271;0.308;0.247;0.259;0.398;0.837;1.289;1.47;0.149;0.647;0.234;1.516;0.83
11179;0.273;0.266;0.303;0.251;0.261;0.398;0.837;1.282;1.477;0.161;0.64;0.234;1.504;0.825
11180;0.266;0.269;0.308;0.251;0.259;0.393;0.837;1.289;1.477;0.171;0.637;0.232;1.487;0.82
11181;0.266;0.269;0.286;0.259;0.261;0.393;0.837;1.289;1.472;0.173;0.632;0.229;1.472;0.813
11182;0.261;0.269;0.317;0.264;0.264;0.391;0.837;1.296;1.465;0.178;0.627;0.227;1.46;0.813
11183;0.256;0.271;0.347;0.261;0.264;0.388;0.835;1.299;1.453;0.181;0.625;0.227;1.448;0.808
11184;0.256;0.271;0.342;0.266;0.264;0.386;0.83;1.296;1.433;0.178;0.623;0.225;1.44;0.803
11185;0.254;0.271;0.325;0.266;0.266;0.386;0.83;1.296;1.416;0.176;0.625;0.225;1.433;0.798
11186;0.254;0.271;0.339;0.269;0.264;0.381;0.833;1.299;1.396;0.173;0.627;0.227;1.433;0.798
11187;0.251;0.271;0.361;0.276;0.264;0.383;0.84;1.304;1.372;0.168;0.63;0.225;1.428;0.796
11188;0.254;0.271;0.847;0.283;0.264;0.378;0.842;1.299;1.35;0.166;0.64;0.225;1.436;0.796
11189;0.251;0.271;0.845;0.281;0.259;0.381;0.852;1.296;1.326;0.159;0.642;0.222;1.426;0.791
11190;0.249;0.273;1.047;0.269;0.259;0.383;0.854;1.292;1.301;0.151;0.652;0.225;1.431;0.791
11191;0.251;0.273;1.008;0.259;0.256;0.388;0.862;1.299;1.279;0.154;0.657;0.222;1.433;0.786
11192;0.254;0.273;0.923;0.261;0.256;0.391;0.862;1.296;1.252;0.142;0.659;0.22;1.443;0.786
11193;0.254;0.273;0.84;0.259;0.259;0.393;0.862;1.311;1.233;0.142;0.667;0.222;1.443;0.784
11194;0.256;0.269;0.742;0.254;0.256;0.398;0.864;1.313;1.206;0.137;0.664;0.225;1.448;0.781
11195;0.256;0.271;0.652;0.256;0.256;0.398;0.859;1.321;1.184;0.134;0.669;0.227;1.455;0.779
11196;0.266;0.271;0.645;0.251;0.259;0.398;0.862;1.313;1.155;0.127;0.662;0.222;1.46;0.774
11197;0.266;0.269;0.679;0.251;0.259;0.398;0.862;1.318;1.133;0.125;0.662;0.222;1.465;0.771
11198;0.271;0.271;0.657;0.247;0.261;0.4;0.862;1.301;1.108;0.117;0.654;0.22;1.465;0.771
11199;0.273;0.271;0.823;0.244;0.261;0.396;0.862;1.292;1.084;0.12;0.652;0.22;1.467;0.767
11200;0.278;0.269;1.104;0.242;0.259;0.4;0.857;1.282;1.06;0.115;0.647;0.217;1.467;0.762
11201;0.283;0.269;1.462;0.242;0.256;0.398;0.857;1.284;1.042;0.12;0.642;0.22;1.47;0.762
11202;0.288;0.269;4.102;0.239;0.256;0.393;0.857;1.289;1.021;0.125;0.635;0.217;1.47;0.759
11203;0.291;0.266;4.998;0.237;0.254;0.393;0.854;1.306;0.999;0.125;0.625;0.215;1.475;0.759
11204;0.293;0.269;4.998;0.237;0.259;0.388;0.859;1.318;0.979;0.132;0.623;0.217;1.477;0.752
11205;0.288;0.266;4.998;0.239;0.254;0.391;0.859;1.316;0.962;0.139;0.62;0.217;1.487;0.75
11206;0.288;0.269;4.998;0.239;0.259;0.393;0.864;1.306;0.94;0.139;0.61;0.212;1.497;0.745
11207;0.286;0.266;4.998;0.247;0.256;0.393;0.867;1.311;0.925;0.146;0.608;0.212;1.506;0.745
11208;0.286;0.269;4.998;0.247;0.256;0.396;0.869;1.313;0.908;0.151;0.601;0.21;1.519;0.737
11209;0.283;0.269;4.998;0.249;0.256;0.391;0.874;1.313;0.891;0.151;0.593;0.208;1.536;0.737
11210;0.281;0.269;4.998;0.254;0.259;0.396;0.876;1.299;0.879;0.156;0.588;0.205;1.545;0.728
11211;0.278;0.269;4.998;0.251;0.264;0.396;0.874;1.301;0.864;0.156;0.586;0.208;1.562;0.723
11212;0.271;0.271;4.998;0.256;0.261;0.393;0.872;1.304;0.85;0.154;0.576;0.208;1.577;0.718
11213;0.266;0.271;4.998;0.261;0.261;0.4;0.864;1.311;0.84;0.156;0.574;0.208;1.589;0.71
11214;0.261;0.273;4.998;0.261;0.261;0.4;0.857;1.313;0.828;0.156;0.564;0.205;1.602;0.701
11215;0.259;0.271;4.998;0.264;0.264;0.398;0.842;1.316;0.815;0.156;0.557;0.208;1.616;0.696
11216;0.254;0.273;4.998;0.261;0.264;0.4;0.837;1.323;0.808;0.156;0.549;0.208;1.628;0.686
11217;0.256;0.276;4.998;0.261;0.264;0.398;0.828;1.326;0.798;0.154;0.542;0.208;1.638;0.681
11218;0.256;0.273;4.998;0.264;0.266;0.393;0.82;1.333;0.784;0.151;0.532;0.208;1.65;0.671
11219;0.259;0.276;4.998;0.264;0.269;0.396;0.818;1.326;0.774;0.151;0.527;0.21;1.658;0.662
11220;0.259;0.276;4.998;0.264;0.269;0.393;0.818;1.318;0.767;0.151;0.52;0.208;1.67;0.652
11221;0.259;0.273;4.998;0.266;0.271;0.391;0.811;1.321;0.764;0.154;0.515;0.21;1.68;0.642
11222;0.261;0.278;4.998;0.264;0.271;0.391;0.811;1.328;0.754;0.142;0.505;0.208;1.682;0.632
11223;0.261;0.276;4.998;0.261;0.271;0.388;0.808;1.338;0.762;0.146;0.5;0.21;1.689;0.625
11224;0.266;0.276;4.998;0.261;0.271;0.391;0.806;1.338;0.769;0.142;0.496;0.208;1.689;0.615
11225;0.266;0.278;4.998;0.259;0.269;0.381;0.806;1.338;0.789;0.139;0.493;0.208;1.689;0.605
11226;0.266;0.281;4.998;0.261;0.273;0.383;0.806;1.343;0.815;0.134;0.491;0.208;1.682;0.598
11227;0.271;0.278;4.998;0.261;0.271;0.383;0.806;1.335;0.859;0.142;0.496;0.21;1.675;0.591
11228;0.271;0.276;3.442;0.259;0.273;0.381;0.796;1.328;0.911;0.134;0.496;0.212;1.667;0.579
11229;0.266;0.273;1.631;0.259;0.273;0.383;0.798;1.328;0.977;0.137;0.498;0.212;1.66;0.571
11230;0.266;0.273;1.345;0.256;0.276;0.383;0.791;1.326;1.045;0.137;0.498;0.215;1.65;0.564
11231;0.266;0.271;1.008;0.259;0.273;0.381;0.791;1.326;1.121;0.137;0.508;0.217;1.633;0.552
11232;0.271;0.271;1.633;0.256;0.273;0.383;0.791;1.321;1.184;0.132;0.508;0.22;1.626;0.544
11233;0.271;0.269;1.057;0.256;0.276;0.383;0.791;1.323;1.24;0.129;0.51;0.217;1.619;0.537
11234;0.269;0.269;0.513;0.254;0.276;0.396;0.791;1.309;1.294;0.129;0.518;0.222;1.606;0.527
11235;0.269;0.266;0.42;0.254;0.273;0.466;0.793;1.306;1.34;0.125;0.525;0.229;1.597;0.522
11236;0.266;0.266;0.576;0.249;0.271;0.559;0.786;1.294;1.379;0.125;0.532;0.249;1.584;0.51
11237;0.264;0.264;0.518;0.251;0.269;0.691;0.784;1.296;1.411;0.122;0.544;0.271;1.575;0.505
11238;0.261;0.264;0.625;0.247;0.273;0.732;0.776;1.296;1.428;0.117;0.549;0.288;1.562;0.496
11239;0.266;0.261;0.574;0.244;0.273;0.786;0.774;1.301;1.448;0.115;0.564;0.312;1.558;0.483
11240;0.261;0.264;0.4;0.244;0.273;0.83;0.771;1.309;1.458;0.112;0.581;0.334;1.548;0.479
11241;0.259;0.264;0.947;0.242;0.273;0.83;0.771;1.316;1.462;0.107;0.601;0.359;1.541;0.469
11242;0.261;0.261;0.417;0.242;0.276;0.84;0.779;1.306;1.467;0.105;0.623;0.386;1.531;0.459
11243;0.259;0.264;0.461;0.242;0.278;0.842;0.784;1.304;1.47;0.105;0.642;0.415;1.514;0.452
11244;0.254;0.261;0.525;0.239;0.281;0.867;0.789;1.309;1.47;0.103;0.659;0.444;1.504;0.447
11245;0.251;0.261;0.913;0.239;0.281;0.872;0.786;1.304;1.467;0.103;0.671;0.474;1.487;0.432
11246;0.254;0.264;1.494;0.244;0.281;0.889;0.793;1.294;1.467;0.105;0.681;0.503;1.479;0.422
11247;0.256;0.264;1.616;0.244;0.281;0.916;0.793;1.296;1.465;0.103;0.686;0.527;1.465;0.417
11248;0.259;0.264;1.392;0.247;0.278;0.93;0.789;1.279;1.467;0.103;0.693;0.562;1.455;0.41
11249;0.259;0.261;1.167;0.247;0.273;0.867;0.786;1.284;1.467;0.105;0.696;0.586;1.44;0.405
11250;0.261;0.261;1.46;0.247;0.269;0.884;0.781;1.282;1.475;0.107;0.698;0.613;1.431;0.398
11251;0.261;0.264;1.025;0.247;0.269;0.867;0.776;1.299;1.492;0.115;0.701;0.642;1.418;0.391
11252;0.259;0.264;0.793;0.247;0.264;0.823;0.769;1.292;1.516;0.12;0.71;0.671;1.411;0.386
11253;0.261;0.266;0.886;0.251;0.261;0.847;0.769;1.289;1.548;0.122;0.708;0.693;1.396;0.386
11254;0.261;0.266;1.045;0.251;0.256;0.813;0.764;1.296;1.587;0.122;0.708;0.72;1.384;0.381
11255;0.266;0.266;0.981;0.251;0.256;0.823;0.764;1.289;1.628;0.129;0.706;0.745;1.377;0.378
11256;0.264;0.266;0.918;0.251;0.254;0.828;0.767;1.282;1.67;0.122;0.698;0.767;1.37;0.374
11257;0.266;0.269;0.908;0.254;0.251;0.798;0.764;1.267;1.716;0.122;0.693;0.791;1.357;0.371
11258;0.264;0.269;0.623;0.254;0.254;0.84;0.764;1.265;1.753;0.117;0.684;0.813;1.35;0.371
11259;0.264;0.271;0.762;0.256;0.256;0.803;0.762;1.262;1.794;0.11;0.674;0.835;1.34;0.369
11260;0.264;0.269;0.471;0.256;0.254;0.806;0.762;1.265;1.831;0.105;0.659;0.859;1.333;0.369
11261;0.269;0.271;0.374;0.259;0.251;0.823;0.759;1.277;1.873;0.103;0.649;0.889;1.326;0.366
11262;0.269;0.273;0.552;0.256;0.251;0.798;0.762;1.277;1.909;0.093;0.632;0.911;1.316;0.369
11263;0.269;0.273;0.479;0.254;0.254;0.825;0.762;1.265;1.938;0.081;0.623;0.938;1.313;0.369
11264;0.269;0.276;0.486;0.254;0.254;0.803;0.764;1.26;1.958;0.071;0.601;0.957;1.299;0.364
11265;0.276;0.273;0.491;0.256;0.256;0.806;0.767;1.272;1.973;0.068;0.588;0.979;1.301;0.374
11266;0.276;0.273;0.601;0.259;0.259;0.833;0.764;1.282;1.978;0.068;0.571;0.996;1.296;0.376
11267;0.278;0.273;0.798;0.259;0.256;0.801;0.767;1.279;1.973;0.073;0.554;1.013;1.296;0.378
11268;0.278;0.276;0.762;0.256;0.256;0.82;0.769;1.27;1.968;0.085;0.54;1.023;1.292;0.383
11269;0.281;0.273;0.696;0.261;0.254;0.818;0.774;1.262;1.96;0.105;0.527;1.033;1.294;0.383
11270;0.283;0.271;0.742;0.259;0.256;0.798;0.776;1.252;1.951;0.12;0.518;1.04;1.296;0.386
11271;0.283;0.271;0.828;0.261;0.256;0.796;0.774;1.248;1.946;0.132;0.508;1.042;1.306;0.393
11272;0.286;0.269;0.801;0.261;0.254;0.796;0.776;1.26;1.936;0.142;0.498;1.042;1.304;0.396
11273;0.286;0.266;0.559;0.264;0.251;0.796;0.776;1.257;1.931;0.154;0.496;1.042;1.309;0.403
11274;0.286;0.266;0.583;0.261;0.249;0.798;0.779;1.252;1.924;0.164;0.491;1.04;1.313;0.405
11275;0.283;0.264;0.603;0.264;0.247;0.789;0.781;1.255;1.926;0.181;0.5;1.04;1.318;0.408
11276;0.283;0.266;0.364;0.259;0.242;0.808;0.784;1.257;1.929;0.166;0.508;1.035;1.321;0.413
11277;0.281;0.261;0.261;0.259;0.237;0.771;0.791;1.25;1.931;0.156;0.522;1.033;1.331;0.422
11278;0.273;0.261;0.261;0.259;0.239;0.789;0.791;1.238;1.941;0.151;0.54;1.04;1.331;0.422
11279;0.271;0.261;0.249;0.256;0.237;0.789;0.793;1.245;1.946;0.137;0.552;1.033;1.335;0.432
11280;0.266;0.261;0.249;0.259;0.237;0.796;0.796;1.248;1.953;0.134;0.571;1.038;1.345;0.435
11281;0.261;0.259;0.251;0.259;0.237;0.803;0.803;1.248;1.96;0.132;0.581;1.038;1.348;0.437
11282;0.256;0.264;0.229;0.254;0.239;0.798;0.811;1.252;1.97;0.139;0.596;1.045;1.365;0.444
11283;0.254;0.264;0.234;0.259;0.244;0.806;0.82;1.262;1.973;0.142;0.593;1.045;1.382;0.449
11284;0.251;0.264;0.237;0.259;0.247;0.803;0.833;1.255;1.973;0.149;0.601;1.047;1.389;0.449
11285;0.251;0.264;0.232;0.261;0.251;0.791;0.842;1.243;1.973;0.164;0.605;1.052;1.409;0.457
11286;0.251;0.261;0.247;0.264;0.256;0.806;0.845;1.248;1.963;0.168;0.605;1.052;1.423;0.459
11287;0.249;0.266;0.251;0.261;0.261;0.789;0.85;1.252;1.956;0.173;0.61;1.052;1.44;0.464
11288;0.254;0.264;0.271;0.264;0.264;0.781;0.859;1.248;1.938;0.176;0.613;1.05;1.455;0.464
11289;0.251;0.264;0.278;0.261;0.261;0.786;0.859;1.245;1.929;0.186;0.623;1.05;1.472;0.469
11290;0.254;0.264;0.249;0.261;0.261;0.767;0.862;1.248;1.909;0.193;0.627;1.045;1.489;0.469
11291;0.259;0.264;0.264;0.261;0.264;0.774;0.862;1.248;1.89;0.188;0.625;1.03;1.501;0.471
11292;0.261;0.264;0.247;0.261;0.261;0.759;0.862;1.248;1.87;0.193;0.627;1.023;1.519;0.471
11293;0.259;0.264;0.232;0.261;0.254;0.757;0.862;1.24;1.855;0.195;0.625;1.011;1.536;0.471
11294;0.261;0.264;0.256;0.261;0.254;0.769;0.857;1.24;1.836;0.2;0.62;1.001;1.553;0.471
11295;0.259;0.261;0.259;0.261;0.249;0.75;0.859;1.238;1.816;0.203;0.618;0.994;1.57;0.471
11296;0.259;0.261;0.242;0.264;0.244;0.774;0.859;1.228;1.802;0.21;0.618;0.991;1.594;0.471
11297;0.254;0.259;0.229;0.266;0.242;0.759;0.864;1.228;1.777;0.2;0.61;0.979;1.604;0.469
11298;0.251;0.256;0.242;0.269;0.239;0.759;0.867;1.24;1.753;0.198;0.608;0.972;1.626;0.469
11299;0.251;0.254;0.229;0.271;0.237;0.764;0.874;1.248;1.729;0.19;0.608;0.962;1.643;0.466
11300;0.251;0.254;0.203;0.269;0.237;0.754;0.884;1.238;1.697;0.176;0.608;0.952;1.66;0.466
11301;0.249;0.254;0.205;0.266;0.237;0.762;0.896;1.243;1.665;0.168;0.615;0.95;1.67;0.459
11302;0.251;0.254;0.215;0.264;0.237;0.764;0.908;1.248;1.633;0.164;0.625;0.942;1.689;0.461
11303;0.251;0.254;0.22;0.264;0.237;0.757;0.911;1.252;1.602;0.161;0.635;0.942;1.699;0.457
11304;0.254;0.249;0.222;0.264;0.237;0.767;0.911;1.252;1.567;0.156;0.652;0.945;1.711;0.454
11305;0.254;0.249;0.21;0.261;0.242;0.762;0.908;1.25;1.533;0.159;0.676;0.952;1.726;0.452
11306;0.254;0.247;0.215;0.261;0.244;0.762;0.898;1.24;1.504;0.159;0.698;0.964;1.741;0.444
11307;0.256;0.247;0.244;0.261;0.249;0.774;0.889;1.24;1.47;0.156;0.718;0.974;1.755;0.447
11308;0.256;0.247;0.256;0.261;0.249;0.769;0.879;1.248;1.438;0.161;0.737;0.989;1.77;0.439
11309;0.256;0.247;0.244;0.261;0.254;0.786;0.867;1.257;1.404;0.161;0.745;0.996;1.782;0.437
11310;0.256;0.247;0.237;0.261;0.251;0.784;0.864;1.257;1.375;0.176;0.75;1.011;1.802;0.437
11311;0.254;0.247;0.249;0.261;0.251;0.793;0.854;1.255;1.345;0.203;0.754;1.021;1.821;0.427
11312;0.249;0.249;0.234;0.261;0.247;0.793;0.85;1.255;1.321;0.229;0.754;1.033;1.841;0.425
11313;0.247;0.251;0.264;0.259;0.244;0.793;0.84;1.262;1.287;0.244;0.747;1.03;1.855;0.425
11314;0.244;0.251;0.237;0.261;0.244;0.796;0.835;1.252;1.26;0.269;0.745;1.033;1.875;0.417
11315;0.244;0.249;0.242;0.259;0.239;0.801;0.835;1.257;1.238;0.291;0.742;1.025;1.89;0.413
11316;0.244;0.254;0.215;0.259;0.237;0.803;0.835;1.257;1.208;0.305;0.735;1.008;1.907;0.408
11317;0.244;0.254;0.208;0.256;0.234;0.798;0.84;1.248;1.179;0.32;0.73;0.991;1.917;0.405
11318;0.242;0.254;0.205;0.256;0.234;0.798;0.842;1.24;1.155;0.344;0.725;0.974;1.929;0.4
11319;0.244;0.251;0.198;0.254;0.237;0.806;0.842;1.243;1.13;0.374;0.728;0.952;1.936;0.393
11320;0.247;0.254;0.181;0.249;0.237;0.801;0.84;1.252;1.104;0.405;0.725;0.93;1.951;0.391
11321;0.244;0.254;0.181;0.244;0.237;0.813;0.842;1.245;1.084;0.449;0.725;0.913;1.958;0.388
11322;0.244;0.254;0.168;0.239;0.239;0.806;0.837;1.25;1.057;0.496;0.723;0.903;1.965;0.383
11323;0.247;0.254;0.168;0.247;0.242;0.811;0.835;1.25;1.04;0.552;0.723;0.894;1.968;0.381
11324;0.247;0.259;0.161;0.244;0.244;0.815;0.837;1.255;1.013;0.579;0.715;0.886;1.963;0.376
11325;0.244;0.259;0.156;0.244;0.239;0.811;0.842;1.252;0.996;0.608;0.725;0.894;1.968;0.371
11326;0.247;0.256;0.159;0.242;0.242;0.815;0.842;1.252;0.977;0.61;0.732;0.894;1.958;0.369
11327;0.247;0.259;0.161;0.247;0.239;0.813;0.847;1.255;0.955;0.613;0.74;0.901;1.948;0.366
11328;0.244;0.259;0.161;0.239;0.242;0.811;0.85;1.257;0.94;0.615;0.754;0.903;1.943;0.364
11329;0.242;0.264;0.171;0.242;0.244;0.815;0.852;1.26;0.92;0.625;0.774;0.911;1.934;0.364
11330;0.242;0.259;0.168;0.242;0.242;0.808;0.847;1.257;0.903;0.642;0.796;0.92;1.921;0.364
11331;0.239;0.259;0.171;0.247;0.244;0.815;0.842;1.255;0.886;0.667;0.815;0.928;1.909;0.366
11332;0.244;0.259;0.171;0.251;0.242;0.82;0.845;1.255;0.872;0.698;0.837;0.947;1.89;0.364
11333;0.247;0.259;0.176;0.256;0.242;0.815;0.84;1.252;0.859;0.737;0.859;0.969;1.873;0.369
11334;0.251;0.256;0.176;0.256;0.244;0.82;0.84;1.25;0.842;0.784;0.874;1.001;1.851;0.369
11335;0.254;0.256;0.186;0.251;0.251;0.825;0.837;1.245;0.833;0.84;0.896;1.042;1.833;0.378
11336;0.254;0.256;0.186;0.261;0.251;0.823;0.833;1.243;0.823;0.894;0.913;1.096;1.814;0.386
11337;0.259;0.254;0.188;0.261;0.254;0.82;0.828;1.248;0.813;0.952;0.93;1.157;1.797;0.396
11338;0.261;0.254;0.19;0.264;0.249;0.823;0.823;1.252;0.796;1.001;0.935;1.211;1.77;0.408
11339;0.261;0.254;0.186;0.256;0.249;0.82;0.82;1.245;0.791;1.062;0.938;1.279;1.748;0.41
11340;0.264;0.251;0.188;0.254;0.247;0.823;0.815;1.245;0.784;1.121;0.935;1.35;1.729;0.422
11341;0.264;0.249;0.186;0.249;0.247;0.82;0.811;1.25;0.779;1.165;0.928;1.421;1.709;0.435
11342;0.261;0.251;0.188;0.249;0.239;0.82;0.806;1.255;0.767;1.191;0.911;1.484;1.692;0.449
11343;0.259;0.249;0.19;0.244;0.234;0.82;0.806;1.257;0.757;1.221;0.896;1.543;1.66;0.454
11344;0.256;0.244;0.188;0.244;0.232;0.815;0.798;1.257;0.757;1.257;0.884;1.609;1.648;0.466
11345;0.251;0.247;0.186;0.237;0.232;0.811;0.793;1.267;0.742;1.277;0.859;1.665;1.628;0.479
11346;0.251;0.244;0.188;0.232;0.232;0.801;0.791;1.27;0.737;1.292;0.837;1.719;1.604;0.488
11347;0.251;0.242;0.19;0.237;0.234;0.796;0.791;1.267;0.73;1.301;0.815;1.758;1.584;0.5
11348;0.251;0.239;0.193;0.229;0.234;0.791;0.791;1.262;0.723;1.318;0.798;1.785;1.565;0.508
11349;0.251;0.239;0.188;0.229;0.244;0.789;0.793;1.27;0.715;1.331;0.776;1.794;1.55;0.518
11350;0.254;0.242;0.186;0.232;0.247;0.779;0.798;1.279;0.708;1.333;0.757;1.792;1.531;0.53
11351;0.249;0.239;0.183;0.227;0.251;0.784;0.796;1.274;0.698;1.343;0.732;1.777;1.516;0.54
11352;0.247;0.239;0.178;0.225;0.259;0.781;0.796;1.27;0.691;1.338;0.71;1.76;1.497;0.547
11353;0.244;0.239;0.178;0.225;0.264;0.781;0.791;1.274;0.676;1.333;0.686;1.733;1.479;0.557
11354;0.239;0.239;0.181;0.225;0.269;0.786;0.791;1.267;0.676;1.335;0.674;1.721;1.472;0.566
11355;0.239;0.242;0.178;0.225;0.269;0.791;0.789;1.262;0.667;1.323;0.652;1.702;1.455;0.574
11356;0.239;0.244;0.178;0.229;0.261;0.796;0.786;1.267;0.657;1.306;0.635;1.68;1.438;0.581
11357;0.234;0.244;0.171;0.234;0.264;0.793;0.789;1.279;0.652;1.282;0.62;1.663;1.423;0.593
11358;0.232;0.244;0.168;0.234;0.259;0.798;0.791;1.277;0.645;1.262;0.605;1.643;1.409;0.601
11359;0.232;0.247;0.173;0.242;0.256;0.803;0.793;1.277;0.637;1.238;0.596;1.626;1.392;0.603
11360;0.232;0.244;0.171;0.247;0.249;0.801;0.791;1.282;0.63;1.213;0.586;1.602;1.375;0.615
11361;0.232;0.249;0.173;0.251;0.247;0.806;0.789;1.279;0.62;1.191;0.579;1.582;1.362;0.618
11362;0.234;0.249;0.168;0.249;0.244;0.808;0.784;1.27;0.608;1.177;0.569;1.553;1.345;0.625
11363;0.237;0.249;0.168;0.247;0.237;0.808;0.776;1.267;0.608;1.174;0.566;1.536;1.333;0.625
11364;0.242;0.247;0.171;0.249;0.232;0.811;0.776;1.274;0.598;1.177;0.562;1.506;1.318;0.63
11365;0.244;0.247;0.171;0.244;0.229;0.808;0.771;1.272;0.593;1.194;0.557;1.492;1.304;0.635
11366;0.249;0.251;0.168;0.244;0.232;0.801;0.769;1.272;0.588;1.218;0.542;1.462;1.294;0.637
11367;0.254;0.251;0.168;0.244;0.229;0.803;0.767;1.277;0.581;1.248;0.535;1.436;1.284;0.635
11368;0.254;0.249;0.173;0.247;0.227;0.793;0.762;1.272;0.579;1.284;0.53;1.411;1.282;0.64
11369;0.256;0.249;0.173;0.242;0.229;0.789;0.764;1.265;0.574;1.311;0.515;1.382;1.265;0.637
11370;0.259;0.251;0.183;0.247;0.229;0.789;0.767;1.26;0.571;1.331;0.51;1.348;1.257;0.635
11371;0.259;0.251;0.186;0.244;0.229;0.786;0.769;1.257;0.569;1.34;0.5;1.316;1.252;0.637
11372;0.256;0.249;0.181;0.244;0.227;0.786;0.771;1.255;0.566;1.335;0.496;1.284;1.238;0.635
11373;0.254;0.247;0.183;0.242;0.229;0.784;0.776;1.257;0.564;1.333;0.488;1.255;1.23;0.63
11374;0.256;0.247;0.186;0.247;0.229;0.781;0.784;1.25;0.562;1.321;0.481;1.228;1.221;0.63
11375;0.251;0.247;0.183;0.251;0.229;0.779;0.786;1.25;0.562;1.316;0.483;1.199;1.213;0.62
11376;0.249;0.244;0.181;0.251;0.232;0.771;0.789;1.265;0.557;1.301;0.481;1.177;1.201;0.618
11377;0.249;0.242;0.181;0.251;0.229;0.779;0.791;1.27;0.559;1.289;0.483;1.155;1.194;0.623
11378;0.247;0.242;0.181;0.254;0.222;0.779;0.796;1.265;0.552;1.26;0.481;1.133;1.184;0.618
11379;0.244;0.239;0.173;0.256;0.22;0.779;0.796;1.267;0.549;1.238;0.476;1.111;1.174;0.613
11380;0.247;0.239;0.178;0.266;0.21;0.781;0.801;1.262;0.549;1.211;0.483;1.094;1.169;0.613
11381;0.244;0.237;0.178;0.264;0.205;0.779;0.793;1.255;0.542;1.187;0.481;1.079;1.165;0.61
11382;0.242;0.232;0.171;0.259;0.203;0.776;0.791;1.25;0.54;1.169;0.483;1.064;1.157;0.608
11383;0.237;0.232;0.176;0.256;0.195;0.774;0.784;1.252;0.54;1.147;0.488;1.052;1.155;0.61
11384;0.239;0.232;0.171;0.254;0.19;0.774;0.786;1.25;0.535;1.123;0.483;1.04;1.143;0.61
11385;0.237;0.232;0.173;0.256;0.193;0.771;0.786;1.248;0.53;1.108;0.483;1.035;1.14;0.608
11386;0.232;0.232;0.173;0.254;0.19;0.769;0.784;1.248;0.527;1.086;0.481;1.023;1.138;0.61
11387;0.237;0.232;0.168;0.251;0.188;0.767;0.789;1.257;0.52;1.064;0.476;1.016;1.128;0.605
11388;0.237;0.232;0.164;0.249;0.193;0.767;0.791;1.262;0.515;1.042;0.471;1.008;1.121;0.61
11389;0.237;0.229;0.166;0.244;0.198;0.764;0.796;1.265;0.513;1.03;0.469;1.008;1.116;0.61
11390;0.234;0.232;0.168;0.249;0.203;0.767;0.796;1.262;0.508;1.025;0.464;1.008;1.106;0.61
11391;0.234;0.232;0.178;0.247;0.21;0.769;0.801;1.25;0.503;1.011;0.461;1.008;1.096;0.605
11392;0.237;0.234;0.181;0.249;0.217;0.771;0.793;1.25;0.493;0.999;0.452;1.011;1.089;0.608
11393;0.237;0.234;0.183;0.247;0.222;0.776;0.791;1.248;0.493;0.994;0.449;1.021;1.077;0.605
11394;0.242;0.239;0.188;0.244;0.225;0.779;0.793;1.245;0.488;0.986;0.442;1.025;1.064;0.603
11395;0.242;0.239;0.188;0.242;0.227;0.784;0.789;1.24;0.486;0.977;0.435;1.03;1.052;0.605
11396;0.244;0.242;0.19;0.244;0.227;0.791;0.786;1.248;0.479;0.969;0.422;1.033;1.042;0.605
11397;0.247;0.247;0.19;0.242;0.225;0.791;0.786;1.252;0.483;0.981;0.422;1.042;1.03;0.598
11398;0.247;0.244;0.19;0.242;0.225;0.796;0.789;1.245;0.479;0.989;0.415;1.05;1.016;0.598
11399;0.244;0.244;0.186;0.239;0.22;0.796;0.791;1.24;0.476;0.996;0.41;1.06;0.999;0.593
11400;0.244;0.244;0.186;0.242;0.212;0.796;0.798;1.252;0.479;1.013;0.408;1.079;0.986;0.588
11401;0.247;0.247;0.183;0.239;0.21;0.796;0.813;1.252;0.474;1.016;0.398;1.091;0.969;0.591
11402;0.247;0.244;0.19;0.242;0.205;0.789;0.825;1.245;0.476;1.03;0.393;1.125;0.952;0.583
11403;0.249;0.244;0.188;0.244;0.203;0.784;0.83;1.24;0.471;1.035;0.386;1.157;0.938;0.583
11404;0.249;0.242;0.186;0.242;0.205;0.781;0.837;1.248;0.471;1.04;0.378;1.199;0.925;0.579
11405;0.249;0.244;0.188;0.239;0.205;0.779;0.842;1.243;0.469;1.042;0.371;1.24;0.903;0.576
11406;0.244;0.244;0.188;0.239;0.203;0.779;0.84;1.238;0.469;1.035;0.369;1.292;0.891;0.571
11407;0.244;0.244;0.19;0.237;0.21;0.779;0.837;1.238;0.469;1.016;0.361;1.343;0.876;0.564
11408;0.242;0.242;0.186;0.234;0.205;0.779;0.833;1.248;0.469;0.996;0.356;1.399;0.864;0.562
11409;0.244;0.239;0.183;0.234;0.203;0.771;0.828;1.248;0.464;0.972;0.344;1.443;0.854;0.559
11410;0.244;0.239;0.181;0.237;0.208;0.774;0.82;1.245;0.469;0.95;0.342;1.489;0.842;0.552
11411;0.244;0.239;0.178;0.242;0.208;0.779;0.813;1.243;0.466;0.925;0.339;1.531;0.833;0.549
11412;0.244;0.237;0.173;0.244;0.205;0.781;0.803;1.24;0.461;0.898;0.33;1.565;0.825;0.542
11413;0.242;0.237;0.171;0.247;0.205;0.789;0.793;1.228;0.469;0.879;0.33;1.609;0.823;0.537
11414;0.239;0.234;0.173;0.244;0.208;0.791;0.791;1.235;0.461;0.847;0.325;1.641;0.813;0.532
11415;0.239;0.237;0.168;0.249;0.208;0.791;0.789;1.24;0.469;0.83;0.32;1.675;0.813;0.527
11416;0.239;0.234;0.166;0.249;0.205;0.786;0.791;1.24;0.466;0.798;0.315;1.704;0.808;0.522
11417;0.242;0.234;0.166;0.249;0.205;0.784;0.796;1.24;0.466;0.774;0.312;1.736;0.806;0.518
11418;0.242;0.234;0.168;0.249;0.205;0.786;0.796;1.245;0.471;0.752;0.308;1.76;0.803;0.513
11419;0.244;0.237;0.166;0.244;0.205;0.789;0.798;1.24;0.466;0.723;0.3;1.785;0.808;0.508
11420;0.244;0.237;0.166;0.247;0.208;0.793;0.796;1.235;0.469;0.701;0.293;1.804;0.803;0.5
11421;0.244;0.237;0.164;0.247;0.205;0.798;0.798;1.226;0.469;0.681;0.288;1.821;0.803;0.496
11422;0.244;0.237;0.171;0.244;0.203;0.801;0.798;1.221;0.469;0.667;0.283;1.836;0.801;0.483
11423;0.249;0.234;0.171;0.242;0.203;0.798;0.798;1.221;0.469;0.657;0.276;1.843;0.808;0.481
11424;0.249;0.232;0.173;0.242;0.208;0.801;0.798;1.221;0.471;0.662;0.273;1.848;0.806;0.471
11425;0.249;0.232;0.171;0.239;0.205;0.798;0.796;1.235;0.476;0.681;0.269;1.851;0.811;0.469
11426;0.251;0.229;0.176;0.247;0.2;0.798;0.796;1.23;0.471;0.703;0.264;1.843;0.811;0.461
11427;0.251;0.229;0.181;0.244;0.198;0.803;0.789;1.228;0.471;0.747;0.259;1.838;0.818;0.452
11428;0.251;0.229;0.183;0.242;0.198;0.808;0.791;1.226;0.469;0.793;0.256;1.829;0.818;0.449
11429;0.251;0.227;0.183;0.242;0.193;0.806;0.791;1.226;0.474;0.85;0.254;1.816;0.825;0.444
11430;0.249;0.227;0.186;0.237;0.193;0.806;0.791;1.221;0.466;0.908;0.251;1.799;0.83;0.437
11431;0.251;0.225;0.181;0.229;0.188;0.803;0.789;1.218;0.469;0.969;0.249;1.782;0.83;0.43
11432;0.249;0.225;0.181;0.225;0.19;0.806;0.789;1.218;0.464;1.03;0.247;1.763;0.835;0.425
11433;0.247;0.225;0.181;0.227;0.188;0.803;0.786;1.221;0.459;1.091;0.242;1.741;0.835;0.42
11434;0.249;0.222;0.178;0.229;0.19;0.808;0.784;1.218;0.459;1.143;0.242;1.711;0.842;0.413
11435;0.249;0.22;0.183;0.229;0.19;0.808;0.789;1.228;0.459;1.187;0.237;1.685;0.845;0.408
11436;0.249;0.22;0.178;0.237;0.193;0.813;0.791;1.218;0.454;1.216;0.237;1.658;0.845;0.4
11437;0.247;0.222;0.178;0.237;0.193;0.811;0.789;1.221;0.449;1.226;0.229;1.628;0.852;0.4
11438;0.249;0.217;0.176;0.242;0.193;0.813;0.786;1.238;0.449;1.221;0.227;1.602;0.854;0.393
11439;0.249;0.217;0.178;0.242;0.195;0.811;0.776;1.238;0.449;1.211;0.227;1.587;0.854;0.383
11440;0.251;0.217;0.176;0.242;0.198;0.815;0.771;1.235;0.447;1.189;0.225;1.565;0.859;0.381
11441;0.254;0.217;0.173;0.242;0.205;0.82;0.771;1.243;0.442;1.172;0.22;1.548;0.864;0.378
11442;0.256;0.215;0.176;0.239;0.208;0.82;0.774;1.243;0.439;1.162;0.217;1.536;0.867;0.374
11443;0.254;0.212;0.168;0.234;0.208;0.823;0.771;1.248;0.435;1.152;0.212;1.526;0.872;0.369
11444;0.251;0.212;0.171;0.227;0.205;0.828;0.776;1.245;0.437;1.15;0.212;1.528;0.876;0.364
11445;0.251;0.212;0.161;0.22;0.198;0.825;0.776;1.245;0.437;1.147;0.208;1.528;0.881;0.361
11446;0.249;0.21;0.156;0.217;0.198;0.828;0.779;1.245;0.437;1.145;0.208;1.536;0.896;0.354
11447;0.247;0.21;0.159;0.21;0.195;0.825;0.776;1.233;0.432;1.14;0.205;1.541;0.903;0.352
11448;0.247;0.208;0.154;0.21;0.198;0.83;0.781;1.233;0.432;1.14;0.205;1.543;0.906;0.347
11449;0.247;0.205;0.161;0.208;0.2;0.83;0.776;1.23;0.435;1.14;0.203;1.536;0.916;0.347
11450;0.247;0.208;0.164;0.208;0.2;0.825;0.776;1.228;0.435;1.145;0.203;1.528;0.925;0.344
11451;0.247;0.205;0.168;0.208;0.205;0.825;0.774;1.223;0.435;1.145;0.198;1.511;0.933;0.337
11452;0.249;0.208;0.168;0.21;0.203;0.823;0.769;1.228;0.435;1.143;0.19;1.489;0.93;0.337
11453;0.249;0.205;0.171;0.215;0.208;0.818;0.767;1.221;0.439;1.143;0.19;1.47;0.94;0.332
11454;0.247;0.208;0.176;0.215;0.208;0.82;0.762;1.213;0.439;1.138;0.188;1.448;0.947;0.33
11455;0.247;0.203;0.176;0.215;0.203;0.823;0.759;1.218;0.435;1.13;0.186;1.423;0.955;0.33
11456;0.244;0.205;0.176;0.215;0.2;0.825;0.759;1.223;0.435;1.128;0.183;1.406;0.959;0.327
11457;0.244;0.205;0.181;0.215;0.198;0.825;0.757;1.218;0.435;1.123;0.183;1.389;0.964;0.322
11458;0.242;0.203;0.178;0.212;0.193;0.825;0.762;1.213;0.427;1.106;0.176;1.365;0.969;0.322
11459;0.237;0.205;0.181;0.22;0.19;0.828;0.757;1.211;0.427;1.099;0.173;1.353;0.981;0.32
11460;0.237;0.208;0.178;0.225;0.19;0.828;0.759;1.211;0.427;1.077;0.171;1.338;0.986;0.317
11461;0.234;0.203;0.176;0.229;0.186;0.818;0.759;1.204;0.427;1.052;0.171;1.331;0.991;0.315
11462;0.232;0.205;0.173;0.229;0.183;0.823;0.764;1.208;0.425;1.025;0.168;1.323;0.996;0.312
11463;0.232;0.205;0.181;0.229;0.19;0.82;0.767;1.206;0.425;0.994;0.168;1.321;1.006;0.308
11464;0.234;0.205;0.183;0.229;0.193;0.82;0.769;1.201;0.42;0.967;0.166;1.313;1.008;0.31
11465;0.237;0.205;0.183;0.229;0.195;0.818;0.769;1.194;0.415;0.935;0.164;1.311;1.018;0.308
11466;0.237;0.203;0.178;0.229;0.198;0.818;0.764;1.201;0.413;0.918;0.166;1.306;1.016;0.3
11467;0.242;0.203;0.181;0.232;0.2;0.82;0.762;1.199;0.41;0.898;0.161;1.301;1.021;0.303
11468;0.242;0.203;0.178;0.229;0.208;0.823;0.762;1.191;0.408;0.886;0.166;1.294;1.025;0.3
11469;0.242;0.2;0.176;0.229;0.212;0.823;0.762;1.196;0.405;0.872;0.164;1.287;1.03;0.298
11470;0.244;0.2;0.173;0.225;0.215;0.82;0.759;1.196;0.398;0.867;0.166;1.274;1.035;0.293
11471;0.244;0.198;0.168;0.225;0.215;0.818;0.764;1.201;0.396;0.859;0.164;1.262;1.038;0.293
11472;0.244;0.195;0.171;0.22;0.217;0.813;0.764;1.196;0.391;0.852;0.159;1.252;1.038;0.291
11473;0.244;0.2;0.166;0.217;0.217;0.811;0.769;1.194;0.391;0.85;0.161;1.248;1.045;0.288
11474;0.247;0.198;0.166;0.217;0.215;0.806;0.771;1.196;0.391;0.845;0.164;1.25;1.047;0.288
11475;0.247;0.198;0.164;0.215;0.212;0.808;0.774;1.194;0.391;0.845;0.164;1.265;1.057;0.288
11476;0.242;0.2;0.168;0.217;0.212;0.806;0.774;1.189;0.388;0.842;0.166;1.287;1.062;0.291
11477;0.242;0.198;0.166;0.215;0.208;0.806;0.769;1.179;0.391;0.835;0.166;1.316;1.079;0.291
11478;0.239;0.203;0.168;0.215;0.205;0.803;0.767;1.184;0.388;0.828;0.164;1.35;1.084;0.291
11479;0.237;0.203;0.168;0.212;0.203;0.806;0.762;1.187;0.391;0.82;0.166;1.392;1.096;0.288
11480;0.237;0.205;0.171;0.21;0.203;0.806;0.762;1.184;0.396;0.815;0.168;1.438;1.113;0.288
11481;0.237;0.203;0.171;0.205;0.208;0.806;0.762;1.184;0.391;0.798;0.161;1.477;1.128;0.293
11482;0.232;0.205;0.171;0.203;0.208;0.806;0.759;1.191;0.396;0.786;0.164;1.523;1.143;0.293
11483;0.229;0.203;0.176;0.198;0.212;0.806;0.754;1.194;0.393;0.769;0.159;1.565;1.15;0.291
11484;0.227;0.205;0.176;0.195;0.212;0.801;0.754;1.189;0.396;0.759;0.161;1.611;1.167;0.293
11485;0.22;0.205;0.178;0.198;0.215;0.803;0.757;1.184;0.398;0.75;0.161;1.65;1.187;0.295
11486;0.22;0.205;0.178;0.2;0.212;0.798;0.759;1.189;0.396;0.737;0.159;1.685;1.199;0.3
11487;0.217;0.205;0.183;0.2;0.21;0.796;0.764;1.189;0.4;0.732;0.161;1.719;1.211;0.295
11488;0.217;0.203;0.181;0.203;0.21;0.793;0.776;1.184;0.403;0.725;0.161;1.746;1.228;0.298
11489;0.215;0.203;0.178;0.205;0.208;0.793;0.786;1.174;0.403;0.72;0.161;1.77;1.24;0.3
11490;0.215;0.203;0.178;0.208;0.203;0.789;0.796;1.172;0.403;0.718;0.166;1.79;1.257;0.298
11491;0.215;0.2;0.178;0.21;0.2;0.789;0.803;1.174;0.405;0.718;0.161;1.804;1.262;0.298
11492;0.217;0.2;0.178;0.215;0.198;0.786;0.813;1.179;0.405;0.723;0.164;1.821;1.277;0.303
11493;0.217;0.2;0.181;0.217;0.195;0.789;0.823;1.179;0.403;0.72;0.164;1.831;1.287;0.303
11494;0.222;0.198;0.178;0.227;0.193;0.789;0.835;1.182;0.4;0.725;0.161;1.846;1.296;0.3
11495;0.225;0.203;0.178;0.225;0.195;0.789;0.845;1.182;0.4;0.73;0.161;1.851;1.306;0.298
11496;0.227;0.2;0.181;0.222;0.198;0.789;0.852;1.184;0.396;0.74;0.159;1.855;1.316;0.298
11497;0.232;0.2;0.178;0.217;0.198;0.786;0.852;1.174;0.391;0.745;0.156;1.853;1.331;0.3
11498;0.234;0.2;0.178;0.215;0.203;0.786;0.85;1.177;0.393;0.752;0.156;1.858;1.34;0.298
11499;0.234;0.195;0.183;0.21;0.205;0.789;0.84;1.174;0.388;0.752;0.156;1.863;1.35;0.298
11500;0.237;0.198;0.181;0.205;0.212;0.791;0.835;1.172;0.386;0.757;0.156;1.865;1.357;0.293
11501;0.237;0.195;0.181;0.203;0.215;0.789;0.825;1.165;0.386;0.752;0.151;1.865;1.37;0.291
11502;0.237;0.193;0.178;0.195;0.22;0.786;0.823;1.165;0.381;0.752;0.154;1.87;1.379;0.291
11503;0.239;0.198;0.176;0.195;0.22;0.786;0.82;1.167;0.381;0.745;0.151;1.87;1.387;0.288
11504;0.239;0.195;0.176;0.195;0.22;0.784;0.818;1.169;0.374;0.737;0.151;1.877;1.396;0.286
11505;0.239;0.195;0.173;0.195;0.222;0.789;0.813;1.172;0.374;0.728;0.156;1.887;1.416;0.288
11506;0.237;0.198;0.176;0.193;0.217;0.789;0.811;1.169;0.371;0.72;0.156;1.907;1.416;0.281
11507;0.234;0.195;0.171;0.188;0.215;0.796;0.806;1.167;0.364;0.706;0.154;1.936;1.426;0.281
11508;0.232;0.195;0.173;0.186;0.222;0.796;0.803;1.165;0.364;0.698;0.156;1.97;1.436;0.273
11509;0.234;0.198;0.171;0.186;0.222;0.803;0.806;1.16;0.361;0.686;0.151;2.004;1.448;0.273
11510;0.229;0.195;0.171;0.186;0.222;0.803;0.803;1.174;0.361;0.679;0.154;2.053;1.455;0.269
11511;0.229;0.195;0.176;0.19;0.222;0.806;0.806;1.179;0.354;0.664;0.151;2.092;1.472;0.269
11512;0.227;0.195;0.181;0.188;0.227;0.803;0.798;1.177;0.356;0.654;0.156;2.141;1.482;0.264
11513;0.227;0.193;0.183;0.193;0.229;0.806;0.798;1.169;0.354;0.649;0.151;2.19;1.501;0.264
11514;0.225;0.193;0.183;0.193;0.234;0.803;0.793;1.169;0.347;0.642;0.151;2.229;1.519;0.259
11515;0.225;0.193;0.19;0.195;0.237;0.806;0.786;1.172;0.347;0.635;0.151;2.271;1.536;0.256
11516;0.225;0.193;0.188;0.193;0.237;0.803;0.784;1.162;0.347;0.627;0.149;2.314;1.555;0.251
11517;0.225;0.19;0.19;0.198;0.237;0.801;0.781;1.157;0.347;0.63;0.151;2.363;1.577;0.251
11518;0.225;0.19;0.186;0.2;0.234;0.796;0.786;1.16;0.352;0.625;0.154;2.41;1.594;0.247
11519;0.227;0.193;0.188;0.2;0.232;0.796;0.791;1.165;0.347;0.618;0.149;2.451;1.614;0.247
11520;0.225;0.19;0.19;0.198;0.234;0.791;0.789;1.16;0.354;0.615;0.146;2.495;1.633;0.244
11521;0.225;0.19;0.188;0.198;0.234;0.789;0.784;1.157;0.354;0.613;0.149;2.522;1.65;0.244
11522;0.225;0.188;0.19;0.198;0.232;0.786;0.786;1.16;0.359;0.608;0.149;2.546;1.67;0.242
11523;0.225;0.188;0.19;0.198;0.229;0.784;0.786;1.16;0.366;0.608;0.154;2.563;1.685;0.239
11524;0.222;0.188;0.186;0.2;0.227;0.784;0.784;1.157;0.371;0.601;0.154;2.573;1.699;0.237
11525;0.222;0.19;0.19;0.205;0.222;0.781;0.779;1.157;0.374;0.596;0.156;2.563;1.711;0.232
11526;0.22;0.188;0.19;0.205;0.22;0.784;0.779;1.157;0.381;0.596;0.159;2.549;1.729;0.232
11527;0.222;0.186;0.193;0.208;0.217;0.784;0.784;1.152;0.391;0.591;0.159;2.524;1.738;0.232
11528;0.22;0.188;0.195;0.21;0.217;0.784;0.781;1.152;0.396;0.581;0.154;2.49;1.753;0.229
11529;0.22;0.186;0.203;0.215;0.222;0.786;0.781;1.155;0.403;0.574;0.151;2.451;1.76;0.225
11530;0.22;0.186;0.208;0.217;0.222;0.781;0.784;1.152;0.41;0.564;0.151;2.41;1.772;0.227
11531;0.215;0.183;0.249;0.222;0.225;0.784;0.781;1.152;0.422;0.557;0.151;2.363;1.775;0.222
11532;0.215;0.186;0.332;0.225;0.229;0.779;0.776;1.155;0.425;0.547;0.149;2.319;1.785;0.222
11533;0.217;0.186;0.33;0.222;0.229;0.779;0.771;1.16;0.435;0.544;0.146;2.275;1.79;0.22
11534;0.21;0.186;0.249;0.217;0.232;0.774;0.769;1.165;0.444;0.535;0.146;2.229;1.792;0.22
11535;0.212;0.186;0.437;0.21;0.232;0.769;0.762;1.165;0.452;0.53;0.142;2.195;1.794;0.22
11536;0.21;0.186;0.352;0.21;0.229;0.764;0.757;1.169;0.464;0.532;0.146;2.175;1.794;0.215
11537;0.21;0.186;0.334;0.203;0.234;0.764;0.754;1.162;0.471;0.527;0.144;2.158;1.79;0.212
11538;0.205;0.183;0.366;0.198;0.232;0.762;0.75;1.162;0.479;0.525;0.142;2.151;1.79;0.212
11539;0.208;0.183;0.31;0.193;0.229;0.759;0.747;1.155;0.483;0.522;0.139;2.153;1.78;0.212
11540;0.21;0.183;0.417;0.188;0.229;0.754;0.74;1.16;0.488;0.527;0.142;2.173;1.777;0.212
11541;0.208;0.183;0.417;0.19;0.229;0.757;0.74;1.155;0.491;0.52;0.139;2.2;1.77;0.208
11542;0.208;0.181;0.464;0.183;0.229;0.754;0.737;1.155;0.491;0.522;0.139;2.241;1.76;0.205
11543;0.208;0.183;0.356;0.183;0.227;0.752;0.737;1.15;0.488;0.525;0.137;2.288;1.746;0.208
11544;0.205;0.181;0.381;0.186;0.225;0.747;0.74;1.152;0.491;0.53;0.137;2.349;1.733;0.21
11545;0.205;0.183;0.2;0.186;0.225;0.742;0.742;1.143;0.483;0.527;0.137;2.419;1.716;0.203
11546;0.203;0.183;0.188;0.186;0.222;0.742;0.745;1.15;0.479;0.525;0.132;2.507;1.699;0.205
11547;0.2;0.181;0.19;0.19;0.22;0.737;0.745;1.152;0.476;0.525;0.137;2.615;1.685;0.205
11548;0.2;0.181;0.264;0.198;0.217;0.74;0.75;1.16;0.474;0.52;0.137;2.732;1.672;0.205
11549;0.2;0.183;0.308;0.198;0.217;0.735;0.747;1.155;0.461;0.508;0.132;2.861;1.655;0.212
11550;0.2;0.181;0.64;0.203;0.22;0.732;0.752;1.15;0.459;0.505;0.134;2.988;1.638;0.215
11551;0.198;0.186;0.522;0.203;0.222;0.735;0.752;1.143;0.452;0.493;0.129;3.113;1.619;0.217
11552;0.2;0.181;0.518;0.208;0.222;0.73;0.75;1.135;0.452;0.488;0.132;3.232;1.609;0.22
11553;0.2;0.183;0.286;0.21;0.225;0.732;0.752;1.13;0.447;0.479;0.132;3.345;1.592;0.225
11554;0.2;0.181;0.229;0.215;0.222;0.73;0.745;1.133;0.439;0.471;0.132;3.445;1.58;0.227
11555;0.203;0.178;0.293;0.21;0.22;0.73;0.745;1.128;0.439;0.464;0.137;3.542;1.57;0.239
11556;0.203;0.178;0.354;0.21;0.215;0.728;0.742;1.128;0.432;0.447;0.127;3.625;1.56;0.244
11557;0.208;0.178;0.615;0.208;0.215;0.725;0.737;1.143;0.43;0.439;0.127;3.694;1.55;0.254
11558;0.208;0.181;0.759;0.205;0.215;0.72;0.735;1.143;0.422;0.427;0.129;3.738;1.545;0.264
11559;0.21;0.181;1.084;0.205;0.217;0.715;0.73;1.14;0.422;0.42;0.129;3.762;1.541;0.273
11560;0.208;0.181;0.696;0.203;0.22;0.713;0.725;1.135;0.42;0.41;0.127;3.76;1.533;0.283
11561;0.208;0.178;0.618;0.203;0.22;0.715;0.72;1.138;0.417;0.405;0.127;3.735;1.521;0.293
11562;0.208;0.178;0.601;0.198;0.225;0.708;0.713;1.138;0.413;0.396;0.125;3.701;1.521;0.303
11563;0.21;0.181;0.464;0.195;0.225;0.71;0.71;1.135;0.408;0.391;0.122;3.652;1.521;0.317
11564;0.205;0.178;0.288;0.195;0.227;0.713;0.708;1.135;0.403;0.376;0.122;3.604;1.519;0.33
11565;0.21;0.183;0.366;0.195;0.232;0.708;0.706;1.135;0.405;0.371;0.125;3.547;1.521;0.339
11566;0.212;0.183;0.374;0.195;0.229;0.708;0.706;1.133;0.396;0.356;0.122;3.489;1.523;0.352
11567;0.212;0.183;0.535;0.198;0.229;0.708;0.706;1.135;0.396;0.344;0.122;3.43;1.523;0.356
11568;0.215;0.181;0.508;0.198;0.229;0.708;0.708;1.14;0.391;0.337;0.125;3.369;1.526;0.366
11569;0.217;0.181;0.776;0.198;0.229;0.71;0.708;1.15;0.391;0.332;0.125;3.296;1.536;0.376
11570;0.217;0.183;1.121;0.203;0.229;0.71;0.708;1.152;0.386;0.325;0.122;3.21;1.541;0.383
11571;0.217;0.181;3.464;0.21;0.229;0.708;0.713;1.152;0.383;0.32;0.125;3.12;1.543;0.391
11572;0.217;0.181;1.379;0.217;0.227;0.703;0.713;1.162;0.378;0.32;0.127;3.025;1.555;0.396
11573;0.22;0.178;1.235;0.222;0.227;0.698;0.713;1.16;0.378;0.325;0.127;2.935;1.562;0.403
11574;0.215;0.181;1.316;0.225;0.229;0.701;0.713;1.157;0.374;0.325;0.125;2.842;1.567;0.405
11575;0.212;0.181;3.772;0.229;0.232;0.693;0.713;1.16;0.369;0.327;0.125;2.756;1.577;0.415
11576;0.21;0.183;4.998;0.232;0.237;0.691;0.71;1.162;0.366;0.327;0.125;2.673;1.589;0.417
11577;0.208;0.183;2.446;0.234;0.234;0.688;0.708;1.162;0.364;0.332;0.127;2.598;1.597;0.422
11578;0.203;0.183;4.998;0.234;0.232;0.684;0.706;1.169;0.361;0.327;0.129;2.524;1.606;0.422
11579;0.203;0.186;4.998;0.232;0.229;0.684;0.708;1.169;0.356;0.332;0.132;2.456;1.619;0.427
11580;0.2;0.186;2.024;0.237;0.232;0.681;0.706;1.165;0.349;0.325;0.129;2.388;1.624;0.432
11581;0.203;0.186;1.377;0.234;0.227;0.681;0.703;1.165;0.349;0.327;0.129;2.324;1.624;0.43
11582;0.2;0.186;0.952;0.237;0.227;0.681;0.703;1.165;0.347;0.334;0.137;2.268;1.631;0.439
11583;0.203;0.188;0.984;0.234;0.229;0.684;0.701;1.16;0.344;0.342;0.134;2.207;1.631;0.439
11584;0.2;0.188;0.725;0.232;0.237;0.686;0.696;1.16;0.342;0.361;0.139;2.153;1.633;0.439
11585;0.2;0.188;0.684;0.227;0.239;0.688;0.698;1.162;0.339;0.376;0.139;2.097;1.636;0.444
11586;0.198;0.188;0.676;0.227;0.244;0.688;0.693;1.167;0.337;0.4;0.142;2.046;1.628;0.444
11587;0.2;0.19;0.566;0.225;0.281;0.691;0.691;1.165;0.337;0.427;0.144;2.002;1.626;0.447
11588;0.203;0.19;0.562;0.227;0.408;0.693;0.686;1.162;0.332;0.459;0.149;1.96;1.621;0.447
11589;0.205;0.193;0.823;0.222;0.5;0.693;0.686;1.169;0.33;0.483;0.161;1.921;1.619;0.449
11590;0.2;0.193;0.698;0.222;0.596;0.696;0.681;1.169;0.327;0.51;0.176;1.887;1.611;0.449
11591;0.205;0.195;0.852;0.222;0.613;0.691;0.676;1.169;0.325;0.537;0.186;1.86;1.604;0.447
11592;0.203;0.198;0.713;0.222;0.652;0.688;0.674;1.172;0.32;0.557;0.195;1.829;1.597;0.449
11593;0.203;0.2;0.603;0.222;0.693;0.688;0.674;1.169;0.322;0.576;0.208;1.809;1.587;0.449
11594;0.205;0.2;0.544;0.22;0.667;0.688;0.674;1.162;0.317;0.588;0.217;1.787;1.572;0.444
11595;0.205;0.2;0.566;0.22;0.642;0.688;0.676;1.16;0.322;0.605;0.232;1.772;1.562;0.444
11596;0.208;0.203;0.449;0.217;0.676;0.688;0.676;1.16;0.317;0.603;0.242;1.748;1.545;0.442
11597;0.21;0.2;0.342;0.217;0.686;0.688;0.679;1.157;0.322;0.605;0.266;1.733;1.531;0.444
11598;0.215;0.2;0.5;0.215;0.686;0.693;0.681;1.152;0.327;0.601;0.286;1.714;1.509;0.439
11599;0.217;0.203;0.479;0.215;0.701;0.696;0.681;1.15;0.342;0.596;0.303;1.702;1.494;0.437
11600;0.22;0.2;0.239;0.215;0.701;0.701;0.684;1.155;0.359;0.586;0.322;1.689;1.479;0.439
11601;0.222;0.2;0.271;0.212;0.728;0.703;0.681;1.147;0.388;0.576;0.344;1.68;1.455;0.432
11602;0.227;0.2;0.22;0.212;0.698;0.708;0.681;1.15;0.427;0.564;0.356;1.665;1.436;0.43
11603;0.229;0.198;0.217;0.21;0.679;0.71;0.681;1.152;0.481;0.554;0.374;1.66;1.423;0.43
11604;0.229;0.2;0.195;0.21;0.688;0.715;0.681;1.152;0.54;0.552;0.381;1.655;1.406;0.425
11605;0.229;0.2;0.186;0.21;0.657;0.72;0.681;1.15;0.603;0.542;0.386;1.65;1.387;0.422
11606;0.229;0.2;0.557;0.208;0.647;0.72;0.679;1.152;0.676;0.544;0.393;1.65;1.372;0.417
11607;0.227;0.203;0.51;0.205;0.64;0.723;0.676;1.155;0.75;0.549;0.393;1.648;1.357;0.415
11608;0.222;0.203;0.396;0.203;0.637;0.723;0.671;1.147;0.813;0.554;0.4;1.646;1.345;0.415
11609;0.22;0.203;0.305;0.203;0.635;0.723;0.674;1.15;0.884;0.574;0.408;1.638;1.338;0.41
11610;0.22;0.203;0.61;0.203;0.62;0.725;0.676;1.152;0.942;0.586;0.417;1.626;1.323;0.405
11611;0.22;0.2;0.464;0.205;0.63;0.723;0.676;1.157;0.989;0.605;0.427;1.614;1.316;0.405
11612;0.217;0.198;0.486;0.203;0.645;0.72;0.679;1.145;1.035;0.625;0.444;1.604;1.301;0.4
11613;0.217;0.203;0.439;0.205;0.62;0.723;0.684;1.15;1.072;0.645;0.457;1.592;1.296;0.398
11614;0.215;0.198;0.61;0.21;0.632;0.72;0.686;1.157;1.094;0.669;0.471;1.575;1.292;0.393
11615;0.215;0.203;0.708;0.21;0.637;0.72;0.691;1.15;1.108;0.681;0.486;1.562;1.284;0.391
11616;0.212;0.2;0.825;0.21;0.657;0.718;0.691;1.15;1.113;0.701;0.503;1.548;1.277;0.388
11617;0.215;0.198;0.64;0.21;0.657;0.72;0.691;1.152;1.111;0.718;0.52;1.541;1.274;0.381
11618;0.215;0.2;0.542;0.208;0.647;0.718;0.693;1.143;1.094;0.73;0.537;1.531;1.267;0.381
11619;0.215;0.2;0.813;0.208;0.659;0.718;0.688;1.128;1.077;0.747;0.562;1.528;1.27;0.378
11620;0.215;0.198;0.642;0.208;0.671;0.723;0.691;1.13;1.062;0.762;0.583;1.523;1.265;0.376
11621;0.217;0.198;0.654;0.208;0.63;0.728;0.691;1.14;1.042;0.774;0.601;1.523;1.262;0.369
11622;0.22;0.195;0.508;0.21;0.642;0.728;0.693;1.143;1.021;0.789;0.615;1.521;1.26;0.364
11623;0.22;0.195;0.798;0.21;0.662;0.732;0.696;1.14;0.999;0.811;0.635;1.519;1.26;0.361
11624;0.22;0.195;0.742;0.215;0.654;0.735;0.698;1.15;0.979;0.83;0.654;1.519;1.26;0.356
11625;0.22;0.195;0.557;0.22;0.635;0.737;0.701;1.147;0.955;0.85;0.669;1.521;1.26;0.352
11626;0.22;0.193;0.742;0.222;0.62;0.737;0.698;1.133;0.933;0.867;0.684;1.523;1.257;0.352
11627;0.22;0.195;0.796;0.227;0.623;0.737;0.693;1.133;0.913;0.884;0.701;1.528;1.25;0.344
11628;0.217;0.193;0.754;0.222;0.618;0.735;0.693;1.13;0.889;0.891;0.71;1.528;1.25;0.342
11629;0.217;0.193;0.559;0.22;0.613;0.735;0.691;1.123;0.867;0.894;0.728;1.531;1.248;0.334
11630;0.215;0.193;0.608;0.217;0.618;0.732;0.693;1.121;0.852;0.898;0.742;1.533;1.238;0.332
11631;0.215;0.198;0.745;0.217;0.632;0.732;0.688;1.123;0.833;0.898;0.754;1.536;1.24;0.33
11632;0.215;0.195;0.793;0.217;0.632;0.732;0.688;1.121;0.811;0.898;0.771;1.536;1.233;0.322
11633;0.215;0.193;0.947;0.212;0.63;0.732;0.691;1.116;0.793;0.901;0.791;1.541;1.233;0.322
11634;0.21;0.195;0.698;0.21;0.642;0.732;0.693;1.118;0.776;0.903;0.815;1.545;1.228;0.315
11635;0.212;0.198;0.735;0.208;0.652;0.735;0.696;1.121;0.757;0.898;0.842;1.55;1.23;0.312
11636;0.215;0.198;0.806;0.205;0.64;0.732;0.701;1.121;0.74;0.901;0.881;1.558;1.23;0.31
11637;0.212;0.2;0.835;0.205;0.647;0.735;0.701;1.116;0.723;0.898;0.918;1.555;1.223;0.308
11638;0.21;0.2;0.884;0.208;0.657;0.735;0.703;1.118;0.706;0.896;0.962;1.558;1.228;0.303
11639;0.21;0.2;0.686;0.208;0.654;0.732;0.701;1.113;0.691;0.896;0.994;1.558;1.228;0.298
11640;0.208;0.205;0.603;0.205;0.647;0.735;0.703;1.106;0.679;0.894;1.025;1.555;1.228;0.295
11641;0.205;0.2;0.63;0.205;0.652;0.73;0.701;1.111;0.667;0.894;1.057;1.553;1.23;0.293
11642;0.205;0.2;0.745;0.203;0.657;0.725;0.706;1.118;0.652;0.886;1.084;1.55;1.23;0.291
11643;0.203;0.2;0.723;0.205;0.652;0.725;0.706;1.108;0.64;0.889;1.104;1.553;1.235;0.291
11644;0.2;0.203;0.84;0.205;0.645;0.72;0.703;1.104;0.625;0.876;1.106;1.548;1.23;0.286
11645;0.198;0.2;0.73;0.205;0.64;0.715;0.706;1.111;0.613;0.879;1.104;1.55;1.235;0.283
11646;0.198;0.203;0.74;0.205;0.649;0.715;0.703;1.116;0.603;0.874;1.094;1.553;1.238;0.281
11647;0.195;0.2;0.82;0.205;0.659;0.713;0.698;1.108;0.591;0.876;1.084;1.555;1.24;0.278
11648;0.198;0.203;0.667;0.203;0.659;0.713;0.696;1.116;0.576;0.867;1.062;1.555;1.243;0.273
11649;0.198;0.2;0.776;0.205;0.657;0.713;0.696;1.121;0.566;0.869;1.04;1.562;1.25;0.276
11650;0.2;0.203;0.906;0.208;0.669;0.715;0.693;1.118;0.557;0.864;1.021;1.567;1.248;0.271
11651;0.2;0.2;1.733;0.212;0.667;0.72;0.696;1.121;0.542;0.857;0.994;1.575;1.252;0.269
11652;0.203;0.198;3.303;0.215;0.662;0.723;0.693;1.118;0.537;0.857;0.974;1.584;1.255;0.269
11653;0.205;0.198;1.221;0.215;0.674;0.723;0.688;1.121;0.525;0.859;0.95;1.594;1.255;0.266
11654;0.208;0.2;4.998;0.21;0.684;0.728;0.686;1.111;0.513;0.859;0.935;1.602;1.248;0.266
11655;0.208;0.198;4.998;0.208;0.688;0.728;0.684;1.116;0.508;0.864;0.923;1.614;1.248;0.264
11656;0.212;0.198;4.998;0.203;0.679;0.728;0.681;1.121;0.5;0.869;0.923;1.626;1.245;0.261
11657;0.215;0.2;4.998;0.205;0.667;0.725;0.681;1.121;0.491;0.872;0.928;1.638;1.243;0.261
11658;0.215;0.2;4.998;0.208;0.662;0.725;0.684;1.125;0.483;0.872;0.93;1.658;1.235;0.256
11659;0.217;0.198;4.998;0.208;0.649;0.72;0.684;1.135;0.476;0.874;0.94;1.675;1.23;0.256
11660;0.217;0.2;4.998;0.205;0.645;0.718;0.688;1.138;0.469;0.879;0.957;1.692;1.226;0.256
11661;0.217;0.2;4.998;0.203;0.652;0.715;0.691;1.133;0.464;0.884;0.979;1.709;1.218;0.254
11662;0.22;0.2;4.998;0.203;0.654;0.713;0.693;1.135;0.454;0.884;1.008;1.731;1.213;0.254
11663;0.22;0.2;4.998;0.203;0.654;0.713;0.696;1.145;0.452;0.886;1.05;1.748;1.206;0.249
11664;0.22;0.2;4.998;0.208;0.645;0.71;0.696;1.138;0.442;0.891;1.099;1.76;1.199;0.249
11665;0.222;0.2;4.998;0.21;0.645;0.713;0.698;1.143;0.439;0.894;1.13;1.777;1.194;0.247
11666;0.222;0.203;4.998;0.212;0.645;0.715;0.701;1.143;0.432;0.889;1.14;1.79;1.184;0.244
11667;0.225;0.205;4.998;0.212;0.645;0.713;0.703;1.14;0.425;0.881;1.143;1.804;1.177;0.242
11668;0.225;0.2;4.998;0.205;0.649;0.713;0.701;1.143;0.422;0.874;1.14;1.819;1.165;0.242
11669;0.225;0.2;4.998;0.205;0.664;0.713;0.701;1.15;0.413;0.864;1.13;1.826;1.157;0.239
11670;0.225;0.203;4.998;0.203;0.669;0.715;0.701;1.152;0.408;0.857;1.123;1.838;1.143;0.234
11671;0.225;0.203;4.998;0.2;0.667;0.713;0.698;1.143;0.403;0.852;1.13;1.846;1.135;0.237
11672;0.225;0.203;4.998;0.195;0.669;0.71;0.698;1.145;0.4;0.85;1.147;1.851;1.125;0.232
11673;0.222;0.2;4.998;0.195;0.667;0.71;0.698;1.147;0.396;0.852;1.169;1.848;1.116;0.229
11674;0.217;0.203;4.998;0.195;0.667;0.71;0.701;1.14;0.393;0.854;1.184;1.843;1.104;0.227
11675;0.215;0.2;4.998;0.195;0.657;0.713;0.698;1.135;0.388;0.854;1.204;1.829;1.094;0.227
11676;0.212;0.2;4.998;0.198;0.657;0.715;0.698;1.138;0.388;0.859;1.233;1.814;1.079;0.225
11677;0.21;0.2;4.998;0.198;0.654;0.72;0.698;1.138;0.383;0.864;1.27;1.799;1.074;0.22
11678;0.205;0.198;4.998;0.195;0.654;0.718;0.698;1.138;0.383;0.869;1.323;1.782;1.06;0.22
11679;0.205;0.198;4.998;0.19;0.645;0.718;0.696;1.138;0.378;0.872;1.379;1.763;1.055;0.215
11680;0.205;0.2;4.998;0.193;0.647;0.72;0.698;1.14;0.374;0.872;1.438;1.741;1.045;0.217
11681;0.203;0.2;4.998;0.198;0.645;0.723;0.696;1.143;0.371;0.874;1.499;1.719;1.035;0.215
11682;0.203;0.2;4.998;0.198;0.635;0.72;0.693;1.138;0.369;0.879;1.565;1.694;1.025;0.212
11683;0.203;0.203;4.998;0.198;0.627;0.725;0.691;1.133;0.369;0.879;1.631;1.67;1.016;0.21
11684;0.203;0.2;3.689;0.195;0.625;0.72;0.686;1.133;0.366;0.881;1.704;1.643;1.008;0.208
11685;0.205;0.203;2.219;0.188;0.632;0.723;0.684;1.13;0.361;0.884;1.777;1.619;0.994;0.205
11686;0.205;0.203;1.321;0.186;0.635;0.72;0.684;1.125;0.359;0.898;1.853;1.592;0.991;0.205
11687;0.205;0.203;0.898;0.183;0.645;0.72;0.681;1.13;0.356;0.906;1.919;1.57;0.979;0.2
11688;0.208;0.205;1.121;0.183;0.649;0.715;0.679;1.13;0.349;0.916;1.987;1.548;0.974;0.203
11689;0.208;0.205;1.589;0.181;0.654;0.718;0.676;1.13;0.347;0.925;2.056;1.528;0.964;0.2
11690;0.208;0.208;4.998;0.178;0.654;0.718;0.681;1.135;0.344;0.933;2.119;1.509;0.957;0.203
11691;0.21;0.205;4.998;0.176;0.652;0.718;0.684;1.135;0.342;0.942;2.168;1.489;0.947;0.195
11692;0.208;0.205;4.998;0.176;0.652;0.72;0.684;1.133;0.342;0.95;2.212;1.475;0.938;0.195
11693;0.21;0.208;4.998;0.171;0.657;0.723;0.684;1.128;0.334;0.947;2.236;1.455;0.935;0.195
11694;0.21;0.21;4.998;0.173;0.657;0.723;0.686;1.13;0.33;0.945;2.251;1.44;0.925;0.195
11695;0.215;0.212;4.998;0.171;0.654;0.723;0.688;1.123;0.33;0.94;2.258;1.423;0.918;0.198
11696;0.215;0.212;4.998;0.176;0.654;0.728;0.693;1.121;0.322;0.935;2.256;1.411;0.908;0.193
11697;0.215;0.212;4.998;0.173;0.654;0.73;0.696;1.116;0.317;0.925;2.246;1.394;0.901;0.193
11698;0.217;0.21;4.998;0.176;0.649;0.732;0.698;1.116;0.315;0.92;2.222;1.384;0.894;0.188
11699;0.22;0.212;4.998;0.173;0.649;0.732;0.701;1.108;0.312;0.908;2.188;1.377;0.891;0.193
11700;0.217;0.21;4.998;0.171;0.652;0.73;0.696;1.111;0.308;0.898;2.148;1.372;0.884;0.19
11701;0.22;0.21;4.998;0.171;0.657;0.73;0.696;1.113;0.305;0.881;2.1;1.365;0.874;0.188
11702;0.217;0.21;3.157;0.173;0.652;0.728;0.696;1.108;0.303;0.862;2.048;1.367;0.876;0.19
11703;0.217;0.208;1.677;0.171;0.649;0.728;0.696;1.111;0.3;0.84;2;1.36;0.867;0.188
11704;0.215;0.208;1.025;0.171;0.645;0.725;0.693;1.106;0.298;0.82;1.956;1.362;0.857;0.186
11705;0.212;0.205;1.028;0.173;0.64;0.728;0.696;1.104;0.295;0.796;1.914;1.36;0.857;0.188
11706;0.208;0.205;0.938;0.173;0.632;0.725;0.701;1.099;0.291;0.771;1.875;1.357;0.859;0.188
11707;0.208;0.205;0.869;0.171;0.627;0.72;0.706;1.096;0.291;0.752;1.843;1.357;0.852;0.186
11708;0.205;0.205;0.791;0.176;0.627;0.718;0.71;1.101;0.288;0.73;1.816;1.357;0.854;0.188
11709;0.203;0.203;0.698;0.176;0.625;0.718;0.715;1.096;0.281;0.706;1.787;1.35;0.852;0.183
11710;0.203;0.203;0.554;0.173;0.618;0.715;0.72;1.094;0.281;0.686;1.765;1.353;0.854;0.181
11711;0.203;0.203;0.393;0.176;0.62;0.715;0.723;1.094;0.276;0.664;1.741;1.343;0.854;0.183
11712;0.203;0.203;0.676;0.173;0.615;0.715;0.728;1.096;0.273;0.642;1.729;1.338;0.859;0.181
11713;0.203;0.203;0.623;0.171;0.613;0.718;0.73;1.099;0.271;0.623;1.711;1.333;0.859;0.181
11714;0.203;0.205;0.725;0.168;0.613;0.72;0.728;1.101;0.271;0.608;1.704;1.333;0.864;0.178
11715;0.205;0.205;0.259;0.166;0.613;0.72;0.728;1.096;0.266;0.586;1.689;1.321;0.872;0.178
11716;0.208;0.205;0.178;0.164;0.613;0.72;0.725;1.094;0.266;0.566;1.685;1.316;0.876;0.176
11717;0.205;0.205;0.186;0.161;0.615;0.72;0.72;1.096;0.266;0.552;1.675;1.311;0.884;0.173
11718;0.205;0.205;0.183;0.164;0.613;0.725;0.72;1.096;0.266;0.537;1.667;1.304;0.891;0.176
11719;0.208;0.205;0.164;0.166;0.61;0.725;0.718;1.096;0.264;0.52;1.658;1.299;0.906;0.173
11720;0.205;0.208;0.295;0.168;0.61;0.723;0.718;1.091;0.264;0.505;1.648;1.292;0.913;0.173
11721;0.205;0.208;0.5;0.168;0.608;0.72;0.713;1.091;0.264;0.491;1.636;1.292;0.925;0.171
11722;0.203;0.208;0.591;0.168;0.598;0.72;0.713;1.094;0.266;0.479;1.628;1.289;0.933;0.171
11723;0.2;0.21;0.408;0.164;0.596;0.718;0.713;1.091;0.266;0.459;1.614;1.287;0.947;0.168
11724;0.2;0.21;0.237;0.166;0.598;0.715;0.713;1.094;0.269;0.447;1.602;1.279;0.959;0.166
11725;0.2;0.21;0.239;0.161;0.603;0.715;0.713;1.094;0.271;0.439;1.597;1.282;0.972;0.164
11726;0.198;0.212;0.276;0.159;0.598;0.713;0.715;1.101;0.269;0.42;1.592;1.279;0.986;0.164
11727;0.198;0.212;0.549;0.161;0.593;0.713;0.713;1.099;0.276;0.41;1.606;1.292;0.999;0.161
11728;0.198;0.215;0.515;0.164;0.591;0.713;0.713;1.096;0.273;0.393;1.616;1.296;1.013;0.161
11729;0.198;0.212;0.552;0.168;0.586;0.713;0.713;1.096;0.273;0.381;1.633;1.306;1.03;0.161
11730;0.198;0.215;0.615;0.176;0.581;0.715;0.715;1.096;0.273;0.371;1.653;1.318;1.045;0.159
11731;0.2;0.215;0.515;0.178;0.581;0.718;0.715;1.094;0.273;0.359;1.675;1.331;1.06;0.156
11732;0.198;0.215;0.52;0.178;0.583;0.718;0.72;1.091;0.273;0.347;1.704;1.338;1.072;0.154
11733;0.2;0.217;0.596;0.181;0.588;0.72;0.723;1.091;0.271;0.337;1.748;1.343;1.089;0.154
11734;0.2;0.217;0.62;0.188;0.581;0.715;0.723;1.086;0.273;0.33;1.799;1.348;1.101;0.151
11735;0.2;0.22;0.876;0.188;0.583;0.715;0.725;1.096;0.271;0.315;1.86;1.343;1.116;0.156
11736;0.198;0.217;0.867;0.19;0.579;0.715;0.723;1.091;0.276;0.305;1.919;1.34;1.13;0.146
11737;0.198;0.217;0.869;0.19;0.583;0.713;0.72;1.089;0.276;0.295;1.968;1.335;1.145;0.151
11738;0.198;0.217;0.571;0.186;0.586;0.71;0.72;1.084;0.278;0.288;2.007;1.331;1.152;0.146
11739;0.195;0.22;0.518;0.186;0.586;0.708;0.72;1.091;0.281;0.276;2.036;1.323;1.167;0.149
11740;0.193;0.215;0.457;0.183;0.593;0.708;0.718;1.091;0.288;0.266;2.058;1.313;1.174;0.146
11741;0.193;0.217;0.376;0.181;0.598;0.706;0.715;1.091;0.293;0.264;2.075;1.306;1.187;0.146
11742;0.193;0.217;0.581;0.181;0.598;0.706;0.715;1.089;0.298;0.251;2.087;1.294;1.194;0.146
11743;0.19;0.217;0.811;0.178;0.593;0.706;0.718;1.091;0.303;0.244;2.102;1.282;1.206;0.142
11744;0.193;0.217;0.659;0.186;0.598;0.706;0.718;1.091;0.308;0.237;2.117;1.274;1.213;0.142
11745;0.195;0.217;0.488;0.188;0.598;0.706;0.713;1.094;0.31;0.229;2.119;1.26;1.223;0.139
11746;0.193;0.215;0.403;0.186;0.603;0.71;0.71;1.086;0.308;0.225;2.126;1.25;1.228;0.139
11747;0.193;0.215;0.381;0.188;0.603;0.713;0.71;1.089;0.308;0.217;2.131;1.24;1.233;0.137
11748;0.19;0.215;0.469;0.188;0.601;0.715;0.706;1.096;0.303;0.21;2.144;1.23;1.238;0.137
11749;0.19;0.215;0.61;0.183;0.596;0.715;0.703;1.099;0.3;0.203;2.166;1.228;1.238;0.137
11750;0.19;0.215;0.51;0.181;0.588;0.718;0.696;1.096;0.303;0.198;2.2;1.235;1.238;0.132
11751;0.188;0.215;0.471;0.181;0.591;0.718;0.693;1.089;0.303;0.195;2.246;1.245;1.243;0.132
11752;0.186;0.215;0.732;0.181;0.586;0.718;0.686;1.091;0.3;0.188;2.307;1.257;1.24;0.129
11753;0.188;0.217;0.588;0.186;0.583;0.72;0.686;1.091;0.298;0.186;2.375;1.272;1.238;0.127
11754;0.186;0.217;0.657;0.186;0.583;0.72;0.684;1.091;0.298;0.181;2.458;1.294;1.235;0.127
11755;0.186;0.215;0.686;0.188;0.583;0.723;0.681;1.094;0.298;0.176;2.537;1.313;1.233;0.125
11756;0.183;0.212;0.544;0.19;0.583;0.72;0.679;1.101;0.3;0.171;2.61;1.333;1.233;0.125
11757;0.183;0.212;0.527;0.19;0.583;0.72;0.679;1.101;0.303;0.176;2.678;1.362;1.226;0.122
11758;0.183;0.215;0.579;0.19;0.583;0.715;0.676;1.099;0.303;0.173;2.737;1.382;1.226;0.12
11759;0.186;0.215;0.605;0.188;0.583;0.715;0.676;1.099;0.3;0.168;2.791;1.409;1.221;0.122
11760;0.183;0.212;0.32;0.183;0.583;0.713;0.674;1.106;0.3;0.166;2.837;1.433;1.213;0.12
11761;0.183;0.21;0.381;0.183;0.583;0.713;0.671;1.108;0.3;0.168;2.878;1.458;1.211;0.12
11762;0.186;0.212;0.664;0.176;0.588;0.713;0.671;1.108;0.298;0.166;2.908;1.482;1.201;0.117
11763;0.186;0.215;0.686;0.173;0.593;0.713;0.676;1.104;0.3;0.166;2.932;1.509;1.196;0.117
11764;0.188;0.212;0.344;0.173;0.601;0.708;0.676;1.099;0.295;0.161;2.947;1.536;1.189;0.115
11765;0.19;0.212;0.413;0.164;0.61;0.706;0.676;1.096;0.298;0.166;2.952;1.565;1.174;0.112
11766;0.193;0.212;0.342;0.166;0.618;0.703;0.679;1.091;0.293;0.161;2.939;1.594;1.177;0.115
11767;0.19;0.215;0.476;0.164;0.623;0.703;0.681;1.089;0.293;0.161;2.91;1.624;1.165;0.112
11768;0.193;0.215;0.435;0.166;0.625;0.701;0.681;1.099;0.288;0.161;2.864;1.65;1.152;0.115
11769;0.193;0.217;0.388;0.164;0.63;0.701;0.686;1.099;0.283;0.159;2.798;1.68;1.145;0.117
11770;0.195;0.217;0.315;0.161;0.625;0.698;0.686;1.096;0.283;0.161;2.722;1.711;1.138;0.112
11771;0.195;0.22;0.31;0.159;0.62;0.698;0.686;1.101;0.283;0.166;2.649;1.738;1.128;0.112
11772;0.195;0.217;0.457;0.154;0.613;0.696;0.686;1.108;0.281;0.161;2.566;1.765;1.121;0.112
11773;0.193;0.217;0.457;0.149;0.605;0.696;0.686;1.099;0.276;0.164;2.483;1.782;1.101;0.112
11774;0.195;0.22;0.388;0.151;0.596;0.698;0.684;1.091;0.276;0.166;2.4;1.802;1.094;0.115
11775;0.19;0.217;0.518;0.151;0.588;0.701;0.681;1.094;0.273;0.171;2.319;1.816;1.082;0.112
11776;0.188;0.217;0.515;0.151;0.581;0.698;0.684;1.096;0.271;0.176;2.244;1.831;1.067;0.11
11777;0.186;0.217;0.452;0.154;0.576;0.698;0.679;1.099;0.269;0.178;2.168;1.836;1.052;0.115
11778;0.183;0.215;0.479;0.151;0.574;0.698;0.674;1.094;0.271;0.183;2.097;1.843;1.04;0.115
11779;0.181;0.215;0.518;0.156;0.571;0.701;0.667;1.099;0.269;0.186;2.029;1.843;1.028;0.115
11780;0.178;0.217;0.278;0.159;0.566;0.698;0.662;1.099;0.266;0.19;1.96;1.841;1.013;0.117
11781;0.176;0.217;0.398;0.161;0.566;0.701;0.659;1.096;0.264;0.19;1.895;1.833;0.999;0.117
11782;0.176;0.217;0.378;0.164;0.566;0.708;0.659;1.096;0.266;0.19;1.836;1.816;0.981;0.12
11783;0.176;0.212;0.41;0.166;0.566;0.71;0.657;1.099;0.261;0.188;1.775;1.79;0.974;0.125
11784;0.173;0.215;0.405;0.173;0.566;0.71;0.654;1.101;0.264;0.193;1.719;1.758;0.959;0.125
11785;0.176;0.212;0.381;0.173;0.569;0.713;0.654;1.101;0.259;0.19;1.658;1.714;0.947;0.129
11786;0.173;0.212;0.439;0.176;0.569;0.715;0.652;1.094;0.256;0.188;1.602;1.672;0.93;0.127
11787;0.176;0.215;0.435;0.173;0.569;0.715;0.649;1.089;0.256;0.19;1.543;1.626;0.925;0.132
11788;0.176;0.212;0.364;0.173;0.569;0.718;0.654;1.091;0.254;0.188;1.487;1.577;0.911;0.134
11789;0.178;0.212;0.361;0.173;0.569;0.718;0.659;1.089;0.254;0.193;1.436;1.528;0.898;0.134
11790;0.183;0.215;0.513;0.173;0.571;0.72;0.659;1.089;0.249;0.186;1.382;1.479;0.884;0.142
11791;0.183;0.215;0.398;0.173;0.574;0.718;0.664;1.094;0.249;0.188;1.338;1.428;0.874;0.142
11792;0.186;0.212;0.413;0.176;0.574;0.718;0.667;1.101;0.247;0.183;1.296;1.382;0.864;0.146
11793;0.183;0.212;0.352;0.181;0.574;0.715;0.671;1.101;0.247;0.181;1.262;1.338;0.852;0.149
11794;0.186;0.212;0.398;0.183;0.569;0.715;0.671;1.104;0.242;0.181;1.235;1.294;0.84;0.151
11795;0.188;0.215;0.332;0.183;0.569;0.713;0.676;1.099;0.239;0.171;1.213;1.252;0.83;0.154
11796;0.19;0.21;0.295;0.183;0.569;0.713;0.671;1.099;0.239;0.166;1.204;1.221;0.82;0.154
11797;0.19;0.21;0.234;0.186;0.569;0.713;0.674;1.099;0.239;0.166;1.201;1.187;0.808;0.156
11798;0.188;0.21;0.239;0.186;0.564;0.708;0.671;1.101;0.237;0.159;1.201;1.162;0.793;0.156
11799;0.186;0.212;0.247;0.188;0.566;0.71;0.674;1.094;0.232;0.149;1.218;1.135;0.784;0.159
11800;0.186;0.21;0.232;0.19;0.571;0.706;0.671;1.096;0.229;0.146;1.245;1.116;0.771;0.161
11801;0.188;0.21;0.217;0.193;0.571;0.708;0.667;1.104;0.227;0.137;1.284;1.099;0.764;0.164
11802;0.188;0.21;0.205;0.195;0.571;0.708;0.664;1.108;0.227;0.137;1.34;1.094;0.75;0.159
11803;0.188;0.215;0.193;0.195;0.574;0.71;0.667;1.113;0.227;0.129;1.394;1.089;0.742;0.164
11804;0.188;0.212;0.183;0.195;0.579;0.708;0.662;1.128;0.222;0.129;1.445;1.094;0.728;0.164
11805;0.186;0.217;0.176;0.198;0.581;0.71;0.662;1.128;0.222;0.132;1.494;1.104;0.718;0.166
11806;0.183;0.215;0.171;0.2;0.581;0.715;0.664;1.121;0.217;0.151;1.531;1.121;0.703;0.164
11807;0.183;0.215;0.159;0.2;0.581;0.715;0.662;1.121;0.215;0.161;1.545;1.138;0.693;0.168
11808;0.181;0.215;0.159;0.198;0.583;0.72;0.664;1.125;0.215;0.186;1.541;1.165;0.684;0.166
11809;0.178;0.215;0.151;0.198;0.583;0.725;0.659;1.116;0.217;0.21;1.521;1.196;0.674;0.164
11810;0.178;0.217;0.149;0.193;0.583;0.728;0.654;1.113;0.212;0.232;1.492;1.226;0.667;0.171
11811;0.181;0.22;0.149;0.193;0.588;0.735;0.652;1.116;0.212;0.259;1.46;1.26;0.649;0.166
11812;0.178;0.217;0.144;0.188;0.581;0.737;0.647;1.116;0.208;0.281;1.428;1.289;0.642;0.166
11813;0.178;0.22;0.139;0.181;0.579;0.737;0.647;1.111;0.208;0.303;1.396;1.311;0.632;0.164
11814;0.178;0.222;0.134;0.176;0.576;0.737;0.642;1.118;0.208;0.325;1.365;1.335;0.62;0.164
11815;0.173;0.22;0.132;0.168;0.576;0.737;0.64;1.123;0.205;0.342;1.328;1.35;0.61;0.166
11816;0.173;0.22;0.132;0.171;0.574;0.74;0.637;1.121;0.205;0.359;1.296;1.365;0.601;0.164
11817;0.173;0.22;0.132;0.173;0.574;0.737;0.637;1.118;0.205;0.371;1.265;1.375;0.593;0.164
11818;0.171;0.22;0.129;0.178;0.571;0.74;0.637;1.118;0.203;0.386;1.24;1.392;0.583;0.166
11819;0.171;0.217;0.132;0.181;0.571;0.735;0.645;1.113;0.2;0.393;1.213;1.409;0.574;0.161
11820;0.173;0.217;0.127;0.181;0.571;0.735;0.647;1.108;0.2;0.403;1.201;1.428;0.569;0.161
11821;0.168;0.217;0.125;0.181;0.571;0.73;0.654;1.108;0.198;0.405;1.184;1.45;0.557;0.159
11822;0.166;0.212;0.122;0.181;0.571;0.728;0.662;1.106;0.198;0.413;1.179;1.479;0.554;0.159
11823;0.168;0.215;0.129;0.183;0.569;0.728;0.662;1.096;0.195;0.417;1.177;1.509;0.542;0.159
11824;0.166;0.21;0.132;0.186;0.566;0.728;0.664;1.094;0.193;0.422;1.179;1.536;0.535;0.156
11825;0.171;0.21;0.139;0.183;0.569;0.725;0.662;1.099;0.19;0.427;1.191;1.57;0.527;0.154
11826;0.173;0.21;0.144;0.181;0.566;0.725;0.664;1.101;0.19;0.432;1.204;1.602;0.522;0.154
11827;0.173;0.208;0.146;0.181;0.571;0.72;0.657;1.099;0.19;0.437;1.228;1.633;0.515;0.151
11828;0.178;0.208;0.137;0.181;0.571;0.723;0.654;1.096;0.186;0.437;1.25;1.655;0.508;0.151
11829;0.181;0.208;0.137;0.183;0.576;0.725;0.652;1.099;0.19;0.444;1.279;1.685;0.505;0.146
11830;0.183;0.208;0.137;0.183;0.571;0.728;0.649;1.091;0.186;0.447;1.301;1.704;0.498;0.146
11831;0.186;0.21;0.127;0.188;0.574;0.723;0.645;1.091;0.188;0.454;1.333;1.719;0.493;0.146
11832;0.186;0.208;0.134;0.186;0.576;0.723;0.645;1.091;0.183;0.457;1.372;1.724;0.488;0.144
11833;0.186;0.208;0.129;0.186;0.576;0.72;0.649;1.086;0.183;0.466;1.426;1.714;0.481;0.146
11834;0.188;0.208;0.127;0.186;0.574;0.718;0.647;1.086;0.183;0.476;1.494;1.697;0.476;0.144
11835;0.186;0.21;0.127;0.186;0.576;0.718;0.649;1.091;0.186;0.483;1.562;1.66;0.471;0.137
11836;0.183;0.21;0.127;0.186;0.574;0.72;0.652;1.091;0.186;0.496;1.636;1.616;0.466;0.139
11837;0.186;0.212;0.127;0.188;0.574;0.72;0.657;1.086;0.181;0.51;1.709;1.56;0.464;0.137
11838;0.181;0.212;0.12;0.188;0.576;0.723;0.659;1.089;0.183;0.53;1.772;1.504;0.464;0.139
11839;0.178;0.212;0.129;0.188;0.579;0.718;0.659;1.091;0.181;0.549;1.824;1.45;0.457;0.132
11840;0.176;0.212;0.127;0.188;0.579;0.723;0.657;1.089;0.178;0.574;1.86;1.396;0.454;0.132
11841;0.178;0.215;0.127;0.19;0.583;0.723;0.654;1.084;0.183;0.593;1.877;1.353;0.461;0.134
11842;0.176;0.215;0.12;0.188;0.579;0.718;0.654;1.089;0.181;0.615;1.882;1.311;0.452;0.132
11843;0.176;0.212;0.117;0.19;0.581;0.72;0.654;1.091;0.181;0.635;1.882;1.279;0.452;0.127
11844;0.176;0.21;0.12;0.188;0.583;0.72;0.657;1.082;0.178;0.659;1.877;1.255;0.454;0.129
11845;0.176;0.212;0.127;0.19;0.586;0.715;0.659;1.082;0.178;0.674;1.865;1.235;0.454;0.127
11846;0.176;0.21;0.127;0.188;0.588;0.718;0.659;1.086;0.178;0.693;1.851;1.228;0.457;0.122
11847;0.178;0.21;0.137;0.186;0.591;0.713;0.659;1.089;0.178;0.703;1.841;1.221;0.457;0.125
11848;0.176;0.208;0.144;0.188;0.596;0.713;0.659;1.084;0.181;0.718;1.826;1.221;0.459;0.117
11849;0.181;0.21;0.139;0.186;0.598;0.708;0.664;1.079;0.178;0.725;1.814;1.228;0.464;0.117
11850;0.178;0.208;0.139;0.186;0.601;0.71;0.659;1.082;0.181;0.732;1.804;1.235;0.469;0.117
11851;0.178;0.205;0.139;0.188;0.593;0.708;0.662;1.079;0.181;0.742;1.797;1.252;0.474;0.112
11852;0.181;0.203;0.142;0.186;0.593;0.708;0.664;1.077;0.183;0.752;1.79;1.272;0.476;0.115
11853;0.178;0.203;0.142;0.19;0.588;0.706;0.662;1.074;0.178;0.752;1.78;1.289;0.483;0.112
11854;0.181;0.203;0.142;0.195;0.586;0.708;0.659;1.077;0.181;0.754;1.77;1.309;0.491;0.117
11855;0.181;0.2;0.146;0.203;0.586;0.706;0.659;1.072;0.183;0.762;1.772;1.333;0.5;0.112
11856;0.183;0.203;0.144;0.203;0.583;0.71;0.657;1.072;0.186;0.764;1.777;1.353;0.503;0.11
11857;0.181;0.2;0.146;0.208;0.581;0.713;0.652;1.072;0.183;0.764;1.792;1.372;0.51;0.107
11858;0.181;0.2;0.142;0.21;0.581;0.713;0.647;1.072;0.183;0.762;1.809;1.387;0.518;0.107
11859;0.181;0.203;0.139;0.212;0.581;0.715;0.645;1.072;0.181;0.759;1.836;1.401;0.525;0.105
11860;0.181;0.2;0.142;0.212;0.581;0.715;0.64;1.069;0.186;0.757;1.873;1.409;0.527;0.103
11861;0.176;0.2;0.139;0.21;0.583;0.718;0.642;1.072;0.186;0.754;1.909;1.418;0.537;0.1
11862;0.176;0.2;0.137;0.205;0.583;0.718;0.64;1.074;0.183;0.747;1.943;1.421;0.542;0.098
11863;0.176;0.203;0.137;0.203;0.588;0.715;0.642;1.072;0.186;0.74;1.982;1.421;0.549;0.1
11864;0.176;0.203;0.127;0.2;0.586;0.718;0.645;1.064;0.186;0.728;2.021;1.416;0.559;0.103
11865;0.173;0.2;0.122;0.198;0.591;0.718;0.649;1.062;0.188;0.72;2.063;1.418;0.564;0.1
11866;0.171;0.203;0.12;0.193;0.591;0.715;0.652;1.064;0.188;0.706;2.1;1.409;0.571;0.095
11867;0.168;0.203;0.125;0.19;0.591;0.713;0.654;1.062;0.195;0.696;2.146;1.401;0.579;0.095
11868;0.166;0.203;0.125;0.186;0.596;0.71;0.657;1.064;0.19;0.676;2.183;1.389;0.586;0.095
11869;0.168;0.205;0.125;0.183;0.596;0.706;0.664;1.067;0.195;0.662;2.229;1.389;0.598;0.095
11870;0.166;0.203;0.127;0.178;0.596;0.706;0.662;1.064;0.195;0.647;2.275;1.375;0.601;0.093
11871;0.166;0.205;0.127;0.181;0.596;0.703;0.664;1.064;0.2;0.63;2.322;1.372;0.613;0.093
11872;0.166;0.203;0.127;0.181;0.593;0.703;0.659;1.064;0.2;0.615;2.371;1.37;0.625;0.09
11873;0.166;0.2;0.132;0.178;0.591;0.701;0.654;1.06;0.203;0.598;2.422;1.372;0.632;0.095
11874;0.171;0.2;0.132;0.178;0.588;0.703;0.652;1.067;0.203;0.581;2.476;1.375;0.64;0.088
11875;0.168;0.2;0.137;0.183;0.583;0.701;0.645;1.067;0.203;0.562;2.527;1.375;0.649;0.093
11876;0.173;0.198;0.137;0.183;0.581;0.706;0.642;1.067;0.205;0.547;2.576;1.377;0.662;0.09
11877;0.173;0.198;0.142;0.183;0.579;0.71;0.635;1.062;0.208;0.532;2.615;1.382;0.674;0.09
11878;0.176;0.193;0.139;0.183;0.576;0.713;0.637;1.062;0.21;0.518;2.654;1.379;0.686;0.09
11879;0.176;0.195;0.142;0.181;0.576;0.718;0.632;1.069;0.21;0.503;2.688;1.379;0.693;0.085
11880;0.178;0.195;0.142;0.181;0.576;0.718;0.632;1.072;0.21;0.493;2.72;1.382;0.706;0.085
11881;0.183;0.195;0.146;0.181;0.574;0.718;0.635;1.069;0.21;0.479;2.744;1.387;0.715;0.085
11882;0.183;0.193;0.144;0.178;0.571;0.72;0.637;1.072;0.215;0.469;2.764;1.392;0.728;0.088
11883;0.183;0.193;0.146;0.168;0.571;0.72;0.637;1.074;0.212;0.459;2.783;1.392;0.737;0.085
11884;0.183;0.193;0.146;0.161;0.571;0.72;0.642;1.072;0.215;0.454;2.803;1.394;0.747;0.085
11885;0.183;0.193;0.149;0.154;0.566;0.72;0.645;1.074;0.215;0.444;2.825;1.401;0.762;0.085
11886;0.181;0.19;0.151;0.154;0.564;0.72;0.649;1.072;0.215;0.442;2.847;1.406;0.769;0.085
11887;0.183;0.193;0.151;0.151;0.559;0.715;0.645;1.079;0.22;0.439;2.866;1.416;0.779;0.083
11888;0.183;0.193;0.151;0.156;0.554;0.715;0.642;1.074;0.217;0.439;2.886;1.428;0.789;0.083
11889;0.183;0.195;0.146;0.151;0.549;0.71;0.645;1.077;0.22;0.435;2.903;1.436;0.791;0.083
11890;0.183;0.193;0.154;0.151;0.544;0.706;0.64;1.074;0.222;0.437;2.922;1.45;0.806;0.083
11891;0.183;0.195;0.154;0.149;0.542;0.706;0.64;1.077;0.22;0.435;2.937;1.46;0.808;0.081
11892;0.183;0.195;0.154;0.151;0.54;0.703;0.64;1.072;0.22;0.437;2.947;1.47;0.818;0.083
11893;0.181;0.198;0.154;0.154;0.542;0.701;0.637;1.082;0.22;0.437;2.944;1.477;0.823;0.078
11894;0.183;0.195;0.154;0.159;0.544;0.698;0.64;1.084;0.22;0.439;2.927;1.484;0.825;0.081
11895;0.183;0.198;0.154;0.161;0.549;0.698;0.635;1.082;0.22;0.442;2.903;1.489;0.83;0.078
11896;0.183;0.195;0.154;0.166;0.549;0.693;0.632;1.082;0.22;0.444;2.871;1.492;0.837;0.081
11897;0.188;0.195;0.154;0.168;0.554;0.691;0.635;1.082;0.22;0.444;2.822;1.487;0.837;0.078
11898;0.19;0.198;0.156;0.173;0.557;0.693;0.632;1.077;0.217;0.444;2.766;1.482;0.84;0.071
11899;0.193;0.195;0.151;0.183;0.559;0.696;0.635;1.077;0.217;0.444;2.703;1.475;0.847;0.078
11900;0.19;0.195;0.154;0.19;0.562;0.698;0.637;1.079;0.215;0.447;2.637;1.465;0.85;0.078
11901;0.193;0.195;0.154;0.193;0.562;0.696;0.642;1.079;0.217;0.454;2.568;1.455;0.852;0.076
11902;0.195;0.193;0.146;0.195;0.559;0.696;0.642;1.077;0.217;0.457;2.502;1.45;0.859;0.076
11903;0.195;0.193;0.149;0.198;0.562;0.696;0.647;1.077;0.215;0.464;2.439;1.438;0.859;0.076
11904;0.195;0.188;0.146;0.2;0.562;0.698;0.645;1.079;0.212;0.471;2.38;1.433;0.864;0.073
11905;0.198;0.188;0.151;0.203;0.564;0.698;0.649;1.077;0.215;0.479;2.322;1.431;0.864;0.073
11906;0.195;0.186;0.149;0.205;0.569;0.701;0.652;1.072;0.215;0.486;2.268;1.431;0.869;0.073
11907;0.193;0.186;0.149;0.205;0.574;0.703;0.654;1.067;0.215;0.491;2.212;1.433;0.872;0.073
11908;0.193;0.186;0.149;0.205;0.574;0.706;0.652;1.067;0.215;0.493;2.153;1.436;0.874;0.071
11909;0.188;0.181;0.151;0.195;0.579;0.708;0.657;1.069;0.217;0.491;2.095;1.438;0.876;0.073
11910;0.186;0.183;0.159;0.188;0.581;0.706;0.657;1.074;0.22;0.491;2.039;1.445;0.881;0.071
11911;0.183;0.181;0.161;0.183;0.583;0.703;0.654;1.069;0.22;0.486;1.973;1.45;0.884;0.071
11912;0.186;0.181;0.164;0.176;0.583;0.706;0.654;1.064;0.222;0.483;1.912;1.46;0.884;0.068
11913;0.181;0.181;0.164;0.176;0.583;0.703;0.652;1.069;0.22;0.483;1.851;1.475;0.889;0.068
11914;0.181;0.178;0.164;0.176;0.586;0.703;0.652;1.064;0.222;0.488;1.792;1.489;0.894;0.068
11915;0.178;0.178;0.161;0.178;0.591;0.706;0.647;1.067;0.222;0.493;1.733;1.509;0.896;0.071
11916;0.178;0.181;0.161;0.181;0.593;0.701;0.647;1.072;0.225;0.503;1.677;1.526;0.901;0.066
11917;0.176;0.178;0.159;0.186;0.596;0.698;0.642;1.069;0.229;0.513;1.628;1.548;0.903;0.066
11918;0.176;0.176;0.159;0.186;0.598;0.698;0.64;1.067;0.229;0.52;1.58;1.565;0.911;0.071
11919;0.176;0.178;0.159;0.19;0.596;0.698;0.635;1.069;0.229;0.535;1.536;1.582;0.913;0.066
11920;0.173;0.176;0.156;0.193;0.593;0.701;0.632;1.062;0.232;0.547;1.494;1.606;0.913;0.068
11921;0.176;0.173;0.154;0.193;0.591;0.701;0.632;1.062;0.232;0.557;1.453;1.628;0.92;0.068
11922;0.176;0.178;0.154;0.188;0.588;0.703;0.632;1.064;0.237;0.571;1.416;1.65;0.925;0.068
11923;0.176;0.178;0.154;0.188;0.586;0.71;0.632;1.062;0.232;0.581;1.377;1.67;0.923;0.066
11924;0.176;0.178;0.151;0.181;0.581;0.713;0.637;1.05;0.234;0.598;1.34;1.692;0.93;0.068
11925;0.176;0.173;0.146;0.176;0.581;0.718;0.64;1.05;0.237;0.615;1.311;1.711;0.935;0.071
11926;0.173;0.178;0.151;0.173;0.581;0.723;0.645;1.05;0.234;0.627;1.277;1.729;0.935;0.066
11927;0.176;0.178;0.149;0.173;0.583;0.725;0.647;1.052;0.237;0.647;1.255;1.738;0.933;0.068
11928;0.178;0.181;0.151;0.171;0.586;0.732;0.649;1.05;0.237;0.662;1.235;1.746;0.938;0.063
11929;0.178;0.178;0.149;0.164;0.586;0.73;0.657;1.055;0.239;0.681;1.228;1.75;0.945;0.068
11930;0.181;0.181;0.146;0.159;0.588;0.732;0.659;1.057;0.237;0.696;1.223;1.753;0.94;0.063
11931;0.181;0.183;0.149;0.154;0.588;0.728;0.664;1.05;0.242;0.715;1.228;1.758;0.945;0.063
11932;0.183;0.181;0.149;0.149;0.591;0.723;0.669;1.042;0.242;0.728;1.228;1.75;0.947;0.063
11933;0.186;0.186;0.149;0.144;0.591;0.72;0.671;1.042;0.239;0.74;1.23;1.753;0.95;0.063
11934;0.186;0.183;0.149;0.139;0.588;0.72;0.674;1.04;0.242;0.747;1.233;1.753;0.955;0.063
11935;0.188;0.186;0.151;0.132;0.579;0.715;0.676;1.045;0.239;0.754;1.233;1.753;0.952;0.063
11936;0.19;0.183;0.149;0.127;0.574;0.71;0.679;1.045;0.239;0.759;1.228;1.753;0.962;0.071
11937;0.188;0.188;0.154;0.125;0.571;0.706;0.679;1.05;0.239;0.764;1.221;1.758;0.962;0.066
11938;0.188;0.186;0.151;0.127;0.566;0.701;0.676;1.047;0.237;0.762;1.218;1.758;0.962;0.063
11939;0.188;0.183;0.151;0.132;0.562;0.696;0.674;1.047;0.237;0.762;1.221;1.758;0.967;0.063
11940;0.186;0.186;0.151;0.137;0.559;0.693;0.676;1.047;0.237;0.764;1.233;1.755;0.969;0.066
11941;0.188;0.183;0.151;0.142;0.554;0.691;0.674;1.045;0.239;0.764;1.257;1.76;0.974;0.063
11942;0.186;0.181;0.156;0.144;0.552;0.688;0.669;1.045;0.234;0.759;1.294;1.76;0.977;0.063
11943;0.183;0.178;0.159;0.149;0.552;0.681;0.669;1.042;0.237;0.759;1.343;1.768;0.974;0.063
11944;0.186;0.181;0.159;0.156;0.552;0.679;0.664;1.045;0.234;0.759;1.404;1.777;0.979;0.066
11945;0.183;0.178;0.161;0.159;0.554;0.679;0.664;1.042;0.232;0.754;1.465;1.792;0.979;0.063
11946;0.183;0.178;0.164;0.159;0.552;0.676;0.662;1.042;0.232;0.752;1.531;1.807;0.979;0.063
11947;0.183;0.176;0.164;0.161;0.554;0.674;0.659;1.042;0.234;0.752;1.597;1.826;0.984;0.063
11948;0.181;0.178;0.166;0.159;0.554;0.674;0.659;1.045;0.229;0.745;1.663;1.843;0.986;0.063
11949;0.183;0.176;0.173;0.159;0.549;0.669;0.654;1.042;0.229;0.74;1.729;1.873;0.989;0.066
11950;0.183;0.176;0.171;0.156;0.549;0.669;0.654;1.05;0.232;0.735;1.787;1.897;0.989;0.063
11951;0.186;0.176;0.178;0.149;0.547;0.664;0.652;1.045;0.229;0.725;1.846;1.921;0.991;0.063
11952;0.186;0.176;0.171;0.149;0.544;0.664;0.649;1.045;0.229;0.715;1.895;1.943;0.999;0.061
11953;0.186;0.176;0.173;0.151;0.54;0.654;0.64;1.042;0.229;0.701;1.936;1.97;1.001;0.063
11954;0.186;0.176;0.176;0.156;0.542;0.652;0.637;1.045;0.229;0.688;1.965;1.997;1.006;0.063
11955;0.183;0.173;0.173;0.159;0.537;0.649;0.635;1.047;0.229;0.676;1.982;2.031;1.013;0.068
11956;0.183;0.176;0.183;0.161;0.537;0.649;0.635;1.047;0.227;0.664;1.985;2.058;1.008;0.063
11957;0.183;0.176;0.181;0.166;0.54;0.647;0.63;1.045;0.229;0.647;1.978;2.085;1.011;0.066
11958;0.183;0.178;0.183;0.173;0.544;0.645;0.63;1.042;0.227;0.637;1.956;2.104;1.018;0.063
11959;0.186;0.176;0.183;0.183;0.547;0.645;0.632;1.04;0.225;0.62;1.921;2.119;1.018;0.061
11960;0.186;0.178;0.181;0.188;0.547;0.642;0.632;1.033;0.225;0.61;1.877;2.129;1.023;0.066
11961;0.186;0.178;0.176;0.198;0.552;0.642;0.632;1.035;0.225;0.591;1.821;2.136;1.025;0.063
11962;0.186;0.178;0.181;0.198;0.552;0.642;0.635;1.04;0.222;0.583;1.768;2.139;1.021;0.059
11963;0.186;0.176;0.183;0.195;0.552;0.645;0.64;1.038;0.222;0.569;1.714;2.141;1.023;0.063
11964;0.188;0.178;0.19;0.203;0.552;0.642;0.64;1.038;0.225;0.554;1.667;2.148;1.023;0.061
11965;0.188;0.178;0.181;0.205;0.547;0.645;0.642;1.035;0.225;0.544;1.636;2.151;1.023;0.061
11966;0.188;0.176;0.176;0.208;0.542;0.647;0.642;1.033;0.22;0.532;1.619;2.153;1.018;0.059
11967;0.19;0.176;0.168;0.212;0.54;0.652;0.642;1.033;0.222;0.522;1.616;2.158;1.025;0.066
11968;0.19;0.176;0.171;0.21;0.54;0.649;0.64;1.03;0.22;0.51;1.624;2.158;1.016;0.059
11969;0.188;0.176;0.166;0.21;0.535;0.647;0.637;1.03;0.222;0.498;1.643;2.168;1.016;0.063
11970;0.188;0.173;0.161;0.21;0.532;0.642;0.637;1.028;0.222;0.491;1.672;2.178;1.013;0.061
11971;0.183;0.168;0.159;0.212;0.532;0.64;0.635;1.03;0.222;0.479;1.702;2.192;1.011;0.059
11972;0.181;0.171;0.159;0.21;0.527;0.637;0.635;1.033;0.22;0.469;1.736;2.205;1.006;0.059
11973;0.181;0.168;0.161;0.21;0.522;0.632;0.632;1.033;0.22;0.457;1.768;2.219;1.006;0.059
11974;0.178;0.168;0.159;0.208;0.52;0.627;0.63;1.033;0.22;0.449;1.794;2.231;1.003;0.063
11975;0.176;0.171;0.159;0.2;0.518;0.63;0.63;1.035;0.217;0.442;1.814;2.236;0.996;0.059
11976;0.171;0.168;0.161;0.193;0.515;0.63;0.627;1.033;0.22;0.437;1.836;2.249;0.996;0.059
11977;0.171;0.168;0.164;0.183;0.513;0.625;0.627;1.033;0.222;0.435;1.858;2.256;0.991;0.056
11978;0.166;0.166;0.168;0.178;0.51;0.623;0.627;1.03;0.22;0.432;1.88;2.263;0.989;0.056
11979;0.168;0.171;0.168;0.178;0.508;0.62;0.625;1.028;0.215;0.425;1.902;2.256;0.991;0.061
11980;0.166;0.168;0.176;0.178;0.503;0.618;0.625;1.028;0.217;0.427;1.929;2.253;0.984;0.056
11981;0.168;0.168;0.178;0.181;0.496;0.623;0.623;1.028;0.22;0.425;1.948;2.244;0.981;0.061
11982;0.173;0.168;0.178;0.181;0.496;0.627;0.623;1.03;0.22;0.425;1.973;2.229;0.981;0.056
11983;0.173;0.171;0.181;0.183;0.493;0.635;0.623;1.028;0.217;0.417;1.992;2.207;0.974;0.059
11984;0.176;0.168;0.178;0.186;0.498;0.635;0.62;1.03;0.215;0.413;2.012;2.185;0.974;0.061
11985;0.178;0.168;0.178;0.19;0.5;0.632;0.62;1.035;0.22;0.405;2.031;2.166;0.969;0.061
11986;0.178;0.166;0.176;0.193;0.508;0.637;0.62;1.035;0.215;0.398;2.048;2.146;0.962;0.059
11987;0.178;0.166;0.176;0.195;0.508;0.642;0.615;1.03;0.215;0.393;2.068;2.129;0.957;0.056
11988;0.183;0.168;0.171;0.2;0.515;0.642;0.61;1.03;0.215;0.391;2.095;2.122;0.957;0.061
11989;0.183;0.168;0.173;0.205;0.518;0.645;0.605;1.03;0.215;0.386;2.119;2.104;0.947;0.059
11990;0.186;0.168;0.166;0.2;0.52;0.637;0.603;1.03;0.215;0.378;2.151;2.09;0.942;0.061
11991;0.186;0.168;0.166;0.2;0.52;0.64;0.601;1.033;0.212;0.374;2.175;2.07;0.942;0.061
11992;0.183;0.166;0.164;0.198;0.52;0.64;0.598;1.025;0.212;0.374;2.214;2.051;0.933;0.056
11993;0.183;0.168;0.164;0.195;0.515;0.64;0.593;1.028;0.212;0.374;2.246;2.026;0.925;0.061
11994;0.186;0.168;0.164;0.195;0.518;0.645;0.596;1.028;0.21;0.378;2.288;2.002;0.92;0.056
11995;0.183;0.168;0.161;0.198;0.518;0.649;0.598;1.023;0.21;0.381;2.327;1.978;0.916;0.061
11996;0.181;0.168;0.173;0.195;0.52;0.652;0.598;1.021;0.212;0.386;2.375;1.956;0.908;0.059
11997;0.181;0.166;0.195;0.2;0.518;0.662;0.601;1.025;0.215;0.4;2.429;1.936;0.903;0.059
11998;0.181;0.166;0.22;0.2;0.518;0.664;0.598;1.025;0.21;0.4;2.485;1.907;0.896;0.061
11999;0.181;0.166;0.195;0.203;0.515;0.662;0.601;1.023;0.21;0.41;2.551;1.882;0.891;0.061
12000;0.178;0.164;0.205;0.203;0.513;0.657;0.603;1.018;0.208;0.415;2.612;1.858;0.889;0.063
12001;0.181;0.166;0.234;0.2;0.508;0.654;0.601;1.023;0.21;0.415;2.666;1.831;0.884;0.061
12002;0.178;0.166;0.208;0.193;0.505;0.657;0.601;1.021;0.21;0.42;2.708;1.799;0.879;0.063
12003;0.176;0.166;0.225;0.19;0.5;0.662;0.596;1.016;0.21;0.422;2.732;1.77;0.874;0.061
12004;0.178;0.166;0.203;0.183;0.498;0.664;0.596;1.018;0.21;0.422;2.739;1.736;0.872;0.063
12005;0.173;0.161;0.195;0.178;0.491;0.654;0.591;1.018;0.21;0.417;2.72;1.694;0.872;0.066
12006;0.173;0.164;0.217;0.168;0.488;0.657;0.588;1.016;0.21;0.41;2.683;1.653;0.864;0.063
12007;0.173;0.164;0.232;0.161;0.486;0.657;0.588;1.016;0.215;0.413;2.637;1.619;0.864;0.068
12008;0.173;0.161;0.225;0.151;0.486;0.659;0.586;1.025;0.215;0.405;2.585;1.577;0.857;0.061
12009;0.173;0.164;0.222;0.146;0.488;0.662;0.586;1.028;0.212;0.396;2.529;1.541;0.857;0.068
12010;0.171;0.161;0.229;0.146;0.491;0.662;0.586;1.025;0.215;0.388;2.476;1.509;0.852;0.068
12011;0.173;0.164;0.215;0.154;0.491;0.669;0.588;1.025;0.217;0.381;2.419;1.475;0.85;0.068
12012;0.178;0.166;0.22;0.156;0.498;0.664;0.588;1.03;0.217;0.371;2.358;1.448;0.847;0.066
12013;0.176;0.166;0.249;0.159;0.503;0.671;0.586;1.028;0.217;0.361;2.288;1.426;0.84;0.068
12014;0.176;0.166;0.266;0.159;0.503;0.669;0.583;1.03;0.22;0.356;2.214;1.399;0.837;0.068
12015;0.178;0.166;0.342;0.156;0.503;0.674;0.583;1.023;0.22;0.347;2.136;1.372;0.83;0.071
12016;0.178;0.166;0.259;0.149;0.503;0.667;0.586;1.025;0.217;0.337;2.051;1.348;0.828;0.071
12017;0.176;0.168;0.405;0.144;0.505;0.669;0.586;1.021;0.222;0.327;1.975;1.326;0.82;0.068
12018;0.178;0.166;0.391;0.149;0.505;0.667;0.593;1.028;0.225;0.322;1.907;1.309;0.823;0.076
12019;0.176;0.168;0.916;0.151;0.508;0.664;0.591;1.025;0.227;0.312;1.846;1.289;0.818;0.071
12020;0.173;0.171;1.101;0.149;0.51;0.664;0.593;1.021;0.227;0.305;1.785;1.267;0.811;0.073
12021;0.176;0.171;3.628;0.159;0.51;0.654;0.588;1.018;0.229;0.293;1.741;1.245;0.808;0.076
12022;0.176;0.173;4.998;0.164;0.51;0.659;0.593;1.018;0.232;0.288;1.711;1.223;0.813;0.081
12023;0.173;0.173;4.998;0.173;0.505;0.657;0.593;1.013;0.229;0.273;1.689;1.196;0.796;0.078
12024;0.173;0.173;4.998;0.178;0.505;0.659;0.593;1.016;0.234;0.266;1.685;1.174;0.793;0.078
12025;0.171;0.176;4.998;0.186;0.503;0.659;0.588;1.013;0.232;0.259;1.685;1.147;0.793;0.081
12026;0.176;0.178;4.998;0.195;0.5;0.649;0.583;1.016;0.232;0.249;1.694;1.121;0.786;0.083
12027;0.173;0.176;4.998;0.195;0.503;0.652;0.579;1.016;0.234;0.251;1.709;1.094;0.779;0.081
12028;0.176;0.178;4.998;0.188;0.503;0.649;0.571;1.006;0.237;0.244;1.729;1.064;0.776;0.085
12029;0.176;0.178;4.998;0.181;0.498;0.642;0.571;1.011;0.239;0.247;1.753;1.035;0.767;0.083
12030;0.178;0.178;4.998;0.173;0.498;0.645;0.571;1.011;0.242;0.247;1.78;1.006;0.767;0.088
12031;0.178;0.176;4.998;0.166;0.498;0.645;0.574;1.008;0.242;0.247;1.816;0.974;0.762;0.085
12032;0.178;0.173;4.998;0.171;0.498;0.637;0.576;1.006;0.242;0.244;1.863;0.947;0.757;0.085
12033;0.178;0.173;4.998;0.166;0.5;0.637;0.581;1.003;0.247;0.251;1.926;0.923;0.754;0.088
12034;0.181;0.171;4.998;0.171;0.505;0.637;0.581;1.003;0.249;0.254;1.997;0.891;0.752;0.088
12035;0.176;0.171;4.998;0.176;0.508;0.635;0.588;1.006;0.247;0.259;2.078;0.862;0.75;0.088
12036;0.176;0.166;4.998;0.186;0.51;0.632;0.593;1.003;0.249;0.264;2.163;0.835;0.75;0.09
12037;0.176;0.166;4.998;0.195;0.505;0.63;0.593;1.011;0.249;0.264;2.251;0.811;0.75;0.095
12038;0.171;0.166;4.998;0.198;0.508;0.63;0.596;1.008;0.251;0.269;2.344;0.789;0.747;0.09
12039;0.168;0.166;4.998;0.2;0.505;0.63;0.596;1.011;0.251;0.271;2.439;0.762;0.747;0.09
12040;0.166;0.164;4.998;0.2;0.508;0.625;0.596;1.013;0.251;0.271;2.527;0.735;0.747;0.095
12041;0.166;0.164;4.998;0.195;0.508;0.625;0.588;1.016;0.254;0.278;2.612;0.713;0.747;0.093
12042;0.164;0.164;3.083;0.19;0.51;0.623;0.588;1.013;0.251;0.276;2.686;0.688;0.742;0.093
12043;0.161;0.164;2.405;0.186;0.508;0.623;0.583;1.016;0.254;0.278;2.751;0.671;0.742;0.093
12044;0.159;0.164;1.716;0.181;0.505;0.627;0.579;1.021;0.261;0.286;2.812;0.657;0.742;0.1
12045;0.161;0.166;1.416;0.168;0.503;0.625;0.576;1.025;0.254;0.278;2.854;0.632;0.74;0.098
12046;0.159;0.164;1.533;0.161;0.503;0.623;0.569;1.021;0.256;0.288;2.898;0.618;0.735;0.098
12047;0.161;0.164;1.396;0.154;0.505;0.625;0.566;1.021;0.254;0.293;2.937;0.603;0.732;0.098
12048;0.161;0.164;1.357;0.154;0.505;0.623;0.566;1.025;0.254;0.298;2.966;0.586;0.728;0.093
12049;0.159;0.168;1.733;0.159;0.508;0.62;0.564;1.023;0.254;0.305;2.983;0.571;0.725;0.098
12050;0.159;0.164;1.826;0.161;0.508;0.618;0.562;1.021;0.254;0.31;2.996;0.557;0.728;0.098
12051;0.159;0.166;2.104;0.159;0.513;0.618;0.557;1.025;0.251;0.317;2.991;0.542;0.72;0.098
12052;0.159;0.166;2.168;0.159;0.508;0.615;0.554;1.028;0.251;0.32;2.974;0.527;0.72;0.1
12053;0.159;0.166;1.985;0.156;0.513;0.608;0.554;1.03;0.244;0.322;2.942;0.508;0.715;0.1
12054;0.156;0.164;4.885;0.193;0.51;0.605;0.552;1.021;0.244;0.327;2.905;0.493;0.713;0.105
12055;0.156;0.166;4.998;0.342;0.513;0.608;0.554;1.021;0.244;0.334;2.864;0.483;0.71;0.1
12056;0.154;0.166;4.998;0.444;0.518;0.601;0.554;1.023;0.242;0.347;2.817;0.469;0.706;0.1
12057;0.154;0.166;4.998;0.542;0.518;0.603;0.554;1.021;0.242;0.374;2.778;0.459;0.706;0.098
12058;0.156;0.166;4.998;0.591;0.518;0.601;0.559;1.018;0.237;0.403;2.742;0.452;0.703;0.098
12059;0.151;0.166;4.998;0.605;0.515;0.596;0.557;1.016;0.237;0.439;2.715;0.454;0.701;0.1
12060;0.154;0.164;4.998;0.601;0.513;0.593;0.559;1.018;0.232;0.488;2.695;0.454;0.696;0.098
12061;0.154;0.164;4.998;0.62;0.51;0.591;0.564;1.018;0.232;0.562;2.7;0.471;0.691;0.098
12062;0.156;0.168;4.998;0.618;0.51;0.591;0.566;1.016;0.229;0.637;2.717;0.503;0.696;0.1
12063;0.154;0.166;4.998;0.657;0.515;0.591;0.569;1.011;0.234;0.715;2.744;0.549;0.693;0.1
12064;0.156;0.166;4.998;0.642;0.515;0.593;0.571;1.013;0.232;0.793;2.769;0.61;0.693;0.098
12065;0.154;0.166;4.998;0.696;0.52;0.591;0.569;1.006;0.232;0.889;2.798;0.686;0.693;0.095
12066;0.154;0.168;4.998;0.693;0.52;0.593;0.566;1.006;0.227;0.989;2.827;0.762;0.693;0.098
12067;0.154;0.166;4.998;0.676;0.515;0.593;0.564;1.003;0.227;1.101;2.854;0.842;0.691;0.095
12068;0.154;0.168;4.998;0.649;0.513;0.593;0.564;1.006;0.227;1.204;2.878;0.923;0.698;0.098
12069;0.154;0.166;4.998;0.637;0.513;0.596;0.559;1.011;0.227;1.287;2.898;1.006;0.701;0.098
12070;0.151;0.166;4.998;0.593;0.503;0.593;0.562;1.006;0.227;1.35;2.917;1.086;0.701;0.098
12071;0.154;0.166;4.998;0.564;0.498;0.601;0.559;1.003;0.225;1.394;2.927;1.16;0.708;0.095
12072;0.151;0.161;4.998;0.554;0.496;0.605;0.566;1.006;0.222;1.418;2.939;1.228;0.71;0.098
12073;0.149;0.166;4.998;0.522;0.493;0.601;0.571;1.006;0.22;1.433;2.954;1.294;0.718;0.098
12074;0.151;0.161;4.998;0.51;0.488;0.608;0.574;1.001;0.22;1.44;2.966;1.35;0.72;0.095
12075;0.151;0.161;4.998;0.537;0.483;0.605;0.571;1.001;0.217;1.448;2.971;1.401;0.73;0.095
12076;0.154;0.161;4.998;0.53;0.479;0.61;0.576;1.001;0.215;1.455;2.976;1.44;0.735;0.095
12077;0.154;0.161;4.998;0.508;0.476;0.603;0.574;1.003;0.215;1.462;2.979;1.479;0.74;0.095
12078;0.156;0.161;4.998;0.518;0.476;0.603;0.566;1.001;0.217;1.472;2.983;1.514;0.75;0.098
12079;0.156;0.159;4.998;0.503;0.474;0.603;0.569;0.996;0.215;1.47;2.969;1.536;0.754;0.095
12080;0.159;0.159;4.998;0.54;0.476;0.603;0.569;0.999;0.212;1.467;2.949;1.553;0.757;0.093
12081;0.161;0.156;4.998;0.53;0.479;0.603;0.566;0.999;0.212;1.47;2.93;1.575;0.767;0.095
12082;0.161;0.159;4.998;0.54;0.476;0.603;0.569;0.999;0.212;1.467;2.898;1.597;0.776;0.095
12083;0.166;0.159;4.998;0.576;0.476;0.601;0.564;0.999;0.21;1.475;2.859;1.611;0.779;0.093
12084;0.164;0.159;4.998;0.569;0.474;0.601;0.559;0.999;0.21;1.494;2.815;1.633;0.786;0.09
12085;0.164;0.161;4.998;0.571;0.476;0.603;0.559;0.999;0.21;1.526;2.754;1.653;0.796;0.093
12086;0.164;0.161;4.998;0.623;0.479;0.608;0.562;0.999;0.21;1.57;2.69;1.667;0.801;0.09
12087;0.161;0.164;4.998;0.579;0.483;0.61;0.559;1.001;0.21;1.611;2.622;1.685;0.806;0.088
12088;0.161;0.161;4.998;0.596;0.483;0.61;0.564;1.001;0.208;1.638;2.551;1.697;0.811;0.09
12089;0.161;0.161;4.998;0.603;0.488;0.61;0.571;0.999;0.21;1.653;2.478;1.707;0.823;0.085
12090;0.159;0.164;4.998;0.564;0.491;0.613;0.571;0.994;0.212;1.648;2.412;1.714;0.825;0.085
12091;0.159;0.164;4.998;0.564;0.486;0.615;0.581;0.996;0.208;1.624;2.349;1.726;0.828;0.085
12092;0.161;0.164;4.998;0.559;0.488;0.615;0.588;0.994;0.21;1.592;2.295;1.738;0.835;0.083
12093;0.166;0.164;4.998;0.544;0.486;0.615;0.591;0.991;0.21;1.567;2.249;1.753;0.84;0.088
12094;0.166;0.164;4.998;0.559;0.488;0.613;0.588;0.994;0.212;1.55;2.217;1.768;0.847;0.083
12095;0.166;0.164;4.998;0.559;0.488;0.61;0.596;0.991;0.215;1.548;2.197;1.785;0.847;0.081
12096;0.168;0.164;4.998;0.557;0.491;0.613;0.596;0.994;0.22;1.567;2.188;1.804;0.854;0.081
12097;0.168;0.159;4.998;0.559;0.491;0.613;0.596;0.991;0.22;1.609;2.183;1.826;0.854;0.078
12098;0.168;0.161;4.998;0.54;0.488;0.615;0.591;0.996;0.225;1.68;2.185;1.848;0.862;0.078
12099;0.171;0.164;4.998;0.552;0.488;0.615;0.586;0.996;0.227;1.758;2.197;1.87;0.862;0.073
12100;0.168;0.159;4.998;0.542;0.488;0.62;0.574;0.994;0.229;1.843;2.214;1.899;0.864;0.073
12101;0.171;0.159;4.998;0.549;0.491;0.618;0.566;0.989;0.229;1.931;2.234;1.931;0.872;0.076
12102;0.168;0.161;4.998;0.552;0.5;0.623;0.566;0.989;0.232;2.009;2.246;1.965;0.876;0.076
12103;0.164;0.164;4.998;0.544;0.503;0.627;0.562;0.991;0.232;2.083;2.249;2.004;0.879;0.076
12104;0.164;0.161;4.998;0.532;0.508;0.625;0.564;0.991;0.234;2.158;2.249;2.043;0.881;0.073
12105;0.164;0.161;4.998;0.532;0.513;0.625;0.569;0.991;0.234;2.227;2.239;2.07;0.884;0.073
12106;0.164;0.161;4.998;0.542;0.515;0.625;0.571;0.991;0.234;2.302;2.236;2.097;0.891;0.071
12107;0.161;0.161;4.998;0.52;0.518;0.625;0.571;0.991;0.234;2.38;2.241;2.119;0.886;0.073
12108;0.161;0.166;4.998;0.54;0.52;0.623;0.581;0.991;0.234;2.463;2.266;2.139;0.889;0.073
12109;0.164;0.166;4.998;0.537;0.52;0.625;0.588;0.989;0.232;2.551;2.317;2.158;0.886;0.068
12110;0.159;0.166;4.998;0.522;0.52;0.62;0.593;0.986;0.234;2.654;2.397;2.178;0.889;0.071
12111;0.161;0.166;4.998;0.522;0.522;0.62;0.591;0.989;0.232;2.766;2.495;2.188;0.886;0.073
12112;0.156;0.166;4.998;0.532;0.522;0.62;0.586;0.989;0.234;2.898;2.625;2.207;0.886;0.068
12113;0.159;0.166;4.998;0.532;0.527;0.618;0.583;0.991;0.232;3.027;2.761;2.214;0.884;0.071
12114;0.159;0.166;4.998;0.535;0.527;0.62;0.579;0.989;0.232;3.152;2.913;2.229;0.881;0.068
12115;0.161;0.168;4.998;0.552;0.527;0.623;0.574;0.991;0.229;3.247;3.064;2.234;0.881;0.068
12116;0.159;0.166;4.998;0.549;0.525;0.62;0.571;0.991;0.229;3.311;3.208;2.241;0.876;0.066
12117;0.156;0.166;4.998;0.549;0.527;0.623;0.571;0.989;0.227;3.354;3.33;2.251;0.874;0.066
12118;0.156;0.164;4.998;0.547;0.525;0.627;0.576;0.991;0.232;3.372;3.423;2.261;0.867;0.063
12119;0.159;0.164;4.998;0.559;0.53;0.63;0.579;0.994;0.225;3.369;3.469;2.268;0.867;0.063
12120;0.156;0.164;4.998;0.552;0.527;0.635;0.583;0.991;0.225;3.357;3.489;2.275;0.859;0.063
12121;0.154;0.161;4.998;0.544;0.527;0.637;0.586;0.981;0.22;3.333;3.484;2.278;0.859;0.066
12122;0.161;0.161;3.069;0.549;0.527;0.642;0.593;0.989;0.217;3.301;3.472;2.275;0.859;0.068
12123;0.161;0.159;1.626;0.552;0.53;0.645;0.596;0.989;0.215;3.284;3.452;2.271;0.85;0.063
12124;0.161;0.159;0.835;0.544;0.525;0.642;0.605;0.991;0.217;3.274;3.428;2.261;0.85;0.063
12125;0.164;0.159;0.601;0.547;0.522;0.647;0.608;0.991;0.212;3.267;3.396;2.246;0.833;0.061
12126;0.166;0.159;0.405;0.542;0.522;0.645;0.613;0.996;0.21;3.264;3.354;2.224;0.833;0.061
12127;0.164;0.159;0.483;0.53;0.518;0.645;0.615;0.994;0.208;3.269;3.308;2.207;0.823;0.059
12128;0.168;0.156;0.391;0.53;0.518;0.642;0.615;0.989;0.208;3.281;3.262;2.19;0.818;0.059
12129;0.168;0.159;0.249;0.527;0.51;0.642;0.608;0.981;0.203;3.296;3.218;2.146;0.813;0.059
12130;0.173;0.159;0.291;0.535;0.508;0.64;0.603;0.984;0.203;3.32;3.179;2.112;0.808;0.059
12131;0.171;0.159;0.317;0.527;0.503;0.64;0.596;0.981;0.2;3.357;3.145;2.063;0.801;0.061
12132;0.176;0.159;0.347;0.535;0.503;0.64;0.588;0.991;0.2;3.403;3.113;2.007;0.796;0.056
12133;0.176;0.159;0.955;0.53;0.496;0.635;0.588;0.986;0.2;3.455;3.079;1.948;0.793;0.061
12134;0.176;0.159;0.439;0.525;0.505;0.637;0.591;0.994;0.195;3.508;3.044;1.882;0.779;0.056
12135;0.176;0.159;0.391;0.52;0.503;0.635;0.591;0.991;0.198;3.555;3.01;1.821;0.779;0.059
12136;0.178;0.159;0.461;0.522;0.498;0.637;0.588;0.994;0.198;3.582;2.981;1.765;0.774;0.059
12137;0.178;0.159;0.559;0.53;0.51;0.635;0.588;0.989;0.195;3.579;2.949;1.704;0.769;0.059
12138;0.178;0.159;0.32;0.537;0.51;0.635;0.588;0.991;0.195;3.552;2.917;1.648;0.762;0.059
12139;0.173;0.159;0.322;0.537;0.508;0.635;0.586;0.996;0.198;3.503;2.886;1.594;0.762;0.056
12140;0.176;0.161;0.339;0.542;0.513;0.635;0.591;0.996;0.198;3.442;2.849;1.536;0.752;0.054
12141;0.173;0.161;0.295;0.542;0.515;0.635;0.591;0.991;0.195;3.376;2.805;1.479;0.75;0.054
12142;0.173;0.161;0.264;0.535;0.518;0.63;0.593;0.991;0.2;3.303;2.769;1.428;0.745;0.056
12143;0.168;0.161;0.208;0.532;0.515;0.63;0.591;0.994;0.198;3.218;2.725;1.375;0.742;0.054
12144;0.168;0.159;0.186;0.53;0.513;0.63;0.593;0.996;0.2;3.127;2.695;1.326;0.735;0.054
12145;0.166;0.161;0.237;0.525;0.51;0.635;0.591;0.994;0.2;3.035;2.671;1.279;0.735;0.056
12146;0.164;0.164;0.417;0.522;0.508;0.632;0.591;0.996;0.203;2.947;2.646;1.235;0.732;0.056
12147;0.161;0.161;0.796;0.522;0.508;0.632;0.591;0.996;0.203;2.859;2.615;1.196;0.73;0.056
12148;0.159;0.159;0.823;0.52;0.503;0.632;0.593;0.994;0.205;2.773;2.588;1.157;0.728;0.056
12149;0.161;0.159;1.272;0.52;0.496;0.63;0.593;0.984;0.205;2.688;2.568;1.121;0.728;0.054
12150;0.161;0.156;0.94;0.518;0.503;0.627;0.591;0.981;0.208;2.607;2.571;1.084;0.723;0.054
12151;0.161;0.156;1.055;0.515;0.493;0.63;0.588;0.984;0.21;2.522;2.598;1.052;0.725;0.056
12152;0.161;0.156;1.106;0.51;0.498;0.623;0.588;0.984;0.208;2.449;2.644;1.023;0.72;0.051
12153;0.166;0.156;0.806;0.51;0.5;0.623;0.581;0.979;0.215;2.371;2.705;0.996;0.718;0.051
12154;0.166;0.154;0.835;0.515;0.5;0.62;0.579;0.981;0.217;2.29;2.769;0.969;0.72;0.054
12155;0.168;0.156;0.696;0.515;0.5;0.615;0.579;0.986;0.217;2.214;2.839;0.945;0.718;0.051
12156;0.166;0.154;1.096;0.503;0.503;0.61;0.586;0.984;0.22;2.144;2.908;0.923;0.72;0.054
12157;0.168;0.156;0.793;0.505;0.503;0.61;0.583;0.981;0.225;2.075;2.969;0.901;0.72;0.051
12158;0.166;0.154;0.432;0.5;0.498;0.605;0.586;0.979;0.222;2.012;3.008;0.876;0.72;0.054
12159;0.166;0.159;0.701;0.5;0.493;0.605;0.586;0.974;0.225;1.96;3.04;0.864;0.72;0.051
12160;0.168;0.159;0.698;0.505;0.498;0.603;0.588;0.972;0.227;1.919;3.054;0.85;0.718;0.051
12161;0.168;0.156;0.784;0.508;0.493;0.603;0.593;0.972;0.229;1.902;3.076;0.835;0.72;0.049
12162;0.171;0.154;0.803;0.51;0.486;0.601;0.591;0.972;0.227;1.902;3.091;0.82;0.718;0.049
12163;0.168;0.156;0.798;0.515;0.476;0.598;0.596;0.977;0.232;1.929;3.108;0.811;0.72;0.046
12164;0.168;0.156;0.889;0.513;0.474;0.596;0.596;0.967;0.229;1.968;3.123;0.801;0.718;0.046
12165;0.166;0.154;0.811;0.513;0.476;0.596;0.601;0.969;0.229;2.024;3.137;0.791;0.728;0.049
12166;0.166;0.156;0.474;0.518;0.464;0.596;0.601;0.972;0.229;2.092;3.147;0.781;0.718;0.042
12167;0.166;0.156;0.405;0.513;0.466;0.601;0.598;0.969;0.229;2.18;3.154;0.774;0.723;0.046
12168;0.166;0.159;0.315;0.525;0.469;0.601;0.598;0.972;0.227;2.261;3.149;0.767;0.725;0.046
12169;0.168;0.159;0.3;0.518;0.464;0.605;0.596;0.969;0.229;2.339;3.137;0.764;0.723;0.046
12170;0.164;0.159;0.396;0.52;0.461;0.603;0.593;0.969;0.229;2.419;3.125;0.759;0.728;0.042
12171;0.166;0.159;0.527;0.52;0.454;0.603;0.596;0.969;0.229;2.512;3.103;0.764;0.732;0.042
12172;0.164;0.159;0.481;0.518;0.457;0.601;0.598;0.972;0.227;2.612;3.079;0.767;0.737;0.046
12173;0.161;0.161;0.53;0.52;0.461;0.603;0.598;0.972;0.229;2.715;3.054;0.776;0.737;0.044
12174;0.166;0.159;0.549;0.525;0.461;0.605;0.603;0.977;0.229;2.817;3.037;0.789;0.74;0.042
12175;0.164;0.161;0.583;0.535;0.461;0.605;0.601;0.974;0.227;2.913;3.03;0.796;0.745;0.046
12176;0.164;0.161;0.61;0.542;0.466;0.601;0.601;0.972;0.229;3.01;3.027;0.808;0.75;0.042
12177;0.164;0.161;0.671;0.544;0.471;0.596;0.603;0.972;0.229;3.098;3.03;0.82;0.752;0.046
12178;0.161;0.164;0.42;0.537;0.479;0.593;0.608;0.974;0.229;3.167;3.049;0.825;0.759;0.042
12179;0.161;0.164;0.354;0.54;0.476;0.591;0.61;0.969;0.227;3.208;3.074;0.837;0.762;0.042
12180;0.161;0.164;0.518;0.537;0.483;0.586;0.61;0.969;0.229;3.218;3.105;0.847;0.767;0.042
12181;0.164;0.166;0.566;0.54;0.483;0.586;0.605;0.967;0.227;3.203;3.132;0.854;0.767;0.044
12182;0.164;0.164;0.356;0.542;0.481;0.583;0.601;0.967;0.227;3.176;3.162;0.859;0.771;0.044
12183;0.166;0.164;0.566;0.544;0.481;0.586;0.596;0.969;0.225;3.149;3.181;0.867;0.776;0.042
12184;0.168;0.164;0.479;0.544;0.479;0.586;0.588;0.967;0.227;3.108;3.208;0.872;0.781;0.046
12185;0.168;0.164;0.486;0.54;0.471;0.586;0.588;0.962;0.222;3.062;3.235;0.876;0.786;0.044
12186;0.168;0.164;0.347;0.542;0.476;0.588;0.586;0.962;0.222;3.018;3.267;0.879;0.791;0.044
12187;0.166;0.164;0.344;0.54;0.466;0.593;0.586;0.962;0.222;2.974;3.301;0.881;0.793;0.044
12188;0.168;0.164;0.281;0.54;0.461;0.593;0.586;0.964;0.22;2.935;3.345;0.879;0.798;0.044
12189;0.168;0.164;0.225;0.54;0.461;0.596;0.586;0.964;0.22;2.893;3.396;0.879;0.798;0.046
12190;0.168;0.164;0.266;0.537;0.459;0.593;0.581;0.959;0.217;2.852;3.455;0.872;0.801;0.044
12191;0.166;0.161;0.21;0.537;0.461;0.591;0.581;0.959;0.22;2.822;3.528;0.869;0.808;0.044
12192;0.168;0.164;0.234;0.53;0.461;0.588;0.581;0.964;0.215;2.803;3.606;0.862;0.808;0.046
12193;0.171;0.164;0.198;0.53;0.466;0.588;0.579;0.964;0.215;2.803;3.689;0.857;0.811;0.044
12194;0.168;0.164;0.176;0.525;0.471;0.588;0.581;0.964;0.215;2.808;3.772;0.847;0.813;0.046
12195;0.166;0.164;0.232;0.52;0.471;0.588;0.583;0.964;0.212;2.815;3.862;0.84;0.815;0.039
12196;0.166;0.164;0.171;0.518;0.476;0.588;0.583;0.964;0.215;2.827;3.955;0.83;0.818;0.039
12197;0.168;0.164;0.195;0.515;0.476;0.591;0.583;0.955;0.212;2.839;4.05;0.828;0.823;0.046
12198;0.168;0.164;0.159;0.51;0.481;0.591;0.581;0.959;0.21;2.844;4.136;0.82;0.825;0.044
12199;0.168;0.166;0.146;0.508;0.481;0.593;0.581;0.964;0.21;2.844;4.211;0.82;0.823;0.046
12200;0.166;0.166;0.186;0.5;0.483;0.593;0.581;0.962;0.208;2.83;4.27;0.82;0.828;0.044
12201;0.168;0.164;0.154;0.498;0.481;0.601;0.583;0.962;0.21;2.82;4.316;0.82;0.828;0.042
12202;0.166;0.166;0.154;0.496;0.481;0.601;0.581;0.962;0.208;2.817;4.353;0.82;0.833;0.046
12203;0.164;0.164;0.129;0.496;0.481;0.605;0.581;0.957;0.205;2.834;4.387;0.825;0.835;0.046
12204;0.164;0.164;0.129;0.491;0.486;0.61;0.579;0.952;0.205;2.852;4.412;0.828;0.835;0.044
12205;0.164;0.164;0.129;0.486;0.481;0.613;0.579;0.955;0.205;2.881;4.438;0.833;0.837;0.046
12206;0.166;0.164;0.117;0.486;0.483;0.62;0.576;0.959;0.205;2.891;4.463;0.837;0.84;0.049
12207;0.166;0.164;0.12;0.491;0.483;0.623;0.581;0.957;0.205;2.886;4.495;0.845;0.837;0.044
12208;0.164;0.161;0.112;0.491;0.488;0.623;0.583;0.955;0.205;2.871;4.524;0.85;0.845;0.044
12209;0.159;0.164;0.107;0.496;0.486;0.623;0.588;0.959;0.205;2.849;4.553;0.854;0.85;0.046
12210;0.161;0.164;0.127;0.498;0.486;0.625;0.593;0.959;0.205;2.815;4.58;0.854;0.854;0.049
12211;0.159;0.166;0.129;0.5;0.483;0.623;0.596;0.95;0.203;2.781;4.607;0.85;0.857;0.044
12212;0.159;0.166;0.125;0.503;0.479;0.623;0.596;0.947;0.205;2.747;4.636;0.85;0.859;0.044
12213;0.159;0.168;0.12;0.505;0.481;0.62;0.591;0.947;0.205;2.705;4.658;0.842;0.867;0.046
12214;0.159;0.166;0.127;0.51;0.479;0.623;0.593;0.95;0.205;2.668;4.68;0.84;0.872;0.042
12215;0.156;0.166;0.125;0.513;0.474;0.623;0.588;0.942;0.208;2.637;4.709;0.837;0.872;0.044
12216;0.156;0.168;0.125;0.515;0.471;0.625;0.583;0.947;0.205;2.6;4.727;0.83;0.881;0.044
12217;0.156;0.168;0.122;0.52;0.474;0.623;0.581;0.95;0.203;2.573;4.749;0.83;0.886;0.046
12218;0.156;0.171;0.125;0.522;0.476;0.625;0.579;0.95;0.205;2.554;4.758;0.833;0.891;0.046
12219;0.154;0.168;0.12;0.522;0.474;0.623;0.574;0.952;0.203;2.539;4.749;0.833;0.894;0.044
12220;0.154;0.168;0.127;0.522;0.474;0.625;0.569;0.955;0.203;2.534;4.707;0.83;0.896;0.044
12221;0.154;0.166;0.127;0.522;0.481;0.625;0.569;0.957;0.205;2.537;4.629;0.833;0.898;0.042
12222;0.154;0.168;0.127;0.522;0.483;0.625;0.571;0.955;0.203;2.529;4.519;0.83;0.903;0.044
12223;0.154;0.168;0.125;0.518;0.486;0.625;0.579;0.955;0.203;2.529;4.397;0.83;0.906;0.044
12224;0.154;0.171;0.129;0.515;0.481;0.625;0.583;0.95;0.203;2.537;4.265;0.828;0.903;0.044
12225;0.154;0.168;0.127;0.513;0.488;0.623;0.588;0.945;0.203;2.556;4.136;0.83;0.906;0.044
12226;0.154;0.166;0.132;0.515;0.481;0.623;0.588;0.945;0.2;2.576;4.006;0.828;0.906;0.046
12227;0.156;0.166;0.132;0.513;0.481;0.62;0.588;0.947;0.203;2.6;3.872;0.83;0.903;0.044
12228;0.159;0.164;0.134;0.513;0.479;0.623;0.588;0.95;0.2;2.632;3.743;0.833;0.903;0.049
12229;0.161;0.166;0.129;0.518;0.474;0.62;0.583;0.952;0.2;2.666;3.611;0.833;0.901;0.046
12230;0.161;0.166;0.122;0.518;0.474;0.62;0.581;0.957;0.198;2.717;3.481;0.825;0.898;0.044
12231;0.164;0.164;0.129;0.518;0.474;0.62;0.581;0.957;0.198;2.771;3.347;0.83;0.901;0.044
12232;0.166;0.164;0.129;0.52;0.474;0.615;0.581;0.95;0.2;2.82;3.22;0.823;0.894;0.046
12233;0.166;0.161;0.142;0.515;0.471;0.618;0.579;0.95;0.2;2.856;3.098;0.818;0.891;0.046
12234;0.168;0.161;0.142;0.515;0.474;0.62;0.576;0.95;0.2;2.874;2.981;0.806;0.886;0.042
12235;0.171;0.161;0.137;0.515;0.471;0.623;0.574;0.95;0.2;2.874;2.871;0.796;0.889;0.049
12236;0.171;0.164;0.134;0.52;0.469;0.623;0.574;0.947;0.2;2.869;2.759;0.789;0.884;0.042
12237;0.171;0.164;0.137;0.52;0.474;0.62;0.576;0.947;0.198;2.852;2.656;0.786;0.884;0.044
12238;0.173;0.161;0.134;0.52;0.471;0.62;0.576;0.95;0.195;2.83;2.556;0.789;0.879;0.046
12239;0.173;0.164;0.137;0.518;0.469;0.618;0.576;0.945;0.198;2.805;2.461;0.793;0.879;0.044
12240;0.176;0.164;0.129;0.515;0.466;0.618;0.576;0.945;0.193;2.778;2.371;0.801;0.874;0.046
12241;0.171;0.161;0.132;0.515;0.464;0.615;0.574;0.947;0.19;2.756;2.283;0.813;0.874;0.044
12242;0.173;0.161;0.127;0.518;0.461;0.615;0.571;0.95;0.19;2.734;2.202;0.828;0.869;0.044
12243;0.171;0.164;0.122;0.515;0.464;0.613;0.566;0.947;0.186;2.712;2.124;0.84;0.867;0.046
12244;0.168;0.161;0.12;0.515;0.466;0.615;0.562;0.95;0.188;2.698;2.056;0.854;0.864;0.042
12245;0.168;0.159;0.107;0.513;0.471;0.61;0.559;0.947;0.183;2.69;1.982;0.869;0.862;0.046
12246;0.168;0.159;0.103;0.51;0.474;0.61;0.557;0.947;0.186;2.7;1.917;0.884;0.859;0.044
12247;0.166;0.159;0.1;0.51;0.476;0.61;0.557;0.947;0.181;2.71;1.855;0.901;0.852;0.042
12248;0.164;0.156;0.103;0.515;0.476;0.61;0.562;0.955;0.183;2.734;1.799;0.923;0.852;0.044
12249;0.164;0.156;0.1;0.513;0.479;0.613;0.564;0.95;0.181;2.766;1.741;0.947;0.85;0.044
12250;0.161;0.154;0.098;0.513;0.479;0.61;0.564;0.95;0.178;2.8;1.682;0.967;0.845;0.042
12251;0.164;0.151;0.095;0.515;0.476;0.61;0.566;0.95;0.178;2.839;1.631;0.989;0.842;0.044
12252;0.164;0.154;0.093;0.515;0.476;0.605;0.564;0.955;0.173;2.871;1.58;1.011;0.837;0.044
12253;0.161;0.154;0.1;0.515;0.474;0.603;0.566;0.952;0.176;2.905;1.533;1.035;0.835;0.044
12254;0.161;0.154;0.103;0.52;0.464;0.601;0.566;0.947;0.176;2.932;1.489;1.055;0.83;0.044
12255;0.161;0.154;0.105;0.518;0.466;0.598;0.569;0.95;0.171;2.944;1.445;1.069;0.82;0.044
12256;0.161;0.151;0.112;0.515;0.461;0.598;0.566;0.952;0.171;2.937;1.406;1.084;0.811;0.044
12257;0.164;0.151;0.117;0.518;0.464;0.598;0.569;0.947;0.171;2.903;1.372;1.091;0.808;0.044
12258;0.161;0.154;0.12;0.515;0.464;0.598;0.566;0.952;0.168;2.849;1.335;1.099;0.798;0.042
12259;0.164;0.154;0.127;0.508;0.464;0.601;0.564;0.952;0.168;2.791;1.304;1.106;0.793;0.046
12260;0.166;0.156;0.132;0.508;0.461;0.596;0.566;0.952;0.171;2.734;1.272;1.106;0.781;0.042
12261;0.168;0.156;0.127;0.498;0.464;0.598;0.564;0.952;0.171;2.69;1.24;1.111;0.776;0.044
12262;0.168;0.154;0.127;0.496;0.464;0.598;0.566;0.959;0.171;2.661;1.201;1.108;0.767;0.042
12263;0.171;0.156;0.127;0.491;0.469;0.601;0.566;0.957;0.176;2.649;1.167;1.113;0.757;0.044
12264;0.168;0.161;0.134;0.486;0.471;0.601;0.571;0.955;0.176;2.649;1.13;1.116;0.752;0.044
12265;0.166;0.161;0.127;0.483;0.474;0.603;0.571;0.955;0.181;2.654;1.094;1.123;0.747;0.046
12266;0.168;0.159;0.129;0.479;0.476;0.603;0.569;0.957;0.19;2.656;1.057;1.125;0.735;0.046
12267;0.166;0.161;0.122;0.476;0.476;0.598;0.569;0.955;0.193;2.646;1.021;1.133;0.728;0.044
12268;0.166;0.161;0.12;0.474;0.474;0.601;0.571;0.955;0.195;2.627;0.981;1.14;0.72;0.044
12269;0.164;0.161;0.12;0.474;0.476;0.596;0.574;0.959;0.205;2.605;0.952;1.145;0.715;0.049
12270;0.161;0.164;0.12;0.474;0.474;0.596;0.571;0.959;0.212;2.585;0.923;1.15;0.703;0.044
12271;0.159;0.161;0.122;0.471;0.479;0.593;0.566;0.955;0.215;2.573;0.898;1.15;0.698;0.044
12272;0.156;0.159;0.12;0.469;0.479;0.593;0.566;0.957;0.227;2.576;0.881;1.152;0.693;0.049
12273;0.154;0.159;0.117;0.466;0.481;0.593;0.564;0.959;0.234;2.595;0.869;1.152;0.686;0.042
12274;0.154;0.159;0.112;0.469;0.479;0.588;0.557;0.957;0.239;2.62;0.857;1.157;0.676;0.049
12275;0.151;0.159;0.107;0.469;0.486;0.591;0.554;0.957;0.247;2.656;0.852;1.157;0.669;0.046
12276;0.149;0.159;0.105;0.471;0.488;0.586;0.552;0.957;0.254;2.698;0.857;1.157;0.667;0.049
12277;0.146;0.159;0.11;0.474;0.488;0.588;0.549;0.959;0.259;2.739;0.864;1.157;0.659;0.046
12278;0.149;0.161;0.107;0.471;0.488;0.586;0.549;0.962;0.261;2.764;0.879;1.155;0.649;0.046
12279;0.146;0.159;0.11;0.474;0.483;0.583;0.552;0.959;0.269;2.783;0.906;1.155;0.642;0.046
12280;0.149;0.156;0.11;0.474;0.481;0.583;0.549;0.964;0.271;2.791;0.94;1.15;0.637;0.049
12281;0.149;0.159;0.112;0.479;0.479;0.581;0.549;0.967;0.271;2.803;0.979;1.145;0.632;0.049
12282;0.151;0.159;0.112;0.479;0.479;0.579;0.549;0.967;0.276;2.827;1.028;1.143;0.623;0.049
12283;0.151;0.159;0.115;0.483;0.479;0.579;0.549;0.972;0.278;2.847;1.072;1.138;0.618;0.049
12284;0.154;0.161;0.115;0.486;0.481;0.576;0.547;0.974;0.278;2.876;1.128;1.13;0.61;0.049
12285;0.156;0.159;0.117;0.483;0.483;0.579;0.554;0.979;0.278;2.9;1.179;1.13;0.603;0.049
12286;0.156;0.161;0.12;0.483;0.483;0.576;0.559;0.979;0.281;2.92;1.233;1.128;0.598;0.051
12287;0.159;0.161;0.12;0.486;0.486;0.579;0.562;0.984;0.281;2.939;1.287;1.125;0.588;0.049
12288;0.161;0.159;0.112;0.486;0.491;0.576;0.566;0.979;0.281;2.954;1.328;1.121;0.581;0.051
12289;0.164;0.159;0.11;0.491;0.491;0.579;0.569;0.974;0.281;2.961;1.362;1.116;0.576;0.051
12290;0.166;0.161;0.107;0.491;0.491;0.586;0.569;0.974;0.281;2.964;1.389;1.106;0.571;0.054
12291;0.166;0.159;0.107;0.491;0.491;0.586;0.574;0.979;0.286;2.964;1.414;1.101;0.564;0.049
12292;0.168;0.159;0.11;0.488;0.493;0.591;0.574;0.974;0.281;2.961;1.426;1.091;0.552;0.049
12293;0.166;0.161;0.11;0.488;0.491;0.593;0.579;0.974;0.288;2.957;1.44;1.089;0.549;0.051
12294;0.166;0.159;0.112;0.486;0.496;0.591;0.579;0.972;0.291;2.947;1.45;1.084;0.544;0.051
12295;0.166;0.159;0.115;0.486;0.493;0.593;0.579;0.972;0.291;2.93;1.46;1.086;0.535;0.049
12296;0.166;0.161;0.115;0.486;0.496;0.591;0.574;0.969;0.295;2.913;1.472;1.089;0.535;0.051
12297;0.164;0.159;0.112;0.481;0.5;0.591;0.571;0.964;0.3;2.891;1.484;1.099;0.53;0.051
12298;0.164;0.159;0.11;0.479;0.5;0.591;0.566;0.964;0.303;2.866;1.499;1.106;0.525;0.049
12299;0.161;0.156;0.112;0.474;0.508;0.591;0.559;0.962;0.312;2.849;1.514;1.116;0.522;0.051
12300;0.161;0.156;0.105;0.469;0.51;0.591;0.554;0.962;0.317;2.844;1.533;1.125;0.52;0.051
12301;0.161;0.159;0.105;0.464;0.518;0.593;0.554;0.962;0.327;2.839;1.555;1.133;0.515;0.049
12302;0.161;0.156;0.098;0.461;0.522;0.588;0.547;0.957;0.339;2.837;1.584;1.14;0.513;0.051
12303;0.161;0.156;0.1;0.461;0.525;0.591;0.542;0.957;0.352;2.83;1.616;1.147;0.515;0.049
12304;0.161;0.156;0.095;0.459;0.525;0.591;0.542;0.964;0.361;2.817;1.653;1.152;0.51;0.051
12305;0.159;0.154;0.098;0.459;0.525;0.591;0.542;0.959;0.381;2.808;1.699;1.16;0.508;0.051
12306;0.159;0.156;0.1;0.454;0.522;0.591;0.544;0.955;0.393;2.788;1.741;1.16;0.505;0.046
12307;0.156;0.156;0.1;0.452;0.525;0.588;0.544;0.955;0.413;2.773;1.782;1.157;0.503;0.051
12308;0.154;0.156;0.103;0.452;0.52;0.588;0.547;0.955;0.427;2.754;1.819;1.157;0.503;0.049
12309;0.156;0.159;0.105;0.452;0.52;0.586;0.549;0.952;0.444;2.734;1.848;1.152;0.505;0.046
12310;0.154;0.156;0.105;0.454;0.52;0.583;0.547;0.94;0.461;2.717;1.863;1.15;0.505;0.049
12311;0.156;0.156;0.107;0.452;0.52;0.583;0.552;0.942;0.479;2.712;1.868;1.147;0.505;0.044
12312;0.151;0.156;0.103;0.449;0.52;0.583;0.554;0.942;0.491;2.705;1.853;1.143;0.505;0.046
12313;0.154;0.156;0.105;0.449;0.522;0.586;0.559;0.942;0.496;2.698;1.829;1.138;0.508;0.046
12314;0.151;0.156;0.107;0.449;0.52;0.583;0.562;0.945;0.505;2.69;1.79;1.128;0.503;0.051
12315;0.149;0.154;0.11;0.447;0.522;0.586;0.566;0.942;0.51;2.686;1.738;1.123;0.503;0.044
12316;0.149;0.154;0.115;0.449;0.52;0.588;0.571;0.942;0.513;2.676;1.675;1.116;0.505;0.046
12317;0.146;0.156;0.117;0.449;0.525;0.586;0.574;0.947;0.513;2.656;1.611;1.108;0.503;0.044
12318;0.142;0.151;0.117;0.449;0.522;0.593;0.571;0.945;0.508;2.639;1.543;1.104;0.508;0.046
12319;0.144;0.154;0.125;0.449;0.525;0.591;0.569;0.942;0.508;2.62;1.484;1.099;0.503;0.044
12320;0.144;0.151;0.125;0.449;0.525;0.593;0.566;0.935;0.505;2.612;1.433;1.096;0.505;0.046
12321;0.146;0.151;0.127;0.449;0.525;0.596;0.564;0.935;0.5;2.615;1.384;1.096;0.505;0.044
12322;0.146;0.151;0.125;0.449;0.527;0.596;0.559;0.935;0.5;2.62;1.35;1.101;0.508;0.046
12323;0.146;0.154;0.129;0.449;0.53;0.596;0.549;0.933;0.496;2.629;1.316;1.104;0.508;0.042
12324;0.151;0.154;0.125;0.449;0.532;0.598;0.547;0.935;0.498;2.654;1.299;1.116;0.508;0.044
12325;0.151;0.154;0.12;0.449;0.532;0.596;0.542;0.938;0.496;2.676;1.272;1.116;0.513;0.044
12326;0.154;0.154;0.117;0.449;0.535;0.598;0.544;0.938;0.496;2.703;1.25;1.118;0.515;0.042
12327;0.156;0.151;0.115;0.447;0.537;0.601;0.542;0.94;0.493;2.739;1.223;1.121;0.515;0.039
12328;0.159;0.154;0.117;0.444;0.542;0.598;0.542;0.938;0.493;2.783;1.199;1.123;0.515;0.042
12329;0.156;0.156;0.11;0.444;0.544;0.601;0.54;0.935;0.488;2.837;1.174;1.125;0.518;0.039
12330;0.161;0.154;0.11;0.444;0.542;0.601;0.54;0.933;0.491;2.917;1.16;1.133;0.518;0.037
12331;0.161;0.151;0.117;0.442;0.542;0.603;0.542;0.93;0.483;3.005;1.152;1.138;0.525;0.039
12332;0.159;0.156;0.112;0.437;0.54;0.603;0.542;0.928;0.488;3.105;1.165;1.15;0.525;0.039
12333;0.159;0.151;0.112;0.437;0.542;0.605;0.549;0.933;0.486;3.24;1.191;1.162;0.54;0.039
12334;0.159;0.156;0.11;0.439;0.542;0.605;0.554;0.933;0.483;3.379;1.235;1.182;0.535;0.034
12335;0.156;0.154;0.11;0.442;0.542;0.608;0.554;0.935;0.481;3.525;1.296;1.204;0.537;0.032
12336;0.151;0.159;0.11;0.442;0.547;0.61;0.559;0.94;0.481;3.665;1.37;1.233;0.544;0.034
12337;0.151;0.156;0.11;0.442;0.544;0.61;0.564;0.945;0.481;3.804;1.458;1.26;0.552;0.034
12338;0.146;0.156;0.112;0.439;0.544;0.61;0.569;0.945;0.481;3.926;1.555;1.287;0.554;0.032
12339;0.144;0.156;0.12;0.437;0.542;0.61;0.569;0.942;0.5;4.033;1.665;1.313;0.562;0.032
12340;0.144;0.159;0.239;0.432;0.537;0.605;0.574;0.942;0.53;4.109;1.78;1.335;0.566;0.037
12341;0.142;0.159;0.315;0.43;0.535;0.608;0.574;0.947;0.566;4.155;1.887;1.36;0.574;0.029
12342;0.142;0.156;0.393;0.43;0.53;0.608;0.574;0.945;0.588;4.189;1.978;1.379;0.581;0.039
12343;0.142;0.159;0.439;0.427;0.527;0.608;0.571;0.947;0.618;4.233;2.051;1.396;0.586;0.039
12344;0.139;0.159;0.432;0.43;0.52;0.608;0.566;0.947;0.654;4.294;2.107;1.409;0.588;0.037
12345;0.142;0.159;0.491;0.432;0.52;0.605;0.566;0.952;0.693;4.36;2.141;1.423;0.596;0.037
12346;0.144;0.161;0.493;0.435;0.518;0.603;0.566;0.95;0.732;4.436;2.161;1.436;0.605;0.039
12347;0.144;0.159;0.488;0.43;0.515;0.605;0.562;0.95;0.764;4.497;2.166;1.44;0.61;0.042
12348;0.146;0.159;0.498;0.435;0.513;0.605;0.562;0.952;0.796;4.553;2.163;1.46;0.615;0.044
12349;0.146;0.161;0.53;0.432;0.513;0.61;0.562;0.95;0.818;4.59;2.151;1.477;0.618;0.044
12350;0.151;0.159;0.654;0.43;0.508;0.61;0.562;0.947;0.835;4.612;2.124;1.499;0.62;0.042
12351;0.151;0.159;0.586;0.43;0.503;0.613;0.562;0.945;0.842;4.641;2.09;1.528;0.625;0.044
12352;0.154;0.159;0.576;0.425;0.498;0.613;0.562;0.947;0.845;4.663;2.043;1.553;0.63;0.044
12353;0.154;0.164;0.486;0.425;0.496;0.613;0.566;0.947;0.842;4.692;1.997;1.584;0.63;0.049
12354;0.154;0.161;0.503;0.422;0.493;0.61;0.566;0.947;0.847;4.727;1.948;1.609;0.632;0.046
12355;0.154;0.161;0.452;0.427;0.493;0.608;0.566;0.947;0.847;4.768;1.899;1.633;0.637;0.049
12356;0.154;0.164;0.452;0.427;0.493;0.605;0.562;0.947;0.845;4.807;1.851;1.66;0.637;0.049
12357;0.151;0.161;0.4;0.43;0.496;0.605;0.562;0.945;0.852;4.846;1.804;1.685;0.637;0.046
12358;0.151;0.164;0.469;0.43;0.498;0.603;0.562;0.947;0.857;4.885;1.758;1.704;0.642;0.051
12359;0.151;0.164;0.439;0.432;0.508;0.601;0.562;0.945;0.864;4.927;1.707;1.719;0.64;0.051
12360;0.154;0.166;0.437;0.432;0.513;0.601;0.562;0.947;0.872;4.985;1.655;1.731;0.64;0.049
12361;0.151;0.161;0.42;0.432;0.51;0.598;0.566;0.947;0.884;4.998;1.609;1.741;0.642;0.051
12362;0.149;0.164;0.33;0.435;0.51;0.598;0.571;0.947;0.886;4.998;1.56;1.741;0.645;0.054
12363;0.146;0.164;0.356;0.435;0.508;0.596;0.569;0.947;0.896;4.998;1.516;1.743;0.64;0.051
12364;0.146;0.164;0.391;0.432;0.503;0.593;0.569;0.947;0.911;4.998;1.472;1.738;0.64;0.051
12365;0.144;0.164;0.356;0.432;0.5;0.593;0.569;0.947;0.928;4.998;1.433;1.731;0.642;0.049
12366;0.144;0.164;0.391;0.43;0.491;0.593;0.566;0.95;0.95;4.998;1.396;1.719;0.64;0.051
12367;0.142;0.164;0.378;0.43;0.486;0.591;0.564;0.952;0.969;4.998;1.365;1.709;0.64;0.054
12368;0.139;0.161;0.366;0.432;0.486;0.588;0.562;0.95;0.984;4.998;1.333;1.692;0.642;0.056
12369;0.142;0.161;0.449;0.435;0.481;0.586;0.559;0.95;0.994;4.998;1.311;1.677;0.637;0.056
12370;0.137;0.159;0.359;0.435;0.479;0.586;0.552;0.952;0.999;4.883;1.296;1.663;0.64;0.056
12371;0.139;0.156;0.378;0.435;0.483;0.586;0.549;0.955;0.991;4.739;1.292;1.65;0.64;0.056
12372;0.137;0.156;0.41;0.43;0.483;0.579;0.547;0.952;0.989;4.585;1.294;1.643;0.635;0.054
12373;0.139;0.156;0.386;0.427;0.486;0.579;0.547;0.952;0.984;4.419;1.304;1.638;0.635;0.056
12374;0.139;0.159;0.439;0.422;0.491;0.579;0.544;0.952;0.981;4.25;1.318;1.636;0.635;0.056
12375;0.137;0.156;0.439;0.417;0.491;0.574;0.547;0.952;0.977;4.089;1.333;1.646;0.632;0.054
12376;0.137;0.159;0.396;0.413;0.488;0.574;0.549;0.947;0.977;3.928;1.35;1.658;0.632;0.051
12377;0.139;0.156;0.427;0.405;0.486;0.571;0.549;0.95;0.972;3.765;1.355;1.682;0.632;0.054
12378;0.139;0.156;0.396;0.4;0.483;0.571;0.547;0.952;0.972;3.611;1.362;1.711;0.632;0.056
12379;0.137;0.159;0.408;0.396;0.481;0.571;0.544;0.947;0.969;3.457;1.362;1.75;0.632;0.054
12380;0.137;0.159;0.398;0.393;0.476;0.571;0.544;0.945;0.969;3.308;1.36;1.78;0.63;0.049
12381;0.139;0.159;0.413;0.393;0.474;0.571;0.547;0.947;0.967;3.171;1.355;1.807;0.627;0.049
12382;0.139;0.159;0.432;0.396;0.469;0.571;0.547;0.945;0.969;3.04;1.343;1.824;0.635;0.056
12383;0.139;0.159;0.425;0.398;0.466;0.576;0.547;0.945;0.972;2.92;1.333;1.836;0.632;0.051
12384;0.137;0.159;0.408;0.398;0.464;0.574;0.544;0.942;0.972;2.803;1.326;1.841;0.632;0.051
12385;0.137;0.156;0.398;0.398;0.461;0.576;0.54;0.95;0.972;2.69;1.318;1.838;0.63;0.046
12386;0.137;0.156;0.376;0.4;0.461;0.576;0.537;0.938;0.972;2.593;1.321;1.841;0.632;0.054
12387;0.134;0.159;0.386;0.403;0.464;0.576;0.537;0.938;0.977;2.51;1.328;1.838;0.63;0.044
12388;0.134;0.156;0.374;0.405;0.469;0.571;0.54;0.94;0.984;2.449;1.353;1.841;0.637;0.051
12389;0.137;0.159;0.396;0.41;0.469;0.571;0.544;0.94;0.991;2.395;1.379;1.841;0.632;0.046
12390;0.134;0.154;0.376;0.415;0.471;0.569;0.547;0.94;1.003;2.344;1.421;1.846;0.64;0.054
12391;0.134;0.154;0.393;0.42;0.474;0.569;0.549;0.94;1.013;2.297;1.465;1.851;0.635;0.046
12392;0.137;0.156;0.371;0.417;0.474;0.569;0.552;0.945;1.018;2.241;1.506;1.855;0.635;0.046
12393;0.132;0.151;0.366;0.415;0.474;0.566;0.554;0.947;1.028;2.19;1.55;1.865;0.645;0.051
12394;0.134;0.154;0.361;0.413;0.474;0.566;0.557;0.945;1.028;2.139;1.58;1.877;0.64;0.044
12395;0.137;0.151;0.361;0.413;0.471;0.566;0.562;0.942;1.025;2.097;1.597;1.892;0.64;0.049
12396;0.137;0.149;0.371;0.417;0.466;0.566;0.564;0.945;1.028;2.065;1.602;1.907;0.64;0.046
12397;0.139;0.149;0.374;0.42;0.464;0.569;0.564;0.94;1.025;2.043;1.594;1.926;0.647;0.051
12398;0.139;0.151;0.371;0.417;0.466;0.566;0.562;0.942;1.021;2.026;1.58;1.941;0.645;0.046
12399;0.139;0.149;0.371;0.417;0.461;0.571;0.562;0.942;1.011;2.021;1.562;1.96;0.649;0.051
12400;0.137;0.146;0.376;0.417;0.464;0.571;0.557;0.945;1.001;2.031;1.543;1.98;0.649;0.049
12401;0.142;0.146;0.378;0.417;0.461;0.574;0.554;0.945;0.996;2.036;1.521;2;0.649;0.049
12402;0.139;0.146;0.374;0.42;0.459;0.579;0.552;0.94;0.989;2.036;1.497;2.024;0.652;0.049
12403;0.139;0.146;0.396;0.422;0.461;0.579;0.552;0.94;0.981;2.021;1.467;2.041;0.649;0.044
12404;0.142;0.144;0.391;0.42;0.461;0.581;0.547;0.942;0.972;2.002;1.443;2.065;0.649;0.049
12405;0.139;0.142;0.413;0.42;0.457;0.579;0.547;0.94;0.964;1.958;1.416;2.087;0.649;0.046
12406;0.139;0.144;0.41;0.415;0.461;0.581;0.542;0.945;0.957;1.919;1.392;2.109;0.652;0.049
12407;0.139;0.144;0.396;0.417;0.459;0.581;0.542;0.94;0.955;1.877;1.37;2.131;0.652;0.046
12408;0.139;0.142;0.396;0.417;0.457;0.579;0.544;0.94;0.945;1.833;1.35;2.151;0.649;0.046
12409;0.137;0.142;0.393;0.415;0.454;0.581;0.544;0.938;0.935;1.794;1.323;2.166;0.649;0.049
12410;0.137;0.142;0.417;0.41;0.457;0.579;0.542;0.94;0.93;1.78;1.306;2.178;0.649;0.044
12411;0.132;0.142;0.41;0.408;0.449;0.579;0.547;0.938;0.923;1.777;1.282;2.19;0.647;0.044
12412;0.137;0.139;0.405;0.403;0.449;0.576;0.547;0.935;0.92;1.787;1.252;2.202;0.645;0.042
12413;0.137;0.144;0.41;0.4;0.444;0.574;0.547;0.935;0.92;1.787;1.226;2.217;0.645;0.046
12414;0.137;0.144;0.398;0.398;0.447;0.576;0.549;0.938;0.911;1.782;1.189;2.224;0.647;0.046
12415;0.139;0.146;0.41;0.391;0.444;0.574;0.549;0.935;0.908;1.765;1.152;2.236;0.642;0.044
12416;0.139;0.146;0.386;0.391;0.439;0.574;0.549;0.938;0.908;1.75;1.121;2.246;0.645;0.044
12417;0.139;0.146;0.405;0.386;0.439;0.576;0.549;0.94;0.903;1.731;1.086;2.251;0.645;0.042
12418;0.144;0.151;0.403;0.383;0.442;0.576;0.544;0.933;0.896;1.711;1.045;2.256;0.645;0.049
12419;0.142;0.151;0.417;0.378;0.442;0.579;0.542;0.935;0.896;1.704;1.013;2.263;0.645;0.044
12420;0.144;0.154;0.413;0.378;0.439;0.581;0.537;0.935;0.886;1.699;0.977;2.263;0.64;0.044
12421;0.146;0.156;0.41;0.381;0.447;0.583;0.54;0.935;0.872;1.702;0.942;2.263;0.64;0.044
12422;0.144;0.156;0.396;0.388;0.439;0.588;0.537;0.933;0.862;1.716;0.908;2.261;0.635;0.039
12423;0.146;0.159;0.405;0.393;0.439;0.593;0.532;0.933;0.857;1.743;0.876;2.263;0.64;0.044
12424;0.149;0.161;0.396;0.4;0.439;0.593;0.535;0.93;0.859;1.78;0.847;2.266;0.632;0.042
12425;0.149;0.164;0.42;0.403;0.439;0.593;0.537;0.93;0.884;1.829;0.818;2.266;0.64;0.042
12426;0.149;0.166;0.408;0.403;0.439;0.593;0.537;0.93;0.935;1.88;0.789;2.263;0.632;0.039
12427;0.146;0.166;0.417;0.403;0.437;0.588;0.542;0.935;1.03;1.917;0.762;2.261;0.632;0.044
12428;0.144;0.168;0.415;0.405;0.432;0.588;0.542;0.928;1.179;1.941;0.735;2.256;0.635;0.042
12429;0.146;0.168;0.403;0.405;0.432;0.588;0.547;0.925;1.392;1.948;0.708;2.251;0.63;0.042
12430;0.146;0.171;0.398;0.4;0.425;0.586;0.542;0.925;1.646;1.938;0.679;2.236;0.632;0.042
12431;0.146;0.168;0.4;0.4;0.42;0.581;0.542;0.928;1.929;1.921;0.657;2.227;0.632;0.039
12432;0.146;0.166;0.391;0.4;0.42;0.583;0.54;0.928;2.209;1.895;0.632;2.209;0.632;0.042
12433;0.146;0.168;0.398;0.403;0.417;0.583;0.54;0.925;2.48;1.86;0.61;2.192;0.63;0.042
12434;0.146;0.164;0.396;0.405;0.417;0.583;0.54;0.928;2.742;1.826;0.586;2.178;0.625;0.042
12435;0.144;0.161;0.391;0.41;0.417;0.583;0.54;0.933;2.961;1.787;0.566;2.156;0.623;0.046
12436;0.144;0.161;0.386;0.41;0.417;0.583;0.54;0.925;3.137;1.748;0.547;2.134;0.625;0.039
12437;0.142;0.159;0.374;0.41;0.415;0.586;0.54;0.928;3.259;1.704;0.53;2.119;0.623;0.044
12438;0.142;0.156;0.376;0.41;0.417;0.586;0.54;0.928;3.323;1.66;0.513;2.1;0.618;0.042
12439;0.142;0.154;0.369;0.408;0.42;0.586;0.54;0.933;3.342;1.616;0.491;2.073;0.62;0.044
12440;0.142;0.149;0.388;0.408;0.422;0.581;0.537;0.933;3.32;1.567;0.474;2.053;0.618;0.042
12441;0.139;0.149;0.386;0.405;0.425;0.576;0.537;0.933;3.276;1.514;0.461;2.036;0.62;0.046
12442;0.142;0.149;0.398;0.408;0.432;0.576;0.535;0.935;3.213;1.455;0.444;2.021;0.623;0.044
12443;0.142;0.146;0.388;0.405;0.432;0.571;0.535;0.933;3.123;1.396;0.432;2.012;0.62;0.049
12444;0.142;0.146;0.4;0.408;0.43;0.569;0.535;0.93;3.015;1.35;0.422;1.997;0.613;0.042
12445;0.144;0.146;0.4;0.41;0.43;0.566;0.535;0.933;2.896;1.313;0.413;1.985;0.615;0.046
12446;0.142;0.144;0.41;0.408;0.427;0.566;0.535;0.928;2.778;1.299;0.408;1.973;0.613;0.039
12447;0.139;0.146;0.403;0.415;0.422;0.564;0.532;0.928;2.668;1.301;0.408;1.963;0.61;0.042
12448;0.142;0.144;0.42;0.417;0.422;0.564;0.53;0.928;2.563;1.304;0.403;1.953;0.61;0.042
12449;0.139;0.144;0.413;0.422;0.417;0.562;0.532;0.925;2.478;1.299;0.403;1.941;0.615;0.046
12450;0.139;0.146;0.43;0.425;0.413;0.564;0.527;0.93;2.407;1.282;0.4;1.929;0.613;0.044
12451;0.139;0.144;0.427;0.422;0.415;0.566;0.527;0.928;2.361;1.24;0.403;1.917;0.615;0.046
12452;0.142;0.146;0.42;0.425;0.413;0.566;0.53;0.93;2.324;1.189;0.408;1.907;0.613;0.039
12453;0.139;0.149;0.417;0.427;0.405;0.566;0.527;0.928;2.307;1.123;0.415;1.897;0.618;0.046
12454;0.142;0.146;0.417;0.425;0.4;0.566;0.527;0.93;2.295;1.057;0.422;1.887;0.618;0.046
12455;0.142;0.149;0.425;0.422;0.393;0.566;0.525;0.935;2.292;0.999;0.43;1.882;0.615;0.046
12456;0.142;0.149;0.437;0.42;0.388;0.564;0.522;0.93;2.29;0.947;0.449;1.875;0.618;0.049
12457;0.144;0.149;0.43;0.42;0.386;0.562;0.515;0.925;2.285;0.903;0.466;1.87;0.618;0.044
12458;0.146;0.149;0.432;0.417;0.383;0.562;0.508;0.925;2.266;0.862;0.483;1.865;0.618;0.046
12459;0.149;0.149;0.427;0.417;0.381;0.559;0.508;0.925;2.222;0.825;0.503;1.863;0.62;0.049
12460;0.151;0.151;0.432;0.422;0.383;0.557;0.508;0.928;2.166;0.796;0.52;1.863;0.623;0.044
12461;0.151;0.151;0.427;0.422;0.378;0.557;0.513;0.925;2.104;0.769;0.535;1.865;0.63;0.054
12462;0.151;0.151;0.425;0.422;0.381;0.552;0.513;0.928;2.039;0.728;0.54;1.865;0.627;0.046
12463;0.154;0.151;0.427;0.42;0.378;0.552;0.515;0.925;1.975;0.684;0.544;1.863;0.63;0.049
12464;0.154;0.154;0.425;0.413;0.376;0.552;0.518;0.925;1.919;0.647;0.547;1.86;0.632;0.051
12465;0.156;0.149;0.417;0.41;0.371;0.547;0.515;0.928;1.865;0.642;0.544;1.855;0.637;0.046
12466;0.156;0.151;0.427;0.408;0.369;0.549;0.515;0.933;1.812;0.662;0.544;1.848;0.637;0.049
12467;0.156;0.151;0.435;0.408;0.369;0.547;0.513;0.933;1.763;0.703;0.54;1.841;0.637;0.051
12468;0.154;0.149;0.444;0.408;0.369;0.547;0.508;0.93;1.716;0.752;0.532;1.826;0.64;0.049
12469;0.156;0.151;0.444;0.408;0.369;0.547;0.503;0.933;1.677;0.803;0.525;1.819;0.647;0.049
12470;0.151;0.149;0.449;0.405;0.374;0.547;0.503;0.935;1.646;0.845;0.52;1.807;0.652;0.059
12471;0.149;0.149;0.474;0.4;0.371;0.552;0.496;0.935;1.624;0.872;0.515;1.794;0.652;0.051
12472;0.151;0.149;0.476;0.4;0.371;0.549;0.491;0.93;1.604;0.889;0.508;1.787;0.652;0.051
12473;0.151;0.149;0.486;0.403;0.371;0.552;0.488;0.93;1.602;0.894;0.5;1.77;0.657;0.054
12474;0.149;0.146;0.557;0.405;0.371;0.554;0.491;0.935;1.609;0.881;0.498;1.758;0.654;0.054
12475;0.154;0.146;0.552;0.408;0.376;0.554;0.496;0.935;1.626;0.876;0.496;1.748;0.659;0.059
12476;0.151;0.146;0.566;0.413;0.376;0.554;0.496;0.938;1.641;0.862;0.488;1.736;0.657;0.051
12477;0.156;0.146;0.564;0.408;0.378;0.554;0.498;0.938;1.65;0.867;0.479;1.719;0.659;0.056
12478;0.151;0.146;0.564;0.403;0.381;0.554;0.5;0.94;1.663;0.911;0.471;1.711;0.657;0.051
12479;0.151;0.142;0.513;0.398;0.378;0.554;0.5;0.938;1.667;0.994;0.464;1.697;0.662;0.056
12480;0.151;0.144;0.535;0.398;0.376;0.557;0.505;0.938;1.667;1.104;0.454;1.687;0.662;0.054
12481;0.154;0.144;0.515;0.4;0.374;0.557;0.505;0.938;1.66;1.235;0.444;1.677;0.664;0.054
12482;0.154;0.142;0.698;0.403;0.369;0.554;0.508;0.94;1.648;1.367;0.439;1.667;0.659;0.051
12483;0.151;0.144;0.559;0.403;0.366;0.552;0.505;0.935;1.636;1.499;0.435;1.653;0.664;0.059
12484;0.151;0.144;0.691;0.405;0.366;0.549;0.505;0.935;1.619;1.611;0.425;1.638;0.664;0.056
12485;0.156;0.142;0.645;0.405;0.364;0.549;0.505;0.93;1.599;1.719;0.417;1.628;0.667;0.061
12486;0.156;0.144;0.862;0.413;0.361;0.549;0.503;0.928;1.572;1.802;0.41;1.616;0.667;0.059
12487;0.156;0.144;0.686;0.415;0.356;0.552;0.503;0.925;1.553;1.873;0.405;1.604;0.669;0.056
12488;0.156;0.144;0.649;0.417;0.359;0.549;0.5;0.93;1.531;1.924;0.405;1.592;0.669;0.061
12489;0.156;0.144;0.674;0.42;0.359;0.552;0.498;0.93;1.509;1.96;0.396;1.577;0.674;0.063
12490;0.159;0.144;0.601;0.42;0.359;0.552;0.5;0.93;1.494;1.987;0.393;1.57;0.669;0.061
12491;0.159;0.144;0.747;0.42;0.369;0.552;0.5;0.933;1.484;2.004;0.391;1.56;0.674;0.063
12492;0.156;0.146;0.769;0.417;0.371;0.552;0.5;0.933;1.484;2;0.386;1.553;0.674;0.063
12493;0.151;0.144;0.657;0.422;0.374;0.549;0.498;0.933;1.482;1.973;0.376;1.541;0.679;0.066
12494;0.151;0.149;0.659;0.422;0.376;0.549;0.496;0.928;1.484;1.943;0.369;1.528;0.676;0.063
12495;0.149;0.144;0.811;0.425;0.376;0.547;0.491;0.93;1.484;1.926;0.361;1.523;0.684;0.068
12496;0.149;0.144;0.847;0.425;0.376;0.54;0.488;0.93;1.475;1.914;0.354;1.516;0.681;0.063
12497;0.146;0.144;0.713;0.422;0.376;0.54;0.491;0.933;1.46;1.924;0.347;1.506;0.681;0.066
12498;0.149;0.146;0.605;0.417;0.376;0.54;0.491;0.935;1.443;1.929;0.339;1.501;0.684;0.066
12499;0.146;0.146;0.645;0.415;0.376;0.542;0.496;0.938;1.426;1.934;0.332;1.497;0.688;0.068
12500;0.146;0.146;0.574;0.41;0.374;0.544;0.496;0.938;1.406;1.924;0.33;1.497;0.691;0.068
12501;0.144;0.146;0.615;0.408;0.378;0.542;0.496;0.938;1.392;1.914;0.325;1.492;0.693;0.066
12502;0.144;0.144;0.737;0.403;0.376;0.54;0.491;0.938;1.384;1.892;0.322;1.494;0.693;0.068
12503;0.142;0.146;0.854;0.41;0.378;0.542;0.488;0.935;1.379;1.86;0.32;1.492;0.701;0.068
12504;0.144;0.146;0.842;0.408;0.388;0.542;0.486;0.938;1.387;1.821;0.317;1.494;0.703;0.068
12505;0.146;0.144;0.798;0.41;0.391;0.54;0.479;0.938;1.396;1.787;0.315;1.494;0.703;0.063
12506;0.149;0.146;0.828;0.41;0.396;0.537;0.476;0.938;1.414;1.748;0.31;1.494;0.703;0.066
12507;0.149;0.144;1.077;0.415;0.405;0.537;0.476;0.935;1.436;1.714;0.308;1.497;0.713;0.071
12508;0.146;0.144;0.708;0.42;0.41;0.535;0.474;0.938;1.455;1.675;0.305;1.494;0.71;0.066
12509;0.144;0.144;0.889;0.425;0.415;0.53;0.474;0.935;1.487;1.638;0.303;1.494;0.718;0.068
12510;0.146;0.144;0.813;0.427;0.417;0.532;0.476;0.938;1.521;1.604;0.298;1.499;0.718;0.066
12511;0.144;0.137;1.052;0.427;0.417;0.53;0.479;0.935;1.558;1.572;0.298;1.494;0.723;0.068
12512;0.146;0.142;0.886;0.427;0.415;0.527;0.479;0.938;1.589;1.526;0.293;1.494;0.723;0.068
12513;0.144;0.137;0.818;0.43;0.415;0.53;0.481;0.938;1.624;1.487;0.291;1.489;0.728;0.068
12514;0.146;0.137;0.781;0.435;0.408;0.532;0.483;0.938;1.65;1.445;0.286;1.492;0.73;0.068
12515;0.142;0.134;0.974;0.439;0.403;0.537;0.481;0.935;1.675;1.406;0.288;1.487;0.732;0.068
12516;0.144;0.134;0.959;0.442;0.4;0.54;0.486;0.94;1.694;1.37;0.286;1.484;0.735;0.068
12517;0.142;0.134;0.874;0.439;0.396;0.542;0.483;0.938;1.714;1.348;0.286;1.479;0.732;0.066
12518;0.142;0.134;1.03;0.439;0.396;0.547;0.481;0.938;1.726;1.338;0.286;1.475;0.74;0.068
12519;0.142;0.129;1.152;0.437;0.398;0.547;0.486;0.935;1.733;1.35;0.293;1.472;0.74;0.063
12520;0.144;0.132;1.423;0.439;0.398;0.547;0.486;0.938;1.729;1.375;0.295;1.467;0.74;0.063
12521;0.142;0.132;0.808;0.439;0.403;0.547;0.488;0.942;1.721;1.416;0.3;1.462;0.745;0.063
12522;0.144;0.132;0.925;0.442;0.408;0.547;0.491;0.942;1.707;1.462;0.305;1.46;0.742;0.063
12523;0.142;0.129;0.674;0.442;0.41;0.549;0.486;0.945;1.692;1.519;0.31;1.458;0.742;0.059
12524;0.137;0.127;0.923;0.437;0.413;0.544;0.483;0.945;1.672;1.567;0.312;1.455;0.75;0.066
12525;0.134;0.127;0.854;0.435;0.413;0.544;0.481;0.947;1.643;1.611;0.317;1.448;0.752;0.063
12526;0.134;0.129;0.874;0.43;0.41;0.544;0.479;0.945;1.609;1.658;0.322;1.445;0.747;0.059
12527;0.134;0.127;1.099;0.427;0.41;0.542;0.481;0.947;1.567;1.694;0.327;1.44;0.757;0.068
12528;0.132;0.127;1.282;0.425;0.41;0.542;0.481;0.947;1.538;1.738;0.332;1.438;0.754;0.063
12529;0.132;0.127;1.853;0.425;0.405;0.54;0.483;0.942;1.504;1.78;0.339;1.436;0.759;0.066
12530;0.129;0.129;1.36;0.425;0.403;0.54;0.486;0.945;1.479;1.816;0.347;1.433;0.762;0.063
12531;0.129;0.127;1.379;0.425;0.398;0.54;0.486;0.942;1.453;1.843;0.349;1.423;0.764;0.066
12532;0.127;0.129;1.494;0.422;0.398;0.54;0.486;0.938;1.418;1.865;0.354;1.423;0.767;0.066
12533;0.125;0.129;1.592;0.425;0.393;0.542;0.483;0.935;1.379;1.88;0.359;1.418;0.767;0.066
12534;0.122;0.132;1.206;0.425;0.391;0.544;0.486;0.935;1.335;1.899;0.361;1.414;0.771;0.063
12535;0.122;0.132;1.191;0.43;0.391;0.542;0.483;0.935;1.284;1.912;0.361;1.411;0.771;0.066
12536;0.122;0.132;1.179;0.43;0.391;0.544;0.486;0.933;1.228;1.929;0.366;1.404;0.779;0.066
12537;0.125;0.132;1.064;0.435;0.396;0.54;0.486;0.93;1.177;1.934;0.364;1.399;0.784;0.066
12538;0.122;0.132;0.901;0.439;0.396;0.54;0.483;0.93;1.143;1.938;0.366;1.392;0.781;0.066
12539;0.125;0.132;1.145;0.444;0.396;0.54;0.483;0.928;1.13;1.926;0.366;1.384;0.791;0.061
12540;0.125;0.132;1.279;0.442;0.393;0.537;0.481;0.928;1.147;1.919;0.371;1.379;0.793;0.068
12541;0.122;0.134;1.089;0.449;0.391;0.537;0.479;0.923;1.179;1.892;0.376;1.37;0.796;0.066
12542;0.12;0.134;1.033;0.454;0.391;0.535;0.476;0.925;1.216;1.863;0.383;1.365;0.798;0.063
12543;0.125;0.137;0.947;0.457;0.391;0.535;0.474;0.925;1.257;1.833;0.388;1.353;0.801;0.068
12544;0.125;0.137;0.94;0.464;0.393;0.532;0.474;0.92;1.284;1.804;0.398;1.343;0.806;0.063
12545;0.122;0.139;0.686;0.461;0.391;0.53;0.474;0.918;1.306;1.78;0.408;1.34;0.808;0.063
12546;0.122;0.139;0.63;0.466;0.386;0.53;0.476;0.92;1.34;1.763;0.417;1.331;0.808;0.061
12547;0.12;0.137;0.569;0.469;0.383;0.53;0.476;0.92;1.394;1.741;0.43;1.323;0.815;0.063
12548;0.122;0.137;0.571;0.474;0.383;0.53;0.479;0.92;1.467;1.714;0.437;1.313;0.818;0.061
12549;0.12;0.137;0.84;0.476;0.388;0.532;0.479;0.92;1.567;1.689;0.442;1.306;0.818;0.061
12550;0.125;0.139;0.671;0.476;0.388;0.53;0.476;0.918;1.707;1.66;0.444;1.299;0.815;0.056
12551;0.125;0.139;0.532;0.474;0.393;0.532;0.474;0.913;1.882;1.633;0.452;1.296;0.813;0.051
12552;0.125;0.137;0.542;0.471;0.391;0.535;0.474;0.916;2.092;1.594;0.459;1.292;0.825;0.063
12553;0.129;0.137;0.95;0.469;0.391;0.537;0.469;0.913;2.314;1.555;0.464;1.284;0.825;0.061
12554;0.127;0.137;0.972;0.471;0.393;0.54;0.471;0.913;2.537;1.509;0.476;1.277;0.825;0.059
12555;0.129;0.137;1.123;0.469;0.391;0.542;0.469;0.908;2.732;1.46;0.488;1.274;0.828;0.059
12556;0.132;0.137;0.876;0.469;0.391;0.544;0.464;0.908;2.896;1.411;0.5;1.274;0.83;0.059
12557;0.132;0.139;1.116;0.471;0.388;0.547;0.464;0.906;3.03;1.36;0.51;1.267;0.833;0.061
12558;0.137;0.137;1.218;0.474;0.383;0.552;0.464;0.908;3.147;1.318;0.527;1.267;0.833;0.061
12559;0.139;0.139;0.942;0.471;0.381;0.552;0.457;0.908;3.237;1.274;0.547;1.262;0.835;0.059
12560;0.142;0.142;1.128;0.474;0.376;0.552;0.459;0.906;3.308;1.235;0.576;1.257;0.835;0.063
12561;0.142;0.137;1.147;0.474;0.376;0.552;0.461;0.908;3.352;1.201;0.618;1.252;0.835;0.061
12562;0.142;0.137;0.862;0.479;0.374;0.552;0.461;0.906;3.381;1.167;0.664;1.243;0.835;0.059
12563;0.139;0.134;1.001;0.476;0.376;0.552;0.464;0.903;3.391;1.14;0.723;1.233;0.837;0.056
12564;0.142;0.134;0.923;0.476;0.383;0.552;0.466;0.901;3.401;1.116;0.786;1.221;0.837;0.059
12565;0.139;0.134;0.657;0.476;0.388;0.547;0.466;0.901;3.398;1.089;0.852;1.201;0.837;0.061
12566;0.139;0.137;0.537;0.474;0.398;0.547;0.466;0.901;3.398;1.062;0.925;1.184;0.84;0.059
12567;0.139;0.134;0.515;0.474;0.398;0.544;0.469;0.898;3.394;1.038;1.001;1.165;0.837;0.059
12568;0.142;0.134;0.532;0.469;0.4;0.544;0.466;0.898;3.376;1.011;1.069;1.138;0.837;0.059
12569;0.137;0.132;0.508;0.471;0.403;0.549;0.464;0.901;3.352;0.984;1.143;1.113;0.837;0.056
12570;0.134;0.132;0.505;0.469;0.405;0.549;0.464;0.903;3.325;0.959;1.213;1.089;0.837;0.054
12571;0.132;0.134;0.505;0.464;0.4;0.552;0.457;0.906;3.296;0.933;1.277;1.062;0.833;0.056
12572;0.129;0.137;0.518;0.459;0.403;0.552;0.454;0.913;3.262;0.908;1.345;1.04;0.833;0.054
12573;0.127;0.137;0.601;0.461;0.4;0.554;0.452;0.906;3.23;0.886;1.401;1.018;0.837;0.056
12574;0.127;0.137;0.676;0.457;0.396;0.549;0.452;0.908;3.191;0.859;1.458;1.006;0.837;0.054
12575;0.125;0.134;0.688;0.452;0.4;0.554;0.447;0.906;3.152;0.837;1.506;0.991;0.835;0.056
12576;0.122;0.134;0.61;0.454;0.398;0.554;0.449;0.908;3.105;0.813;1.553;0.981;0.837;0.054
12577;0.125;0.134;0.525;0.457;0.398;0.554;0.447;0.903;3.057;0.786;1.589;0.972;0.835;0.056
12578;0.12;0.137;0.496;0.457;0.396;0.554;0.442;0.903;3.003;0.769;1.626;0.967;0.837;0.056
12579;0.117;0.134;0.449;0.454;0.393;0.554;0.447;0.906;2.937;0.745;1.653;0.962;0.837;0.056
12580;0.122;0.137;0.435;0.452;0.393;0.549;0.444;0.906;2.866;0.72;1.682;0.959;0.835;0.054
12581;0.117;0.139;0.42;0.452;0.391;0.549;0.444;0.906;2.791;0.696;1.709;0.955;0.835;0.049
12582;0.12;0.139;0.41;0.452;0.391;0.544;0.447;0.906;2.744;0.674;1.743;0.952;0.835;0.051
12583;0.122;0.137;0.422;0.447;0.388;0.544;0.449;0.908;2.739;0.654;1.772;0.95;0.837;0.051
12584;0.125;0.142;0.432;0.447;0.391;0.54;0.452;0.906;2.791;0.632;1.802;0.947;0.835;0.046
12585;0.125;0.139;0.442;0.444;0.393;0.542;0.457;0.903;2.896;0.615;1.843;0.945;0.835;0.049
12586;0.125;0.137;0.432;0.442;0.398;0.54;0.459;0.901;3.054;0.596;1.89;0.942;0.835;0.042
12587;0.122;0.132;0.425;0.439;0.4;0.537;0.464;0.896;3.274;0.581;1.951;0.945;0.835;0.044
12588;0.122;0.139;0.425;0.435;0.403;0.542;0.466;0.898;3.525;0.564;2.021;0.947;0.833;0.044
12589;0.125;0.134;0.422;0.435;0.4;0.542;0.464;0.898;3.792;0.554;2.104;0.952;0.84;0.049
12590;0.122;0.137;0.422;0.43;0.403;0.547;0.461;0.898;4.072;0.537;2.195;0.952;0.833;0.042
12591;0.125;0.134;0.41;0.43;0.403;0.547;0.461;0.901;4.343;0.522;2.292;0.957;0.837;0.044
12592;0.122;0.132;0.413;0.427;0.403;0.549;0.459;0.903;4.59;0.51;2.395;0.962;0.84;0.044
12593;0.12;0.129;0.4;0.42;0.405;0.552;0.461;0.901;4.81;0.498;2.493;0.967;0.84;0.046
12594;0.12;0.127;0.4;0.422;0.403;0.554;0.461;0.903;4.998;0.486;2.585;0.972;0.84;0.039
12595;0.122;0.127;0.393;0.417;0.405;0.554;0.461;0.901;4.998;0.476;2.671;0.974;0.842;0.046
12596;0.122;0.127;0.4;0.417;0.405;0.552;0.464;0.903;4.998;0.461;2.751;0.981;0.842;0.042
12597;0.125;0.127;0.398;0.422;0.405;0.552;0.461;0.901;4.998;0.452;2.83;0.984;0.847;0.042
12598;0.122;0.125;0.405;0.425;0.408;0.549;0.461;0.901;4.998;0.437;2.913;0.989;0.845;0.042
12599;0.125;0.122;0.4;0.427;0.41;0.547;0.464;0.903;4.998;0.425;2.993;0.991;0.847;0.039
12600;0.125;0.125;0.4;0.427;0.41;0.544;0.464;0.906;4.998;0.415;3.062;0.996;0.85;0.046
12601;0.127;0.12;0.393;0.432;0.41;0.54;0.466;0.903;4.998;0.4;3.118;1.003;0.847;0.042
12602;0.127;0.12;0.396;0.435;0.41;0.54;0.466;0.906;4.998;0.393;3.162;1.006;0.845;0.042
12603;0.129;0.117;0.396;0.432;0.413;0.537;0.469;0.908;4.998;0.381;3.196;1.011;0.845;0.039
12604;0.132;0.117;0.396;0.43;0.415;0.537;0.469;0.906;4.998;0.371;3.22;1.018;0.845;0.039
12605;0.134;0.12;0.393;0.439;0.417;0.535;0.469;0.906;4.998;0.361;3.228;1.025;0.845;0.042
12606;0.134;0.117;0.393;0.442;0.425;0.542;0.466;0.908;4.998;0.359;3.228;1.033;0.85;0.037
12607;0.137;0.117;0.391;0.449;0.425;0.542;0.466;0.908;4.998;0.349;3.22;1.042;0.847;0.044
12608;0.139;0.115;0.386;0.457;0.427;0.542;0.464;0.906;4.998;0.347;3.213;1.047;0.852;0.042
12609;0.139;0.115;0.386;0.461;0.427;0.542;0.459;0.908;4.998;0.344;3.208;1.055;0.85;0.039
12610;0.142;0.112;0.386;0.464;0.43;0.544;0.457;0.911;4.998;0.344;3.21;1.06;0.847;0.037
12611;0.146;0.115;0.383;0.466;0.43;0.544;0.454;0.913;4.998;0.347;3.213;1.072;0.854;0.044
12612;0.151;0.117;0.388;0.469;0.425;0.549;0.457;0.913;4.998;0.347;3.218;1.077;0.857;0.044
12613;0.151;0.12;0.391;0.466;0.422;0.547;0.457;0.913;4.998;0.349;3.228;1.084;0.852;0.044
12614;0.149;0.12;0.388;0.461;0.417;0.547;0.454;0.913;4.998;0.349;3.232;1.089;0.857;0.044
12615;0.159;0.122;0.388;0.457;0.417;0.544;0.457;0.908;4.998;0.344;3.23;1.094;0.852;0.044
12616;0.154;0.127;0.388;0.452;0.417;0.54;0.454;0.911;4.998;0.344;3.215;1.096;0.859;0.049
12617;0.154;0.125;0.386;0.444;0.417;0.54;0.452;0.911;4.998;0.342;3.186;1.099;0.859;0.049
12618;0.154;0.127;0.388;0.437;0.417;0.537;0.452;0.908;4.998;0.337;3.154;1.099;0.857;0.051
12619;0.154;0.127;0.398;0.442;0.417;0.54;0.452;0.903;4.998;0.33;3.11;1.099;0.859;0.046
12620;0.151;0.129;0.403;0.437;0.417;0.542;0.454;0.906;4.998;0.322;3.074;1.096;0.862;0.049
12621;0.151;0.127;0.4;0.432;0.415;0.54;0.457;0.903;4.998;0.317;3.035;1.091;0.859;0.046
12622;0.149;0.125;0.41;0.432;0.415;0.544;0.459;0.898;4.998;0.312;2.998;1.089;0.862;0.049
12623;0.149;0.125;0.444;0.43;0.417;0.547;0.457;0.898;4.998;0.312;2.969;1.086;0.864;0.051
12624;0.144;0.122;0.757;0.43;0.42;0.552;0.459;0.903;4.998;0.31;2.935;1.086;0.864;0.049
12625;0.142;0.12;1.633;0.422;0.422;0.547;0.459;0.901;4.998;0.308;2.893;1.079;0.867;0.049
12626;0.144;0.12;4.998;0.417;0.425;0.547;0.461;0.901;4.998;0.3;2.839;1.072;0.876;0.054
12627;0.142;0.115;4.998;0.41;0.425;0.549;0.466;0.901;4.998;0.293;2.781;1.067;0.872;0.046
12628;0.144;0.12;4.998;0.413;0.427;0.547;0.471;0.898;4.998;0.291;2.725;1.06;0.879;0.051
12629;0.144;0.115;4.998;0.408;0.43;0.544;0.474;0.896;4.998;0.281;2.661;1.052;0.881;0.049
12630;0.144;0.117;4.998;0.405;0.43;0.542;0.479;0.894;4.998;0.276;2.598;1.045;0.879;0.049
12631;0.142;0.117;4.998;0.4;0.43;0.535;0.483;0.896;4.998;0.271;2.542;1.035;0.886;0.049
12632;0.142;0.117;4.998;0.403;0.43;0.537;0.486;0.896;4.998;0.261;2.476;1.028;0.886;0.049
12633;0.142;0.117;4.998;0.405;0.435;0.535;0.488;0.891;4.998;0.256;2.419;1.018;0.886;0.051
12634;0.142;0.12;4.998;0.403;0.437;0.532;0.491;0.891;4.998;0.249;2.356;1.006;0.894;0.051
12635;0.144;0.12;4.998;0.41;0.437;0.535;0.488;0.891;4.998;0.244;2.3;0.999;0.896;0.049
12636;0.142;0.122;4.998;0.415;0.435;0.53;0.486;0.891;4.998;0.242;2.244;0.989;0.896;0.051
12637;0.142;0.122;4.998;0.42;0.437;0.532;0.483;0.891;4.998;0.234;2.19;0.979;0.898;0.054
12638;0.142;0.122;4.998;0.415;0.442;0.532;0.481;0.889;4.998;0.232;2.139;0.969;0.901;0.049
12639;0.139;0.122;4.998;0.41;0.437;0.532;0.481;0.889;4.998;0.232;2.09;0.962;0.903;0.051
12640;0.134;0.125;4.998;0.405;0.435;0.532;0.479;0.886;4.998;0.225;2.041;0.947;0.903;0.054
12641;0.134;0.127;4.998;0.405;0.437;0.532;0.476;0.886;4.998;0.222;2.002;0.94;0.903;0.051
12642;0.137;0.127;4.998;0.413;0.439;0.532;0.476;0.886;4.998;0.217;1.963;0.928;0.903;0.054
12643;0.142;0.132;4.998;0.417;0.439;0.53;0.474;0.889;4.998;0.215;1.926;0.918;0.903;0.056
12644;0.139;0.129;4.998;0.427;0.439;0.525;0.476;0.891;4.998;0.212;1.89;0.908;0.898;0.054
12645;0.144;0.132;4.998;0.432;0.444;0.525;0.476;0.894;4.998;0.208;1.855;0.898;0.896;0.049
12646;0.144;0.132;4.998;0.442;0.444;0.522;0.479;0.894;4.998;0.205;1.819;0.886;0.901;0.056
12647;0.144;0.137;4.998;0.447;0.447;0.52;0.479;0.891;4.998;0.205;1.787;0.879;0.898;0.056
12648;0.144;0.137;4.998;0.452;0.452;0.52;0.476;0.894;4.998;0.203;1.758;0.867;0.898;0.056
12649;0.146;0.134;4.998;0.466;0.454;0.522;0.481;0.886;4.998;0.198;1.729;0.857;0.898;0.054
12650;0.144;0.134;4.998;0.479;0.454;0.522;0.481;0.886;4.998;0.195;1.704;0.847;0.896;0.059
12651;0.146;0.134;4.998;0.486;0.454;0.527;0.486;0.884;4.998;0.193;1.682;0.837;0.896;0.056
12652;0.149;0.132;4.998;0.488;0.449;0.53;0.488;0.886;4.998;0.193;1.67;0.83;0.896;0.059
12653;0.146;0.132;4.998;0.488;0.452;0.535;0.491;0.886;4.998;0.193;1.655;0.82;0.891;0.056
12654;0.146;0.132;4.998;0.488;0.449;0.54;0.488;0.884;4.998;0.193;1.641;0.811;0.896;0.059
12655;0.146;0.129;4.998;0.486;0.452;0.54;0.491;0.886;4.998;0.198;1.631;0.803;0.894;0.061
12656;0.146;0.127;4.998;0.488;0.452;0.542;0.493;0.891;4.998;0.198;1.621;0.793;0.891;0.059
12657;0.151;0.127;4.998;0.486;0.449;0.54;0.491;0.891;4.998;0.2;1.606;0.784;0.894;0.061
12658;0.151;0.129;4.998;0.491;0.447;0.54;0.491;0.889;4.998;0.203;1.597;0.774;0.894;0.061
12659;0.154;0.129;4.243;0.493;0.452;0.535;0.491;0.889;4.998;0.2;1.577;0.764;0.889;0.059
12660;0.154;0.132;2.4;0.488;0.452;0.535;0.486;0.886;4.998;0.205;1.565;0.762;0.891;0.063
12661;0.154;0.132;1.216;0.488;0.452;0.535;0.488;0.889;4.998;0.212;1.55;0.754;0.884;0.059
12662;0.151;0.129;0.906;0.488;0.454;0.53;0.488;0.884;4.998;0.212;1.536;0.745;0.886;0.061
12663;0.154;0.132;0.601;0.488;0.452;0.53;0.488;0.884;4.998;0.217;1.514;0.742;0.891;0.066
12664;0.154;0.132;0.566;0.488;0.459;0.532;0.488;0.881;4.998;0.22;1.497;0.732;0.886;0.061
12665;0.151;0.129;0.518;0.479;0.459;0.527;0.491;0.881;4.998;0.222;1.475;0.73;0.886;0.063
12666;0.151;0.129;0.583;0.471;0.457;0.53;0.491;0.886;4.998;0.22;1.448;0.728;0.886;0.061
12667;0.151;0.127;0.645;0.461;0.454;0.532;0.488;0.884;4.998;0.222;1.423;0.728;0.881;0.061
12668;0.154;0.125;0.652;0.461;0.452;0.535;0.488;0.881;4.998;0.222;1.396;0.732;0.884;0.061
12669;0.154;0.127;0.615;0.459;0.454;0.535;0.486;0.884;4.998;0.222;1.372;0.735;0.889;0.068
12670;0.156;0.125;0.525;0.459;0.447;0.535;0.483;0.881;4.998;0.227;1.343;0.74;0.886;0.061
12671;0.154;0.127;0.532;0.457;0.449;0.535;0.483;0.881;4.998;0.227;1.311;0.747;0.886;0.063
12672;0.154;0.125;0.5;0.449;0.447;0.537;0.481;0.881;4.998;0.222;1.274;0.75;0.886;0.061
12673;0.156;0.125;0.508;0.454;0.442;0.535;0.479;0.881;4.998;0.227;1.245;0.759;0.886;0.066
12674;0.156;0.125;0.452;0.452;0.442;0.532;0.476;0.881;4.998;0.225;1.208;0.762;0.886;0.061
12675;0.156;0.125;0.403;0.454;0.444;0.532;0.476;0.884;4.998;0.227;1.177;0.764;0.886;0.063
12676;0.156;0.127;0.413;0.454;0.444;0.532;0.479;0.886;4.998;0.227;1.145;0.769;0.881;0.059
12677;0.154;0.127;0.435;0.447;0.449;0.532;0.481;0.889;4.998;0.227;1.116;0.771;0.886;0.068
12678;0.151;0.129;0.464;0.442;0.449;0.532;0.483;0.889;4.998;0.227;1.086;0.771;0.886;0.068
12679;0.146;0.127;0.488;0.435;0.452;0.535;0.483;0.886;4.998;0.225;1.057;0.776;0.884;0.066
12680;0.142;0.125;0.447;0.425;0.452;0.537;0.491;0.884;4.998;0.22;1.028;0.771;0.886;0.066
12681;0.142;0.127;0.466;0.425;0.449;0.54;0.498;0.884;4.998;0.217;0.999;0.776;0.884;0.066
12682;0.139;0.127;0.437;0.43;0.452;0.537;0.496;0.881;4.998;0.212;0.972;0.776;0.879;0.063
12683;0.137;0.127;0.471;0.435;0.452;0.537;0.496;0.884;4.998;0.21;0.945;0.776;0.884;0.063
12684;0.137;0.149;0.496;0.442;0.454;0.537;0.493;0.881;4.998;0.205;0.918;0.776;0.881;0.063
12685;0.139;0.271;0.625;0.447;0.457;0.537;0.491;0.879;4.929;0.205;0.891;0.774;0.876;0.063
12686;0.139;0.31;0.503;0.449;0.457;0.535;0.488;0.879;4.834;0.2;0.867;0.776;0.876;0.066
12687;0.142;0.42;0.667;0.449;0.452;0.532;0.483;0.879;4.758;0.2;0.845;0.776;0.879;0.066
12688;0.144;0.391;0.515;0.452;0.454;0.53;0.488;0.881;4.695;0.195;0.823;0.776;0.876;0.066
12689;0.146;0.405;0.461;0.447;0.454;0.532;0.491;0.876;4.648;0.193;0.803;0.779;0.876;0.068
12690;0.151;0.4;0.396;0.444;0.452;0.527;0.491;0.876;4.619;0.188;0.789;0.774;0.872;0.063
12691;0.151;0.388;0.42;0.437;0.454;0.52;0.493;0.874;4.602;0.186;0.771;0.776;0.876;0.068
12692;0.154;0.4;0.386;0.43;0.454;0.52;0.491;0.874;4.597;0.186;0.757;0.771;0.872;0.066
12693;0.159;0.398;0.376;0.417;0.454;0.515;0.488;0.872;4.597;0.183;0.742;0.769;0.872;0.066
12694;0.161;0.41;0.369;0.408;0.452;0.513;0.491;0.869;4.602;0.181;0.728;0.764;0.874;0.068
12695;0.164;0.374;0.356;0.405;0.449;0.51;0.488;0.869;4.617;0.178;0.71;0.762;0.869;0.068
12696;0.164;0.425;0.356;0.403;0.447;0.51;0.491;0.867;4.639;0.176;0.698;0.757;0.869;0.068
12697;0.166;0.349;0.356;0.41;0.447;0.508;0.491;0.867;4.663;0.173;0.686;0.75;0.872;0.068
12698;0.166;0.427;0.354;0.413;0.447;0.503;0.493;0.872;4.695;0.171;0.669;0.737;0.874;0.073
12699;0.161;0.342;0.354;0.415;0.447;0.503;0.493;0.874;4.734;0.168;0.657;0.73;0.874;0.068
12700;0.161;0.403;0.361;0.417;0.442;0.5;0.493;0.872;4.768;0.168;0.642;0.72;0.874;0.071
12701;0.159;0.344;0.352;0.417;0.442;0.5;0.493;0.876;4.797;0.164;0.63;0.706;0.876;0.073
12702;0.156;0.381;0.354;0.415;0.447;0.505;0.493;0.874;4.824;0.164;0.618;0.696;0.874;0.073
12703;0.159;0.366;0.344;0.41;0.447;0.51;0.496;0.874;4.841;0.164;0.608;0.681;0.876;0.078
12704;0.159;0.403;0.342;0.41;0.449;0.513;0.496;0.879;4.841;0.159;0.588;0.664;0.876;0.078
12705;0.161;0.347;0.347;0.413;0.452;0.513;0.488;0.879;4.839;0.159;0.574;0.652;0.876;0.073
12706;0.159;0.391;0.342;0.413;0.454;0.515;0.488;0.869;4.824;0.159;0.562;0.64;0.879;0.081
12707;0.164;0.337;0.334;0.41;0.461;0.52;0.486;0.869;4.805;0.161;0.544;0.625;0.881;0.085
12708;0.159;0.391;0.332;0.413;0.461;0.525;0.481;0.874;4.78;0.154;0.532;0.605;0.881;0.083
12709;0.159;0.347;0.334;0.417;0.464;0.525;0.479;0.874;4.758;0.156;0.515;0.593;0.884;0.088
12710;0.156;0.388;0.337;0.425;0.461;0.527;0.476;0.874;4.727;0.154;0.5;0.579;0.881;0.088
12711;0.159;0.361;0.339;0.432;0.459;0.527;0.481;0.876;4.688;0.149;0.486;0.566;0.881;0.088
12712;0.161;0.378;0.322;0.437;0.461;0.525;0.483;0.874;4.646;0.151;0.476;0.554;0.884;0.095
12713;0.161;0.352;0.317;0.442;0.459;0.522;0.486;0.874;4.597;0.146;0.459;0.54;0.886;0.095
12714;0.161;0.4;0.31;0.444;0.454;0.522;0.486;0.872;4.543;0.146;0.449;0.53;0.886;0.1
12715;0.164;0.383;0.31;0.442;0.452;0.52;0.493;0.872;4.48;0.146;0.437;0.518;0.889;0.1
12716;0.161;0.405;0.308;0.444;0.454;0.515;0.496;0.869;4.414;0.149;0.427;0.51;0.891;0.103
12717;0.161;0.403;0.308;0.442;0.454;0.513;0.498;0.867;4.348;0.144;0.415;0.498;0.896;0.11
12718;0.159;0.405;0.315;0.442;0.454;0.505;0.5;0.867;4.285;0.142;0.405;0.493;0.894;0.107
12719;0.159;0.4;0.315;0.439;0.457;0.505;0.498;0.867;4.224;0.142;0.396;0.483;0.886;0.107
12720;0.159;0.391;0.32;0.437;0.457;0.5;0.5;0.869;4.163;0.139;0.391;0.479;0.891;0.115
12721;0.159;0.405;0.325;0.435;0.459;0.503;0.503;0.869;4.099;0.137;0.383;0.474;0.889;0.117
12722;0.161;0.386;0.327;0.437;0.461;0.503;0.503;0.869;4.038;0.134;0.378;0.466;0.889;0.117
12723;0.161;0.386;0.327;0.437;0.464;0.503;0.5;0.872;3.972;0.137;0.378;0.466;0.889;0.122
12724;0.159;0.388;0.332;0.442;0.466;0.505;0.503;0.872;3.909;0.137;0.376;0.464;0.886;0.12
12725;0.159;0.383;0.337;0.449;0.469;0.503;0.498;0.876;3.853;0.134;0.381;0.459;0.884;0.125
12726;0.156;0.376;0.334;0.449;0.474;0.508;0.498;0.874;3.799;0.137;0.383;0.457;0.881;0.129
12727;0.156;0.378;0.337;0.449;0.479;0.503;0.5;0.872;3.75;0.134;0.391;0.454;0.879;0.134
12728;0.154;0.381;0.342;0.452;0.479;0.508;0.5;0.876;3.706;0.132;0.4;0.452;0.876;0.137
12729;0.154;0.361;0.347;0.452;0.476;0.508;0.505;0.874;3.669;0.129;0.408;0.449;0.872;0.142
12730;0.156;0.386;0.344;0.447;0.471;0.505;0.505;0.879;3.643;0.134;0.417;0.449;0.869;0.144
12731;0.154;0.361;0.344;0.442;0.474;0.503;0.505;0.876;3.625;0.134;0.43;0.449;0.864;0.144
12732;0.151;0.376;0.337;0.437;0.476;0.5;0.5;0.876;3.611;0.137;0.444;0.449;0.862;0.149
12733;0.149;0.356;0.337;0.43;0.479;0.5;0.5;0.881;3.599;0.134;0.457;0.449;0.862;0.154
12734;0.149;0.381;0.337;0.427;0.476;0.496;0.496;0.884;3.584;0.134;0.471;0.454;0.854;0.156
12735;0.146;0.361;0.337;0.427;0.471;0.496;0.496;0.884;3.569;0.137;0.483;0.464;0.859;0.164
12736;0.151;0.386;0.337;0.43;0.474;0.493;0.493;0.886;3.545;0.134;0.498;0.471;0.847;0.161
12737;0.151;0.374;0.334;0.432;0.476;0.493;0.491;0.889;3.521;0.132;0.505;0.479;0.85;0.168
12738;0.146;0.378;0.33;0.437;0.476;0.493;0.491;0.889;3.486;0.132;0.51;0.491;0.845;0.173
12739;0.146;0.388;0.327;0.444;0.474;0.491;0.488;0.889;3.455;0.137;0.52;0.505;0.84;0.178
12740;0.146;0.371;0.322;0.449;0.466;0.486;0.491;0.884;3.42;0.137;0.527;0.513;0.84;0.178
12741;0.142;0.393;0.32;0.452;0.466;0.483;0.498;0.886;3.381;0.134;0.532;0.525;0.835;0.181
12742;0.142;0.374;0.317;0.449;0.464;0.483;0.505;0.889;3.345;0.137;0.54;0.532;0.833;0.181
12743;0.142;0.405;0.317;0.449;0.464;0.486;0.508;0.889;3.301;0.134;0.542;0.542;0.83;0.188
12744;0.139;0.381;0.312;0.447;0.459;0.483;0.51;0.884;3.259;0.134;0.552;0.549;0.833;0.188
12745;0.144;0.41;0.308;0.447;0.459;0.488;0.51;0.889;3.215;0.137;0.564;0.562;0.83;0.193
12746;0.144;0.383;0.308;0.447;0.457;0.491;0.51;0.886;3.171;0.137;0.574;0.569;0.828;0.193
12747;0.146;0.415;0.303;0.449;0.457;0.488;0.51;0.884;3.123;0.139;0.579;0.576;0.825;0.193
12748;0.146;0.396;0.3;0.447;0.459;0.488;0.51;0.881;3.074;0.137;0.586;0.581;0.828;0.195
12749;0.146;0.4;0.298;0.444;0.464;0.488;0.51;0.886;3.03;0.139;0.591;0.588;0.823;0.193
12750;0.149;0.403;0.3;0.447;0.471;0.491;0.513;0.879;2.988;0.139;0.591;0.596;0.825;0.193
12751;0.151;0.4;0.3;0.442;0.474;0.491;0.515;0.879;2.944;0.142;0.591;0.603;0.825;0.198
12752;0.159;0.405;0.305;0.437;0.471;0.488;0.513;0.879;2.9;0.137;0.583;0.608;0.823;0.195
12753;0.161;0.393;0.312;0.43;0.471;0.491;0.51;0.879;2.861;0.139;0.579;0.615;0.825;0.195
12754;0.164;0.41;0.315;0.422;0.471;0.491;0.503;0.879;2.822;0.137;0.574;0.623;0.825;0.195
12755;0.164;0.393;0.312;0.415;0.474;0.488;0.498;0.884;2.783;0.134;0.566;0.627;0.823;0.195
12756;0.166;0.408;0.315;0.408;0.471;0.486;0.496;0.881;2.749;0.134;0.557;0.635;0.82;0.195
12757;0.164;0.405;0.312;0.4;0.469;0.483;0.493;0.884;2.71;0.132;0.547;0.642;0.83;0.195
12758;0.164;0.408;0.315;0.393;0.466;0.481;0.493;0.884;2.673;0.129;0.535;0.649;0.828;0.195
12759;0.161;0.398;0.317;0.388;0.464;0.483;0.498;0.886;2.629;0.129;0.522;0.659;0.83;0.193
12760;0.164;0.413;0.315;0.383;0.461;0.483;0.498;0.884;2.593;0.129;0.508;0.667;0.828;0.188
12761;0.159;0.398;0.315;0.383;0.461;0.481;0.5;0.881;2.554;0.127;0.496;0.676;0.828;0.188
12762;0.156;0.408;0.315;0.388;0.461;0.486;0.508;0.884;2.522;0.129;0.483;0.688;0.833;0.19
12763;0.156;0.396;0.312;0.398;0.466;0.486;0.508;0.886;2.49;0.127;0.466;0.691;0.833;0.188
12764;0.151;0.4;0.315;0.4;0.471;0.483;0.508;0.886;2.456;0.127;0.454;0.701;0.83;0.183
12765;0.151;0.398;0.315;0.403;0.471;0.486;0.51;0.884;2.427;0.127;0.442;0.708;0.84;0.186
12766;0.151;0.396;0.312;0.403;0.471;0.483;0.513;0.886;2.402;0.127;0.427;0.713;0.833;0.178
12767;0.149;0.405;0.308;0.4;0.471;0.483;0.51;0.886;2.383;0.129;0.422;0.718;0.842;0.186
12768;0.146;0.396;0.305;0.398;0.469;0.483;0.51;0.884;2.361;0.132;0.41;0.72;0.84;0.186
12769;0.146;0.393;0.3;0.398;0.466;0.483;0.508;0.881;2.339;0.132;0.398;0.725;0.837;0.181
12770;0.142;0.405;0.295;0.4;0.464;0.483;0.505;0.884;2.317;0.134;0.388;0.73;0.842;0.176
12771;0.139;0.393;0.3;0.403;0.461;0.481;0.503;0.879;2.292;0.132;0.378;0.732;0.84;0.173
12772;0.137;0.4;0.303;0.403;0.457;0.486;0.503;0.879;2.266;0.137;0.369;0.732;0.84;0.176
12773;0.137;0.403;0.305;0.405;0.454;0.486;0.5;0.879;2.236;0.134;0.359;0.737;0.84;0.171
12774;0.137;0.396;0.31;0.405;0.452;0.486;0.498;0.874;2.202;0.134;0.354;0.742;0.84;0.171
12775;0.137;0.405;0.312;0.403;0.457;0.491;0.503;0.874;2.166;0.132;0.342;0.747;0.845;0.168
12776;0.137;0.398;0.315;0.403;0.457;0.491;0.5;0.872;2.126;0.132;0.334;0.75;0.842;0.164
12777;0.137;0.393;0.317;0.4;0.461;0.491;0.505;0.874;2.09;0.132;0.325;0.752;0.84;0.166
12778;0.137;0.4;0.32;0.4;0.452;0.488;0.503;0.874;2.058;0.132;0.317;0.759;0.835;0.161
12779;0.139;0.388;0.322;0.4;0.444;0.486;0.505;0.869;2.026;0.134;0.312;0.762;0.837;0.161
12780;0.142;0.393;0.327;0.403;0.442;0.481;0.505;0.869;1.997;0.132;0.305;0.769;0.833;0.161
12781;0.149;0.376;0.327;0.403;0.439;0.481;0.505;0.869;1.973;0.132;0.298;0.771;0.833;0.156
12782;0.151;0.391;0.317;0.398;0.437;0.476;0.508;0.867;1.948;0.129;0.293;0.779;0.828;0.159
12783;0.151;0.364;0.315;0.4;0.435;0.474;0.508;0.867;1.929;0.129;0.288;0.781;0.825;0.151
12784;0.156;0.378;0.315;0.403;0.435;0.476;0.51;0.869;1.912;0.129;0.286;0.789;0.828;0.159
12785;0.156;0.374;0.315;0.408;0.435;0.479;0.51;0.867;1.895;0.127;0.281;0.793;0.823;0.149
12786;0.154;0.374;0.317;0.408;0.435;0.483;0.51;0.864;1.882;0.127;0.283;0.796;0.823;0.154
12787;0.156;0.374;0.317;0.41;0.435;0.488;0.505;0.862;1.875;0.127;0.286;0.806;0.82;0.149
12788;0.154;0.374;0.317;0.413;0.439;0.493;0.508;0.862;1.86;0.122;0.278;0.806;0.82;0.151
12789;0.156;0.376;0.317;0.417;0.439;0.498;0.5;0.862;1.851;0.12;0.278;0.808;0.818;0.149
12790;0.149;0.371;0.315;0.42;0.444;0.498;0.5;0.862;1.838;0.117;0.278;0.815;0.813;0.146
12791;0.146;0.386;0.315;0.42;0.442;0.5;0.496;0.862;1.829;0.117;0.273;0.823;0.815;0.144
12792;0.142;0.381;0.315;0.417;0.442;0.5;0.491;0.859;1.816;0.115;0.271;0.83;0.813;0.142
12793;0.137;0.403;0.315;0.413;0.444;0.5;0.496;0.859;1.804;0.11;0.266;0.835;0.811;0.142
12794;0.132;0.396;0.315;0.408;0.447;0.498;0.491;0.862;1.794;0.115;0.269;0.85;0.811;0.142
12795;0.125;0.405;0.32;0.408;0.447;0.498;0.491;0.862;1.785;0.11;0.261;0.859;0.811;0.142
12796;0.125;0.405;0.315;0.405;0.447;0.498;0.491;0.864;1.772;0.112;0.261;0.869;0.806;0.139
12797;0.12;0.405;0.317;0.403;0.447;0.496;0.493;0.862;1.763;0.11;0.256;0.879;0.808;0.142
12798;0.12;0.405;0.315;0.398;0.442;0.493;0.491;0.859;1.75;0.11;0.256;0.891;0.806;0.139
12799;0.117;0.405;0.312;0.393;0.437;0.491;0.496;0.864;1.743;0.11;0.254;0.903;0.801;0.139
12800;0.117;0.408;0.315;0.393;0.432;0.488;0.496;0.862;1.731;0.107;0.251;0.913;0.793;0.134
12801;0.12;0.41;0.327;0.398;0.43;0.488;0.5;0.862;1.719;0.107;0.249;0.925;0.793;0.137
12802;0.12;0.413;0.322;0.393;0.43;0.488;0.503;0.864;1.704;0.112;0.244;0.935;0.791;0.137
12803;0.12;0.413;0.33;0.396;0.437;0.486;0.503;0.862;1.687;0.11;0.247;0.942;0.786;0.137
12804;0.129;0.403;0.325;0.398;0.439;0.488;0.508;0.862;1.667;0.112;0.242;0.947;0.781;0.134
12805;0.129;0.4;0.327;0.403;0.444;0.486;0.505;0.862;1.648;0.112;0.242;0.952;0.774;0.134
12806;0.134;0.408;0.327;0.403;0.442;0.483;0.503;0.862;1.628;0.117;0.237;0.959;0.769;0.142
12807;0.139;0.403;0.332;0.403;0.444;0.481;0.5;0.862;1.606;0.117;0.239;0.962;0.759;0.132
12808;0.142;0.408;0.33;0.4;0.447;0.481;0.498;0.859;1.587;0.117;0.232;0.967;0.75;0.132
12809;0.144;0.403;0.33;0.4;0.442;0.483;0.496;0.857;1.567;0.117;0.234;0.974;0.745;0.132
12810;0.146;0.408;0.332;0.396;0.442;0.486;0.493;0.862;1.545;0.12;0.232;0.979;0.735;0.134
12811;0.151;0.398;0.33;0.393;0.435;0.486;0.488;0.859;1.523;0.117;0.229;0.984;0.73;0.134
12812;0.151;0.405;0.325;0.388;0.427;0.491;0.486;0.859;1.509;0.117;0.227;0.986;0.715;0.134
12813;0.151;0.396;0.327;0.381;0.427;0.496;0.483;0.859;1.492;0.12;0.227;0.989;0.708;0.129
12814;0.151;0.396;0.327;0.371;0.43;0.496;0.483;0.859;1.477;0.12;0.229;0.986;0.703;0.132
12815;0.151;0.396;0.327;0.366;0.43;0.498;0.483;0.859;1.458;0.117;0.227;0.986;0.693;0.129
12816;0.146;0.393;0.332;0.364;0.432;0.5;0.491;0.862;1.443;0.12;0.229;0.984;0.684;0.129
12817;0.146;0.396;0.337;0.359;0.437;0.503;0.491;0.859;1.428;0.117;0.229;0.981;0.676;0.129
12818;0.146;0.386;0.339;0.359;0.439;0.503;0.493;0.857;1.414;0.115;0.227;0.972;0.671;0.132
12819;0.149;0.391;0.342;0.361;0.442;0.503;0.498;0.857;1.404;0.117;0.227;0.964;0.662;0.129
12820;0.144;0.388;0.342;0.366;0.437;0.503;0.5;0.862;1.389;0.117;0.229;0.955;0.657;0.132
12821;0.146;0.396;0.344;0.366;0.435;0.5;0.5;0.859;1.379;0.115;0.232;0.942;0.649;0.129
12822;0.146;0.386;0.347;0.369;0.43;0.498;0.505;0.859;1.362;0.115;0.232;0.928;0.64;0.129
12823;0.142;0.391;0.349;0.371;0.427;0.498;0.508;0.862;1.348;0.115;0.234;0.918;0.637;0.132
12824;0.142;0.388;0.352;0.371;0.415;0.496;0.505;0.862;1.328;0.112;0.234;0.903;0.625;0.127
12825;0.139;0.386;0.352;0.374;0.413;0.496;0.505;0.862;1.309;0.11;0.232;0.886;0.62;0.129
12826;0.142;0.393;0.349;0.371;0.408;0.493;0.505;0.862;1.282;0.107;0.237;0.874;0.613;0.134
12827;0.137;0.393;0.347;0.376;0.405;0.493;0.503;0.864;1.255;0.105;0.234;0.859;0.605;0.132
12828;0.139;0.396;0.347;0.381;0.405;0.493;0.498;0.864;1.223;0.103;0.237;0.842;0.598;0.127
12829;0.139;0.393;0.344;0.383;0.405;0.496;0.496;0.862;1.187;0.103;0.234;0.83;0.593;0.132
12830;0.139;0.396;0.342;0.383;0.408;0.493;0.488;0.864;1.147;0.1;0.229;0.815;0.588;0.134
12831;0.137;0.386;0.347;0.383;0.405;0.496;0.486;0.864;1.116;0.1;0.229;0.806;0.581;0.127
12832;0.139;0.396;0.344;0.386;0.398;0.493;0.479;0.864;1.096;0.095;0.227;0.793;0.576;0.134
12833;0.142;0.391;0.344;0.388;0.403;0.491;0.479;0.864;1.099;0.098;0.225;0.779;0.569;0.129
12834;0.144;0.398;0.339;0.388;0.403;0.491;0.474;0.869;1.125;0.098;0.222;0.769;0.562;0.132
12835;0.149;0.4;0.342;0.386;0.4;0.491;0.474;0.869;1.169;0.095;0.22;0.759;0.557;0.134
12836;0.151;0.396;0.344;0.383;0.396;0.488;0.474;0.867;1.235;0.095;0.217;0.747;0.552;0.137
12837;0.151;0.396;0.349;0.383;0.396;0.491;0.474;0.867;1.306;0.098;0.215;0.732;0.544;0.134
12838;0.151;0.393;0.354;0.378;0.396;0.488;0.476;0.867;1.382;0.1;0.212;0.725;0.54;0.137
12839;0.146;0.391;0.359;0.378;0.391;0.483;0.479;0.864;1.448;0.1;0.208;0.71;0.535;0.139
12840;0.142;0.393;0.361;0.376;0.391;0.483;0.483;0.864;1.509;0.093;0.205;0.698;0.527;0.142
12841;0.139;0.386;0.366;0.376;0.393;0.483;0.483;0.867;1.548;0.095;0.203;0.686;0.522;0.139
12842;0.134;0.393;0.366;0.381;0.396;0.481;0.483;0.867;1.577;0.095;0.2;0.676;0.515;0.142
12843;0.132;0.393;0.364;0.383;0.393;0.479;0.486;0.864;1.587;0.093;0.195;0.667;0.505;0.139
12844;0.132;0.393;0.371;0.391;0.393;0.476;0.481;0.867;1.582;0.095;0.195;0.657;0.503;0.139
12845;0.129;0.391;0.369;0.393;0.393;0.474;0.481;0.869;1.565;0.093;0.19;0.645;0.5;0.144
12846;0.125;0.388;0.369;0.4;0.393;0.466;0.481;0.867;1.543;0.093;0.186;0.64;0.496;0.146
12847;0.12;0.388;0.371;0.4;0.388;0.466;0.483;0.867;1.514;0.09;0.183;0.632;0.488;0.144
12848;0.117;0.396;0.371;0.398;0.383;0.464;0.481;0.867;1.484;0.09;0.183;0.625;0.486;0.146
12849;0.117;0.391;0.374;0.398;0.378;0.464;0.486;0.869;1.448;0.09;0.178;0.623;0.481;0.146
12850;0.12;0.4;0.369;0.398;0.376;0.464;0.481;0.867;1.414;0.09;0.178;0.623;0.476;0.144
12851;0.122;0.388;0.371;0.391;0.366;0.464;0.486;0.872;1.377;0.09;0.173;0.615;0.469;0.146
12852;0.125;0.393;0.371;0.386;0.361;0.466;0.486;0.872;1.34;0.09;0.168;0.615;0.469;0.146
12853;0.125;0.393;0.376;0.383;0.361;0.474;0.488;0.869;1.313;0.09;0.171;0.618;0.466;0.149
12854;0.122;0.393;0.376;0.383;0.356;0.476;0.493;0.864;1.282;0.093;0.168;0.618;0.464;0.151
12855;0.125;0.398;0.376;0.378;0.356;0.479;0.496;0.869;1.257;0.093;0.164;0.615;0.461;0.151
12856;0.125;0.398;0.376;0.371;0.359;0.481;0.496;0.867;1.233;0.098;0.164;0.62;0.457;0.149
12857;0.125;0.4;0.371;0.371;0.359;0.481;0.493;0.872;1.206;0.098;0.159;0.623;0.449;0.151
12858;0.132;0.4;0.374;0.374;0.359;0.476;0.493;0.869;1.184;0.103;0.156;0.625;0.452;0.154
12859;0.139;0.398;0.374;0.376;0.356;0.476;0.491;0.872;1.16;0.103;0.156;0.63;0.444;0.149
12860;0.146;0.398;0.374;0.376;0.349;0.474;0.483;0.869;1.14;0.11;0.159;0.64;0.444;0.151
12861;0.151;0.398;0.374;0.378;0.342;0.471;0.483;0.869;1.118;0.112;0.156;0.647;0.442;0.154
12862;0.154;0.4;0.374;0.374;0.337;0.469;0.481;0.869;1.096;0.112;0.151;0.652;0.439;0.154
12863;0.156;0.403;0.376;0.371;0.325;0.469;0.481;0.867;1.074;0.125;0.151;0.662;0.437;0.149
12864;0.159;0.4;0.369;0.371;0.325;0.469;0.481;0.864;1.055;0.127;0.151;0.669;0.435;0.154
12865;0.159;0.403;0.374;0.369;0.322;0.469;0.481;0.867;1.035;0.132;0.154;0.681;0.43;0.151
12866;0.156;0.405;0.371;0.369;0.327;0.469;0.479;0.864;1.013;0.139;0.154;0.693;0.427;0.154
12867;0.159;0.403;0.369;0.364;0.327;0.469;0.481;0.864;0.994;0.146;0.156;0.703;0.425;0.156
12868;0.156;0.405;0.371;0.369;0.33;0.469;0.479;0.859;0.977;0.154;0.156;0.72;0.422;0.151
12869;0.154;0.405;0.371;0.371;0.332;0.471;0.474;0.857;0.955;0.161;0.161;0.732;0.422;0.156
12870;0.144;0.41;0.366;0.366;0.332;0.474;0.476;0.854;0.942;0.168;0.168;0.745;0.417;0.161
12871;0.139;0.403;0.361;0.369;0.339;0.476;0.474;0.85;0.93;0.171;0.168;0.759;0.415;0.156
12872;0.134;0.403;0.356;0.369;0.337;0.474;0.471;0.852;0.92;0.178;0.176;0.774;0.413;0.156
12873;0.137;0.396;0.361;0.364;0.337;0.476;0.464;0.852;0.916;0.178;0.181;0.786;0.41;0.159
12874;0.212;0.391;0.361;0.361;0.332;0.476;0.466;0.85;0.916;0.183;0.186;0.803;0.405;0.151
12875;0.41;0.383;0.359;0.359;0.327;0.471;0.459;0.85;0.923;0.183;0.195;0.825;0.405;0.161
12876;0.593;0.378;0.359;0.359;0.325;0.471;0.457;0.847;0.923;0.181;0.2;0.84;0.398;0.156
12877;0.598;0.376;0.361;0.356;0.327;0.466;0.457;0.845;0.925;0.176;0.208;0.857;0.4;0.151
12878;0.476;0.371;0.361;0.352;0.327;0.464;0.457;0.847;0.93;0.173;0.215;0.874;0.398;0.154
12879;0.405;0.374;0.364;0.349;0.327;0.466;0.457;0.842;0.933;0.168;0.225;0.894;0.396;0.154
12880;0.459;0.371;0.364;0.349;0.327;0.469;0.454;0.842;0.942;0.168;0.237;0.92;0.391;0.151
12881;0.386;0.371;0.366;0.349;0.327;0.466;0.449;0.847;0.952;0.166;0.247;0.938;0.388;0.154
12882;0.298;0.371;0.369;0.354;0.325;0.469;0.447;0.845;0.967;0.166;0.256;0.959;0.391;0.154
12883;0.288;0.374;0.369;0.354;0.32;0.471;0.444;0.845;0.977;0.168;0.266;0.981;0.386;0.154
12884;0.43;0.381;0.371;0.359;0.317;0.474;0.442;0.845;0.989;0.173;0.273;1.003;0.383;0.156
12885;0.232;0.393;0.374;0.361;0.317;0.471;0.442;0.845;0.999;0.178;0.281;1.028;0.383;0.149
12886;0.447;0.396;0.371;0.359;0.315;0.474;0.442;0.845;1.008;0.19;0.293;1.052;0.381;0.149
12887;0.266;0.4;0.376;0.361;0.31;0.471;0.442;0.85;1.016;0.203;0.298;1.077;0.374;0.144
12888;0.415;0.403;0.381;0.359;0.31;0.469;0.439;0.852;1.021;0.212;0.298;1.099;0.378;0.149
12889;0.278;0.408;0.381;0.354;0.305;0.469;0.442;0.85;1.025;0.222;0.305;1.123;0.378;0.149
12890;0.364;0.408;0.381;0.356;0.298;0.469;0.447;0.85;1.025;0.237;0.305;1.147;0.374;0.151
12891;0.369;0.408;0.386;0.352;0.295;0.471;0.449;0.85;1.023;0.249;0.308;1.165;0.374;0.151
12892;0.327;0.41;0.383;0.354;0.291;0.471;0.449;0.85;1.021;0.266;0.308;1.182;0.371;0.146
12893;0.437;0.413;0.386;0.352;0.291;0.471;0.452;0.85;1.018;0.281;0.308;1.199;0.371;0.149
12894;0.371;0.41;0.388;0.349;0.288;0.471;0.452;0.85;1.011;0.298;0.308;1.208;0.374;0.146
12895;0.43;0.415;0.381;0.352;0.288;0.474;0.449;0.852;1.006;0.312;0.303;1.221;0.374;0.151
12896;0.396;0.42;0.386;0.356;0.283;0.471;0.449;0.847;0.999;0.33;0.298;1.228;0.369;0.146
12897;0.308;0.422;0.386;0.361;0.283;0.474;0.449;0.845;0.996;0.349;0.298;1.238;0.371;0.146
12898;0.356;0.425;0.388;0.361;0.278;0.471;0.449;0.847;0.991;0.369;0.291;1.243;0.369;0.154
12899;0.393;0.422;0.393;0.361;0.278;0.476;0.449;0.847;0.989;0.393;0.288;1.245;0.371;0.149
12900;0.378;0.422;0.391;0.361;0.276;0.476;0.452;0.845;0.991;0.417;0.283;1.248;0.369;0.149
12901;0.347;0.422;0.391;0.359;0.273;0.474;0.454;0.842;1.003;0.442;0.276;1.252;0.366;0.149
12902;0.332;0.42;0.393;0.354;0.269;0.471;0.452;0.84;1.016;0.464;0.271;1.255;0.371;0.151
12903;0.398;0.42;0.398;0.352;0.269;0.474;0.454;0.837;1.042;0.479;0.266;1.257;0.369;0.149
12904;0.347;0.417;0.398;0.352;0.271;0.471;0.452;0.84;1.082;0.493;0.264;1.267;0.371;0.156
12905;0.356;0.41;0.4;0.347;0.271;0.466;0.449;0.84;1.125;0.5;0.254;1.267;0.371;0.154
12906;0.33;0.403;0.398;0.339;0.276;0.464;0.447;0.842;1.16;0.508;0.254;1.274;0.374;0.154
12907;0.322;0.391;0.4;0.337;0.278;0.466;0.449;0.84;1.191;0.508;0.249;1.279;0.371;0.151
12908;0.381;0.383;0.403;0.337;0.283;0.464;0.447;0.837;1.221;0.51;0.244;1.287;0.371;0.156
12909;0.364;0.378;0.405;0.334;0.288;0.471;0.447;0.842;1.257;0.513;0.239;1.294;0.374;0.154
12910;0.386;0.371;0.405;0.33;0.291;0.471;0.447;0.842;1.311;0.51;0.234;1.301;0.369;0.154
12911;0.356;0.374;0.405;0.33;0.283;0.471;0.447;0.837;1.394;0.51;0.227;1.309;0.369;0.154
12912;0.359;0.369;0.408;0.327;0.283;0.474;0.447;0.837;1.506;0.51;0.225;1.316;0.369;0.154
12913;0.347;0.371;0.413;0.325;0.281;0.476;0.449;0.837;1.648;0.503;0.222;1.326;0.366;0.151
12914;0.347;0.366;0.413;0.32;0.278;0.479;0.454;0.84;1.799;0.496;0.217;1.338;0.366;0.154
12915;0.361;0.369;0.413;0.322;0.281;0.481;0.457;0.84;1.953;0.486;0.21;1.348;0.366;0.154
12916;0.356;0.371;0.417;0.317;0.281;0.481;0.459;0.84;2.122;0.483;0.21;1.355;0.364;0.159
12917;0.356;0.371;0.42;0.312;0.286;0.481;0.461;0.84;2.305;0.476;0.205;1.365;0.369;0.161
12918;0.383;0.374;0.42;0.315;0.291;0.483;0.459;0.84;2.507;0.476;0.203;1.375;0.364;0.159
12919;0.374;0.381;0.42;0.315;0.298;0.483;0.457;0.837;2.734;0.479;0.2;1.392;0.366;0.161
12920;0.352;0.381;0.427;0.317;0.298;0.481;0.452;0.84;2.949;0.479;0.193;1.392;0.364;0.164
12921;0.376;0.386;0.432;0.317;0.305;0.483;0.452;0.84;3.14;0.474;0.188;1.394;0.366;0.164
12922;0.376;0.391;0.435;0.317;0.312;0.481;0.452;0.837;3.301;0.474;0.188;1.399;0.361;0.168
12923;0.391;0.393;0.432;0.315;0.317;0.476;0.454;0.84;3.433;0.479;0.183;1.401;0.364;0.168
12924;0.376;0.398;0.432;0.315;0.32;0.474;0.452;0.84;3.542;0.481;0.181;1.401;0.361;0.168
12925;0.388;0.398;0.432;0.317;0.32;0.471;0.452;0.84;3.63;0.486;0.178;1.399;0.364;0.173
12926;0.4;0.4;0.442;0.322;0.32;0.469;0.452;0.842;3.696;0.491;0.173;1.394;0.364;0.171
12927;0.388;0.403;0.447;0.325;0.312;0.469;0.449;0.842;3.755;0.496;0.171;1.392;0.364;0.178
12928;0.371;0.4;0.452;0.33;0.312;0.469;0.449;0.84;3.799;0.505;0.171;1.389;0.361;0.173
12929;0.342;0.405;0.469;0.325;0.31;0.464;0.447;0.837;3.833;0.51;0.166;1.389;0.361;0.176
12930;0.354;0.4;0.459;0.327;0.308;0.464;0.444;0.84;3.862;0.51;0.166;1.384;0.364;0.181
12931;0.369;0.405;0.469;0.332;0.308;0.466;0.442;0.84;3.877;0.515;0.159;1.384;0.359;0.178
12932;0.356;0.403;0.488;0.334;0.31;0.469;0.442;0.84;3.887;0.52;0.159;1.382;0.356;0.181
12933;0.356;0.4;0.479;0.339;0.312;0.471;0.439;0.84;3.889;0.52;0.159;1.379;0.361;0.178
12934;0.356;0.398;0.493;0.342;0.315;0.469;0.442;0.842;3.879;0.518;0.154;1.37;0.359;0.181
12935;0.354;0.398;0.493;0.342;0.317;0.466;0.442;0.842;3.862;0.513;0.154;1.362;0.366;0.186
12936;0.342;0.388;0.535;0.347;0.315;0.474;0.442;0.842;3.833;0.508;0.154;1.353;0.364;0.186
12937;0.342;0.386;0.757;0.347;0.317;0.471;0.442;0.837;3.796;0.503;0.149;1.338;0.369;0.188
12938;0.352;0.378;0.852;0.347;0.317;0.471;0.442;0.835;3.752;0.496;0.146;1.318;0.361;0.186
12939;0.361;0.374;0.959;0.349;0.315;0.469;0.439;0.833;3.696;0.491;0.146;1.309;0.369;0.19
12940;0.366;0.371;0.923;0.349;0.312;0.469;0.439;0.833;3.633;0.481;0.144;1.289;0.364;0.19
12941;0.371;0.364;0.745;0.349;0.308;0.464;0.437;0.83;3.56;0.471;0.144;1.272;0.366;0.193
12942;0.352;0.366;0.908;0.347;0.305;0.464;0.437;0.833;3.479;0.459;0.142;1.255;0.369;0.193
12943;0.364;0.364;0.811;0.347;0.308;0.464;0.437;0.83;3.394;0.449;0.142;1.238;0.371;0.193
12944;0.342;0.361;0.952;0.352;0.308;0.469;0.437;0.83;3.313;0.437;0.139;1.221;0.371;0.195
12945;0.337;0.366;1.069;0.352;0.312;0.464;0.435;0.83;3.225;0.427;0.134;1.206;0.374;0.195
12946;0.354;0.366;0.93;0.354;0.32;0.464;0.435;0.83;3.14;0.417;0.137;1.187;0.371;0.19
12947;0.356;0.369;0.92;0.356;0.325;0.461;0.437;0.83;3.042;0.403;0.134;1.167;0.374;0.198
12948;0.361;0.366;0.906;0.359;0.33;0.461;0.439;0.83;2.937;0.393;0.134;1.147;0.378;0.195
12949;0.364;0.371;0.806;0.359;0.334;0.461;0.435;0.828;2.834;0.378;0.129;1.128;0.381;0.203
12950;0.364;0.371;0.986;0.359;0.339;0.464;0.439;0.83;2.729;0.366;0.129;1.104;0.378;0.198
12951;0.371;0.371;0.793;0.356;0.337;0.461;0.439;0.83;2.627;0.354;0.129;1.082;0.383;0.2
12952;0.354;0.371;0.815;0.354;0.337;0.464;0.435;0.83;2.532;0.342;0.127;1.057;0.386;0.2
12953;0.371;0.381;0.786;0.354;0.334;0.464;0.435;0.83;2.444;0.33;0.127;1.035;0.391;0.2
12954;0.369;0.376;0.72;0.356;0.33;0.461;0.43;0.828;2.375;0.32;0.125;1.013;0.391;0.195
12955;0.376;0.383;0.618;0.349;0.327;0.469;0.427;0.833;2.324;0.312;0.127;0.994;0.396;0.198
12956;0.386;0.381;0.525;0.342;0.322;0.469;0.427;0.833;2.285;0.3;0.125;0.974;0.398;0.195
12957;0.381;0.381;0.481;0.339;0.322;0.471;0.425;0.833;2.249;0.288;0.12;0.955;0.403;0.198
12958;0.398;0.378;0.461;0.337;0.32;0.474;0.422;0.83;2.219;0.281;0.122;0.942;0.405;0.2
12959;0.381;0.381;0.457;0.334;0.317;0.471;0.425;0.83;2.183;0.276;0.122;0.933;0.41;0.193
12960;0.381;0.381;0.442;0.334;0.32;0.474;0.427;0.83;2.144;0.261;0.117;0.923;0.41;0.195
12961;0.376;0.381;0.43;0.337;0.325;0.471;0.427;0.828;2.109;0.261;0.122;0.92;0.415;0.198
12962;0.391;0.376;0.425;0.339;0.325;0.469;0.427;0.828;2.08;0.256;0.12;0.918;0.415;0.19
12963;0.388;0.383;0.427;0.344;0.327;0.466;0.427;0.825;2.056;0.251;0.12;0.918;0.42;0.195
12964;0.381;0.383;0.442;0.342;0.327;0.464;0.432;0.825;2.036;0.251;0.115;0.916;0.42;0.195
12965;0.393;0.378;0.457;0.342;0.33;0.461;0.427;0.823;2.026;0.247;0.115;0.918;0.427;0.195
12966;0.381;0.381;0.474;0.347;0.33;0.457;0.425;0.825;2.036;0.249;0.115;0.92;0.43;0.195
12967;0.371;0.378;0.464;0.349;0.332;0.454;0.425;0.825;2.056;0.249;0.112;0.925;0.43;0.19
12968;0.369;0.376;0.53;0.349;0.332;0.457;0.425;0.825;2.085;0.244;0.11;0.93;0.437;0.193
12969;0.374;0.381;0.525;0.356;0.334;0.454;0.43;0.825;2.131;0.244;0.11;0.933;0.435;0.195
12970;0.371;0.378;0.732;0.364;0.334;0.454;0.425;0.82;2.188;0.242;0.112;0.938;0.442;0.193
12971;0.371;0.378;0.842;0.366;0.332;0.457;0.43;0.82;2.251;0.242;0.11;0.94;0.442;0.193
12972;0.371;0.374;0.779;0.371;0.334;0.457;0.432;0.815;2.31;0.239;0.107;0.947;0.442;0.188
12973;0.371;0.378;0.874;0.374;0.334;0.464;0.432;0.813;2.358;0.237;0.107;0.947;0.447;0.195
12974;0.354;0.381;0.991;0.369;0.337;0.461;0.435;0.815;2.39;0.232;0.107;0.952;0.447;0.188
12975;0.352;0.376;1.101;0.369;0.334;0.464;0.435;0.82;2.415;0.227;0.105;0.955;0.447;0.188
12976;0.352;0.381;0.854;0.364;0.337;0.464;0.432;0.82;2.429;0.22;0.1;0.952;0.449;0.188
12977;0.349;0.378;1.062;0.366;0.342;0.464;0.43;0.825;2.444;0.22;0.105;0.959;0.452;0.188
12978;0.354;0.371;1.06;0.364;0.337;0.464;0.425;0.828;2.449;0.217;0.1;0.962;0.454;0.186
12979;0.354;0.371;1.255;0.366;0.339;0.464;0.422;0.828;2.444;0.21;0.1;0.959;0.457;0.188
12980;0.361;0.366;4.998;0.364;0.344;0.466;0.42;0.828;2.437;0.203;0.098;0.962;0.461;0.186
12981;0.361;0.366;4.998;0.359;0.347;0.464;0.417;0.83;2.424;0.198;0.098;0.962;0.461;0.186
12982;0.356;0.361;3.896;0.356;0.347;0.466;0.417;0.83;2.415;0.2;0.098;0.964;0.464;0.186
12983;0.356;0.356;1.941;0.354;0.347;0.464;0.41;0.833;2.402;0.198;0.093;0.967;0.474;0.183
12984;0.366;0.359;1.162;0.352;0.349;0.464;0.408;0.83;2.39;0.195;0.093;0.967;0.471;0.181
12985;0.369;0.359;0.803;0.354;0.349;0.469;0.408;0.825;2.385;0.193;0.093;0.969;0.471;0.178
12986;0.369;0.356;1.057;0.352;0.352;0.469;0.405;0.828;2.383;0.188;0.09;0.964;0.479;0.181
12987;0.361;0.361;0.774;0.356;0.354;0.464;0.405;0.83;2.39;0.183;0.088;0.969;0.479;0.176
12988;0.366;0.364;0.632;0.356;0.354;0.461;0.408;0.825;2.402;0.183;0.085;0.972;0.486;0.173
12989;0.364;0.364;0.994;0.361;0.356;0.461;0.405;0.83;2.424;0.183;0.088;0.977;0.488;0.173
12990;0.359;0.374;1.589;0.361;0.356;0.459;0.408;0.833;2.451;0.178;0.085;0.979;0.491;0.171
12991;0.359;0.376;1.006;0.361;0.359;0.457;0.408;0.833;2.493;0.176;0.085;0.984;0.496;0.173
12992;0.356;0.376;0.747;0.364;0.354;0.454;0.41;0.83;2.542;0.176;0.085;0.986;0.503;0.173
12993;0.356;0.376;0.637;0.364;0.354;0.454;0.415;0.83;2.61;0.173;0.085;0.989;0.503;0.168
12994;0.356;0.376;0.586;0.366;0.352;0.452;0.42;0.83;2.686;0.173;0.085;0.989;0.508;0.168
12995;0.356;0.374;1.982;0.366;0.347;0.447;0.42;0.83;2.776;0.178;0.085;0.991;0.515;0.171
12996;0.359;0.369;1.475;0.369;0.347;0.447;0.42;0.828;2.864;0.178;0.083;0.991;0.515;0.164
12997;0.349;0.371;4.998;0.369;0.347;0.444;0.422;0.825;2.954;0.181;0.083;0.991;0.518;0.164
12998;0.349;0.371;2.485;0.371;0.352;0.447;0.42;0.828;3.037;0.186;0.083;0.989;0.52;0.164
12999;0.344;0.364;1.606;0.369;0.352;0.447;0.417;0.828;3.115;0.186;0.081;0.986;0.525;0.164
13000;0.352;0.359;1.729;0.369;0.352;0.449;0.42;0.83;3.191;0.19;0.083;0.979;0.53;0.161
13001;0.359;0.356;1.536;0.371;0.354;0.454;0.42;0.825;3.259;0.193;0.083;0.974;0.53;0.159
13002;0.359;0.354;1.284;0.369;0.352;0.457;0.417;0.825;3.325;0.193;0.081;0.962;0.53;0.159
13003;0.364;0.354;0.876;0.366;0.352;0.459;0.417;0.823;3.391;0.198;0.083;0.955;0.537;0.159
13004;0.359;0.356;0.886;0.369;0.352;0.466;0.415;0.823;3.462;0.195;0.083;0.942;0.537;0.156
13005;0.359;0.359;0.984;0.369;0.349;0.466;0.415;0.823;3.53;0.198;0.083;0.935;0.544;0.159
13006;0.361;0.361;0.752;0.369;0.352;0.466;0.413;0.825;3.599;0.198;0.083;0.918;0.542;0.151
13007;0.361;0.361;0.684;0.366;0.356;0.469;0.417;0.828;3.665;0.2;0.083;0.908;0.542;0.156
13008;0.366;0.364;0.833;0.366;0.356;0.466;0.415;0.825;3.73;0.2;0.083;0.896;0.544;0.149
13009;0.369;0.356;0.901;0.364;0.356;0.469;0.413;0.825;3.796;0.205;0.085;0.886;0.547;0.151
13010;0.376;0.354;0.933;0.366;0.359;0.469;0.413;0.823;3.86;0.208;0.085;0.876;0.547;0.149
13011;0.376;0.354;0.918;0.366;0.361;0.469;0.41;0.823;3.926;0.215;0.085;0.867;0.547;0.146
13012;0.376;0.349;0.835;0.364;0.364;0.466;0.408;0.823;3.994;0.215;0.083;0.852;0.552;0.146
13013;0.374;0.347;0.901;0.364;0.364;0.466;0.405;0.823;4.06;0.217;0.085;0.842;0.549;0.144
13014;0.378;0.344;0.989;0.366;0.369;0.469;0.403;0.823;4.128;0.222;0.088;0.835;0.547;0.144
13015;0.376;0.344;0.979;0.364;0.374;0.466;0.403;0.82;4.194;0.22;0.083;0.83;0.554;0.142
13016;0.378;0.339;0.857;0.364;0.376;0.466;0.4;0.82;4.265;0.222;0.083;0.828;0.552;0.139
13017;0.378;0.339;0.732;0.369;0.376;0.469;0.4;0.82;4.333;0.22;0.083;0.823;0.552;0.139
13018;0.378;0.342;0.61;0.366;0.378;0.469;0.403;0.818;4.404;0.222;0.081;0.825;0.552;0.137
13019;0.374;0.344;0.547;0.369;0.378;0.469;0.403;0.818;4.475;0.225;0.078;0.825;0.554;0.132
13020;0.374;0.339;0.439;0.371;0.378;0.471;0.4;0.815;4.556;0.232;0.078;0.833;0.557;0.134
13021;0.369;0.339;0.422;0.374;0.381;0.469;0.403;0.815;4.644;0.237;0.078;0.833;0.557;0.132
13022;0.366;0.339;0.4;0.378;0.378;0.471;0.405;0.815;4.751;0.251;0.078;0.842;0.559;0.132
13023;0.364;0.334;0.439;0.381;0.381;0.464;0.405;0.813;4.871;0.261;0.081;0.847;0.562;0.129
13024;0.364;0.334;0.459;0.386;0.378;0.466;0.408;0.811;4.998;0.276;0.081;0.852;0.564;0.127
13025;0.364;0.334;0.452;0.393;0.378;0.464;0.408;0.811;4.998;0.288;0.083;0.867;0.566;0.127
13026;0.361;0.327;0.422;0.391;0.383;0.466;0.405;0.811;4.998;0.303;0.09;0.876;0.571;0.125
13027;0.361;0.33;0.405;0.393;0.386;0.464;0.405;0.808;4.998;0.312;0.09;0.889;0.574;0.125
13028;0.364;0.327;0.383;0.398;0.388;0.466;0.408;0.808;4.998;0.327;0.098;0.908;0.576;0.125
13029;0.359;0.325;0.376;0.4;0.383;0.466;0.403;0.808;4.998;0.344;0.105;0.928;0.576;0.12
13030;0.361;0.322;0.369;0.403;0.386;0.466;0.4;0.806;4.998;0.354;0.115;0.947;0.581;0.125
13031;0.361;0.322;0.366;0.41;0.386;0.471;0.398;0.803;4.998;0.369;0.12;0.967;0.588;0.122
13032;0.364;0.322;0.366;0.41;0.388;0.474;0.398;0.801;4.998;0.383;0.127;0.989;0.588;0.117
13033;0.364;0.322;0.415;0.41;0.388;0.476;0.398;0.801;4.998;0.398;0.134;1.013;0.593;0.12
13034;0.371;0.325;0.393;0.413;0.383;0.479;0.398;0.806;4.998;0.408;0.139;1.033;0.596;0.117
13035;0.376;0.325;0.393;0.413;0.383;0.481;0.398;0.803;4.998;0.408;0.146;1.05;0.598;0.115
13036;0.374;0.33;0.371;0.413;0.381;0.483;0.403;0.803;4.998;0.41;0.149;1.067;0.601;0.112
13037;0.376;0.325;0.361;0.41;0.383;0.486;0.403;0.803;4.998;0.408;0.154;1.084;0.603;0.117
13038;0.376;0.327;0.349;0.408;0.381;0.488;0.408;0.801;4.998;0.403;0.154;1.096;0.608;0.112
13039;0.378;0.325;0.347;0.405;0.386;0.488;0.41;0.801;4.998;0.398;0.156;1.111;0.61;0.112
13040;0.381;0.322;0.339;0.4;0.381;0.488;0.413;0.803;4.998;0.396;0.159;1.128;0.61;0.107
13041;0.376;0.327;0.334;0.4;0.386;0.491;0.415;0.801;4.998;0.391;0.161;1.143;0.618;0.115
13042;0.376;0.332;0.334;0.4;0.386;0.496;0.417;0.801;4.998;0.383;0.161;1.157;0.615;0.11
13043;0.381;0.334;0.339;0.4;0.383;0.496;0.417;0.798;4.998;0.378;0.164;1.169;0.615;0.107
13044;0.376;0.337;0.344;0.396;0.383;0.493;0.415;0.798;4.998;0.376;0.164;1.187;0.618;0.11
13045;0.378;0.339;0.371;0.4;0.386;0.496;0.415;0.798;4.998;0.374;0.161;1.199;0.62;0.107
13046;0.376;0.339;0.413;0.398;0.386;0.496;0.41;0.796;4.998;0.371;0.159;1.216;0.623;0.105
13047;0.376;0.337;0.442;0.398;0.386;0.493;0.41;0.796;4.998;0.369;0.164;1.228;0.625;0.105
13048;0.376;0.334;0.708;0.398;0.388;0.493;0.41;0.796;4.976;0.366;0.159;1.24;0.627;0.103
13049;0.378;0.334;0.601;0.403;0.391;0.491;0.405;0.796;4.912;0.369;0.164;1.257;0.627;0.103
13050;0.381;0.332;0.813;0.408;0.393;0.488;0.403;0.798;4.849;0.366;0.164;1.27;0.63;0.098
13051;0.376;0.332;0.757;0.41;0.398;0.491;0.403;0.798;4.785;0.366;0.164;1.282;0.63;0.103
13052;0.378;0.334;0.886;0.41;0.398;0.483;0.4;0.798;4.724;0.366;0.168;1.296;0.637;0.107
13053;0.374;0.332;0.791;0.415;0.405;0.483;0.4;0.801;4.661;0.366;0.161;1.306;0.63;0.1
13054;0.369;0.332;0.73;0.42;0.408;0.483;0.398;0.801;4.604;0.369;0.159;1.316;0.632;0.098
13055;0.371;0.337;0.869;0.42;0.41;0.481;0.398;0.803;4.556;0.371;0.154;1.328;0.635;0.098
13056;0.366;0.332;0.776;0.417;0.408;0.479;0.4;0.801;4.509;0.376;0.154;1.34;0.635;0.098
13057;0.371;0.332;0.583;0.417;0.408;0.479;0.403;0.803;4.465;0.378;0.154;1.35;0.635;0.098
13058;0.369;0.332;0.588;0.41;0.403;0.476;0.405;0.803;4.426;0.383;0.149;1.355;0.635;0.098
13059;0.371;0.33;0.615;0.405;0.403;0.476;0.408;0.801;4.392;0.388;0.151;1.367;0.637;0.093
13060;0.371;0.334;0.571;0.398;0.403;0.474;0.408;0.801;4.353;0.393;0.144;1.379;0.637;0.093
13061;0.371;0.332;0.488;0.393;0.405;0.474;0.413;0.808;4.316;0.398;0.144;1.384;0.635;0.093
13062;0.371;0.339;0.347;0.388;0.405;0.474;0.408;0.806;4.275;0.4;0.139;1.389;0.64;0.093
13063;0.376;0.337;0.33;0.388;0.403;0.476;0.41;0.806;4.241;0.403;0.137;1.396;0.64;0.09
13064;0.378;0.334;0.337;0.383;0.405;0.481;0.413;0.806;4.209;0.408;0.137;1.406;0.637;0.093
13065;0.383;0.337;0.364;0.381;0.413;0.481;0.41;0.806;4.175;0.4;0.129;1.411;0.642;0.09
13066;0.383;0.332;0.425;0.378;0.413;0.479;0.408;0.806;4.153;0.4;0.129;1.416;0.642;0.093
13067;0.386;0.334;0.566;0.364;0.417;0.481;0.405;0.803;4.131;0.393;0.127;1.418;0.645;0.093
13068;0.386;0.334;0.601;0.352;0.42;0.481;0.403;0.806;4.114;0.393;0.127;1.423;0.645;0.088
13069;0.383;0.334;0.698;0.352;0.42;0.481;0.4;0.803;4.102;0.383;0.125;1.421;0.647;0.09
13070;0.383;0.337;0.64;0.364;0.42;0.483;0.405;0.803;4.092;0.376;0.122;1.423;0.645;0.088
13071;0.381;0.334;0.674;0.364;0.415;0.481;0.408;0.801;4.08;0.369;0.12;1.418;0.647;0.088
13072;0.386;0.337;0.601;0.352;0.413;0.486;0.41;0.803;4.072;0.359;0.12;1.414;0.647;0.085
13073;0.381;0.337;0.537;0.356;0.41;0.483;0.41;0.803;4.058;0.352;0.117;1.404;0.647;0.088
13074;0.383;0.334;0.535;0.364;0.405;0.483;0.413;0.806;4.038;0.344;0.112;1.394;0.647;0.088
13075;0.381;0.334;0.671;0.369;0.408;0.481;0.415;0.806;4.016;0.332;0.112;1.382;0.649;0.088
13076;0.386;0.337;1.143;0.361;0.403;0.481;0.42;0.803;3.992;0.325;0.11;1.367;0.649;0.083
13077;0.383;0.337;1.108;0.378;0.405;0.479;0.422;0.803;3.962;0.317;0.107;1.353;0.649;0.088
13078;0.381;0.337;1.011;0.396;0.405;0.479;0.422;0.801;3.928;0.308;0.107;1.34;0.649;0.09
13079;0.383;0.334;1.023;0.388;0.405;0.476;0.422;0.803;3.889;0.3;0.105;1.326;0.647;0.085
13080;0.383;0.332;1.011;0.376;0.408;0.479;0.422;0.803;3.843;0.286;0.105;1.311;0.647;0.085
13081;0.383;0.332;1.27;0.381;0.41;0.479;0.42;0.806;3.792;0.286;0.105;1.299;0.645;0.083
13082;0.383;0.337;1.741;0.378;0.41;0.474;0.415;0.808;3.73;0.273;0.098;1.284;0.649;0.083
13083;0.383;0.332;4.998;0.383;0.405;0.476;0.41;0.808;3.667;0.269;0.1;1.277;0.645;0.083
13084;0.386;0.337;4.998;0.391;0.4;0.476;0.41;0.808;3.601;0.261;0.098;1.265;0.637;0.081
13085;0.388;0.337;3.499;0.378;0.4;0.471;0.405;0.811;3.53;0.254;0.095;1.255;0.642;0.085
13086;0.391;0.339;4.998;0.366;0.398;0.469;0.405;0.811;3.462;0.249;0.093;1.248;0.64;0.083
13087;0.396;0.337;4.998;0.366;0.398;0.469;0.403;0.806;3.389;0.244;0.095;1.245;0.635;0.085
13088;0.396;0.339;4.998;0.381;0.398;0.466;0.4;0.806;3.318;0.237;0.09;1.24;0.64;0.085
13089;0.4;0.342;4.998;0.393;0.398;0.466;0.405;0.806;3.237;0.229;0.088;1.238;0.632;0.078
13090;0.408;0.337;4.998;0.391;0.396;0.469;0.408;0.811;3.159;0.225;0.09;1.238;0.63;0.081
13091;0.405;0.337;4.998;0.398;0.393;0.469;0.415;0.808;3.081;0.22;0.088;1.238;0.625;0.083
13092;0.403;0.339;4.998;0.391;0.396;0.471;0.422;0.808;3.003;0.215;0.09;1.235;0.623;0.076
13093;0.403;0.339;4.998;0.391;0.396;0.471;0.427;0.811;2.925;0.208;0.088;1.24;0.62;0.081
13094;0.398;0.337;4.998;0.393;0.396;0.474;0.43;0.808;2.854;0.203;0.085;1.245;0.615;0.078
13095;0.393;0.337;4.998;0.388;0.393;0.474;0.43;0.808;2.786;0.198;0.083;1.257;0.613;0.081
13096;0.391;0.337;4.998;0.391;0.393;0.474;0.432;0.806;2.725;0.195;0.085;1.27;0.61;0.078
13097;0.388;0.337;4.998;0.386;0.386;0.476;0.432;0.801;2.678;0.188;0.083;1.282;0.605;0.078
13098;0.383;0.339;4.998;0.376;0.388;0.476;0.425;0.801;2.639;0.183;0.085;1.299;0.603;0.083
13099;0.376;0.342;4.998;0.376;0.386;0.481;0.42;0.796;2.603;0.178;0.083;1.316;0.596;0.081
13100;0.376;0.342;4.998;0.374;0.388;0.476;0.415;0.798;2.581;0.176;0.085;1.335;0.593;0.078
13101;0.371;0.344;4.998;0.381;0.388;0.474;0.41;0.796;2.559;0.166;0.083;1.355;0.588;0.081
13102;0.371;0.342;4.998;0.371;0.391;0.479;0.405;0.801;2.542;0.166;0.083;1.377;0.576;0.078
13103;0.369;0.347;4.998;0.354;0.396;0.479;0.4;0.801;2.534;0.168;0.085;1.394;0.574;0.078
13104;0.369;0.344;4.998;0.354;0.396;0.476;0.4;0.801;2.52;0.166;0.085;1.409;0.566;0.081
13105;0.371;0.347;4.998;0.352;0.398;0.479;0.4;0.801;2.507;0.164;0.083;1.428;0.559;0.083
13106;0.371;0.349;4.998;0.349;0.403;0.479;0.403;0.798;2.495;0.166;0.083;1.443;0.554;0.078
13107;0.376;0.349;4.998;0.354;0.403;0.479;0.403;0.798;2.485;0.166;0.085;1.455;0.547;0.081
13108;0.378;0.347;4.998;0.352;0.4;0.479;0.405;0.796;2.488;0.171;0.083;1.467;0.537;0.078
13109;0.381;0.344;4.998;0.349;0.4;0.479;0.41;0.798;2.5;0.171;0.085;1.482;0.535;0.081
13110;0.381;0.339;4.998;0.337;0.396;0.479;0.41;0.796;2.527;0.173;0.083;1.492;0.522;0.083
13111;0.386;0.337;4.998;0.337;0.398;0.476;0.413;0.798;2.561;0.176;0.083;1.499;0.518;0.081
13112;0.386;0.332;4.998;0.344;0.393;0.476;0.413;0.801;2.603;0.181;0.083;1.511;0.51;0.085
13113;0.388;0.332;4.998;0.342;0.391;0.476;0.413;0.801;2.644;0.186;0.083;1.514;0.5;0.081
13114;0.388;0.327;4.998;0.352;0.393;0.476;0.413;0.801;2.69;0.188;0.081;1.516;0.493;0.083
13115;0.386;0.325;4.998;0.349;0.391;0.474;0.41;0.801;2.732;0.188;0.085;1.519;0.488;0.081
13116;0.386;0.322;4.998;0.356;0.393;0.469;0.408;0.801;2.773;0.193;0.081;1.519;0.479;0.083
13117;0.381;0.32;4.998;0.354;0.393;0.469;0.408;0.803;2.812;0.195;0.083;1.519;0.474;0.083
13118;0.381;0.32;4.998;0.354;0.393;0.464;0.41;0.803;2.852;0.198;0.085;1.514;0.469;0.081
13119;0.381;0.325;4.998;0.361;0.396;0.464;0.413;0.801;2.888;0.2;0.083;1.511;0.459;0.083
13120;0.383;0.33;4.998;0.376;0.393;0.459;0.413;0.803;2.917;0.203;0.085;1.506;0.454;0.083
13121;0.383;0.33;4.998;0.381;0.396;0.464;0.413;0.806;2.947;0.208;0.083;1.504;0.452;0.083
13122;0.378;0.332;4.998;0.386;0.393;0.464;0.413;0.803;2.964;0.205;0.083;1.499;0.444;0.083
13123;0.376;0.334;2.798;0.374;0.391;0.466;0.413;0.806;2.979;0.208;0.083;1.489;0.442;0.085
13124;0.374;0.339;1.467;0.364;0.386;0.464;0.408;0.803;2.983;0.205;0.081;1.479;0.435;0.083
13125;0.366;0.337;0.928;0.354;0.383;0.466;0.408;0.803;2.986;0.205;0.081;1.475;0.432;0.085
13126;0.364;0.342;0.613;0.349;0.381;0.464;0.41;0.803;2.986;0.208;0.081;1.462;0.425;0.083
13127;0.364;0.337;0.557;0.359;0.383;0.464;0.408;0.801;2.979;0.21;0.078;1.453;0.42;0.078
13128;0.361;0.339;0.527;0.361;0.378;0.461;0.408;0.803;2.979;0.215;0.078;1.44;0.417;0.085
13129;0.361;0.337;0.378;0.359;0.378;0.464;0.41;0.803;2.976;0.217;0.083;1.431;0.415;0.083
13130;0.361;0.337;0.413;0.359;0.376;0.466;0.41;0.803;2.979;0.222;0.083;1.421;0.408;0.088
13131;0.364;0.334;0.789;0.364;0.374;0.461;0.41;0.803;2.981;0.227;0.083;1.411;0.405;0.085
13132;0.364;0.337;0.417;0.371;0.371;0.461;0.413;0.803;2.981;0.234;0.081;1.401;0.4;0.083
13133;0.369;0.337;0.396;0.378;0.374;0.464;0.415;0.803;2.983;0.237;0.083;1.389;0.4;0.083
13134;0.371;0.334;0.513;0.378;0.374;0.461;0.415;0.806;2.976;0.242;0.083;1.384;0.396;0.083
13135;0.371;0.337;0.593;0.376;0.374;0.459;0.415;0.803;2.971;0.242;0.083;1.377;0.393;0.083
13136;0.376;0.337;0.862;0.374;0.374;0.459;0.415;0.806;2.961;0.244;0.081;1.37;0.391;0.083
13137;0.376;0.334;0.439;0.378;0.371;0.461;0.405;0.803;2.949;0.244;0.078;1.365;0.391;0.083
13138;0.378;0.337;0.334;0.383;0.374;0.464;0.405;0.806;2.93;0.242;0.076;1.357;0.388;0.085
13139;0.378;0.337;0.295;0.388;0.374;0.464;0.405;0.803;2.93;0.244;0.078;1.355;0.386;0.081
13140;0.378;0.342;0.322;0.388;0.371;0.466;0.398;0.803;2.93;0.239;0.076;1.35;0.383;0.081
13141;0.378;0.337;0.315;0.383;0.371;0.464;0.4;0.806;2.935;0.239;0.073;1.35;0.383;0.081
13142;0.376;0.334;0.278;0.381;0.371;0.464;0.396;0.803;2.939;0.237;0.071;1.345;0.381;0.083
13143;0.376;0.334;0.281;0.378;0.366;0.466;0.396;0.801;2.944;0.237;0.073;1.345;0.381;0.081
13144;0.376;0.33;0.288;0.381;0.369;0.469;0.396;0.803;2.935;0.232;0.071;1.34;0.381;0.083
13145;0.378;0.332;0.286;0.378;0.369;0.464;0.396;0.801;2.925;0.234;0.068;1.338;0.381;0.078
13146;0.376;0.332;0.286;0.371;0.369;0.466;0.403;0.803;2.91;0.237;0.068;1.338;0.381;0.078
13147;0.376;0.327;0.271;0.369;0.366;0.466;0.403;0.801;2.888;0.237;0.073;1.331;0.381;0.081
13148;0.381;0.327;0.266;0.361;0.364;0.466;0.408;0.801;2.866;0.237;0.076;1.326;0.383;0.085
13149;0.378;0.332;0.273;0.361;0.364;0.466;0.408;0.801;2.837;0.242;0.078;1.321;0.381;0.081
13150;0.378;0.332;0.254;0.356;0.366;0.469;0.41;0.801;2.808;0.244;0.085;1.311;0.383;0.083
13151;0.378;0.332;0.256;0.352;0.366;0.464;0.408;0.801;2.773;0.247;0.095;1.304;0.381;0.078
13152;0.376;0.334;0.251;0.349;0.364;0.464;0.405;0.798;2.739;0.247;0.107;1.289;0.381;0.085
13153;0.376;0.337;0.254;0.344;0.364;0.461;0.408;0.798;2.705;0.247;0.122;1.279;0.386;0.081
13154;0.371;0.342;0.254;0.344;0.359;0.461;0.408;0.796;2.676;0.247;0.137;1.267;0.383;0.083
13155;0.371;0.342;0.254;0.354;0.359;0.459;0.405;0.798;2.639;0.251;0.154;1.25;0.383;0.085
13156;0.369;0.342;0.251;0.364;0.364;0.459;0.405;0.798;2.607;0.247;0.176;1.235;0.383;0.083
13157;0.366;0.349;0.249;0.374;0.369;0.459;0.408;0.796;2.571;0.244;0.195;1.223;0.383;0.083
13158;0.366;0.352;0.251;0.374;0.371;0.457;0.41;0.796;2.527;0.242;0.215;1.208;0.381;0.085
13159;0.366;0.354;0.249;0.376;0.369;0.457;0.413;0.796;2.48;0.244;0.234;1.194;0.383;0.088
13160;0.369;0.352;0.249;0.374;0.366;0.454;0.408;0.798;2.427;0.239;0.251;1.179;0.381;0.085
13161;0.374;0.354;0.249;0.378;0.366;0.454;0.413;0.796;2.373;0.239;0.266;1.169;0.381;0.085
13162;0.376;0.354;0.249;0.378;0.369;0.454;0.413;0.796;2.319;0.237;0.281;1.152;0.378;0.09
13163;0.381;0.354;0.247;0.381;0.366;0.452;0.415;0.798;2.271;0.237;0.293;1.138;0.381;0.085
13164;0.383;0.354;0.247;0.386;0.364;0.452;0.415;0.793;2.217;0.237;0.305;1.125;0.381;0.088
13165;0.381;0.352;0.244;0.388;0.356;0.452;0.413;0.798;2.168;0.232;0.32;1.108;0.378;0.09
13166;0.381;0.352;0.244;0.393;0.354;0.449;0.415;0.796;2.117;0.232;0.339;1.094;0.376;0.09
13167;0.383;0.352;0.244;0.393;0.352;0.452;0.413;0.798;2.061;0.225;0.354;1.082;0.378;0.088
13168;0.381;0.352;0.239;0.391;0.354;0.452;0.41;0.796;2.007;0.22;0.378;1.064;0.374;0.093
13169;0.374;0.349;0.242;0.391;0.356;0.449;0.405;0.796;1.953;0.217;0.405;1.057;0.376;0.093
13170;0.376;0.352;0.242;0.388;0.352;0.452;0.405;0.796;1.904;0.215;0.43;1.045;0.374;0.09
13171;0.374;0.349;0.242;0.381;0.349;0.449;0.4;0.796;1.855;0.212;0.452;1.035;0.376;0.093
13172;0.374;0.352;0.244;0.383;0.344;0.449;0.398;0.796;1.807;0.21;0.479;1.028;0.378;0.095
13173;0.371;0.349;0.247;0.378;0.342;0.452;0.403;0.796;1.763;0.205;0.503;1.016;0.376;0.098
13174;0.371;0.352;0.249;0.378;0.339;0.449;0.405;0.798;1.716;0.203;0.518;1.006;0.378;0.095
13175;0.374;0.354;0.249;0.378;0.339;0.447;0.41;0.796;1.682;0.2;0.537;1.001;0.374;0.095
13176;0.374;0.354;0.254;0.376;0.337;0.447;0.41;0.796;1.655;0.195;0.552;0.994;0.376;0.098
13177;0.374;0.352;0.251;0.366;0.337;0.452;0.415;0.793;1.641;0.193;0.562;0.984;0.376;0.095
13178;0.374;0.354;0.254;0.361;0.339;0.454;0.42;0.796;1.638;0.188;0.566;0.977;0.376;0.1
13179;0.369;0.354;0.256;0.361;0.344;0.454;0.42;0.796;1.648;0.188;0.566;0.967;0.376;0.098
13180;0.366;0.352;0.266;0.366;0.352;0.454;0.422;0.798;1.67;0.188;0.569;0.962;0.378;0.098
13181;0.364;0.352;0.276;0.364;0.354;0.454;0.427;0.793;1.707;0.183;0.562;0.95;0.376;0.1
13182;0.361;0.352;0.281;0.369;0.356;0.454;0.43;0.793;1.748;0.181;0.554;0.938;0.381;0.1
13183;0.364;0.352;0.278;0.369;0.356;0.454;0.432;0.798;1.809;0.176;0.544;0.923;0.378;0.1
13184;0.364;0.349;0.276;0.371;0.356;0.454;0.427;0.798;1.885;0.178;0.532;0.916;0.378;0.103
13185;0.366;0.344;0.271;0.371;0.354;0.457;0.43;0.798;1.968;0.181;0.522;0.903;0.376;0.1
13186;0.364;0.347;0.271;0.369;0.347;0.454;0.425;0.798;2.041;0.178;0.508;0.889;0.378;0.103
13187;0.364;0.344;0.273;0.361;0.342;0.452;0.42;0.798;2.114;0.181;0.496;0.874;0.381;0.105
13188;0.366;0.347;0.273;0.354;0.342;0.449;0.415;0.796;2.185;0.181;0.481;0.859;0.381;0.107
13189;0.366;0.344;0.276;0.349;0.342;0.449;0.413;0.798;2.253;0.183;0.469;0.845;0.378;0.107
13190;0.371;0.347;0.271;0.347;0.342;0.447;0.408;0.801;2.302;0.183;0.454;0.833;0.378;0.105
13191;0.376;0.347;0.261;0.347;0.342;0.442;0.408;0.798;2.344;0.183;0.444;0.815;0.378;0.105
13192;0.376;0.349;0.261;0.347;0.344;0.444;0.405;0.801;2.363;0.178;0.43;0.801;0.381;0.11
13193;0.376;0.347;0.261;0.339;0.344;0.442;0.403;0.801;2.371;0.181;0.42;0.781;0.376;0.107
13194;0.374;0.349;0.266;0.334;0.349;0.442;0.403;0.801;2.371;0.183;0.408;0.767;0.376;0.112
13195;0.371;0.349;0.264;0.337;0.352;0.442;0.405;0.801;2.354;0.183;0.398;0.75;0.378;0.112
13196;0.369;0.349;0.264;0.334;0.349;0.439;0.405;0.801;2.324;0.186;0.388;0.732;0.374;0.11
13197;0.364;0.349;0.264;0.339;0.347;0.437;0.405;0.801;2.29;0.188;0.378;0.72;0.369;0.11
13198;0.361;0.352;0.261;0.344;0.342;0.437;0.405;0.803;2.256;0.195;0.366;0.703;0.369;0.115
13199;0.361;0.352;0.259;0.344;0.337;0.437;0.408;0.803;2.222;0.203;0.359;0.688;0.369;0.115
13200;0.366;0.356;0.256;0.352;0.334;0.437;0.405;0.798;2.195;0.208;0.352;0.674;0.361;0.115
13201;0.364;0.352;0.256;0.352;0.334;0.437;0.41;0.803;2.183;0.217;0.347;0.662;0.359;0.117
13202;0.359;0.356;0.259;0.354;0.339;0.439;0.408;0.801;2.17;0.222;0.344;0.647;0.354;0.115
13203;0.356;0.356;0.264;0.352;0.339;0.439;0.413;0.803;2.156;0.232;0.339;0.635;0.352;0.12
13204;0.352;0.356;0.266;0.352;0.342;0.437;0.415;0.806;2.144;0.237;0.337;0.623;0.347;0.112
13205;0.354;0.356;0.261;0.347;0.344;0.439;0.42;0.806;2.119;0.242;0.334;0.608;0.347;0.12
13206;0.354;0.354;0.259;0.344;0.349;0.444;0.422;0.803;2.092;0.247;0.334;0.598;0.342;0.122
13207;0.354;0.354;0.259;0.344;0.349;0.442;0.425;0.806;2.058;0.249;0.33;0.581;0.342;0.12
13208;0.356;0.352;0.256;0.344;0.354;0.444;0.43;0.806;2.019;0.254;0.325;0.569;0.342;0.127
13209;0.354;0.349;0.256;0.347;0.352;0.442;0.43;0.806;1.982;0.254;0.322;0.557;0.33;0.125
13210;0.354;0.347;0.261;0.344;0.352;0.444;0.43;0.806;1.946;0.254;0.31;0.544;0.334;0.127
13211;0.354;0.342;0.261;0.334;0.344;0.442;0.427;0.806;1.921;0.251;0.298;0.532;0.327;0.129
13212;0.354;0.342;0.259;0.332;0.342;0.442;0.422;0.808;1.919;0.249;0.291;0.52;0.327;0.134
13213;0.356;0.339;0.254;0.327;0.337;0.439;0.417;0.806;1.941;0.251;0.283;0.513;0.325;0.125
13214;0.359;0.339;0.251;0.325;0.332;0.437;0.417;0.806;1.982;0.251;0.273;0.503;0.32;0.134
13215;0.361;0.339;0.247;0.322;0.325;0.437;0.417;0.811;2.043;0.249;0.261;0.491;0.317;0.132
13216;0.366;0.339;0.251;0.325;0.325;0.437;0.415;0.811;2.112;0.249;0.254;0.481;0.317;0.134
13217;0.369;0.339;0.251;0.33;0.325;0.435;0.415;0.808;2.19;0.251;0.247;0.476;0.315;0.137
13218;0.371;0.339;0.254;0.325;0.325;0.432;0.415;0.808;2.261;0.247;0.234;0.459;0.31;0.134
13219;0.371;0.339;0.247;0.325;0.32;0.432;0.417;0.808;2.332;0.242;0.229;0.447;0.31;0.134
13220;0.374;0.342;0.247;0.317;0.315;0.432;0.42;0.808;2.407;0.242;0.22;0.437;0.303;0.137
13221;0.378;0.342;0.249;0.32;0.32;0.432;0.425;0.808;2.485;0.237;0.21;0.427;0.3;0.134
13222;0.381;0.344;0.242;0.322;0.327;0.43;0.427;0.808;2.566;0.234;0.205;0.415;0.3;0.132
13223;0.378;0.344;0.242;0.325;0.332;0.427;0.427;0.808;2.639;0.229;0.195;0.4;0.295;0.137
13224;0.378;0.347;0.242;0.33;0.327;0.427;0.43;0.811;2.7;0.229;0.186;0.388;0.293;0.137
13225;0.378;0.352;0.244;0.332;0.325;0.427;0.427;0.808;2.749;0.229;0.183;0.378;0.288;0.137
13226;0.376;0.354;0.249;0.337;0.327;0.427;0.422;0.808;2.788;0.229;0.176;0.366;0.288;0.134
13227;0.371;0.354;0.249;0.334;0.33;0.425;0.422;0.808;2.82;0.227;0.171;0.356;0.286;0.137
13228;0.369;0.356;0.247;0.334;0.33;0.427;0.42;0.806;2.852;0.232;0.164;0.347;0.281;0.134
13229;0.366;0.361;0.247;0.334;0.33;0.427;0.413;0.808;2.883;0.232;0.161;0.337;0.281;0.137
13230;0.361;0.361;0.251;0.334;0.33;0.425;0.41;0.806;2.905;0.232;0.151;0.325;0.276;0.134
13231;0.361;0.361;0.256;0.332;0.332;0.422;0.408;0.806;2.932;0.234;0.149;0.317;0.278;0.137
13232;0.359;0.361;0.261;0.325;0.332;0.422;0.408;0.806;2.949;0.239;0.144;0.31;0.273;0.137
13233;0.354;0.361;0.266;0.322;0.33;0.425;0.413;0.806;2.961;0.244;0.144;0.308;0.271;0.134
13234;0.354;0.361;0.261;0.325;0.33;0.425;0.415;0.803;2.966;0.249;0.139;0.3;0.269;0.134
13235;0.354;0.356;0.261;0.325;0.33;0.425;0.42;0.808;2.966;0.256;0.134;0.298;0.271;0.129
13236;0.354;0.359;0.256;0.327;0.32;0.425;0.42;0.803;2.961;0.269;0.137;0.305;0.269;0.134
13237;0.352;0.356;0.259;0.327;0.315;0.422;0.42;0.803;2.942;0.269;0.129;0.305;0.266;0.129
13238;0.352;0.359;0.259;0.33;0.31;0.425;0.42;0.803;2.922;0.276;0.129;0.31;0.261;0.127
13239;0.354;0.356;0.259;0.327;0.312;0.422;0.425;0.806;2.9;0.281;0.125;0.315;0.261;0.127
13240;0.352;0.356;0.256;0.327;0.31;0.425;0.427;0.803;2.871;0.291;0.125;0.327;0.259;0.125
13241;0.352;0.356;0.256;0.33;0.305;0.422;0.427;0.806;2.839;0.298;0.125;0.342;0.261;0.127
13242;0.352;0.356;0.264;0.33;0.308;0.425;0.427;0.803;2.803;0.305;0.12;0.361;0.256;0.125
13243;0.352;0.356;0.264;0.327;0.312;0.427;0.432;0.801;2.764;0.312;0.117;0.383;0.254;0.122
13244;0.359;0.356;0.266;0.327;0.312;0.43;0.435;0.801;2.727;0.32;0.12;0.408;0.254;0.117
13245;0.361;0.359;0.266;0.322;0.317;0.432;0.435;0.803;2.686;0.327;0.117;0.437;0.251;0.117
13246;0.366;0.356;0.269;0.322;0.32;0.435;0.432;0.801;2.637;0.332;0.115;0.464;0.247;0.115
13247;0.369;0.356;0.269;0.325;0.32;0.437;0.432;0.803;2.588;0.337;0.112;0.496;0.247;0.11
13248;0.366;0.354;0.273;0.325;0.317;0.437;0.427;0.801;2.542;0.344;0.115;0.525;0.244;0.115
13249;0.369;0.352;0.273;0.327;0.317;0.437;0.427;0.796;2.485;0.344;0.115;0.554;0.242;0.107
13250;0.366;0.352;0.273;0.327;0.32;0.437;0.425;0.796;2.432;0.347;0.117;0.583;0.242;0.107
13251;0.364;0.354;0.271;0.327;0.317;0.435;0.42;0.796;2.378;0.347;0.12;0.613;0.237;0.105
13252;0.361;0.352;0.266;0.325;0.315;0.435;0.42;0.793;2.324;0.347;0.12;0.637;0.234;0.103
13253;0.364;0.354;0.266;0.325;0.315;0.437;0.422;0.793;2.275;0.344;0.12;0.659;0.234;0.103
13254;0.364;0.352;0.269;0.325;0.312;0.435;0.422;0.793;2.227;0.339;0.12;0.681;0.237;0.103
13255;0.361;0.354;0.271;0.325;0.312;0.432;0.422;0.793;2.175;0.337;0.122;0.701;0.229;0.103
13256;0.359;0.359;0.269;0.325;0.308;0.435;0.42;0.796;2.129;0.332;0.122;0.72;0.229;0.098
13257;0.359;0.356;0.271;0.33;0.308;0.432;0.422;0.791;2.08;0.33;0.125;0.732;0.229;0.098
13258;0.354;0.359;0.276;0.325;0.308;0.432;0.425;0.789;2.031;0.325;0.122;0.747;0.229;0.09
13259;0.354;0.366;0.276;0.305;0.308;0.435;0.417;0.789;1.982;0.325;0.122;0.759;0.227;0.098
13260;0.347;0.366;0.266;0.283;0.31;0.435;0.42;0.786;1.938;0.32;0.125;0.769;0.229;0.093
13261;0.349;0.369;0.261;0.283;0.312;0.435;0.417;0.784;1.904;0.32;0.122;0.781;0.229;0.095
13262;0.344;0.374;0.261;0.288;0.312;0.435;0.417;0.784;1.875;0.315;0.125;0.791;0.227;0.088
13263;0.349;0.374;0.264;0.288;0.315;0.432;0.413;0.786;1.858;0.317;0.125;0.803;0.227;0.088
13264;0.347;0.371;0.269;0.288;0.315;0.435;0.413;0.786;1.846;0.31;0.122;0.813;0.229;0.09
13265;0.349;0.378;0.271;0.303;0.315;0.43;0.41;0.786;1.841;0.305;0.122;0.818;0.229;0.085
13266;0.347;0.374;0.273;0.312;0.312;0.43;0.41;0.784;1.843;0.305;0.125;0.828;0.229;0.083
13267;0.347;0.378;0.278;0.312;0.312;0.43;0.413;0.786;1.851;0.3;0.122;0.84;0.225;0.081
13268;0.349;0.376;0.283;0.305;0.31;0.432;0.413;0.784;1.865;0.298;0.125;0.847;0.232;0.083
13269;0.349;0.376;0.286;0.298;0.31;0.432;0.415;0.786;1.88;0.293;0.125;0.854;0.21;0.066
13270;0.347;0.374;0.288;0.288;0.312;0.435;0.415;0.784;1.882;0.276;0.112;0.85;0.22;0.073
13271;0.352;0.376;0.291;0.278;0.312;0.435;0.42;0.786;1.902;0.278;0.122;0.869;0.227;0.076
13272;0.349;0.374;0.293;0.283;0.315;0.439;0.415;0.781;1.917;0.281;0.129;0.881;0.237;0.083
13273;0.352;0.376;0.293;0.288;0.32;0.439;0.415;0.789;1.914;0.276;0.129;0.891;0.234;0.078
13274;0.354;0.374;0.291;0.283;0.325;0.444;0.408;0.786;1.897;0.266;0.125;0.898;0.227;0.078
13275;0.354;0.376;0.291;0.281;0.325;0.439;0.4;0.786;1.875;0.259;0.127;0.908;0.229;0.076
13276;0.354;0.376;0.293;0.269;0.322;0.442;0.403;0.784;1.841;0.256;0.132;0.92;0.232;0.073
13277;0.356;0.371;0.295;0.278;0.322;0.442;0.4;0.786;1.794;0.249;0.129;0.93;0.234;0.076
13278;0.356;0.369;0.298;0.293;0.325;0.439;0.4;0.784;1.736;0.247;0.134;0.94;0.234;0.076
13279;0.356;0.369;0.293;0.31;0.325;0.439;0.4;0.784;1.677;0.239;0.134;0.95;0.232;0.071
13280;0.356;0.369;0.288;0.317;0.322;0.439;0.403;0.781;1.616;0.234;0.137;0.962;0.232;0.071
13281;0.356;0.364;0.286;0.295;0.32;0.439;0.403;0.784;1.553;0.229;0.139;0.972;0.232;0.073
13282;0.352;0.364;0.281;0.281;0.317;0.442;0.405;0.784;1.482;0.225;0.142;0.981;0.232;0.068
13283;0.352;0.356;0.276;0.264;0.312;0.439;0.405;0.784;1.418;0.22;0.142;0.991;0.229;0.071
13284;0.352;0.356;0.269;0.261;0.312;0.437;0.4;0.781;1.375;0.215;0.142;1.001;0.229;0.068
13285;0.349;0.356;0.273;0.254;0.308;0.437;0.4;0.781;1.36;0.21;0.142;1.013;0.229;0.068
13286;0.347;0.354;0.269;0.244;0.308;0.439;0.398;0.781;1.392;0.205;0.142;1.025;0.225;0.066
13287;0.352;0.354;0.269;0.244;0.305;0.439;0.398;0.781;1.484;0.205;0.149;1.038;0.229;0.066
13288;0.347;0.354;0.266;0.254;0.3;0.437;0.393;0.781;1.619;0.2;0.146;1.05;0.225;0.063
13289;0.347;0.352;0.264;0.269;0.3;0.435;0.396;0.776;1.785;0.195;0.146;1.064;0.222;0.066
13290;0.349;0.356;0.271;0.298;0.3;0.437;0.396;0.779;1.99;0.195;0.149;1.077;0.222;0.063
13291;0.347;0.359;0.276;0.315;0.3;0.432;0.396;0.779;2.217;0.19;0.149;1.086;0.22;0.061
13292;0.349;0.359;0.273;0.332;0.303;0.432;0.4;0.776;2.461;0.188;0.149;1.096;0.217;0.061
13293;0.347;0.364;0.278;0.327;0.305;0.427;0.403;0.779;2.695;0.183;0.146;1.104;0.217;0.059
13294;0.349;0.364;0.281;0.32;0.31;0.427;0.408;0.779;2.905;0.181;0.149;1.111;0.212;0.059
13295;0.349;0.366;0.288;0.312;0.31;0.425;0.408;0.779;3.096;0.181;0.154;1.118;0.215;0.063
13296;0.352;0.371;0.286;0.312;0.312;0.422;0.41;0.779;3.262;0.181;0.154;1.123;0.212;0.061
13297;0.352;0.374;0.291;0.315;0.312;0.425;0.413;0.779;3.42;0.178;0.156;1.125;0.212;0.056
13298;0.354;0.374;0.3;0.325;0.315;0.425;0.413;0.781;3.579;0.173;0.156;1.128;0.21;0.059
13299;0.356;0.371;0.308;0.325;0.312;0.43;0.41;0.781;3.743;0.171;0.156;1.133;0.21;0.061
13300;0.354;0.371;0.31;0.33;0.312;0.43;0.41;0.784;3.923;0.171;0.161;1.138;0.21;0.059
13301;0.354;0.369;0.31;0.327;0.31;0.43;0.408;0.779;4.097;0.168;0.161;1.145;0.21;0.061
13302;0.359;0.374;0.315;0.325;0.31;0.43;0.403;0.779;4.241;0.166;0.161;1.15;0.208;0.061
13303;0.356;0.374;0.312;0.33;0.305;0.432;0.396;0.781;4.326;0.166;0.161;1.157;0.208;0.063
13304;0.359;0.374;0.317;0.332;0.3;0.432;0.388;0.784;4.363;0.161;0.164;1.165;0.2;0.061
13305;0.356;0.369;0.325;0.332;0.298;0.432;0.388;0.781;4.363;0.156;0.168;1.172;0.2;0.061
13306;0.354;0.364;0.322;0.327;0.298;0.432;0.388;0.781;4.338;0.159;0.171;1.177;0.2;0.059
13307;0.349;0.364;0.325;0.317;0.295;0.432;0.391;0.786;4.282;0.154;0.168;1.182;0.198;0.059
13308;0.347;0.364;0.325;0.305;0.293;0.432;0.388;0.781;4.209;0.146;0.171;1.189;0.195;0.063
13309;0.342;0.364;0.325;0.288;0.293;0.43;0.393;0.784;4.121;0.142;0.168;1.191;0.193;0.059
13310;0.342;0.361;0.33;0.291;0.288;0.43;0.396;0.779;4.026;0.142;0.173;1.199;0.19;0.059
13311;0.342;0.359;0.327;0.295;0.288;0.43;0.393;0.784;3.916;0.139;0.168;1.199;0.186;0.056
13312;0.337;0.354;0.33;0.293;0.281;0.427;0.396;0.779;3.799;0.134;0.164;1.196;0.181;0.059
13313;0.339;0.356;0.33;0.295;0.276;0.425;0.398;0.781;3.694;0.137;0.168;1.199;0.181;0.059
13314;0.337;0.356;0.334;0.293;0.273;0.427;0.403;0.776;3.599;0.137;0.171;1.196;0.176;0.061
13315;0.337;0.356;0.339;0.3;0.273;0.422;0.41;0.779;3.508;0.132;0.166;1.191;0.173;0.061
13316;0.337;0.354;0.337;0.31;0.266;0.42;0.41;0.776;3.416;0.129;0.168;1.184;0.173;0.061
13317;0.339;0.356;0.342;0.315;0.269;0.42;0.408;0.779;3.303;0.125;0.166;1.174;0.168;0.061
13318;0.339;0.356;0.342;0.315;0.266;0.417;0.405;0.781;3.193;0.127;0.168;1.169;0.168;0.059
13319;0.342;0.356;0.347;0.312;0.266;0.417;0.403;0.779;3.093;0.122;0.168;1.165;0.166;0.056
13320;0.347;0.361;0.352;0.305;0.264;0.417;0.4;0.776;3.018;0.125;0.168;1.152;0.159;0.061
13321;0.344;0.356;0.344;0.312;0.269;0.417;0.405;0.779;2.996;0.125;0.166;1.145;0.161;0.056
13322;0.349;0.361;0.347;0.298;0.269;0.415;0.405;0.776;3.032;0.12;0.161;1.13;0.156;0.056
13323;0.349;0.359;0.347;0.281;0.276;0.415;0.408;0.779;3.142;0.125;0.164;1.121;0.154;0.059
13324;0.352;0.361;0.347;0.281;0.278;0.415;0.405;0.776;3.289;0.12;0.156;1.108;0.149;0.054
13325;0.349;0.364;0.347;0.269;0.283;0.413;0.405;0.779;3.462;0.117;0.159;1.089;0.151;0.054
13326;0.349;0.364;0.359;0.264;0.283;0.413;0.408;0.776;3.65;0.12;0.156;1.079;0.146;0.051
13327;0.349;0.364;0.374;0.264;0.288;0.415;0.413;0.776;3.84;0.12;0.156;1.067;0.144;0.054
13328;0.347;0.369;0.376;0.271;0.286;0.417;0.41;0.776;4.014;0.12;0.156;1.055;0.144;0.054
13329;0.344;0.366;0.388;0.269;0.288;0.417;0.408;0.779;4.167;0.122;0.154;1.042;0.144;0.051
13330;0.342;0.364;0.393;0.266;0.291;0.415;0.405;0.781;4.297;0.12;0.151;1.033;0.146;0.056
13331;0.339;0.366;0.334;0.261;0.293;0.42;0.4;0.776;4.426;0.127;0.154;1.025;0.146;0.056
13332;0.337;0.366;0.327;0.264;0.293;0.422;0.398;0.776;4.536;0.122;0.149;1.013;0.149;0.051
13333;0.337;0.366;0.322;0.269;0.295;0.422;0.396;0.776;4.631;0.122;0.149;1.006;0.144;0.056
13334;0.332;0.364;0.317;0.261;0.295;0.427;0.393;0.781;4.714;0.12;0.146;1.001;0.146;0.056
13335;0.332;0.361;0.317;0.261;0.295;0.427;0.391;0.784;4.785;0.12;0.142;0.999;0.146;0.059
13336;0.332;0.356;0.312;0.261;0.298;0.425;0.388;0.784;4.854;0.12;0.146;0.994;0.149;0.059
13337;0.332;0.359;0.315;0.266;0.295;0.427;0.386;0.779;4.915;0.12;0.144;0.986;0.149;0.061
13338;0.332;0.356;0.312;0.269;0.295;0.425;0.383;0.781;4.98;0.12;0.144;0.986;0.146;0.061
13339;0.334;0.356;0.317;0.271;0.293;0.42;0.383;0.781;4.998;0.117;0.144;0.984;0.144;0.054
13340;0.337;0.356;0.312;0.276;0.291;0.417;0.383;0.781;4.998;0.115;0.139;0.979;0.149;0.061
13341;0.337;0.354;0.315;0.278;0.293;0.417;0.388;0.779;4.998;0.117;0.139;0.974;0.149;0.061
13342;0.337;0.352;0.315;0.288;0.291;0.413;0.391;0.779;4.998;0.117;0.142;0.969;0.151;0.059
13343;0.337;0.352;0.315;0.291;0.291;0.41;0.391;0.779;4.998;0.117;0.139;0.972;0.146;0.061
13344;0.339;0.354;0.312;0.283;0.293;0.408;0.391;0.776;4.998;0.115;0.137;0.964;0.151;0.066
13345;0.339;0.349;0.315;0.281;0.295;0.408;0.388;0.779;4.998;0.117;0.144;0.962;0.151;0.066
13346;0.339;0.349;0.312;0.276;0.293;0.408;0.386;0.779;4.998;0.117;0.142;0.957;0.149;0.063
13347;0.339;0.349;0.312;0.266;0.293;0.408;0.383;0.776;4.998;0.117;0.139;0.95;0.151;0.063
13348;0.342;0.349;0.322;0.264;0.293;0.41;0.381;0.776;4.998;0.115;0.139;0.947;0.154;0.071
13349;0.344;0.352;0.325;0.261;0.293;0.413;0.381;0.771;4.998;0.117;0.139;0.94;0.149;0.068
13350;0.347;0.349;0.327;0.261;0.293;0.417;0.381;0.774;4.998;0.117;0.142;0.935;0.151;0.066
13351;0.347;0.347;0.33;0.264;0.291;0.415;0.376;0.774;4.998;0.115;0.142;0.928;0.154;0.073
13352;0.349;0.349;0.337;0.271;0.288;0.415;0.378;0.771;4.998;0.112;0.139;0.923;0.151;0.073
13353;0.352;0.352;0.339;0.276;0.288;0.415;0.381;0.771;4.998;0.112;0.142;0.918;0.151;0.066
13354;0.352;0.349;0.339;0.278;0.286;0.413;0.383;0.774;4.998;0.11;0.139;0.913;0.149;0.071
13355;0.352;0.352;0.339;0.283;0.288;0.41;0.386;0.774;4.998;0.107;0.134;0.908;0.151;0.068
13356;0.354;0.344;0.342;0.295;0.291;0.405;0.383;0.771;4.998;0.105;0.134;0.903;0.146;0.071
13357;0.349;0.342;0.344;0.298;0.295;0.405;0.386;0.771;4.998;0.105;0.132;0.901;0.146;0.066
13358;0.349;0.337;0.339;0.298;0.298;0.405;0.383;0.769;4.998;0.103;0.129;0.894;0.146;0.068
13359;0.347;0.334;0.334;0.298;0.295;0.398;0.386;0.769;4.998;0.1;0.127;0.884;0.144;0.066
13360;0.342;0.327;0.337;0.293;0.293;0.4;0.383;0.767;4.998;0.095;0.125;0.879;0.151;0.071
13361;0.339;0.327;0.337;0.291;0.291;0.405;0.381;0.769;4.998;0.095;0.125;0.874;0.149;0.068
13362;0.337;0.327;0.337;0.3;0.288;0.403;0.376;0.769;4.998;0.093;0.122;0.859;0.149;0.071
13363;0.334;0.325;0.332;0.308;0.291;0.408;0.374;0.769;4.998;0.09;0.122;0.85;0.146;0.066
13364;0.332;0.322;0.334;0.315;0.288;0.41;0.371;0.769;4.998;0.088;0.122;0.835;0.149;0.066
13365;0.334;0.322;0.334;0.32;0.286;0.413;0.371;0.771;4.998;0.09;0.122;0.823;0.154;0.068
13366;0.332;0.327;0.332;0.32;0.286;0.417;0.371;0.771;4.998;0.088;0.117;0.808;0.154;0.063
13367;0.334;0.332;0.332;0.315;0.283;0.42;0.371;0.769;4.993;0.085;0.115;0.786;0.156;0.066
13368;0.334;0.334;0.33;0.31;0.281;0.42;0.376;0.767;4.99;0.085;0.115;0.771;0.161;0.066
13369;0.337;0.337;0.325;0.303;0.278;0.425;0.374;0.767;4.998;0.085;0.115;0.754;0.164;0.068
13370;0.342;0.332;0.325;0.305;0.278;0.422;0.374;0.767;4.998;0.083;0.11;0.732;0.161;0.059
13371;0.344;0.332;0.322;0.298;0.278;0.425;0.376;0.767;4.998;0.083;0.11;0.713;0.171;0.063
13372;0.347;0.332;0.322;0.291;0.283;0.42;0.378;0.764;4.998;0.085;0.112;0.691;0.166;0.059
13373;0.344;0.337;0.32;0.286;0.283;0.42;0.378;0.767;4.998;0.083;0.11;0.671;0.171;0.061
13374;0.344;0.339;0.322;0.283;0.291;0.417;0.378;0.762;4.998;0.085;0.107;0.654;0.173;0.061
13375;0.344;0.342;0.325;0.286;0.291;0.413;0.371;0.762;4.998;0.081;0.11;0.64;0.176;0.061
13376;0.342;0.344;0.325;0.283;0.293;0.41;0.366;0.759;4.998;0.081;0.107;0.623;0.176;0.061
13377;0.344;0.347;0.33;0.283;0.293;0.41;0.364;0.759;4.998;0.081;0.11;0.608;0.178;0.061
13378;0.344;0.356;0.339;0.283;0.293;0.408;0.361;0.762;4.998;0.083;0.115;0.596;0.188;0.063
13379;0.347;0.364;0.347;0.283;0.293;0.405;0.364;0.759;4.998;0.081;0.11;0.586;0.186;0.056
13380;0.347;0.361;0.347;0.276;0.293;0.408;0.364;0.757;4.998;0.083;0.112;0.571;0.193;0.066
13381;0.347;0.364;0.347;0.278;0.291;0.403;0.369;0.759;4.998;0.081;0.107;0.566;0.19;0.063
13382;0.347;0.366;0.347;0.283;0.288;0.403;0.374;0.759;4.998;0.081;0.11;0.554;0.198;0.066
13383;0.344;0.371;0.344;0.283;0.288;0.408;0.374;0.759;4.998;0.081;0.11;0.549;0.2;0.063
13384;0.347;0.374;0.347;0.286;0.288;0.405;0.378;0.757;4.998;0.081;0.107;0.542;0.203;0.063
13385;0.349;0.374;0.352;0.283;0.286;0.41;0.378;0.757;4.998;0.081;0.11;0.537;0.205;0.061
13386;0.354;0.369;0.349;0.281;0.288;0.41;0.376;0.757;4.998;0.078;0.11;0.535;0.205;0.063
13387;0.356;0.366;0.364;0.286;0.293;0.413;0.376;0.757;4.998;0.078;0.107;0.53;0.208;0.063
13388;0.359;0.361;0.378;0.288;0.298;0.413;0.374;0.754;4.998;0.076;0.107;0.527;0.208;0.063
13389;0.356;0.361;0.442;0.283;0.298;0.415;0.371;0.757;4.998;0.078;0.105;0.527;0.215;0.063
13390;0.356;0.361;0.493;0.286;0.298;0.413;0.364;0.754;4.998;0.078;0.105;0.525;0.212;0.066
13391;0.359;0.359;0.493;0.283;0.298;0.413;0.361;0.754;4.998;0.073;0.105;0.522;0.217;0.061
13392;0.359;0.354;0.491;0.281;0.298;0.413;0.356;0.757;4.998;0.073;0.1;0.525;0.217;0.063
13393;0.359;0.344;0.435;0.276;0.293;0.41;0.356;0.757;4.998;0.076;0.105;0.525;0.22;0.063
13394;0.361;0.337;0.474;0.271;0.293;0.408;0.359;0.754;4.998;0.076;0.103;0.527;0.222;0.063
13395;0.356;0.332;0.449;0.276;0.295;0.405;0.356;0.754;4.998;0.073;0.105;0.53;0.222;0.066
13396;0.356;0.327;0.408;0.271;0.295;0.405;0.359;0.754;4.998;0.073;0.105;0.53;0.225;0.066
13397;0.354;0.327;0.393;0.273;0.298;0.403;0.359;0.754;4.998;0.073;0.103;0.532;0.227;0.073
13398;0.349;0.32;0.383;0.276;0.295;0.405;0.364;0.752;4.998;0.071;0.103;0.535;0.227;0.063
13399;0.347;0.312;0.366;0.278;0.291;0.403;0.361;0.752;4.998;0.073;0.103;0.532;0.229;0.068
13400;0.339;0.31;0.374;0.281;0.288;0.4;0.364;0.754;4.998;0.071;0.103;0.535;0.225;0.066
13401;0.339;0.308;0.381;0.286;0.286;0.4;0.359;0.752;4.998;0.076;0.107;0.537;0.234;0.073
13402;0.337;0.31;0.417;0.286;0.286;0.4;0.361;0.752;4.998;0.073;0.107;0.535;0.232;0.068
13403;0.332;0.312;0.466;0.283;0.286;0.4;0.359;0.75;4.998;0.071;0.105;0.535;0.229;0.071
13404;0.33;0.315;0.481;0.276;0.288;0.4;0.356;0.75;4.998;0.073;0.107;0.535;0.225;0.068
13405;0.327;0.315;0.449;0.278;0.288;0.403;0.354;0.75;4.998;0.073;0.11;0.535;0.229;0.073
13406;0.325;0.32;0.476;0.278;0.288;0.403;0.349;0.745;4.998;0.071;0.105;0.53;0.225;0.071
13407;0.322;0.327;0.496;0.278;0.288;0.403;0.349;0.745;4.998;0.071;0.11;0.53;0.222;0.073
13408;0.327;0.327;0.569;0.283;0.288;0.408;0.347;0.745;4.998;0.071;0.11;0.532;0.225;0.076
13409;0.33;0.33;0.579;0.283;0.286;0.405;0.349;0.747;4.998;0.073;0.11;0.525;0.227;0.078
13410;0.334;0.332;0.723;0.288;0.283;0.408;0.349;0.747;4.998;0.073;0.11;0.527;0.227;0.078
13411;0.339;0.334;0.581;0.295;0.283;0.403;0.347;0.747;4.998;0.071;0.11;0.522;0.222;0.081
13412;0.342;0.339;0.532;0.3;0.281;0.405;0.344;0.747;4.998;0.071;0.107;0.52;0.225;0.078
13413;0.342;0.342;0.579;0.305;0.286;0.405;0.347;0.75;4.998;0.071;0.11;0.52;0.217;0.083
13414;0.347;0.342;0.576;0.312;0.283;0.403;0.339;0.747;4.998;0.068;0.105;0.518;0.22;0.083
13415;0.352;0.344;0.649;0.317;0.283;0.405;0.339;0.747;4.998;0.068;0.103;0.515;0.217;0.081
13416;0.356;0.347;0.864;0.317;0.286;0.403;0.339;0.747;4.998;0.066;0.1;0.518;0.212;0.083
13417;0.356;0.349;0.911;0.312;0.283;0.4;0.334;0.747;4.998;0.066;0.103;0.513;0.212;0.085
13418;0.356;0.352;0.928;0.315;0.286;0.405;0.334;0.747;4.998;0.063;0.098;0.51;0.212;0.085
13419;0.359;0.354;0.923;0.31;0.286;0.405;0.334;0.747;4.998;0.061;0.095;0.51;0.212;0.085
13420;0.359;0.354;0.959;0.303;0.288;0.405;0.334;0.747;4.998;0.061;0.098;0.513;0.21;0.088
13421;0.354;0.352;0.886;0.303;0.291;0.408;0.339;0.747;4.998;0.061;0.095;0.51;0.205;0.088
13422;0.352;0.349;0.847;0.305;0.295;0.408;0.347;0.747;4.998;0.061;0.093;0.513;0.208;0.085
13423;0.349;0.344;0.623;0.303;0.295;0.408;0.352;0.75;4.998;0.056;0.09;0.51;0.2;0.085
13424;0.344;0.339;0.784;0.31;0.303;0.408;0.354;0.747;4.998;0.061;0.09;0.513;0.203;0.088
13425;0.344;0.337;0.625;0.312;0.303;0.41;0.359;0.747;4.998;0.061;0.088;0.513;0.2;0.088
13426;0.339;0.334;0.771;0.308;0.303;0.41;0.361;0.742;4.998;0.059;0.085;0.51;0.2;0.085
13427;0.339;0.33;0.552;0.31;0.303;0.41;0.364;0.745;4.998;0.061;0.088;0.51;0.198;0.09
13428;0.334;0.327;0.459;0.308;0.295;0.408;0.359;0.747;4.998;0.063;0.085;0.513;0.195;0.09
13429;0.337;0.32;0.437;0.315;0.291;0.408;0.356;0.745;4.998;0.063;0.083;0.515;0.203;0.093
13430;0.337;0.322;0.405;0.315;0.288;0.403;0.352;0.742;4.998;0.061;0.083;0.515;0.198;0.093
13431;0.334;0.315;0.439;0.308;0.283;0.403;0.344;0.745;4.998;0.063;0.081;0.515;0.195;0.093
13432;0.332;0.317;0.479;0.305;0.278;0.4;0.344;0.745;4.998;0.063;0.081;0.52;0.195;0.09
13433;0.334;0.317;0.439;0.308;0.276;0.398;0.342;0.742;4.998;0.061;0.081;0.52;0.193;0.095
13434;0.339;0.317;0.579;0.305;0.276;0.4;0.337;0.742;4.998;0.063;0.081;0.525;0.2;0.098
13435;0.339;0.312;0.505;0.31;0.276;0.403;0.334;0.745;4.998;0.063;0.081;0.527;0.195;0.095
13436;0.337;0.31;0.471;0.308;0.271;0.4;0.334;0.745;4.998;0.063;0.081;0.532;0.198;0.095
13437;0.339;0.312;0.459;0.305;0.276;0.403;0.334;0.747;4.998;0.066;0.081;0.535;0.2;0.098
13438;0.342;0.312;0.471;0.298;0.278;0.403;0.334;0.747;4.998;0.063;0.081;0.542;0.198;0.1
13439;0.342;0.31;0.496;0.293;0.283;0.403;0.342;0.745;4.998;0.063;0.081;0.547;0.203;0.1
13440;0.342;0.315;0.391;0.298;0.288;0.408;0.349;0.745;4.998;0.066;0.081;0.549;0.198;0.1
13441;0.342;0.31;0.344;0.3;0.291;0.408;0.352;0.747;4.998;0.066;0.083;0.554;0.2;0.103
13442;0.344;0.31;0.344;0.305;0.291;0.408;0.354;0.747;4.998;0.061;0.081;0.554;0.203;0.105
13443;0.349;0.317;0.344;0.303;0.295;0.41;0.359;0.747;4.998;0.061;0.083;0.554;0.198;0.1
13444;0.349;0.317;0.344;0.3;0.293;0.408;0.356;0.75;4.998;0.066;0.083;0.562;0.203;0.105
13445;0.354;0.32;0.342;0.298;0.298;0.403;0.359;0.75;4.998;0.066;0.085;0.562;0.205;0.11
13446;0.359;0.322;0.337;0.303;0.295;0.4;0.356;0.75;4.998;0.066;0.085;0.562;0.198;0.107
13447;0.364;0.327;0.337;0.303;0.298;0.403;0.352;0.75;4.998;0.068;0.088;0.566;0.203;0.105
13448;0.364;0.33;0.334;0.303;0.293;0.403;0.347;0.75;4.998;0.068;0.09;0.562;0.203;0.107
13449;0.364;0.332;0.339;0.305;0.295;0.405;0.342;0.75;4.998;0.066;0.09;0.559;0.205;0.11
13450;0.366;0.337;0.342;0.303;0.295;0.41;0.342;0.75;4.998;0.066;0.098;0.557;0.208;0.115
13451;0.364;0.342;0.342;0.305;0.295;0.41;0.339;0.75;4.998;0.068;0.098;0.557;0.205;0.11
13452;0.364;0.334;0.349;0.308;0.298;0.408;0.339;0.75;4.998;0.068;0.103;0.554;0.203;0.11
13453;0.361;0.332;0.342;0.315;0.298;0.41;0.337;0.75;4.998;0.068;0.105;0.552;0.208;0.115
13454;0.356;0.332;0.354;0.315;0.298;0.408;0.337;0.75;4.998;0.068;0.112;0.549;0.205;0.112
13455;0.354;0.322;0.356;0.312;0.293;0.41;0.339;0.75;4.998;0.068;0.112;0.547;0.203;0.11
13456;0.349;0.317;0.342;0.315;0.293;0.41;0.344;0.75;4.998;0.068;0.115;0.542;0.2;0.112
13457;0.344;0.31;0.342;0.317;0.293;0.413;0.347;0.75;4.998;0.068;0.12;0.537;0.205;0.115
13458;0.339;0.31;0.339;0.317;0.293;0.413;0.347;0.747;4.998;0.066;0.117;0.53;0.203;0.115
13459;0.339;0.31;0.347;0.322;0.288;0.413;0.347;0.747;4.998;0.063;0.122;0.525;0.205;0.112
13460;0.332;0.305;0.339;0.322;0.286;0.41;0.344;0.75;4.998;0.066;0.122;0.52;0.205;0.115
13461;0.332;0.312;0.334;0.32;0.288;0.41;0.347;0.752;4.998;0.063;0.125;0.515;0.205;0.112
13462;0.334;0.308;0.33;0.32;0.291;0.41;0.344;0.752;4.998;0.063;0.125;0.513;0.203;0.112
13463;0.332;0.3;0.33;0.325;0.291;0.408;0.342;0.752;4.998;0.063;0.127;0.51;0.203;0.115
13464;0.334;0.31;0.332;0.33;0.293;0.405;0.342;0.752;4.998;0.063;0.127;0.508;0.2;0.11
13465;0.334;0.305;0.33;0.337;0.298;0.405;0.339;0.75;4.998;0.061;0.125;0.503;0.205;0.115
13466;0.337;0.3;0.33;0.339;0.303;0.405;0.339;0.752;4.998;0.061;0.122;0.5;0.203;0.112
13467;0.339;0.305;0.33;0.344;0.308;0.405;0.339;0.754;4.998;0.066;0.127;0.498;0.205;0.112
13468;0.339;0.303;0.33;0.344;0.31;0.408;0.334;0.754;4.998;0.068;0.127;0.488;0.205;0.115
13469;0.339;0.305;0.325;0.344;0.315;0.413;0.334;0.754;4.998;0.066;0.122;0.483;0.203;0.11
13470;0.342;0.295;0.327;0.344;0.31;0.413;0.337;0.752;4.998;0.066;0.122;0.479;0.203;0.11
13471;0.344;0.298;0.33;0.347;0.315;0.415;0.337;0.752;4.998;0.068;0.122;0.471;0.203;0.11
13472;0.347;0.3;0.327;0.352;0.308;0.41;0.339;0.752;4.998;0.068;0.122;0.464;0.203;0.107
13473;0.344;0.3;0.322;0.349;0.315;0.415;0.339;0.752;4.998;0.068;0.12;0.457;0.2;0.11
13474;0.347;0.308;0.325;0.349;0.315;0.415;0.342;0.752;4.998;0.068;0.12;0.452;0.2;0.11
13475;0.347;0.31;0.325;0.344;0.315;0.413;0.342;0.75;4.998;0.071;0.12;0.447;0.203;0.107
13476;0.347;0.308;0.325;0.347;0.308;0.413;0.339;0.747;4.998;0.068;0.12;0.444;0.203;0.105
13477;0.347;0.31;0.327;0.347;0.31;0.415;0.342;0.745;4.998;0.071;0.12;0.439;0.205;0.105
13478;0.347;0.315;0.325;0.354;0.308;0.413;0.339;0.747;4.998;0.073;0.115;0.435;0.203;0.105
13479;0.347;0.315;0.325;0.359;0.308;0.415;0.339;0.745;4.998;0.073;0.112;0.427;0.205;0.105
13480;0.347;0.317;0.325;0.364;0.305;0.417;0.342;0.75;4.998;0.078;0.115;0.425;0.208;0.105
13481;0.347;0.31;0.325;0.364;0.305;0.417;0.334;0.745;4.998;0.083;0.115;0.422;0.205;0.1
13482;0.339;0.308;0.325;0.361;0.308;0.415;0.339;0.747;4.998;0.09;0.12;0.417;0.208;0.1
13483;0.342;0.303;0.327;0.359;0.31;0.417;0.334;0.745;4.998;0.095;0.115;0.41;0.205;0.098
13484;0.342;0.298;0.32;0.366;0.312;0.415;0.337;0.742;4.998;0.105;0.115;0.408;0.208;0.098
13485;0.339;0.303;0.325;0.369;0.31;0.417;0.332;0.747;4.998;0.112;0.115;0.403;0.205;0.093
13486;0.339;0.298;0.322;0.369;0.31;0.413;0.334;0.745;4.998;0.122;0.117;0.398;0.21;0.095
13487;0.342;0.293;0.32;0.369;0.315;0.413;0.337;0.742;4.998;0.127;0.12;0.393;0.21;0.09
13488;0.344;0.295;0.32;0.361;0.315;0.41;0.337;0.745;4.998;0.132;0.122;0.393;0.215;0.093
13489;0.342;0.286;0.32;0.354;0.315;0.41;0.342;0.742;4.998;0.134;0.122;0.386;0.212;0.095
13490;0.344;0.286;0.322;0.347;0.315;0.413;0.339;0.745;4.998;0.134;0.122;0.381;0.212;0.085
13491;0.349;0.281;0.322;0.347;0.32;0.41;0.337;0.742;4.998;0.139;0.122;0.376;0.212;0.085
13492;0.349;0.286;0.32;0.349;0.322;0.413;0.339;0.745;4.998;0.144;0.127;0.376;0.215;0.083
13493;0.352;0.283;0.315;0.352;0.32;0.413;0.334;0.745;4.998;0.149;0.127;0.374;0.215;0.085
13494;0.356;0.283;0.315;0.354;0.322;0.41;0.337;0.742;4.988;0.151;0.129;0.369;0.217;0.085
13495;0.359;0.286;0.31;0.349;0.322;0.413;0.339;0.745;4.9;0.159;0.129;0.369;0.217;0.081
13496;0.361;0.286;0.315;0.352;0.322;0.413;0.344;0.745;4.817;0.156;0.129;0.364;0.215;0.083
13497;0.361;0.278;0.308;0.354;0.322;0.415;0.344;0.747;4.741;0.166;0.134;0.369;0.22;0.081
13498;0.361;0.281;0.31;0.354;0.325;0.415;0.339;0.745;4.663;0.166;0.129;0.366;0.222;0.081
13499;0.361;0.281;0.31;0.347;0.327;0.415;0.339;0.742;4.59;0.166;0.127;0.369;0.217;0.076
13500;0.361;0.281;0.308;0.344;0.327;0.417;0.337;0.74;4.526;0.166;0.127;0.369;0.222;0.076
13501;0.356;0.286;0.31;0.339;0.332;0.422;0.334;0.74;4.463;0.164;0.132;0.371;0.217;0.076
13502;0.352;0.286;0.31;0.337;0.33;0.417;0.332;0.74;4.409;0.166;0.127;0.371;0.217;0.066
13503;0.349;0.288;0.305;0.327;0.332;0.415;0.33;0.735;4.358;0.164;0.127;0.376;0.222;0.071
13504;0.349;0.293;0.305;0.327;0.33;0.413;0.33;0.735;4.312;0.164;0.127;0.378;0.222;0.071
13505;0.347;0.293;0.305;0.33;0.332;0.413;0.327;0.735;4.268;0.159;0.125;0.378;0.222;0.068
13506;0.342;0.295;0.303;0.327;0.332;0.413;0.327;0.732;4.221;0.154;0.125;0.378;0.225;0.068
13507;0.337;0.295;0.303;0.332;0.337;0.417;0.33;0.732;4.18;0.154;0.125;0.376;0.225;0.066
13508;0.337;0.3;0.308;0.33;0.332;0.417;0.334;0.735;4.141;0.154;0.125;0.381;0.227;0.066
13509;0.332;0.3;0.31;0.322;0.332;0.417;0.334;0.732;4.097;0.154;0.125;0.386;0.225;0.066
13510;0.337;0.305;0.325;0.325;0.332;0.415;0.339;0.73;4.055;0.154;0.125;0.386;0.227;0.061
13511;0.337;0.303;0.339;0.322;0.332;0.413;0.347;0.73;4.011;0.149;0.122;0.383;0.234;0.063
13512;0.337;0.303;0.354;0.322;0.332;0.413;0.356;0.728;3.972;0.144;0.122;0.383;0.234;0.061
13513;0.339;0.298;0.374;0.315;0.334;0.41;0.356;0.73;3.936;0.144;0.12;0.386;0.229;0.061
13514;0.344;0.298;0.403;0.312;0.339;0.413;0.364;0.73;3.899;0.142;0.122;0.386;0.234;0.063
13515;0.347;0.298;0.396;0.308;0.339;0.415;0.361;0.732;3.867;0.134;0.122;0.388;0.237;0.059
13516;0.347;0.298;0.398;0.303;0.342;0.413;0.356;0.73;3.835;0.137;0.122;0.388;0.244;0.068
13517;0.352;0.298;0.427;0.295;0.342;0.413;0.354;0.73;3.801;0.134;0.12;0.388;0.237;0.059
13518;0.354;0.293;0.522;0.291;0.342;0.41;0.349;0.732;3.762;0.129;0.12;0.391;0.242;0.059
13519;0.354;0.293;0.564;0.293;0.342;0.413;0.347;0.73;3.723;0.125;0.122;0.393;0.239;0.059
13520;0.359;0.286;0.544;0.291;0.344;0.41;0.349;0.73;3.674;0.125;0.117;0.393;0.239;0.056
13521;0.359;0.288;0.493;0.291;0.347;0.415;0.342;0.73;3.623;0.12;0.115;0.388;0.234;0.056
13522;0.359;0.291;0.598;0.286;0.342;0.417;0.342;0.728;3.569;0.117;0.115;0.391;0.239;0.054
13523;0.359;0.286;0.671;0.278;0.342;0.417;0.342;0.725;3.513;0.112;0.112;0.383;0.244;0.059
13524;0.356;0.283;0.686;0.273;0.337;0.417;0.342;0.725;3.464;0.112;0.112;0.386;0.239;0.051
13525;0.356;0.281;0.627;0.278;0.337;0.42;0.344;0.728;3.413;0.107;0.112;0.376;0.242;0.056
13526;0.354;0.276;0.62;0.288;0.337;0.42;0.349;0.728;3.364;0.11;0.11;0.371;0.237;0.049
13527;0.352;0.273;0.415;0.283;0.334;0.425;0.354;0.728;3.32;0.103;0.11;0.361;0.239;0.051
13528;0.349;0.269;0.537;0.276;0.337;0.425;0.354;0.728;3.279;0.103;0.107;0.356;0.242;0.051
13529;0.349;0.269;0.652;0.283;0.339;0.43;0.354;0.728;3.24;0.1;0.105;0.349;0.242;0.056
13530;0.344;0.271;0.674;0.3;0.337;0.432;0.352;0.723;3.206;0.098;0.107;0.344;0.237;0.049
13531;0.344;0.273;1.006;0.305;0.342;0.435;0.349;0.725;3.171;0.098;0.105;0.339;0.239;0.051
13532;0.342;0.276;0.964;0.305;0.347;0.432;0.344;0.725;3.14;0.095;0.105;0.334;0.234;0.049
13533;0.339;0.276;1.387;0.312;0.349;0.435;0.342;0.725;3.103;0.093;0.103;0.33;0.239;0.051
13534;0.337;0.276;1.182;0.32;0.352;0.43;0.342;0.723;3.069;0.09;0.1;0.327;0.234;0.046
13535;0.334;0.273;0.789;0.322;0.354;0.432;0.339;0.725;3.037;0.088;0.098;0.325;0.234;0.049
13536;0.334;0.278;0.618;0.325;0.354;0.43;0.337;0.72;3.01;0.088;0.1;0.327;0.232;0.044
13537;0.334;0.278;0.544;0.33;0.354;0.43;0.334;0.723;2.986;0.083;0.1;0.325;0.234;0.049
13538;0.337;0.288;0.515;0.33;0.352;0.427;0.337;0.72;2.966;0.083;0.098;0.322;0.229;0.046
13539;0.337;0.288;0.505;0.322;0.352;0.425;0.337;0.718;2.944;0.081;0.1;0.322;0.232;0.046
13540;0.342;0.293;0.977;0.308;0.354;0.425;0.344;0.723;2.92;0.081;0.1;0.322;0.232;0.046
13541;0.344;0.295;4.998;0.305;0.359;0.422;0.344;0.723;2.898;0.081;0.1;0.325;0.222;0.044
13542;0.347;0.298;1.526;0.305;0.359;0.42;0.352;0.72;2.866;0.073;0.098;0.322;0.225;0.044
13543;0.347;0.3;0.908;0.31;0.354;0.42;0.352;0.72;2.837;0.078;0.098;0.325;0.222;0.046
13544;0.349;0.295;0.62;0.305;0.354;0.417;0.354;0.718;2.808;0.076;0.098;0.322;0.227;0.049
13545;0.352;0.298;0.491;0.286;0.354;0.42;0.356;0.718;2.766;0.076;0.1;0.322;0.217;0.044
13546;0.356;0.298;0.432;0.276;0.352;0.422;0.354;0.718;2.727;0.076;0.098;0.322;0.22;0.046
13547;0.361;0.293;0.403;0.276;0.349;0.422;0.352;0.718;2.688;0.081;0.098;0.322;0.215;0.042
13548;0.359;0.293;0.398;0.286;0.342;0.42;0.342;0.715;2.649;0.081;0.098;0.325;0.212;0.042
13549;0.366;0.293;0.391;0.298;0.342;0.422;0.344;0.718;2.603;0.078;0.098;0.322;0.212;0.044
13550;0.369;0.293;0.388;0.295;0.342;0.422;0.339;0.715;2.561;0.078;0.095;0.327;0.212;0.049
13551;0.371;0.288;0.381;0.293;0.344;0.42;0.337;0.715;2.522;0.081;0.095;0.33;0.212;0.042
13552;0.371;0.293;0.376;0.298;0.339;0.422;0.337;0.718;2.476;0.076;0.095;0.33;0.205;0.044
13553;0.376;0.293;0.374;0.308;0.339;0.422;0.337;0.718;2.434;0.073;0.09;0.332;0.208;0.039
13554;0.374;0.295;0.376;0.308;0.339;0.42;0.337;0.718;2.393;0.073;0.088;0.332;0.205;0.042
13555;0.376;0.293;0.374;0.31;0.337;0.417;0.337;0.718;2.349;0.073;0.088;0.332;0.205;0.039
13556;0.371;0.293;0.371;0.315;0.334;0.417;0.339;0.718;2.312;0.073;0.088;0.332;0.203;0.046
13557;0.369;0.288;2.397;0.325;0.339;0.417;0.342;0.718;2.271;0.068;0.083;0.33;0.2;0.044
13558;0.364;0.286;1.257;0.325;0.337;0.417;0.347;0.718;2.234;0.071;0.083;0.33;0.198;0.044
13559;0.361;0.283;3.279;0.322;0.334;0.417;0.349;0.715;2.202;0.071;0.083;0.327;0.198;0.042
13560;0.354;0.281;4.998;0.322;0.332;0.417;0.354;0.715;2.166;0.066;0.081;0.33;0.198;0.039
13561;0.347;0.281;4.998;0.312;0.334;0.417;0.354;0.718;2.134;0.071;0.081;0.33;0.193;0.042
13562;0.344;0.278;4.998;0.312;0.337;0.415;0.356;0.718;2.104;0.068;0.078;0.33;0.195;0.046
13563;0.342;0.281;4.998;0.3;0.332;0.417;0.356;0.715;2.078;0.068;0.081;0.334;0.193;0.042
13564;0.339;0.281;4.998;0.312;0.332;0.417;0.354;0.718;2.048;0.066;0.081;0.337;0.188;0.042
13565;0.339;0.278;4.998;0.334;0.327;0.415;0.352;0.718;2.026;0.066;0.083;0.342;0.183;0.044
13566;0.339;0.278;4.998;0.342;0.325;0.417;0.354;0.718;2.002;0.066;0.088;0.354;0.186;0.044
13567;0.342;0.276;4.998;0.342;0.327;0.417;0.352;0.718;1.978;0.063;0.088;0.361;0.176;0.037
13568;0.342;0.278;4.998;0.339;0.325;0.417;0.349;0.718;1.951;0.063;0.09;0.369;0.178;0.039
13569;0.347;0.281;4.998;0.337;0.327;0.42;0.347;0.72;1.926;0.061;0.095;0.378;0.173;0.042
13570;0.349;0.288;4.998;0.332;0.332;0.422;0.342;0.72;1.902;0.061;0.1;0.388;0.171;0.037
13571;0.354;0.288;4.998;0.322;0.33;0.42;0.344;0.718;1.873;0.061;0.103;0.4;0.171;0.037
13572;0.356;0.286;4.998;0.322;0.327;0.417;0.344;0.72;1.851;0.056;0.105;0.408;0.161;0.034
13573;0.361;0.291;4.998;0.325;0.325;0.415;0.352;0.723;1.826;0.061;0.107;0.422;0.166;0.044
13574;0.361;0.291;4.998;0.325;0.325;0.417;0.354;0.725;1.802;0.059;0.112;0.435;0.161;0.039
13575;0.361;0.291;4.998;0.332;0.332;0.415;0.359;0.723;1.78;0.061;0.117;0.447;0.161;0.039
13576;0.364;0.293;4.998;0.325;0.33;0.415;0.361;0.723;1.753;0.059;0.117;0.457;0.159;0.044
13577;0.364;0.293;4.998;0.31;0.327;0.413;0.366;0.723;1.729;0.056;0.117;0.471;0.154;0.042
13578;0.366;0.291;4.998;0.305;0.327;0.41;0.371;0.723;1.709;0.059;0.122;0.483;0.151;0.042
13579;0.361;0.293;4.998;0.308;0.332;0.413;0.369;0.723;1.689;0.059;0.122;0.491;0.151;0.044
13580;0.364;0.293;4.998;0.317;0.339;0.41;0.369;0.723;1.67;0.056;0.122;0.498;0.151;0.049
13581;0.359;0.293;4.998;0.32;0.347;0.41;0.369;0.723;1.65;0.056;0.122;0.508;0.146;0.042
13582;0.359;0.293;4.998;0.317;0.352;0.413;0.366;0.725;1.638;0.056;0.122;0.518;0.144;0.044
13583;0.361;0.295;4.998;0.303;0.349;0.408;0.364;0.723;1.621;0.056;0.12;0.525;0.139;0.042
13584;0.359;0.293;2.957;0.291;0.347;0.413;0.359;0.723;1.609;0.054;0.122;0.535;0.137;0.042
13585;0.361;0.293;1.499;0.281;0.347;0.413;0.354;0.72;1.594;0.056;0.12;0.544;0.137;0.042
13586;0.361;0.293;0.813;0.281;0.347;0.413;0.354;0.718;1.584;0.059;0.12;0.554;0.134;0.042
13587;0.359;0.293;0.498;0.283;0.339;0.415;0.352;0.72;1.572;0.056;0.125;0.562;0.132;0.044
13588;0.359;0.293;0.359;0.278;0.334;0.42;0.347;0.72;1.56;0.059;0.122;0.569;0.127;0.042
13589;0.361;0.295;0.3;0.283;0.33;0.417;0.349;0.72;1.548;0.059;0.12;0.576;0.129;0.044
13590;0.361;0.291;0.276;0.283;0.325;0.415;0.354;0.72;1.541;0.059;0.117;0.583;0.125;0.042
13591;0.361;0.293;0.256;0.293;0.325;0.415;0.352;0.72;1.523;0.056;0.112;0.586;0.122;0.044
13592;0.361;0.293;0.251;0.303;0.322;0.413;0.352;0.72;1.519;0.059;0.11;0.593;0.125;0.046
13593;0.361;0.291;0.254;0.305;0.327;0.413;0.356;0.718;1.509;0.056;0.115;0.596;0.12;0.046
13594;0.361;0.293;0.249;0.303;0.327;0.413;0.359;0.718;1.499;0.059;0.115;0.598;0.12;0.046
13595;0.364;0.291;0.251;0.298;0.325;0.413;0.359;0.718;1.492;0.059;0.112;0.601;0.115;0.044
13596;0.361;0.293;0.237;0.3;0.322;0.408;0.359;0.72;1.482;0.059;0.11;0.598;0.112;0.046
13597;0.366;0.295;0.234;0.3;0.325;0.408;0.359;0.72;1.472;0.056;0.105;0.596;0.112;0.044
13598;0.364;0.295;0.232;0.298;0.325;0.405;0.359;0.72;1.462;0.061;0.107;0.593;0.11;0.046
13599;0.366;0.295;0.229;0.303;0.33;0.41;0.356;0.723;1.45;0.059;0.103;0.588;0.105;0.044
13600;0.371;0.298;0.229;0.295;0.33;0.413;0.361;0.725;1.438;0.059;0.098;0.581;0.107;0.046
13601;0.369;0.3;0.229;0.291;0.334;0.413;0.366;0.725;1.426;0.056;0.095;0.576;0.105;0.046
13602;0.371;0.303;0.227;0.281;0.332;0.41;0.364;0.723;1.411;0.059;0.095;0.571;0.103;0.046
13603;0.374;0.305;0.225;0.283;0.332;0.41;0.364;0.725;1.399;0.059;0.09;0.569;0.098;0.046
13604;0.376;0.308;0.227;0.293;0.33;0.408;0.359;0.723;1.382;0.056;0.093;0.564;0.1;0.049
13605;0.378;0.31;0.227;0.3;0.327;0.408;0.356;0.723;1.367;0.059;0.09;0.559;0.095;0.046
13606;0.378;0.312;0.227;0.31;0.332;0.408;0.359;0.725;1.353;0.056;0.088;0.557;0.095;0.046
13607;0.376;0.315;0.227;0.308;0.337;0.408;0.354;0.725;1.335;0.059;0.088;0.554;0.093;0.044
13608;0.376;0.317;0.229;0.305;0.334;0.41;0.354;0.723;1.321;0.056;0.088;0.557;0.093;0.049
13609;0.374;0.32;0.227;0.308;0.339;0.41;0.354;0.725;1.299;0.056;0.085;0.554;0.088;0.046
13610;0.374;0.32;0.225;0.3;0.339;0.408;0.354;0.725;1.287;0.059;0.088;0.557;0.088;0.046
13611;0.374;0.32;0.222;0.305;0.339;0.405;0.359;0.725;1.265;0.056;0.088;0.554;0.085;0.042
13612;0.371;0.322;0.22;0.308;0.339;0.403;0.361;0.725;1.252;0.054;0.088;0.559;0.085;0.046
13613;0.366;0.325;0.222;0.305;0.342;0.403;0.361;0.725;1.238;0.056;0.085;0.564;0.083;0.046
13614;0.366;0.325;0.222;0.305;0.337;0.4;0.366;0.723;1.218;0.056;0.088;0.566;0.083;0.051
13615;0.364;0.325;0.225;0.3;0.334;0.4;0.371;0.723;1.199;0.054;0.088;0.571;0.081;0.046
13616;0.359;0.327;0.222;0.305;0.327;0.4;0.374;0.725;1.182;0.056;0.088;0.576;0.081;0.042
13617;0.356;0.325;0.217;0.303;0.322;0.4;0.371;0.725;1.167;0.054;0.088;0.581;0.078;0.046
13618;0.356;0.325;0.215;0.298;0.32;0.4;0.366;0.725;1.152;0.054;0.088;0.591;0.078;0.044
13619;0.356;0.327;0.212;0.3;0.322;0.4;0.364;0.723;1.135;0.056;0.088;0.596;0.081;0.051
13620;0.356;0.325;0.21;0.298;0.327;0.4;0.359;0.723;1.118;0.054;0.088;0.601;0.073;0.044
13621;0.354;0.325;0.212;0.295;0.327;0.405;0.352;0.725;1.104;0.054;0.088;0.608;0.073;0.046
13622;0.354;0.322;0.21;0.298;0.325;0.403;0.342;0.725;1.086;0.056;0.088;0.615;0.076;0.046
13623;0.356;0.325;0.205;0.303;0.325;0.403;0.339;0.723;1.074;0.059;0.09;0.62;0.071;0.046
13624;0.354;0.32;0.205;0.303;0.327;0.398;0.337;0.725;1.06;0.054;0.09;0.63;0.073;0.049
13625;0.349;0.32;0.203;0.303;0.332;0.403;0.334;0.72;1.047;0.056;0.095;0.637;0.071;0.042
13626;0.349;0.317;0.203;0.3;0.33;0.4;0.337;0.72;1.033;0.054;0.098;0.642;0.071;0.046
13627;0.354;0.317;0.205;0.3;0.332;0.403;0.337;0.723;1.021;0.056;0.098;0.647;0.071;0.049
13628;0.356;0.315;0.21;0.3;0.33;0.408;0.342;0.72;1.011;0.054;0.103;0.657;0.071;0.044
13629;0.359;0.31;0.217;0.303;0.33;0.405;0.342;0.718;0.999;0.059;0.11;0.664;0.068;0.049
13630;0.364;0.308;0.22;0.3;0.322;0.403;0.344;0.718;0.989;0.056;0.11;0.669;0.068;0.051
13631;0.369;0.303;0.222;0.298;0.317;0.405;0.352;0.718;0.979;0.054;0.115;0.674;0.068;0.046
13632;0.366;0.303;0.225;0.298;0.317;0.403;0.354;0.713;0.967;0.059;0.115;0.674;0.068;0.051
13633;0.371;0.305;0.227;0.305;0.317;0.398;0.356;0.715;0.957;0.056;0.12;0.679;0.068;0.046
13634;0.369;0.3;0.227;0.308;0.317;0.4;0.359;0.715;0.947;0.056;0.12;0.681;0.063;0.049
13635;0.371;0.298;0.225;0.308;0.312;0.398;0.361;0.718;0.94;0.059;0.125;0.684;0.063;0.046
13636;0.369;0.298;0.227;0.308;0.315;0.398;0.364;0.718;0.928;0.056;0.125;0.688;0.066;0.049
13637;0.371;0.298;0.229;0.303;0.31;0.393;0.361;0.715;0.92;0.056;0.129;0.693;0.063;0.046
13638;0.366;0.298;0.229;0.303;0.308;0.391;0.361;0.715;0.916;0.059;0.137;0.698;0.061;0.049
13639;0.364;0.3;0.225;0.305;0.308;0.391;0.364;0.715;0.898;0.059;0.139;0.698;0.061;0.046
13640;0.361;0.303;0.227;0.3;0.31;0.391;0.366;0.715;0.891;0.059;0.146;0.708;0.059;0.051
13641;0.361;0.303;0.232;0.298;0.308;0.388;0.366;0.715;0.881;0.054;0.154;0.71;0.059;0.049
13642;0.354;0.305;0.242;0.3;0.303;0.388;0.361;0.715;0.874;0.059;0.164;0.718;0.059;0.049
13643;0.354;0.305;0.237;0.305;0.3;0.391;0.361;0.718;0.864;0.059;0.178;0.725;0.059;0.049
13644;0.354;0.308;0.234;0.303;0.298;0.391;0.361;0.72;0.854;0.056;0.19;0.728;0.056;0.046
13645;0.349;0.312;0.225;0.295;0.3;0.391;0.359;0.718;0.852;0.059;0.21;0.737;0.056;0.051
13646;0.349;0.312;0.227;0.295;0.303;0.391;0.354;0.72;0.842;0.059;0.227;0.75;0.059;0.051
13647;0.354;0.317;0.227;0.295;0.3;0.391;0.354;0.715;0.837;0.063;0.247;0.757;0.056;0.049
13648;0.354;0.32;0.222;0.298;0.303;0.386;0.356;0.715;0.825;0.063;0.259;0.767;0.056;0.054
13649;0.361;0.322;0.222;0.295;0.3;0.386;0.356;0.718;0.818;0.059;0.266;0.767;0.056;0.054
13650;0.361;0.322;0.217;0.295;0.298;0.386;0.359;0.713;0.811;0.059;0.276;0.776;0.056;0.051
13651;0.364;0.325;0.215;0.303;0.298;0.383;0.356;0.715;0.806;0.063;0.288;0.784;0.056;0.054
13652;0.369;0.325;0.22;0.298;0.298;0.383;0.354;0.715;0.798;0.063;0.293;0.789;0.054;0.051
13653;0.366;0.327;0.22;0.295;0.298;0.376;0.352;0.718;0.786;0.061;0.3;0.798;0.054;0.056
13654;0.369;0.33;0.222;0.288;0.298;0.376;0.349;0.715;0.781;0.061;0.305;0.798;0.056;0.059
13655;0.366;0.327;0.227;0.286;0.295;0.376;0.347;0.715;0.779;0.061;0.31;0.801;0.059;0.056
13656;0.364;0.322;0.229;0.288;0.295;0.378;0.347;0.715;0.767;0.061;0.315;0.803;0.054;0.054
13657;0.361;0.325;0.237;0.295;0.3;0.381;0.347;0.713;0.762;0.061;0.317;0.808;0.054;0.056
13658;0.359;0.325;0.237;0.293;0.298;0.383;0.349;0.713;0.752;0.061;0.32;0.811;0.056;0.056
13659;0.354;0.325;0.239;0.291;0.3;0.383;0.347;0.715;0.752;0.063;0.325;0.815;0.056;0.063
13660;0.354;0.322;0.237;0.288;0.3;0.383;0.349;0.715;0.745;0.061;0.325;0.82;0.054;0.059
13661;0.354;0.317;0.232;0.286;0.3;0.381;0.354;0.713;0.74;0.061;0.327;0.82;0.056;0.059
13662;0.349;0.315;0.232;0.286;0.3;0.381;0.354;0.715;0.732;0.061;0.327;0.825;0.054;0.059
13663;0.349;0.312;0.232;0.291;0.303;0.381;0.354;0.715;0.73;0.059;0.33;0.83;0.056;0.063
13664;0.349;0.305;0.237;0.293;0.305;0.378;0.359;0.715;0.725;0.059;0.327;0.833;0.056;0.061
13665;0.352;0.308;0.239;0.298;0.303;0.378;0.361;0.713;0.723;0.063;0.33;0.837;0.056;0.061
13666;0.349;0.305;0.239;0.3;0.303;0.374;0.366;0.715;0.72;0.061;0.33;0.837;0.056;0.061
13667;0.354;0.305;0.232;0.303;0.295;0.374;0.369;0.715;0.718;0.066;0.33;0.845;0.054;0.063
13668;0.354;0.305;0.229;0.305;0.295;0.371;0.371;0.715;0.713;0.061;0.332;0.845;0.054;0.063
13669;0.356;0.308;0.234;0.312;0.291;0.369;0.371;0.713;0.713;0.063;0.337;0.847;0.056;0.068
13670;0.356;0.305;0.229;0.317;0.291;0.369;0.369;0.713;0.71;0.061;0.337;0.85;0.056;0.068
13671;0.356;0.308;0.225;0.317;0.286;0.369;0.369;0.713;0.703;0.061;0.337;0.85;0.056;0.068
13672;0.359;0.31;0.22;0.312;0.283;0.366;0.369;0.715;0.703;0.061;0.344;0.85;0.051;0.068
13673;0.361;0.31;0.215;0.303;0.286;0.366;0.366;0.715;0.696;0.059;0.344;0.85;0.054;0.071
13674;0.364;0.312;0.215;0.305;0.281;0.366;0.366;0.715;0.696;0.061;0.349;0.85;0.056;0.071
13675;0.369;0.312;0.215;0.308;0.286;0.364;0.366;0.715;0.691;0.061;0.354;0.854;0.054;0.073
13676;0.371;0.312;0.215;0.308;0.283;0.366;0.366;0.715;0.686;0.059;0.354;0.854;0.054;0.071
13677;0.381;0.315;0.22;0.315;0.283;0.366;0.364;0.72;0.684;0.059;0.349;0.852;0.051;0.073
13678;0.386;0.317;0.225;0.312;0.283;0.371;0.361;0.72;0.674;0.059;0.349;0.852;0.046;0.071
13679;0.388;0.315;0.232;0.312;0.281;0.371;0.359;0.72;0.671;0.059;0.344;0.854;0.051;0.073
13680;0.393;0.315;0.234;0.31;0.278;0.374;0.359;0.718;0.664;0.059;0.334;0.852;0.051;0.071
13681;0.393;0.312;0.232;0.308;0.271;0.374;0.354;0.72;0.662;0.059;0.33;0.854;0.049;0.073
13682;0.396;0.31;0.234;0.305;0.266;0.378;0.354;0.718;0.654;0.059;0.32;0.854;0.051;0.078
13683;0.396;0.31;0.232;0.31;0.269;0.381;0.356;0.718;0.649;0.059;0.312;0.852;0.051;0.081
13684;0.396;0.312;0.234;0.315;0.266;0.381;0.359;0.718;0.642;0.059;0.305;0.854;0.051;0.078
13685;0.391;0.308;0.232;0.32;0.269;0.381;0.361;0.715;0.637;0.056;0.3;0.854;0.049;0.083
13686;0.388;0.308;0.237;0.322;0.266;0.381;0.361;0.72;0.627;0.056;0.293;0.854;0.051;0.083
13687;0.386;0.308;0.237;0.32;0.264;0.378;0.366;0.72;0.625;0.056;0.291;0.854;0.039;0.076
13688;0.378;0.308;0.232;0.32;0.264;0.376;0.371;0.72;0.62;0.059;0.288;0.857;0.049;0.083
13689;0.371;0.308;0.234;0.32;0.261;0.371;0.374;0.723;0.61;0.054;0.283;0.852;0.046;0.083
13690;0.366;0.31;0.239;0.322;0.264;0.369;0.376;0.725;0.603;0.054;0.283;0.852;0.044;0.083
13691;0.361;0.312;0.237;0.32;0.264;0.366;0.378;0.72;0.598;0.059;0.286;0.852;0.046;0.081
13692;0.361;0.315;0.237;0.317;0.266;0.364;0.381;0.723;0.591;0.054;0.288;0.852;0.046;0.085
13693;0.361;0.315;0.237;0.31;0.266;0.366;0.381;0.72;0.588;0.054;0.293;0.85;0.046;0.083
13694;0.361;0.315;0.237;0.308;0.261;0.359;0.376;0.72;0.581;0.054;0.3;0.852;0.044;0.088
13695;0.359;0.315;0.234;0.305;0.264;0.359;0.371;0.72;0.579;0.056;0.31;0.854;0.049;0.088
13696;0.359;0.317;0.234;0.308;0.264;0.356;0.366;0.723;0.569;0.056;0.322;0.854;0.049;0.09
13697;0.361;0.317;0.234;0.305;0.256;0.359;0.359;0.72;0.566;0.054;0.332;0.852;0.044;0.085
13698;0.361;0.317;0.232;0.305;0.256;0.359;0.352;0.72;0.559;0.054;0.352;0.854;0.044;0.088
13699;0.361;0.317;0.234;0.305;0.254;0.361;0.349;0.72;0.557;0.051;0.374;0.857;0.046;0.095
13700;0.369;0.32;0.237;0.305;0.251;0.364;0.349;0.718;0.552;0.054;0.396;0.854;0.046;0.09
13701;0.369;0.317;0.244;0.31;0.244;0.366;0.349;0.72;0.549;0.051;0.42;0.857;0.046;0.09
13702;0.369;0.317;0.244;0.31;0.237;0.364;0.349;0.723;0.547;0.056;0.439;0.857;0.044;0.09
13703;0.371;0.312;0.244;0.308;0.232;0.366;0.349;0.72;0.537;0.051;0.454;0.854;0.046;0.093
13704;0.374;0.312;0.247;0.312;0.227;0.369;0.349;0.723;0.535;0.054;0.481;0.859;0.044;0.09
13705;0.374;0.315;0.247;0.312;0.222;0.364;0.352;0.718;0.535;0.054;0.505;0.857;0.044;0.09
13706;0.374;0.315;0.244;0.312;0.222;0.366;0.356;0.718;0.532;0.054;0.525;0.854;0.039;0.09
13707;0.371;0.317;0.244;0.315;0.22;0.366;0.361;0.72;0.527;0.054;0.547;0.854;0.042;0.093
13708;0.376;0.317;0.244;0.312;0.222;0.369;0.366;0.723;0.527;0.051;0.569;0.852;0.042;0.085
13709;0.376;0.32;0.247;0.31;0.22;0.366;0.369;0.718;0.52;0.054;0.588;0.854;0.049;0.103
13710;0.374;0.32;0.242;0.298;0.222;0.371;0.371;0.723;0.52;0.054;0.61;0.852;0.042;0.093
13711;0.369;0.32;0.242;0.293;0.222;0.371;0.374;0.723;0.515;0.054;0.632;0.852;0.042;0.095
13712;0.369;0.317;0.247;0.295;0.222;0.369;0.374;0.725;0.513;0.051;0.649;0.852;0.044;0.093
13713;0.364;0.317;0.244;0.3;0.222;0.369;0.374;0.723;0.51;0.054;0.669;0.852;0.039;0.09
13714;0.361;0.317;0.247;0.3;0.225;0.371;0.374;0.723;0.508;0.054;0.686;0.852;0.039;0.093
13715;0.364;0.312;0.247;0.298;0.22;0.369;0.366;0.725;0.503;0.056;0.701;0.85;0.039;0.093
13716;0.359;0.312;0.244;0.295;0.222;0.371;0.366;0.72;0.5;0.054;0.713;0.85;0.039;0.088
13717;0.361;0.308;0.249;0.293;0.22;0.371;0.361;0.723;0.498;0.056;0.723;0.85;0.039;0.088
13718;0.361;0.308;0.249;0.295;0.222;0.366;0.359;0.72;0.496;0.056;0.732;0.85;0.037;0.085
13719;0.364;0.305;0.249;0.295;0.222;0.369;0.356;0.723;0.491;0.056;0.737;0.852;0.037;0.093
13720;0.361;0.303;0.247;0.295;0.225;0.369;0.354;0.72;0.488;0.054;0.737;0.85;0.039;0.088
13721;0.361;0.305;0.242;0.291;0.222;0.371;0.356;0.723;0.486;0.054;0.735;0.85;0.037;0.088
13722;0.366;0.303;0.247;0.283;0.222;0.374;0.354;0.72;0.486;0.056;0.735;0.85;0.037;0.085
13723;0.371;0.303;0.249;0.283;0.22;0.369;0.356;0.723;0.481;0.054;0.728;0.852;0.034;0.085
13724;0.374;0.305;0.251;0.283;0.22;0.366;0.356;0.723;0.479;0.051;0.718;0.85;0.039;0.085
13725;0.376;0.308;0.251;0.286;0.217;0.364;0.361;0.72;0.476;0.051;0.71;0.85;0.034;0.085
13726;0.376;0.31;0.254;0.291;0.212;0.359;0.359;0.723;0.471;0.051;0.696;0.85;0.034;0.083
13727;0.378;0.308;0.254;0.3;0.21;0.356;0.361;0.72;0.471;0.051;0.684;0.845;0.037;0.085
13728;0.378;0.308;0.259;0.3;0.208;0.356;0.361;0.72;0.469;0.054;0.669;0.842;0.034;0.081
13729;0.378;0.305;0.264;0.3;0.21;0.359;0.364;0.72;0.466;0.051;0.657;0.84;0.034;0.081
13730;0.383;0.308;0.259;0.298;0.21;0.361;0.361;0.718;0.461;0.051;0.642;0.837;0.037;0.081
13731;0.388;0.308;0.261;0.293;0.21;0.361;0.361;0.718;0.457;0.054;0.625;0.835;0.039;0.078
13732;0.393;0.305;0.256;0.291;0.21;0.361;0.359;0.715;0.457;0.051;0.608;0.833;0.037;0.078
13733;0.396;0.305;0.259;0.283;0.208;0.356;0.356;0.715;0.452;0.051;0.591;0.83;0.034;0.073
13734;0.4;0.305;0.254;0.278;0.21;0.356;0.352;0.715;0.449;0.051;0.576;0.83;0.034;0.076
13735;0.403;0.305;0.254;0.273;0.217;0.354;0.352;0.715;0.444;0.054;0.557;0.828;0.034;0.071
13736;0.408;0.308;0.254;0.269;0.217;0.352;0.356;0.715;0.442;0.054;0.54;0.825;0.032;0.073
13737;0.405;0.308;0.249;0.266;0.225;0.354;0.354;0.715;0.437;0.051;0.527;0.823;0.034;0.071
13738;0.408;0.305;0.249;0.266;0.225;0.356;0.359;0.715;0.437;0.051;0.513;0.82;0.034;0.073
13739;0.408;0.31;0.251;0.269;0.229;0.359;0.359;0.715;0.432;0.054;0.496;0.818;0.037;0.071
13740;0.405;0.308;0.249;0.273;0.229;0.359;0.356;0.713;0.43;0.054;0.481;0.815;0.034;0.068
13741;0.4;0.312;0.254;0.273;0.227;0.364;0.354;0.715;0.425;0.054;0.466;0.813;0.034;0.071
13742;0.4;0.312;0.251;0.271;0.225;0.364;0.356;0.713;0.425;0.054;0.454;0.808;0.034;0.066
13743;0.398;0.315;0.256;0.271;0.22;0.369;0.356;0.713;0.42;0.051;0.437;0.806;0.034;0.066
13744;0.396;0.32;0.256;0.271;0.22;0.371;0.354;0.708;0.42;0.051;0.425;0.801;0.032;0.061
13745;0.393;0.317;0.254;0.271;0.217;0.374;0.352;0.708;0.417;0.054;0.413;0.798;0.037;0.068
13746;0.391;0.322;0.259;0.264;0.215;0.371;0.349;0.708;0.417;0.049;0.398;0.793;0.034;0.063
13747;0.391;0.322;0.264;0.259;0.22;0.371;0.352;0.708;0.413;0.049;0.386;0.789;0.034;0.061
13748;0.391;0.322;0.266;0.264;0.217;0.374;0.352;0.708;0.413;0.051;0.374;0.784;0.032;0.059
13749;0.386;0.32;0.266;0.276;0.215;0.374;0.349;0.708;0.41;0.051;0.364;0.784;0.032;0.061
13750;0.386;0.32;0.269;0.3;0.215;0.374;0.347;0.703;0.41;0.051;0.354;0.779;0.037;0.061
13751;0.381;0.317;0.269;0.31;0.215;0.374;0.347;0.706;0.408;0.054;0.344;0.771;0.032;0.059
13752;0.383;0.312;0.273;0.31;0.215;0.371;0.342;0.706;0.405;0.049;0.334;0.769;0.034;0.056
13753;0.378;0.31;0.278;0.303;0.215;0.366;0.339;0.703;0.408;0.051;0.33;0.764;0.034;0.054
13754;0.376;0.308;0.278;0.3;0.215;0.369;0.342;0.703;0.403;0.049;0.32;0.759;0.034;0.056
13755;0.374;0.305;0.281;0.303;0.215;0.366;0.339;0.703;0.4;0.051;0.312;0.754;0.034;0.056
13756;0.374;0.3;0.281;0.303;0.212;0.369;0.342;0.703;0.398;0.049;0.303;0.752;0.037;0.056
13757;0.371;0.3;0.276;0.305;0.21;0.364;0.339;0.701;0.4;0.051;0.298;0.747;0.037;0.054
13758;0.369;0.295;0.276;0.3;0.21;0.369;0.337;0.703;0.398;0.054;0.295;0.747;0.034;0.056
13759;0.366;0.293;0.276;0.291;0.21;0.371;0.339;0.701;0.4;0.051;0.291;0.745;0.034;0.051
13760;0.366;0.288;0.276;0.278;0.205;0.369;0.339;0.701;0.396;0.054;0.286;0.745;0.032;0.049
13761;0.366;0.283;0.276;0.271;0.21;0.374;0.339;0.701;0.398;0.051;0.283;0.742;0.039;0.051
13762;0.371;0.286;0.273;0.271;0.21;0.374;0.344;0.701;0.398;0.054;0.281;0.742;0.037;0.056
13763;0.371;0.283;0.271;0.276;0.208;0.371;0.347;0.703;0.393;0.054;0.283;0.74;0.032;0.051
13764;0.371;0.295;0.273;0.286;0.21;0.371;0.347;0.703;0.393;0.054;0.281;0.732;0.034;0.054
13765;0.371;0.295;0.269;0.286;0.21;0.374;0.347;0.703;0.391;0.056;0.278;0.725;0.032;0.046
13766;0.371;0.303;0.269;0.286;0.212;0.371;0.342;0.703;0.391;0.054;0.281;0.72;0.039;0.049
13767;0.374;0.308;0.266;0.281;0.212;0.374;0.339;0.701;0.388;0.054;0.276;0.713;0.034;0.049
13768;0.376;0.312;0.269;0.283;0.215;0.374;0.347;0.701;0.391;0.056;0.281;0.708;0.039;0.049
13769;0.378;0.317;0.264;0.283;0.215;0.371;0.344;0.701;0.391;0.059;0.278;0.698;0.037;0.046
13770;0.381;0.325;0.266;0.288;0.215;0.371;0.344;0.701;0.393;0.059;0.278;0.691;0.037;0.044
13771;0.378;0.327;0.271;0.291;0.212;0.371;0.342;0.701;0.391;0.056;0.276;0.686;0.034;0.049
13772;0.376;0.33;0.271;0.291;0.212;0.371;0.339;0.701;0.391;0.056;0.276;0.676;0.037;0.046
13773;0.369;0.332;0.271;0.288;0.21;0.371;0.342;0.701;0.388;0.056;0.271;0.671;0.037;0.046
13774;0.369;0.332;0.271;0.288;0.208;0.376;0.342;0.701;0.388;0.054;0.269;0.664;0.039;0.044
13775;0.366;0.334;0.266;0.286;0.205;0.378;0.342;0.703;0.388;0.056;0.266;0.657;0.037;0.046
13776;0.369;0.337;0.269;0.288;0.208;0.376;0.339;0.701;0.393;0.054;0.266;0.652;0.039;0.042
13777;0.364;0.342;0.271;0.288;0.205;0.378;0.337;0.698;0.396;0.054;0.264;0.64;0.039;0.046
13778;0.366;0.342;0.273;0.281;0.21;0.378;0.334;0.701;0.388;0.049;0.261;0.635;0.039;0.042
13779;0.364;0.344;0.273;0.276;0.215;0.378;0.327;0.698;0.388;0.054;0.256;0.632;0.042;0.044
13780;0.364;0.347;0.269;0.271;0.215;0.383;0.33;0.696;0.388;0.051;0.256;0.623;0.039;0.044
13781;0.361;0.352;0.266;0.271;0.217;0.383;0.332;0.696;0.386;0.051;0.251;0.62;0.042;0.044
13782;0.361;0.349;0.266;0.271;0.225;0.383;0.32;0.693;0.388;0.054;0.251;0.613;0.042;0.039
13783;0.364;0.352;0.264;0.271;0.229;0.383;0.32;0.696;0.388;0.051;0.247;0.608;0.044;0.039
13784;0.364;0.347;0.266;0.266;0.232;0.381;0.315;0.696;0.388;0.049;0.244;0.605;0.042;0.042
13785;0.366;0.347;0.269;0.264;0.234;0.378;0.315;0.693;0.388;0.051;0.239;0.598;0.042;0.042
13786;0.364;0.347;0.271;0.256;0.239;0.378;0.312;0.698;0.386;0.049;0.232;0.591;0.042;0.046
13787;0.369;0.342;0.269;0.249;0.239;0.376;0.315;0.696;0.388;0.046;0.232;0.583;0.044;0.042
13788;0.366;0.337;0.269;0.247;0.237;0.374;0.317;0.693;0.388;0.049;0.227;0.579;0.046;0.037
13789;0.369;0.325;0.269;0.254;0.234;0.371;0.32;0.696;0.393;0.049;0.222;0.574;0.046;0.042
13790;0.371;0.315;0.266;0.256;0.232;0.374;0.32;0.698;0.391;0.046;0.22;0.566;0.049;0.044
13791;0.369;0.308;0.264;0.259;0.227;0.374;0.322;0.696;0.391;0.046;0.215;0.559;0.046;0.042
13792;0.371;0.3;0.266;0.254;0.225;0.374;0.325;0.696;0.391;0.046;0.21;0.554;0.046;0.042
13793;0.371;0.3;0.266;0.256;0.225;0.374;0.33;0.698;0.393;0.046;0.208;0.547;0.044;0.042
13794;0.371;0.3;0.269;0.254;0.227;0.376;0.332;0.696;0.393;0.046;0.205;0.542;0.051;0.042
13795;0.366;0.3;0.269;0.256;0.232;0.376;0.327;0.696;0.396;0.046;0.198;0.537;0.049;0.042
13796;0.361;0.298;0.264;0.254;0.232;0.378;0.322;0.696;0.396;0.044;0.193;0.527;0.051;0.042
13797;0.356;0.3;0.261;0.249;0.229;0.378;0.325;0.696;0.396;0.046;0.193;0.522;0.054;0.039
13798;0.356;0.303;0.261;0.254;0.232;0.381;0.327;0.696;0.396;0.042;0.186;0.515;0.056;0.044
13799;0.352;0.31;0.261;0.244;0.229;0.378;0.33;0.698;0.398;0.042;0.181;0.513;0.054;0.039
13800;0.347;0.315;0.261;0.242;0.229;0.381;0.33;0.693;0.398;0.044;0.181;0.513;0.056;0.037
13801;0.344;0.317;0.261;0.237;0.232;0.381;0.33;0.696;0.4;0.046;0.178;0.508;0.056;0.042
13802;0.339;0.312;0.259;0.232;0.229;0.383;0.33;0.696;0.4;0.044;0.178;0.508;0.061;0.042
13803;0.339;0.31;0.261;0.237;0.232;0.383;0.327;0.696;0.4;0.044;0.173;0.505;0.061;0.039
13804;0.337;0.312;0.254;0.237;0.232;0.383;0.332;0.693;0.4;0.046;0.176;0.505;0.063;0.039
13805;0.337;0.312;0.261;0.239;0.232;0.381;0.334;0.696;0.4;0.046;0.176;0.505;0.066;0.042
13806;0.342;0.315;0.266;0.232;0.232;0.381;0.337;0.696;0.4;0.046;0.183;0.508;0.071;0.039
13807;0.342;0.32;0.266;0.229;0.229;0.381;0.337;0.693;0.398;0.044;0.186;0.505;0.068;0.039
13808;0.344;0.32;0.269;0.227;0.234;0.381;0.334;0.696;0.4;0.042;0.186;0.505;0.076;0.042
13809;0.347;0.322;0.273;0.232;0.237;0.378;0.327;0.693;0.4;0.044;0.193;0.508;0.078;0.042
13810;0.344;0.327;0.271;0.237;0.239;0.381;0.325;0.691;0.403;0.044;0.2;0.508;0.081;0.039
13811;0.349;0.327;0.269;0.249;0.242;0.378;0.322;0.693;0.398;0.046;0.205;0.51;0.083;0.042
13812;0.352;0.327;0.261;0.259;0.244;0.376;0.325;0.696;0.398;0.046;0.215;0.51;0.083;0.039
13813;0.356;0.325;0.259;0.259;0.247;0.378;0.325;0.698;0.398;0.046;0.225;0.51;0.085;0.042
13814;0.359;0.322;0.261;0.261;0.244;0.374;0.322;0.696;0.396;0.046;0.234;0.508;0.093;0.042
13815;0.361;0.325;0.259;0.261;0.242;0.374;0.32;0.696;0.396;0.042;0.244;0.508;0.088;0.039
13816;0.369;0.325;0.261;0.264;0.244;0.371;0.317;0.696;0.393;0.049;0.259;0.51;0.093;0.039
13817;0.369;0.317;0.266;0.269;0.242;0.371;0.32;0.698;0.393;0.044;0.273;0.51;0.098;0.042
13818;0.371;0.31;0.256;0.271;0.239;0.371;0.327;0.696;0.391;0.042;0.288;0.508;0.098;0.039
13819;0.371;0.298;0.259;0.276;0.237;0.374;0.327;0.698;0.391;0.042;0.308;0.508;0.1;0.039
13820;0.371;0.295;0.256;0.273;0.234;0.374;0.327;0.698;0.391;0.046;0.33;0.51;0.103;0.044
13821;0.369;0.295;0.264;0.276;0.237;0.374;0.32;0.696;0.391;0.042;0.347;0.505;0.103;0.044
13822;0.369;0.3;0.278;0.283;0.239;0.376;0.315;0.693;0.388;0.042;0.366;0.508;0.103;0.042
13823;0.366;0.298;0.288;0.281;0.242;0.374;0.315;0.693;0.386;0.042;0.378;0.51;0.105;0.042
13824;0.366;0.295;0.332;0.276;0.242;0.371;0.312;0.696;0.386;0.044;0.393;0.513;0.105;0.042
13825;0.361;0.295;0.361;0.273;0.249;0.371;0.31;0.696;0.386;0.042;0.41;0.515;0.107;0.044
13826;0.361;0.3;0.376;0.269;0.249;0.366;0.31;0.693;0.383;0.044;0.417;0.518;0.105;0.042
13827;0.361;0.298;0.308;0.266;0.254;0.364;0.31;0.696;0.383;0.042;0.427;0.52;0.103;0.044
13828;0.359;0.303;0.388;0.266;0.249;0.364;0.305;0.693;0.381;0.042;0.435;0.522;0.105;0.042
13829;0.354;0.303;0.537;0.266;0.249;0.366;0.31;0.698;0.381;0.042;0.444;0.527;0.11;0.044
13830;0.361;0.3;0.608;0.264;0.249;0.366;0.312;0.696;0.381;0.039;0.447;0.532;0.11;0.044
13831;0.361;0.3;0.789;0.259;0.249;0.366;0.312;0.698;0.381;0.039;0.452;0.537;0.107;0.046
13832;0.364;0.298;0.867;0.254;0.247;0.366;0.31;0.693;0.378;0.042;0.457;0.544;0.11;0.044
13833;0.361;0.291;0.754;0.249;0.247;0.371;0.308;0.691;0.381;0.039;0.464;0.547;0.112;0.046
13834;0.361;0.291;0.886;0.249;0.244;0.376;0.305;0.693;0.381;0.039;0.469;0.554;0.11;0.044
13835;0.352;0.288;0.977;0.247;0.242;0.378;0.303;0.693;0.381;0.042;0.474;0.562;0.107;0.044
13836;0.359;0.291;1.089;0.249;0.234;0.378;0.308;0.696;0.378;0.042;0.476;0.569;0.112;0.049
13837;0.356;0.288;1.03;0.244;0.234;0.383;0.308;0.693;0.381;0.039;0.479;0.576;0.11;0.046
13838;0.359;0.286;1.055;0.242;0.237;0.383;0.31;0.693;0.378;0.042;0.476;0.583;0.1;0.039
13839;0.361;0.286;1.111;0.239;0.237;0.381;0.308;0.693;0.378;0.042;0.476;0.588;0.115;0.046
13840;0.369;0.288;1.14;0.242;0.247;0.381;0.308;0.693;0.378;0.044;0.474;0.598;0.11;0.044
13841;0.374;0.293;4.998;0.244;0.249;0.381;0.305;0.693;0.374;0.042;0.469;0.603;0.112;0.046
13842;0.376;0.295;4.998;0.244;0.254;0.381;0.303;0.691;0.376;0.039;0.464;0.61;0.112;0.046
13843;0.381;0.3;4.998;0.244;0.261;0.378;0.305;0.693;0.371;0.042;0.459;0.615;0.115;0.046
13844;0.378;0.3;4.998;0.242;0.264;0.376;0.305;0.693;0.374;0.039;0.454;0.62;0.112;0.049
13845;0.381;0.298;4.998;0.247;0.266;0.374;0.303;0.693;0.371;0.042;0.449;0.625;0.112;0.044
13846;0.383;0.295;4.998;0.251;0.269;0.371;0.3;0.696;0.369;0.039;0.444;0.627;0.107;0.044
13847;0.381;0.298;4.998;0.254;0.266;0.369;0.3;0.693;0.371;0.042;0.439;0.635;0.112;0.049
13848;0.378;0.295;4.998;0.256;0.266;0.371;0.298;0.693;0.366;0.042;0.432;0.64;0.112;0.051
13849;0.378;0.295;4.998;0.256;0.266;0.374;0.303;0.696;0.366;0.042;0.427;0.642;0.112;0.046
13850;0.378;0.298;4.998;0.249;0.264;0.376;0.3;0.696;0.364;0.044;0.425;0.647;0.112;0.049
13851;0.371;0.3;4.998;0.242;0.259;0.371;0.295;0.693;0.361;0.042;0.417;0.649;0.115;0.049
13852;0.369;0.305;4.998;0.242;0.256;0.371;0.295;0.693;0.359;0.044;0.413;0.654;0.112;0.046
13853;0.364;0.303;4.998;0.242;0.254;0.374;0.291;0.696;0.359;0.046;0.408;0.659;0.112;0.049
13854;0.364;0.3;4.998;0.234;0.251;0.374;0.293;0.696;0.354;0.042;0.398;0.662;0.115;0.051
13855;0.359;0.303;4.998;0.227;0.251;0.374;0.295;0.691;0.356;0.044;0.391;0.667;0.112;0.044
13856;0.356;0.305;4.998;0.227;0.259;0.376;0.3;0.691;0.354;0.044;0.388;0.674;0.112;0.046
13857;0.356;0.305;4.998;0.227;0.264;0.376;0.3;0.693;0.352;0.044;0.376;0.674;0.11;0.049
13858;0.356;0.31;4.998;0.225;0.266;0.376;0.3;0.691;0.349;0.044;0.369;0.681;0.112;0.049
13859;0.356;0.312;4.998;0.227;0.264;0.378;0.303;0.688;0.347;0.044;0.364;0.688;0.115;0.049
13860;0.356;0.308;4.998;0.222;0.264;0.378;0.3;0.691;0.349;0.046;0.354;0.691;0.115;0.049
13861;0.356;0.308;4.998;0.225;0.269;0.381;0.298;0.688;0.349;0.044;0.344;0.691;0.112;0.044
13862;0.356;0.303;4.998;0.229;0.271;0.378;0.3;0.686;0.347;0.044;0.337;0.693;0.107;0.046
13863;0.356;0.303;4.998;0.232;0.271;0.378;0.3;0.686;0.344;0.044;0.325;0.698;0.11;0.049
13864;0.356;0.3;4.998;0.232;0.266;0.378;0.295;0.688;0.344;0.046;0.32;0.703;0.107;0.046
13865;0.359;0.303;4.998;0.227;0.266;0.376;0.298;0.686;0.342;0.042;0.312;0.703;0.107;0.049
13866;0.361;0.298;4.998;0.225;0.261;0.374;0.3;0.686;0.342;0.042;0.308;0.706;0.107;0.046
13867;0.356;0.298;4.998;0.22;0.261;0.376;0.298;0.688;0.337;0.042;0.303;0.708;0.107;0.051
13868;0.359;0.295;4.998;0.22;0.259;0.371;0.298;0.688;0.339;0.044;0.3;0.713;0.107;0.049
13869;0.359;0.288;4.998;0.225;0.256;0.369;0.298;0.688;0.334;0.044;0.298;0.713;0.103;0.044
13870;0.361;0.286;4.998;0.229;0.256;0.374;0.298;0.686;0.337;0.044;0.3;0.718;0.103;0.044
13871;0.361;0.283;4.998;0.225;0.261;0.371;0.293;0.688;0.334;0.042;0.3;0.72;0.103;0.044
13872;0.361;0.281;4.998;0.22;0.259;0.374;0.295;0.686;0.334;0.044;0.308;0.723;0.1;0.046
13873;0.361;0.278;4.998;0.22;0.261;0.374;0.291;0.684;0.332;0.042;0.312;0.728;0.1;0.046
13874;0.366;0.276;4.998;0.225;0.264;0.374;0.283;0.679;0.332;0.044;0.32;0.732;0.098;0.046
13875;0.366;0.278;4.998;0.232;0.266;0.371;0.281;0.684;0.33;0.042;0.332;0.737;0.095;0.046
13876;0.366;0.276;4.998;0.234;0.264;0.378;0.276;0.681;0.327;0.039;0.342;0.745;0.1;0.054
13877;0.366;0.273;4.998;0.237;0.261;0.376;0.271;0.681;0.322;0.039;0.352;0.747;0.095;0.044
13878;0.364;0.273;4.998;0.234;0.259;0.378;0.273;0.681;0.32;0.042;0.364;0.759;0.095;0.046
13879;0.359;0.276;4.998;0.229;0.259;0.376;0.269;0.684;0.32;0.039;0.376;0.764;0.09;0.046
13880;0.356;0.278;4.998;0.229;0.256;0.376;0.269;0.679;0.32;0.042;0.383;0.769;0.093;0.046
13881;0.354;0.283;4.998;0.229;0.259;0.374;0.271;0.681;0.317;0.039;0.391;0.776;0.09;0.044
13882;0.352;0.288;4.998;0.232;0.261;0.371;0.273;0.681;0.317;0.042;0.398;0.786;0.093;0.049
13883;0.352;0.291;4.998;0.232;0.264;0.376;0.281;0.679;0.315;0.039;0.403;0.793;0.088;0.044
13884;0.354;0.288;4.998;0.242;0.264;0.376;0.283;0.676;0.317;0.042;0.408;0.801;0.09;0.051
13885;0.356;0.288;4.998;0.249;0.266;0.374;0.286;0.676;0.315;0.042;0.413;0.806;0.088;0.049
13886;0.359;0.295;2.729;0.251;0.266;0.374;0.293;0.676;0.312;0.042;0.417;0.815;0.088;0.046
13887;0.361;0.295;1.653;0.254;0.271;0.369;0.295;0.674;0.308;0.044;0.417;0.823;0.085;0.046
13888;0.364;0.3;0.964;0.256;0.278;0.369;0.298;0.671;0.308;0.044;0.425;0.833;0.088;0.049
13889;0.366;0.305;0.703;0.259;0.278;0.371;0.298;0.671;0.31;0.046;0.425;0.837;0.083;0.044
13890;0.366;0.308;0.632;0.259;0.281;0.374;0.295;0.671;0.308;0.049;0.427;0.845;0.088;0.044
13891;0.371;0.305;0.52;0.259;0.278;0.376;0.295;0.667;0.303;0.049;0.432;0.854;0.088;0.046
13892;0.378;0.308;0.737;0.261;0.276;0.376;0.291;0.671;0.3;0.051;0.432;0.862;0.085;0.046
13893;0.383;0.308;4.998;0.261;0.276;0.376;0.283;0.674;0.303;0.051;0.435;0.867;0.088;0.049
13894;0.386;0.305;4.998;0.259;0.271;0.376;0.278;0.679;0.303;0.051;0.435;0.874;0.085;0.046
13895;0.391;0.31;4.998;0.259;0.273;0.371;0.276;0.676;0.303;0.059;0.439;0.879;0.085;0.049
13896;0.391;0.31;4.998;0.254;0.273;0.371;0.273;0.676;0.3;0.059;0.439;0.886;0.088;0.049
13897;0.388;0.312;4.998;0.254;0.276;0.371;0.276;0.674;0.3;0.061;0.439;0.894;0.085;0.046
13898;0.386;0.308;4.998;0.259;0.276;0.371;0.281;0.674;0.3;0.059;0.437;0.898;0.085;0.049
13899;0.388;0.308;4.998;0.261;0.273;0.369;0.283;0.674;0.298;0.061;0.435;0.906;0.085;0.044
13900;0.386;0.303;4.998;0.266;0.273;0.369;0.286;0.676;0.298;0.063;0.43;0.913;0.085;0.046
13901;0.388;0.3;4.998;0.269;0.276;0.366;0.288;0.676;0.295;0.066;0.427;0.925;0.088;0.046
13902;0.391;0.3;4.998;0.271;0.271;0.364;0.291;0.674;0.295;0.061;0.422;0.933;0.085;0.044
13903;0.388;0.3;4.998;0.271;0.269;0.361;0.291;0.674;0.295;0.066;0.413;0.94;0.088;0.049
13904;0.388;0.295;4.998;0.271;0.269;0.364;0.291;0.676;0.293;0.068;0.408;0.952;0.085;0.042
13905;0.388;0.293;4.998;0.273;0.269;0.364;0.283;0.676;0.293;0.068;0.4;0.964;0.09;0.049
13906;0.388;0.288;4.998;0.278;0.271;0.364;0.281;0.674;0.293;0.068;0.396;0.972;0.09;0.051
13907;0.386;0.283;4.998;0.273;0.271;0.364;0.276;0.674;0.291;0.068;0.388;0.981;0.093;0.049
13908;0.388;0.283;4.998;0.278;0.276;0.364;0.273;0.674;0.288;0.068;0.381;0.986;0.085;0.044
13909;0.383;0.281;4.998;0.276;0.281;0.369;0.273;0.674;0.288;0.071;0.374;0.999;0.093;0.046
13910;0.386;0.283;4.998;0.273;0.281;0.369;0.278;0.674;0.288;0.073;0.371;1.008;0.093;0.044
13911;0.383;0.281;3.13;0.278;0.281;0.374;0.283;0.674;0.291;0.073;0.366;1.011;0.093;0.049
13912;0.378;0.281;1.809;0.278;0.283;0.378;0.291;0.674;0.286;0.076;0.361;1.018;0.095;0.046
13913;0.378;0.278;0.896;0.273;0.283;0.376;0.293;0.674;0.291;0.076;0.359;1.021;0.09;0.044
13914;0.376;0.278;0.549;0.278;0.286;0.374;0.295;0.679;0.288;0.078;0.354;1.021;0.09;0.044
13915;0.374;0.278;0.459;0.276;0.278;0.371;0.295;0.679;0.286;0.081;0.349;1.028;0.098;0.051
13916;0.378;0.281;0.388;0.273;0.273;0.369;0.295;0.679;0.283;0.081;0.342;1.023;0.098;0.042
13917;0.376;0.283;0.361;0.271;0.273;0.371;0.295;0.679;0.283;0.081;0.334;1.028;0.095;0.049
13918;0.374;0.288;0.33;0.271;0.266;0.376;0.293;0.679;0.283;0.085;0.327;1.025;0.098;0.044
13919;0.376;0.291;0.327;0.269;0.264;0.376;0.293;0.679;0.286;0.085;0.322;1.025;0.1;0.049
13920;0.374;0.288;0.371;0.266;0.259;0.381;0.288;0.681;0.281;0.085;0.312;1.021;0.098;0.044
13921;0.371;0.291;0.398;0.259;0.256;0.378;0.288;0.681;0.283;0.088;0.303;1.018;0.1;0.046
13922;0.369;0.295;0.427;0.264;0.256;0.378;0.286;0.681;0.283;0.085;0.298;1.013;0.1;0.044
13923;0.369;0.295;0.317;0.269;0.256;0.376;0.286;0.681;0.283;0.088;0.293;1.008;0.098;0.046
13924;0.369;0.293;0.286;0.271;0.249;0.376;0.283;0.684;0.283;0.088;0.286;1.001;0.1;0.044
13925;0.369;0.298;0.359;0.276;0.254;0.374;0.281;0.681;0.281;0.088;0.278;0.996;0.1;0.044
13926;0.364;0.298;0.483;0.276;0.254;0.378;0.286;0.684;0.283;0.09;0.273;0.989;0.1;0.046
13927;0.361;0.298;0.415;0.276;0.256;0.378;0.286;0.681;0.278;0.088;0.266;0.981;0.103;0.049
13928;0.361;0.303;0.334;0.278;0.261;0.378;0.286;0.681;0.283;0.095;0.261;0.977;0.1;0.044
13929;0.361;0.308;0.354;0.278;0.261;0.376;0.286;0.679;0.281;0.095;0.254;0.972;0.098;0.044
13930;0.356;0.308;0.61;0.278;0.266;0.374;0.288;0.681;0.283;0.098;0.249;0.964;0.098;0.044
13931;0.359;0.31;1.26;0.276;0.266;0.369;0.291;0.679;0.283;0.1;0.244;0.957;0.1;0.044
13932;0.359;0.317;4.998;0.281;0.266;0.371;0.293;0.681;0.281;0.098;0.237;0.947;0.1;0.042
13933;0.356;0.32;4.998;0.281;0.264;0.371;0.298;0.684;0.281;0.103;0.232;0.942;0.103;0.044
13934;0.356;0.32;4.998;0.281;0.261;0.376;0.298;0.684;0.281;0.103;0.229;0.935;0.095;0.046
13935;0.356;0.315;4.998;0.286;0.259;0.371;0.3;0.684;0.278;0.103;0.225;0.928;0.1;0.042
13936;0.352;0.312;4.998;0.293;0.256;0.369;0.298;0.686;0.276;0.103;0.22;0.918;0.095;0.039
13937;0.354;0.31;4.998;0.298;0.259;0.371;0.3;0.684;0.278;0.105;0.217;0.913;0.098;0.039
13938;0.352;0.31;4.998;0.293;0.256;0.371;0.3;0.684;0.276;0.105;0.21;0.906;0.095;0.044
13939;0.354;0.305;4.998;0.293;0.259;0.369;0.295;0.684;0.276;0.1;0.208;0.901;0.098;0.044
13940;0.359;0.3;4.998;0.293;0.264;0.374;0.291;0.684;0.273;0.1;0.208;0.896;0.098;0.044
13941;0.356;0.298;4.998;0.288;0.266;0.374;0.291;0.684;0.276;0.103;0.208;0.894;0.095;0.039
13942;0.356;0.293;4.998;0.286;0.264;0.374;0.295;0.684;0.269;0.103;0.2;0.886;0.098;0.044
13943;0.361;0.293;4.998;0.286;0.266;0.371;0.295;0.684;0.269;0.103;0.2;0.886;0.098;0.039
13944;0.361;0.291;4.998;0.283;0.266;0.376;0.298;0.684;0.269;0.103;0.198;0.884;0.095;0.039
13945;0.366;0.291;4.998;0.281;0.271;0.371;0.303;0.686;0.264;0.1;0.198;0.881;0.095;0.039
13946;0.369;0.293;4.998;0.281;0.273;0.374;0.303;0.686;0.264;0.1;0.195;0.881;0.093;0.039
13947;0.371;0.295;4.998;0.278;0.278;0.374;0.303;0.686;0.259;0.1;0.193;0.881;0.093;0.039
13948;0.376;0.295;4.998;0.276;0.283;0.371;0.303;0.686;0.259;0.1;0.193;0.881;0.093;0.042
13949;0.376;0.3;4.998;0.281;0.283;0.374;0.308;0.686;0.259;0.098;0.19;0.881;0.09;0.039
13950;0.378;0.3;4.998;0.276;0.281;0.374;0.305;0.686;0.254;0.1;0.19;0.881;0.093;0.034
13951;0.376;0.3;4.998;0.271;0.273;0.374;0.305;0.686;0.251;0.098;0.188;0.879;0.09;0.042
13952;0.374;0.3;4.998;0.273;0.271;0.374;0.303;0.686;0.254;0.098;0.183;0.879;0.093;0.042
13953;0.378;0.303;4.998;0.273;0.266;0.374;0.298;0.686;0.251;0.098;0.183;0.879;0.085;0.037
13954;0.376;0.308;4.998;0.278;0.259;0.374;0.295;0.686;0.249;0.098;0.186;0.881;0.09;0.039
13955;0.376;0.308;4.998;0.278;0.256;0.376;0.295;0.684;0.249;0.1;0.181;0.879;0.088;0.042
13956;0.376;0.31;4.998;0.278;0.259;0.381;0.295;0.686;0.247;0.095;0.176;0.879;0.083;0.039
13957;0.376;0.305;4.998;0.278;0.259;0.381;0.291;0.681;0.242;0.098;0.171;0.876;0.083;0.042
13958;0.371;0.305;3.87;0.281;0.264;0.381;0.288;0.684;0.239;0.098;0.166;0.881;0.083;0.039
13959;0.376;0.31;2.292;0.281;0.269;0.381;0.291;0.679;0.242;0.098;0.164;0.881;0.081;0.037
13960;0.374;0.312;1.414;0.286;0.273;0.378;0.295;0.681;0.239;0.098;0.159;0.881;0.081;0.037
13961;0.376;0.315;3.301;0.281;0.276;0.378;0.293;0.684;0.239;0.1;0.154;0.884;0.078;0.034
13962;0.378;0.315;4.998;0.283;0.273;0.381;0.291;0.681;0.239;0.1;0.154;0.884;0.078;0.039
13963;0.378;0.312;4.998;0.281;0.276;0.378;0.291;0.681;0.237;0.103;0.146;0.886;0.076;0.037
13964;0.378;0.31;4.998;0.278;0.273;0.376;0.288;0.684;0.239;0.1;0.144;0.884;0.076;0.034
13965;0.378;0.305;4.998;0.281;0.276;0.371;0.288;0.679;0.239;0.107;0.144;0.891;0.078;0.039
13966;0.374;0.305;4.998;0.281;0.281;0.371;0.293;0.679;0.239;0.105;0.142;0.891;0.076;0.039
13967;0.374;0.3;4.998;0.286;0.278;0.369;0.295;0.679;0.239;0.105;0.139;0.891;0.078;0.037
13968;0.374;0.298;4.998;0.283;0.283;0.371;0.3;0.679;0.234;0.103;0.134;0.894;0.076;0.037
13969;0.374;0.295;4.998;0.281;0.281;0.371;0.305;0.681;0.237;0.103;0.134;0.896;0.073;0.037
13970;0.378;0.295;4.998;0.286;0.286;0.371;0.31;0.679;0.239;0.105;0.134;0.901;0.071;0.037
13971;0.378;0.288;4.998;0.288;0.283;0.376;0.315;0.681;0.237;0.1;0.132;0.901;0.071;0.037
13972;0.381;0.291;4.998;0.288;0.281;0.369;0.32;0.679;0.237;0.095;0.129;0.901;0.073;0.032
13973;0.378;0.286;4.998;0.293;0.278;0.371;0.32;0.679;0.234;0.098;0.132;0.901;0.071;0.039
13974;0.376;0.283;4.998;0.291;0.281;0.374;0.317;0.679;0.234;0.095;0.129;0.903;0.073;0.034
13975;0.376;0.286;4.998;0.293;0.278;0.378;0.32;0.676;0.234;0.093;0.127;0.903;0.073;0.034
13976;0.376;0.286;4.998;0.293;0.281;0.381;0.317;0.679;0.237;0.09;0.129;0.906;0.071;0.034
13977;0.376;0.286;4.998;0.293;0.281;0.378;0.315;0.679;0.242;0.095;0.132;0.908;0.071;0.034
13978;0.374;0.288;4.998;0.288;0.283;0.381;0.312;0.679;0.237;0.09;0.129;0.908;0.071;0.034
13979;0.374;0.288;4.998;0.288;0.281;0.378;0.312;0.681;0.234;0.088;0.129;0.906;0.073;0.034
13980;0.371;0.288;4.998;0.283;0.281;0.386;0.31;0.681;0.237;0.088;0.134;0.908;0.071;0.034
13981;0.366;0.291;4.998;0.286;0.281;0.383;0.31;0.681;0.234;0.085;0.132;0.911;0.073;0.037
13982;0.366;0.293;3.567;0.281;0.281;0.386;0.31;0.679;0.239;0.088;0.142;0.916;0.073;0.037
13983;0.366;0.298;2.009;0.281;0.276;0.386;0.31;0.676;0.237;0.085;0.144;0.916;0.073;0.037
13984;0.361;0.298;1.465;0.281;0.273;0.386;0.308;0.676;0.237;0.088;0.151;0.92;0.073;0.032
13985;0.364;0.298;1.216;0.281;0.273;0.386;0.303;0.676;0.239;0.088;0.154;0.923;0.073;0.032
13986;0.361;0.3;0.903;0.283;0.278;0.386;0.298;0.676;0.237;0.085;0.164;0.923;0.076;0.032
13987;0.359;0.298;0.945;0.286;0.278;0.386;0.295;0.674;0.239;0.088;0.171;0.928;0.078;0.034
13988;0.359;0.3;0.825;0.288;0.278;0.383;0.293;0.671;0.242;0.088;0.178;0.928;0.081;0.034
13989;0.359;0.303;0.938;0.286;0.281;0.383;0.295;0.674;0.244;0.095;0.188;0.935;0.081;0.034
13990;0.356;0.303;0.923;0.286;0.278;0.383;0.295;0.676;0.244;0.103;0.198;0.938;0.081;0.032
13991;0.364;0.308;0.801;0.288;0.276;0.381;0.298;0.679;0.244;0.105;0.205;0.94;0.081;0.032
13992;0.366;0.308;0.776;0.288;0.273;0.378;0.295;0.679;0.249;0.11;0.217;0.945;0.081;0.029
13993;0.369;0.308;0.701;0.288;0.273;0.378;0.298;0.679;0.254;0.112;0.225;0.947;0.085;0.039
13994;0.369;0.31;0.735;0.283;0.269;0.374;0.303;0.676;0.254;0.112;0.234;0.952;0.088;0.034
13995;0.371;0.308;0.566;0.283;0.269;0.374;0.305;0.676;0.259;0.112;0.244;0.955;0.088;0.032
13996;0.369;0.31;0.303;0.278;0.273;0.376;0.312;0.674;0.264;0.115;0.247;0.959;0.088;0.034
13997;0.369;0.312;0.264;0.281;0.273;0.381;0.315;0.674;0.266;0.115;0.259;0.959;0.088;0.034
13998;0.369;0.31;0.615;0.281;0.276;0.381;0.317;0.671;0.269;0.115;0.266;0.967;0.088;0.029
13999;0.366;0.312;0.688;0.278;0.276;0.381;0.32;0.671;0.273;0.117;0.273;0.969;0.093;0.032
14000;0.369;0.315;0.476;0.271;0.276;0.381;0.322;0.671;0.278;0.117;0.281;0.974;0.09;0.029
14001;0.369;0.315;0.522;0.269;0.273;0.381;0.32;0.674;0.281;0.12;0.288;0.981;0.093;0.032
14002;0.366;0.315;0.515;0.264;0.271;0.383;0.325;0.674;0.283;0.117;0.291;0.981;0.085;0.029
14003;0.369;0.315;0.608;0.266;0.273;0.386;0.325;0.674;0.286;0.12;0.295;0.981;0.098;0.037
14004;0.366;0.315;0.588;0.266;0.276;0.388;0.325;0.674;0.286;0.117;0.295;0.984;0.095;0.034
14005;0.364;0.315;0.615;0.271;0.281;0.388;0.322;0.671;0.288;0.122;0.298;0.989;0.095;0.037
14006;0.366;0.317;0.635;0.269;0.278;0.391;0.32;0.671;0.288;0.122;0.295;0.989;0.098;0.034
14007;0.369;0.315;0.535;0.266;0.276;0.391;0.317;0.669;0.286;0.12;0.293;0.989;0.095;0.032
14008;0.366;0.317;0.593;0.269;0.283;0.393;0.315;0.667;0.288;0.125;0.291;0.989;0.095;0.034
14009;0.366;0.315;0.386;0.271;0.283;0.393;0.31;0.669;0.288;0.12;0.286;0.991;0.095;0.032
14010;0.366;0.317;0.3;0.271;0.281;0.391;0.303;0.667;0.293;0.12;0.286;0.991;0.098;0.034
14011;0.364;0.317;0.298;0.271;0.276;0.388;0.298;0.664;0.291;0.12;0.276;0.989;0.098;0.032
14012;0.364;0.325;0.273;0.276;0.273;0.383;0.293;0.664;0.291;0.12;0.273;0.989;0.098;0.034
14013;0.364;0.322;0.244;0.273;0.273;0.383;0.291;0.664;0.291;0.12;0.266;0.989;0.103;0.034
14014;0.366;0.325;0.237;0.273;0.276;0.378;0.288;0.667;0.291;0.117;0.256;0.989;0.1;0.034
14015;0.371;0.327;0.234;0.269;0.273;0.378;0.288;0.667;0.291;0.117;0.249;0.986;0.098;0.032
14016;0.371;0.33;0.234;0.271;0.276;0.378;0.293;0.664;0.291;0.117;0.244;0.986;0.103;0.034
14017;0.374;0.332;0.234;0.276;0.278;0.376;0.305;0.664;0.291;0.12;0.239;0.991;0.1;0.034
14018;0.374;0.332;0.239;0.281;0.276;0.376;0.312;0.667;0.291;0.117;0.234;0.991;0.105;0.037
14019;0.374;0.332;0.244;0.283;0.281;0.378;0.317;0.664;0.291;0.12;0.225;0.986;0.107;0.037
14020;0.374;0.332;0.254;0.281;0.278;0.383;0.322;0.664;0.286;0.12;0.225;0.986;0.103;0.034
14021;0.371;0.334;0.256;0.273;0.276;0.383;0.327;0.667;0.288;0.122;0.217;0.986;0.103;0.034
14022;0.374;0.334;0.269;0.266;0.273;0.386;0.327;0.667;0.286;0.122;0.21;0.986;0.1;0.034
14023;0.371;0.337;0.264;0.264;0.266;0.381;0.325;0.671;0.283;0.122;0.208;0.986;0.1;0.034
14024;0.374;0.334;0.256;0.264;0.269;0.381;0.322;0.669;0.283;0.125;0.208;0.986;0.103;0.034
14025;0.378;0.334;0.303;0.266;0.266;0.378;0.317;0.671;0.283;0.125;0.2;0.984;0.103;0.037
14026;0.378;0.332;0.291;0.266;0.266;0.378;0.312;0.671;0.281;0.127;0.198;0.981;0.1;0.034
14027;0.378;0.334;0.278;0.264;0.266;0.381;0.31;0.669;0.281;0.132;0.193;0.984;0.1;0.034
14028;0.378;0.334;0.264;0.261;0.266;0.383;0.305;0.667;0.281;0.139;0.19;0.981;0.098;0.034
14029;0.378;0.334;0.247;0.261;0.269;0.383;0.303;0.669;0.278;0.144;0.186;0.979;0.098;0.037
14030;0.381;0.334;0.232;0.264;0.269;0.383;0.303;0.669;0.278;0.161;0.183;0.981;0.095;0.032
14031;0.381;0.332;0.22;0.264;0.273;0.381;0.3;0.669;0.276;0.168;0.183;0.979;0.093;0.034
14032;0.383;0.33;0.208;0.266;0.276;0.383;0.3;0.667;0.278;0.186;0.181;0.977;0.09;0.032
14033;0.383;0.327;0.205;0.269;0.276;0.386;0.303;0.667;0.271;0.195;0.173;0.974;0.09;0.037
14034;0.386;0.33;0.205;0.271;0.271;0.381;0.305;0.667;0.273;0.215;0.178;0.977;0.09;0.032
14035;0.383;0.33;0.208;0.273;0.266;0.383;0.308;0.667;0.273;0.229;0.178;0.979;0.088;0.037
14036;0.383;0.33;0.21;0.278;0.269;0.386;0.31;0.667;0.271;0.247;0.181;0.981;0.088;0.029
14037;0.383;0.327;0.21;0.281;0.259;0.386;0.31;0.667;0.269;0.261;0.178;0.981;0.083;0.039
14038;0.383;0.327;0.21;0.278;0.259;0.386;0.31;0.667;0.269;0.273;0.178;0.979;0.081;0.029
14039;0.383;0.322;0.212;0.281;0.256;0.388;0.312;0.664;0.269;0.288;0.181;0.984;0.078;0.027
14040;0.383;0.32;0.22;0.281;0.254;0.383;0.312;0.667;0.264;0.295;0.181;0.984;0.081;0.034
14041;0.381;0.322;0.222;0.273;0.251;0.383;0.317;0.664;0.264;0.303;0.186;0.989;0.081;0.032
14042;0.383;0.32;0.227;0.269;0.256;0.381;0.312;0.662;0.261;0.308;0.186;0.989;0.081;0.029
14043;0.381;0.322;0.222;0.269;0.261;0.381;0.315;0.664;0.259;0.315;0.193;0.991;0.076;0.034
14044;0.386;0.322;0.21;0.271;0.256;0.378;0.312;0.662;0.261;0.32;0.195;0.994;0.073;0.029
14045;0.386;0.322;0.205;0.271;0.259;0.381;0.308;0.662;0.259;0.322;0.2;0.996;0.076;0.032
14046;0.386;0.325;0.208;0.273;0.261;0.381;0.3;0.662;0.259;0.322;0.205;0.999;0.073;0.034
14047;0.388;0.325;0.212;0.273;0.261;0.381;0.295;0.669;0.259;0.32;0.212;1.001;0.073;0.032
14048;0.386;0.327;0.222;0.269;0.259;0.378;0.291;0.667;0.256;0.32;0.217;1.003;0.073;0.032
14049;0.391;0.33;0.22;0.271;0.256;0.376;0.293;0.667;0.251;0.317;0.225;0.999;0.071;0.034
14050;0.388;0.33;0.217;0.273;0.254;0.374;0.295;0.664;0.251;0.315;0.229;0.996;0.073;0.029
14051;0.386;0.332;0.212;0.276;0.256;0.369;0.3;0.667;0.251;0.312;0.239;0.999;0.073;0.032
14052;0.381;0.334;0.203;0.273;0.259;0.366;0.305;0.664;0.247;0.31;0.242;0.994;0.071;0.032
14053;0.381;0.337;0.198;0.271;0.259;0.366;0.31;0.659;0.249;0.305;0.251;0.991;0.071;0.032
14054;0.381;0.339;0.195;0.266;0.264;0.371;0.308;0.662;0.249;0.303;0.256;0.991;0.068;0.032
14055;0.383;0.344;0.198;0.261;0.266;0.371;0.312;0.664;0.247;0.298;0.261;0.989;0.071;0.027
14056;0.383;0.344;0.2;0.256;0.269;0.374;0.31;0.664;0.244;0.293;0.266;0.986;0.073;0.034
14057;0.388;0.342;0.198;0.264;0.271;0.376;0.31;0.664;0.244;0.288;0.271;0.984;0.073;0.032
14058;0.439;0.342;0.198;0.271;0.271;0.378;0.31;0.667;0.237;0.281;0.273;0.979;0.078;0.034
14059;0.466;0.344;0.195;0.269;0.271;0.376;0.31;0.667;0.239;0.273;0.273;0.977;0.073;0.032
14060;0.444;0.342;0.198;0.266;0.266;0.378;0.303;0.669;0.237;0.264;0.276;0.972;0.078;0.032
14061;0.491;0.342;0.203;0.261;0.264;0.381;0.295;0.667;0.234;0.256;0.276;0.969;0.078;0.034
14062;0.518;0.339;0.208;0.259;0.256;0.376;0.295;0.667;0.234;0.249;0.278;0.969;0.081;0.032
14063;0.544;0.342;0.21;0.264;0.259;0.374;0.293;0.664;0.234;0.239;0.278;0.969;0.081;0.032
14064;0.52;0.342;0.217;0.264;0.259;0.369;0.295;0.667;0.232;0.234;0.276;0.967;0.085;0.032
14065;0.542;0.342;0.217;0.266;0.256;0.364;0.3;0.667;0.234;0.227;0.278;0.964;0.085;0.032
14066;0.498;0.342;0.21;0.261;0.259;0.361;0.303;0.667;0.229;0.217;0.276;0.959;0.09;0.034
14067;0.525;0.342;0.21;0.256;0.261;0.356;0.305;0.667;0.229;0.21;0.273;0.957;0.09;0.032
14068;0.52;0.344;0.212;0.254;0.261;0.356;0.303;0.667;0.227;0.205;0.271;0.955;0.093;0.032
14069;0.574;0.344;0.22;0.256;0.264;0.359;0.303;0.669;0.232;0.2;0.271;0.955;0.095;0.032
14070;0.53;0.344;0.222;0.261;0.264;0.356;0.305;0.667;0.229;0.195;0.266;0.95;0.098;0.034
14071;0.557;0.342;0.225;0.256;0.266;0.361;0.308;0.664;0.225;0.19;0.264;0.947;0.103;0.027
14072;0.581;0.339;0.217;0.256;0.264;0.359;0.31;0.664;0.227;0.186;0.261;0.947;0.1;0.032
14073;0.559;0.337;0.21;0.251;0.264;0.359;0.31;0.664;0.225;0.181;0.264;0.942;0.107;0.037
14074;0.535;0.332;0.205;0.251;0.264;0.359;0.305;0.664;0.222;0.176;0.261;0.942;0.107;0.032
14075;0.53;0.33;0.205;0.249;0.261;0.359;0.298;0.664;0.222;0.173;0.256;0.938;0.112;0.032
14076;0.571;0.327;0.205;0.251;0.259;0.361;0.293;0.664;0.225;0.168;0.256;0.935;0.115;0.034
14077;0.498;0.325;0.203;0.249;0.259;0.364;0.291;0.667;0.22;0.168;0.254;0.93;0.117;0.032
14078;0.535;0.325;0.198;0.249;0.259;0.356;0.291;0.669;0.22;0.166;0.251;0.928;0.117;0.034
14079;0.52;0.322;0.193;0.247;0.259;0.354;0.293;0.669;0.222;0.161;0.254;0.923;0.125;0.029
14080;0.54;0.325;0.195;0.247;0.256;0.354;0.295;0.669;0.222;0.161;0.251;0.923;0.125;0.034
14081;0.53;0.322;0.198;0.247;0.259;0.352;0.303;0.664;0.217;0.154;0.247;0.918;0.127;0.032
14082;0.542;0.322;0.198;0.249;0.256;0.349;0.303;0.664;0.22;0.151;0.244;0.916;0.127;0.032
14083;0.527;0.322;0.203;0.251;0.256;0.349;0.308;0.662;0.217;0.149;0.244;0.913;0.127;0.029
14084;0.522;0.322;0.208;0.256;0.259;0.354;0.31;0.664;0.217;0.149;0.242;0.911;0.132;0.034
14085;0.542;0.325;0.215;0.261;0.259;0.356;0.312;0.664;0.215;0.144;0.237;0.908;0.134;0.032
14086;0.542;0.325;0.217;0.259;0.256;0.359;0.308;0.662;0.215;0.142;0.239;0.906;0.134;0.032
14087;0.552;0.322;0.217;0.256;0.254;0.361;0.308;0.662;0.215;0.137;0.237;0.903;0.139;0.032
14088;0.54;0.325;0.217;0.249;0.249;0.364;0.305;0.664;0.212;0.134;0.234;0.898;0.139;0.034
14089;0.544;0.325;0.22;0.251;0.247;0.364;0.305;0.662;0.21;0.134;0.232;0.898;0.137;0.032
14090;0.547;0.322;0.222;0.251;0.249;0.361;0.303;0.664;0.212;0.129;0.227;0.894;0.139;0.034
14091;0.557;0.327;0.227;0.254;0.242;0.359;0.298;0.667;0.215;0.129;0.229;0.896;0.144;0.034
14092;0.54;0.327;0.225;0.251;0.244;0.354;0.298;0.664;0.212;0.127;0.227;0.891;0.144;0.032
14093;0.559;0.327;0.227;0.247;0.244;0.349;0.293;0.664;0.212;0.125;0.225;0.884;0.142;0.029
14094;0.554;0.327;0.222;0.249;0.247;0.344;0.293;0.664;0.21;0.122;0.22;0.884;0.146;0.032
14095;0.562;0.33;0.222;0.249;0.247;0.342;0.293;0.662;0.21;0.117;0.22;0.881;0.149;0.032
14096;0.557;0.33;0.22;0.254;0.249;0.334;0.293;0.659;0.21;0.117;0.22;0.879;0.146;0.034
14097;0.557;0.33;0.222;0.259;0.254;0.334;0.295;0.659;0.208;0.115;0.215;0.874;0.146;0.034
14098;0.542;0.332;0.217;0.264;0.249;0.334;0.293;0.662;0.208;0.112;0.212;0.869;0.149;0.034
14099;0.542;0.33;0.22;0.261;0.251;0.337;0.293;0.662;0.205;0.112;0.212;0.867;0.144;0.029
14100;0.542;0.327;0.22;0.259;0.254;0.339;0.295;0.659;0.205;0.11;0.21;0.864;0.146;0.032
14101;0.542;0.33;0.217;0.259;0.256;0.339;0.295;0.664;0.208;0.107;0.205;0.859;0.142;0.029
14102;0.549;0.33;0.217;0.256;0.251;0.339;0.295;0.664;0.205;0.11;0.205;0.857;0.146;0.034
14103;0.554;0.33;0.215;0.256;0.249;0.347;0.293;0.664;0.205;0.107;0.203;0.85;0.144;0.032
14104;0.552;0.33;0.212;0.259;0.247;0.344;0.293;0.664;0.203;0.107;0.198;0.845;0.142;0.034
14105;0.544;0.33;0.21;0.254;0.242;0.347;0.288;0.667;0.203;0.103;0.195;0.842;0.139;0.029
14106;0.549;0.33;0.21;0.251;0.237;0.349;0.288;0.667;0.205;0.107;0.198;0.84;0.139;0.034
14107;0.559;0.332;0.21;0.249;0.244;0.354;0.281;0.664;0.205;0.103;0.195;0.83;0.139;0.032
14108;0.549;0.332;0.212;0.249;0.244;0.354;0.283;0.662;0.203;0.105;0.193;0.828;0.132;0.034
14109;0.559;0.334;0.21;0.247;0.247;0.356;0.283;0.662;0.205;0.1;0.19;0.818;0.134;0.034
14110;0.557;0.332;0.203;0.244;0.249;0.354;0.288;0.662;0.205;0.1;0.188;0.811;0.132;0.032
14111;0.559;0.334;0.2;0.244;0.249;0.354;0.288;0.657;0.21;0.103;0.188;0.806;0.129;0.029
14112;0.557;0.334;0.205;0.242;0.244;0.352;0.286;0.657;0.208;0.095;0.183;0.796;0.127;0.034
14113;0.557;0.332;0.205;0.242;0.239;0.352;0.286;0.657;0.21;0.095;0.183;0.786;0.125;0.032
14114;0.552;0.332;0.208;0.239;0.237;0.342;0.283;0.657;0.217;0.098;0.186;0.779;0.125;0.034
14115;0.547;0.332;0.203;0.242;0.234;0.339;0.286;0.654;0.215;0.09;0.181;0.771;0.125;0.034
14116;0.557;0.332;0.208;0.247;0.234;0.334;0.291;0.657;0.217;0.09;0.178;0.759;0.115;0.029
14117;0.554;0.334;0.205;0.249;0.234;0.332;0.293;0.654;0.217;0.09;0.176;0.75;0.117;0.029
14118;0.559;0.334;0.21;0.251;0.229;0.332;0.298;0.657;0.22;0.088;0.176;0.74;0.117;0.034
14119;0.562;0.337;0.212;0.247;0.229;0.334;0.298;0.654;0.227;0.088;0.173;0.73;0.11;0.029
14120;0.557;0.337;0.217;0.249;0.227;0.334;0.298;0.654;0.232;0.083;0.168;0.715;0.112;0.032
14121;0.562;0.337;0.217;0.247;0.229;0.33;0.295;0.654;0.232;0.085;0.168;0.703;0.112;0.032
14122;0.554;0.337;0.22;0.249;0.232;0.334;0.295;0.657;0.237;0.083;0.168;0.691;0.11;0.032
14123;0.557;0.337;0.225;0.247;0.234;0.337;0.293;0.652;0.242;0.083;0.166;0.674;0.105;0.032
14124;0.559;0.339;0.22;0.244;0.242;0.342;0.298;0.654;0.242;0.081;0.166;0.662;0.107;0.032
14125;0.562;0.339;0.215;0.242;0.239;0.347;0.3;0.654;0.249;0.081;0.161;0.645;0.105;0.032
14126;0.559;0.337;0.215;0.247;0.237;0.352;0.295;0.652;0.251;0.078;0.161;0.627;0.103;0.032
14127;0.557;0.339;0.215;0.244;0.237;0.356;0.295;0.657;0.254;0.078;0.159;0.615;0.1;0.029
14128;0.557;0.337;0.217;0.242;0.234;0.354;0.295;0.654;0.254;0.076;0.159;0.601;0.098;0.034
14129;0.547;0.332;0.217;0.244;0.234;0.356;0.293;0.657;0.264;0.073;0.161;0.583;0.1;0.032
14130;0.542;0.334;0.222;0.247;0.234;0.356;0.295;0.657;0.264;0.071;0.156;0.569;0.095;0.029
14131;0.542;0.332;0.225;0.251;0.229;0.356;0.295;0.659;0.266;0.071;0.159;0.557;0.098;0.032
14132;0.54;0.33;0.222;0.251;0.227;0.354;0.298;0.659;0.269;0.071;0.156;0.544;0.09;0.029
14133;0.54;0.332;0.225;0.256;0.225;0.344;0.295;0.657;0.271;0.071;0.156;0.535;0.095;0.034
14134;0.542;0.327;0.225;0.256;0.22;0.339;0.295;0.654;0.273;0.068;0.154;0.518;0.088;0.032
14135;0.542;0.33;0.225;0.256;0.217;0.33;0.298;0.657;0.273;0.068;0.154;0.508;0.09;0.032
14136;0.535;0.327;0.225;0.251;0.212;0.327;0.303;0.654;0.273;0.066;0.154;0.498;0.083;0.029
14137;0.532;0.327;0.22;0.249;0.212;0.327;0.305;0.654;0.271;0.066;0.151;0.491;0.085;0.032
14138;0.532;0.33;0.217;0.249;0.21;0.33;0.308;0.652;0.271;0.066;0.151;0.481;0.083;0.032
14139;0.537;0.33;0.212;0.247;0.212;0.33;0.305;0.652;0.271;0.063;0.146;0.474;0.083;0.029
14140;0.532;0.332;0.215;0.247;0.21;0.334;0.3;0.652;0.269;0.066;0.149;0.469;0.081;0.029
14141;0.54;0.33;0.215;0.247;0.208;0.327;0.295;0.652;0.269;0.063;0.149;0.464;0.083;0.032
14142;0.54;0.332;0.217;0.251;0.212;0.322;0.295;0.649;0.269;0.063;0.149;0.459;0.081;0.034
14143;0.544;0.332;0.217;0.256;0.21;0.322;0.298;0.647;0.264;0.061;0.146;0.454;0.078;0.032
14144;0.544;0.334;0.22;0.261;0.208;0.315;0.291;0.649;0.266;0.061;0.149;0.452;0.081;0.029
14145;0.54;0.337;0.22;0.266;0.208;0.317;0.291;0.652;0.264;0.061;0.149;0.447;0.078;0.034
14146;0.544;0.339;0.217;0.266;0.205;0.32;0.291;0.652;0.261;0.061;0.146;0.442;0.076;0.032
14147;0.542;0.342;0.22;0.271;0.205;0.322;0.291;0.654;0.259;0.059;0.149;0.439;0.076;0.029
14148;0.549;0.344;0.22;0.271;0.203;0.322;0.295;0.654;0.259;0.061;0.149;0.437;0.073;0.032
14149;0.549;0.342;0.225;0.271;0.203;0.325;0.3;0.654;0.256;0.063;0.154;0.43;0.071;0.029
14150;0.552;0.344;0.22;0.276;0.2;0.325;0.295;0.654;0.254;0.061;0.156;0.427;0.073;0.034
14151;0.549;0.342;0.22;0.271;0.2;0.327;0.295;0.652;0.251;0.059;0.156;0.422;0.073;0.029
14152;0.544;0.342;0.22;0.276;0.198;0.32;0.291;0.654;0.249;0.056;0.156;0.41;0.066;0.029
14153;0.54;0.344;0.22;0.278;0.208;0.322;0.288;0.654;0.249;0.059;0.161;0.408;0.066;0.029
14154;0.535;0.342;0.22;0.276;0.212;0.325;0.291;0.657;0.249;0.063;0.164;0.4;0.068;0.029
14155;0.537;0.339;0.225;0.278;0.212;0.332;0.291;0.657;0.247;0.061;0.166;0.391;0.061;0.024
14156;0.542;0.334;0.225;0.278;0.212;0.337;0.291;0.657;0.247;0.063;0.171;0.383;0.063;0.027
14157;0.54;0.337;0.227;0.278;0.212;0.339;0.291;0.662;0.251;0.063;0.176;0.376;0.063;0.029
14158;0.54;0.332;0.232;0.278;0.21;0.337;0.286;0.659;0.247;0.063;0.178;0.366;0.063;0.032
14159;0.535;0.334;0.234;0.278;0.208;0.334;0.283;0.659;0.249;0.068;0.188;0.354;0.061;0.027
14160;0.535;0.334;0.232;0.281;0.205;0.332;0.286;0.657;0.247;0.068;0.19;0.347;0.059;0.032
14161;0.535;0.332;0.229;0.276;0.205;0.33;0.288;0.657;0.247;0.068;0.195;0.334;0.061;0.032
14162;0.535;0.327;0.232;0.271;0.21;0.327;0.291;0.657;0.244;0.068;0.2;0.327;0.056;0.029
14163;0.535;0.33;0.232;0.266;0.208;0.327;0.293;0.657;0.244;0.073;0.203;0.317;0.061;0.029
14164;0.537;0.325;0.229;0.264;0.208;0.322;0.293;0.654;0.247;0.076;0.21;0.31;0.054;0.032
14165;0.532;0.325;0.227;0.261;0.203;0.322;0.3;0.657;0.242;0.073;0.21;0.3;0.059;0.032
14166;0.54;0.327;0.225;0.261;0.2;0.325;0.298;0.654;0.242;0.076;0.215;0.291;0.054;0.027
14167;0.54;0.325;0.225;0.261;0.2;0.325;0.303;0.654;0.239;0.078;0.215;0.281;0.051;0.024
14168;0.537;0.325;0.229;0.259;0.198;0.325;0.308;0.654;0.239;0.081;0.217;0.278;0.051;0.029
14169;0.537;0.327;0.232;0.256;0.2;0.33;0.31;0.652;0.239;0.081;0.217;0.269;0.051;0.029
14170;0.54;0.327;0.237;0.261;0.198;0.334;0.31;0.652;0.234;0.081;0.215;0.261;0.049;0.032
14171;0.54;0.325;0.239;0.261;0.198;0.334;0.305;0.652;0.237;0.078;0.217;0.259;0.049;0.029
14172;0.547;0.325;0.242;0.256;0.195;0.334;0.303;0.652;0.234;0.083;0.217;0.251;0.046;0.027
14173;0.544;0.325;0.239;0.254;0.195;0.327;0.295;0.654;0.232;0.078;0.215;0.247;0.046;0.032
14174;0.542;0.33;0.234;0.247;0.19;0.327;0.288;0.657;0.232;0.081;0.215;0.242;0.046;0.029
14175;0.537;0.33;0.234;0.244;0.186;0.325;0.291;0.654;0.229;0.081;0.212;0.237;0.044;0.024
14176;0.537;0.332;0.237;0.244;0.183;0.327;0.288;0.657;0.229;0.081;0.212;0.232;0.044;0.027
14177;0.537;0.33;0.237;0.242;0.183;0.327;0.288;0.654;0.227;0.081;0.21;0.232;0.042;0.029
14178;0.532;0.33;0.244;0.242;0.183;0.322;0.286;0.657;0.225;0.078;0.21;0.225;0.042;0.029
14179;0.535;0.332;0.244;0.237;0.186;0.325;0.286;0.657;0.225;0.078;0.205;0.225;0.039;0.027
14180;0.535;0.337;0.242;0.237;0.183;0.32;0.283;0.654;0.222;0.078;0.205;0.22;0.042;0.032
14181;0.532;0.337;0.244;0.242;0.186;0.325;0.291;0.654;0.225;0.073;0.203;0.22;0.039;0.032
14182;0.527;0.339;0.242;0.242;0.186;0.322;0.291;0.654;0.222;0.073;0.198;0.215;0.037;0.029
14183;0.525;0.339;0.242;0.242;0.188;0.32;0.298;0.654;0.22;0.073;0.195;0.21;0.039;0.032
14184;0.527;0.342;0.242;0.244;0.19;0.317;0.3;0.654;0.22;0.076;0.195;0.212;0.037;0.027
14185;0.525;0.342;0.242;0.247;0.195;0.317;0.3;0.654;0.22;0.073;0.19;0.205;0.039;0.029
14186;0.53;0.339;0.237;0.249;0.198;0.322;0.305;0.659;0.22;0.076;0.193;0.205;0.039;0.029
14187;0.53;0.342;0.237;0.251;0.198;0.32;0.308;0.657;0.222;0.076;0.193;0.203;0.037;0.029
14188;0.53;0.342;0.237;0.251;0.205;0.325;0.303;0.657;0.217;0.071;0.188;0.198;0.042;0.032
14189;0.532;0.344;0.234;0.249;0.203;0.325;0.298;0.657;0.22;0.076;0.19;0.2;0.037;0.027
14190;0.532;0.344;0.244;0.247;0.2;0.33;0.293;0.657;0.215;0.078;0.186;0.198;0.039;0.029
14191;0.53;0.344;0.247;0.247;0.2;0.332;0.283;0.657;0.217;0.073;0.183;0.193;0.037;0.032
14192;0.532;0.347;0.251;0.247;0.198;0.332;0.286;0.654;0.215;0.076;0.183;0.195;0.037;0.032
14193;0.53;0.347;0.256;0.247;0.195;0.334;0.286;0.659;0.215;0.076;0.186;0.193;0.046;0.037
14194;0.53;0.347;0.256;0.247;0.193;0.332;0.286;0.654;0.215;0.076;0.181;0.188;0.039;0.027
14195;0.527;0.344;0.264;0.247;0.19;0.33;0.283;0.654;0.212;0.081;0.181;0.188;0.042;0.034
14196;0.527;0.349;0.266;0.249;0.186;0.334;0.281;0.649;0.21;0.081;0.176;0.186;0.044;0.029
14197;0.527;0.347;0.271;0.254;0.186;0.332;0.276;0.649;0.21;0.078;0.176;0.186;0.042;0.029
14198;0.525;0.347;0.269;0.256;0.186;0.334;0.276;0.649;0.21;0.078;0.176;0.186;0.044;0.032
14199;0.52;0.349;0.269;0.251;0.183;0.332;0.278;0.649;0.208;0.081;0.168;0.181;0.046;0.032
14200;0.522;0.349;0.273;0.249;0.181;0.327;0.283;0.652;0.205;0.076;0.166;0.178;0.049;0.032
14201;0.52;0.349;0.273;0.249;0.181;0.327;0.286;0.652;0.208;0.081;0.168;0.181;0.051;0.032
14202;0.52;0.352;0.271;0.249;0.181;0.325;0.288;0.652;0.203;0.081;0.166;0.176;0.051;0.032
14203;0.522;0.352;0.273;0.254;0.181;0.327;0.288;0.649;0.2;0.078;0.164;0.173;0.049;0.029
14204;0.525;0.354;0.278;0.259;0.181;0.325;0.288;0.649;0.2;0.081;0.164;0.173;0.054;0.029
14205;0.525;0.356;0.283;0.261;0.181;0.327;0.293;0.649;0.2;0.078;0.166;0.173;0.056;0.032
14206;0.53;0.356;0.288;0.266;0.181;0.327;0.303;0.647;0.198;0.078;0.166;0.171;0.054;0.027
14207;0.53;0.359;0.286;0.264;0.178;0.327;0.305;0.647;0.195;0.076;0.166;0.168;0.061;0.029
14208;0.535;0.356;0.286;0.264;0.178;0.327;0.305;0.645;0.198;0.076;0.168;0.168;0.061;0.029
14209;0.537;0.356;0.276;0.269;0.178;0.33;0.3;0.645;0.195;0.076;0.168;0.164;0.063;0.027
14210;0.535;0.356;0.273;0.276;0.181;0.332;0.291;0.649;0.198;0.076;0.168;0.164;0.066;0.029
14211;0.537;0.354;0.271;0.283;0.186;0.33;0.281;0.652;0.195;0.073;0.171;0.161;0.063;0.029
14212;0.537;0.354;0.269;0.283;0.188;0.327;0.276;0.649;0.198;0.078;0.173;0.161;0.068;0.029
14213;0.54;0.349;0.261;0.278;0.193;0.325;0.271;0.649;0.198;0.076;0.173;0.161;0.068;0.032
14214;0.537;0.352;0.261;0.273;0.193;0.32;0.273;0.652;0.195;0.076;0.178;0.159;0.068;0.029
14215;0.54;0.349;0.259;0.264;0.19;0.32;0.273;0.652;0.193;0.073;0.178;0.161;0.068;0.027
14216;0.54;0.354;0.259;0.254;0.188;0.322;0.278;0.652;0.195;0.076;0.186;0.161;0.073;0.029
14217;0.537;0.349;0.259;0.249;0.186;0.325;0.281;0.647;0.193;0.076;0.186;0.159;0.071;0.024
14218;0.54;0.352;0.261;0.244;0.186;0.325;0.286;0.649;0.195;0.076;0.19;0.161;0.073;0.027
14219;0.54;0.349;0.269;0.242;0.183;0.325;0.298;0.647;0.195;0.073;0.193;0.161;0.071;0.027
14220;0.537;0.347;0.273;0.242;0.188;0.325;0.303;0.649;0.2;0.073;0.198;0.164;0.076;0.027
14221;0.535;0.352;0.281;0.247;0.186;0.322;0.305;0.647;0.198;0.076;0.2;0.164;0.071;0.029
14222;0.532;0.349;0.291;0.244;0.186;0.322;0.305;0.647;0.198;0.073;0.208;0.168;0.076;0.029
14223;0.527;0.349;0.327;0.244;0.183;0.322;0.305;0.647;0.198;0.073;0.212;0.173;0.071;0.027
14224;0.525;0.352;0.334;0.247;0.183;0.327;0.3;0.647;0.2;0.071;0.217;0.173;0.076;0.027
14225;0.522;0.349;0.337;0.251;0.181;0.32;0.3;0.647;0.195;0.068;0.222;0.173;0.071;0.024
14226;0.522;0.349;0.366;0.249;0.178;0.32;0.295;0.645;0.195;0.071;0.222;0.176;0.071;0.024
14227;0.518;0.349;0.376;0.244;0.176;0.32;0.286;0.647;0.198;0.076;0.227;0.181;0.073;0.032
14228;0.518;0.349;0.447;0.237;0.178;0.322;0.283;0.647;0.195;0.073;0.234;0.186;0.071;0.024
14229;0.518;0.344;0.562;0.232;0.178;0.33;0.281;0.645;0.198;0.073;0.239;0.186;0.068;0.027
14230;0.518;0.349;0.593;0.22;0.176;0.332;0.281;0.645;0.195;0.073;0.242;0.186;0.068;0.027
14231;0.518;0.347;0.596;0.215;0.178;0.337;0.286;0.642;0.195;0.073;0.247;0.188;0.073;0.032
14232;0.518;0.349;0.42;0.212;0.178;0.337;0.288;0.645;0.195;0.073;0.251;0.193;0.076;0.037
14233;0.522;0.347;0.442;0.215;0.181;0.337;0.293;0.64;0.193;0.071;0.251;0.19;0.068;0.027
14234;0.52;0.349;0.354;0.22;0.183;0.339;0.293;0.642;0.193;0.073;0.259;0.193;0.066;0.027
14235;0.525;0.349;0.391;0.222;0.193;0.342;0.288;0.642;0.193;0.073;0.261;0.193;0.068;0.029
14236;0.525;0.349;0.342;0.227;0.198;0.342;0.288;0.64;0.193;0.076;0.266;0.19;0.066;0.027
14237;0.525;0.349;0.305;0.232;0.2;0.339;0.286;0.64;0.19;0.073;0.269;0.193;0.066;0.029
14238;0.522;0.352;0.293;0.232;0.208;0.337;0.283;0.637;0.19;0.078;0.273;0.19;0.063;0.027
14239;0.522;0.349;0.286;0.227;0.215;0.334;0.281;0.637;0.188;0.076;0.273;0.193;0.063;0.029
14240;0.52;0.352;0.291;0.227;0.212;0.33;0.276;0.637;0.19;0.076;0.276;0.193;0.063;0.029
14241;0.522;0.352;0.295;0.229;0.215;0.33;0.273;0.64;0.19;0.078;0.276;0.188;0.059;0.029
14242;0.52;0.352;0.291;0.227;0.215;0.327;0.269;0.64;0.19;0.078;0.281;0.19;0.061;0.027
14243;0.52;0.352;0.317;0.222;0.212;0.325;0.271;0.64;0.188;0.078;0.278;0.188;0.059;0.027
14244;0.522;0.349;0.361;0.222;0.21;0.327;0.273;0.64;0.183;0.073;0.273;0.183;0.056;0.029
14245;0.518;0.349;0.562;0.222;0.205;0.327;0.276;0.64;0.188;0.076;0.276;0.188;0.056;0.029
14246;0.518;0.347;0.627;0.225;0.2;0.332;0.278;0.64;0.188;0.078;0.276;0.186;0.051;0.029
14247;0.52;0.347;0.498;0.229;0.195;0.334;0.286;0.64;0.183;0.078;0.273;0.186;0.056;0.027
14248;0.522;0.344;0.439;0.234;0.195;0.337;0.291;0.64;0.19;0.081;0.276;0.186;0.051;0.029
14249;0.522;0.339;0.588;0.242;0.195;0.334;0.291;0.64;0.186;0.078;0.273;0.183;0.046;0.029
14250;0.52;0.337;0.464;0.247;0.195;0.334;0.293;0.642;0.186;0.078;0.271;0.183;0.051;0.029
14251;0.525;0.332;0.425;0.249;0.195;0.337;0.3;0.64;0.186;0.078;0.266;0.178;0.049;0.024
14252;0.525;0.334;0.305;0.249;0.198;0.339;0.303;0.642;0.186;0.078;0.264;0.183;0.051;0.029
14253;0.522;0.33;0.474;0.249;0.198;0.339;0.303;0.642;0.188;0.081;0.264;0.183;0.054;0.027
14254;0.522;0.332;0.417;0.254;0.2;0.339;0.298;0.645;0.186;0.073;0.256;0.181;0.056;0.032
14255;0.525;0.332;0.464;0.256;0.203;0.342;0.295;0.642;0.188;0.076;0.251;0.183;0.054;0.029
14256;0.525;0.33;0.601;0.256;0.2;0.337;0.291;0.645;0.188;0.078;0.249;0.183;0.054;0.027
14257;0.53;0.327;0.693;0.256;0.2;0.337;0.288;0.642;0.188;0.076;0.244;0.181;0.056;0.027
14258;0.527;0.33;0.798;0.249;0.198;0.337;0.283;0.64;0.188;0.078;0.244;0.186;0.059;0.027
14259;0.527;0.327;0.759;0.242;0.198;0.342;0.281;0.64;0.188;0.076;0.237;0.188;0.061;0.029
14260;0.527;0.327;0.928;0.237;0.2;0.347;0.281;0.642;0.186;0.076;0.234;0.19;0.066;0.027
14261;0.527;0.325;2.888;0.242;0.2;0.347;0.276;0.64;0.188;0.073;0.232;0.188;0.063;0.029
14262;0.527;0.327;4.998;0.244;0.2;0.347;0.276;0.64;0.183;0.076;0.225;0.193;0.071;0.027
14263;0.53;0.332;4.998;0.244;0.205;0.344;0.283;0.64;0.188;0.078;0.222;0.195;0.071;0.029
14264;0.535;0.33;4.998;0.247;0.208;0.342;0.283;0.637;0.186;0.073;0.217;0.198;0.078;0.027
14265;0.53;0.327;4.998;0.244;0.212;0.344;0.288;0.64;0.186;0.073;0.215;0.195;0.081;0.029
14266;0.527;0.327;4.998;0.244;0.22;0.347;0.293;0.64;0.186;0.076;0.208;0.198;0.083;0.029
14267;0.53;0.325;4.998;0.247;0.22;0.344;0.295;0.637;0.186;0.076;0.205;0.2;0.088;0.027
14268;0.532;0.327;4.998;0.242;0.225;0.347;0.298;0.635;0.186;0.078;0.203;0.203;0.09;0.027
14269;0.532;0.327;4.998;0.239;0.222;0.347;0.298;0.637;0.188;0.078;0.2;0.2;0.093;0.024
14270;0.53;0.327;4.998;0.237;0.222;0.347;0.295;0.635;0.188;0.078;0.195;0.2;0.098;0.029
14271;0.53;0.322;4.998;0.239;0.217;0.347;0.291;0.637;0.188;0.078;0.19;0.198;0.103;0.024
14272;0.53;0.322;4.998;0.239;0.215;0.347;0.288;0.632;0.19;0.078;0.188;0.2;0.103;0.027
14273;0.53;0.325;4.998;0.244;0.21;0.347;0.281;0.632;0.19;0.078;0.183;0.198;0.105;0.027
14274;0.53;0.322;4.998;0.244;0.203;0.347;0.276;0.635;0.193;0.081;0.181;0.2;0.11;0.024
14275;0.53;0.322;4.998;0.239;0.203;0.349;0.276;0.632;0.195;0.078;0.178;0.2;0.115;0.027
14276;0.527;0.325;4.998;0.227;0.198;0.347;0.281;0.632;0.193;0.078;0.173;0.2;0.112;0.029
14277;0.53;0.325;4.998;0.225;0.198;0.344;0.281;0.635;0.198;0.078;0.171;0.198;0.117;0.027
14278;0.53;0.327;4.998;0.232;0.198;0.339;0.278;0.635;0.198;0.078;0.166;0.198;0.117;0.029
14279;0.532;0.33;4.998;0.234;0.2;0.342;0.276;0.632;0.2;0.078;0.164;0.198;0.117;0.027
14280;0.535;0.332;4.998;0.239;0.205;0.339;0.273;0.635;0.2;0.081;0.161;0.198;0.122;0.027
14281;0.535;0.33;4.998;0.234;0.21;0.339;0.276;0.632;0.205;0.081;0.159;0.195;0.122;0.027
14282;0.532;0.332;4.998;0.227;0.21;0.342;0.276;0.635;0.21;0.083;0.159;0.198;0.12;0.027
14283;0.532;0.334;4.998;0.22;0.212;0.337;0.281;0.635;0.21;0.081;0.154;0.198;0.122;0.027
14284;0.527;0.339;4.998;0.208;0.208;0.334;0.278;0.637;0.212;0.081;0.149;0.195;0.122;0.027
14285;0.53;0.337;4.998;0.205;0.21;0.334;0.278;0.635;0.215;0.078;0.144;0.195;0.125;0.027
14286;0.527;0.337;4.998;0.208;0.215;0.337;0.278;0.635;0.215;0.078;0.142;0.195;0.125;0.024
14287;0.527;0.337;4.998;0.22;0.215;0.339;0.276;0.637;0.222;0.081;0.139;0.198;0.125;0.027
14288;0.53;0.337;4.998;0.229;0.21;0.339;0.273;0.635;0.222;0.078;0.137;0.198;0.12;0.022
14289;0.527;0.334;4.998;0.232;0.208;0.342;0.276;0.637;0.222;0.078;0.132;0.198;0.125;0.027
14290;0.532;0.337;4.998;0.232;0.205;0.342;0.276;0.635;0.225;0.081;0.132;0.193;0.125;0.027
14291;0.525;0.337;4.998;0.234;0.205;0.342;0.278;0.635;0.229;0.081;0.132;0.195;0.125;0.024
14292;0.525;0.334;4.998;0.234;0.203;0.342;0.286;0.635;0.229;0.083;0.127;0.198;0.125;0.027
14293;0.522;0.337;4.998;0.237;0.205;0.339;0.291;0.635;0.229;0.083;0.127;0.195;0.127;0.024
14294;0.525;0.337;4.998;0.244;0.21;0.339;0.295;0.632;0.234;0.083;0.125;0.195;0.122;0.029
14295;0.53;0.334;4.998;0.244;0.212;0.342;0.298;0.632;0.234;0.085;0.125;0.198;0.122;0.029
14296;0.527;0.334;4.998;0.237;0.208;0.339;0.303;0.632;0.234;0.083;0.122;0.195;0.122;0.029
14297;0.532;0.334;4.998;0.232;0.21;0.339;0.308;0.632;0.237;0.083;0.117;0.195;0.122;0.024
14298;0.537;0.334;4.998;0.222;0.212;0.334;0.308;0.632;0.239;0.083;0.115;0.193;0.125;0.027
14299;0.54;0.334;4.998;0.22;0.212;0.337;0.305;0.635;0.239;0.083;0.115;0.193;0.125;0.032
14300;0.54;0.332;4.998;0.22;0.21;0.337;0.3;0.63;0.237;0.081;0.112;0.193;0.125;0.032
14301;0.54;0.332;4.998;0.22;0.208;0.339;0.295;0.63;0.242;0.085;0.112;0.195;0.127;0.024
14302;0.54;0.327;4.998;0.215;0.212;0.344;0.293;0.632;0.239;0.085;0.11;0.188;0.125;0.029
14303;0.542;0.327;4.998;0.215;0.208;0.339;0.286;0.635;0.242;0.083;0.107;0.188;0.125;0.027
14304;0.542;0.322;4.998;0.217;0.203;0.339;0.281;0.635;0.242;0.083;0.105;0.188;0.125;0.029
14305;0.54;0.322;4.998;0.222;0.2;0.339;0.276;0.637;0.244;0.081;0.105;0.188;0.122;0.027
14306;0.537;0.317;4.998;0.222;0.198;0.337;0.269;0.637;0.244;0.083;0.103;0.186;0.122;0.027
14307;0.537;0.322;4.998;0.225;0.198;0.339;0.271;0.64;0.244;0.083;0.1;0.186;0.125;0.029
14308;0.537;0.359;4.998;0.212;0.193;0.339;0.271;0.637;0.242;0.083;0.1;0.183;0.125;0.029
14309;0.532;0.393;4.998;0.22;0.195;0.339;0.271;0.637;0.244;0.083;0.098;0.183;0.125;0.029
14310;0.535;0.439;4.998;0.225;0.19;0.334;0.273;0.635;0.244;0.085;0.1;0.181;0.127;0.029
14311;0.535;0.471;4.998;0.227;0.19;0.332;0.276;0.64;0.244;0.081;0.098;0.181;0.127;0.027
14312;0.532;0.503;4.998;0.225;0.19;0.334;0.276;0.64;0.242;0.081;0.095;0.176;0.125;0.029
14313;0.535;0.515;4.998;0.222;0.19;0.33;0.278;0.637;0.242;0.078;0.093;0.176;0.127;0.029
14314;0.53;0.505;4.998;0.217;0.193;0.332;0.281;0.642;0.239;0.081;0.088;0.173;0.125;0.029
14315;0.53;0.518;4.998;0.21;0.195;0.33;0.281;0.642;0.242;0.081;0.088;0.176;0.122;0.029
14316;0.527;0.493;4.998;0.203;0.195;0.33;0.283;0.642;0.239;0.081;0.085;0.171;0.122;0.029
14317;0.522;0.505;4.026;0.208;0.205;0.334;0.286;0.64;0.237;0.078;0.085;0.166;0.12;0.027
14318;0.522;0.496;2.012;0.21;0.205;0.332;0.281;0.64;0.237;0.078;0.083;0.164;0.122;0.029
14319;0.522;0.51;1.289;0.212;0.205;0.33;0.278;0.637;0.234;0.076;0.081;0.164;0.12;0.027
14320;0.52;0.503;0.801;0.22;0.208;0.33;0.273;0.637;0.234;0.076;0.078;0.164;0.117;0.029
14321;0.52;0.518;0.505;0.22;0.208;0.33;0.273;0.637;0.232;0.073;0.078;0.159;0.115;0.027
14322;0.515;0.5;0.505;0.22;0.205;0.332;0.269;0.637;0.232;0.073;0.078;0.156;0.117;0.029
14323;0.515;0.503;0.483;0.217;0.205;0.33;0.271;0.635;0.232;0.073;0.078;0.156;0.115;0.029
14324;0.513;0.498;0.483;0.225;0.203;0.327;0.273;0.632;0.229;0.073;0.073;0.156;0.112;0.029
14325;0.515;0.498;0.452;0.225;0.205;0.33;0.276;0.635;0.234;0.073;0.073;0.156;0.112;0.032
14326;0.518;0.518;0.54;0.227;0.203;0.322;0.276;0.635;0.232;0.073;0.071;0.151;0.11;0.029
14327;0.518;0.488;0.745;0.237;0.2;0.327;0.278;0.632;0.232;0.073;0.071;0.154;0.107;0.027
14328;0.518;0.527;0.657;0.239;0.203;0.33;0.278;0.635;0.232;0.073;0.068;0.151;0.107;0.029
14329;0.522;0.479;0.281;0.234;0.2;0.327;0.278;0.637;0.237;0.073;0.068;0.151;0.107;0.024
14330;0.522;0.53;0.334;0.232;0.205;0.327;0.276;0.637;0.237;0.073;0.068;0.154;0.103;0.027
14331;0.522;0.469;0.349;0.232;0.205;0.327;0.278;0.637;0.237;0.071;0.066;0.156;0.105;0.032
14332;0.527;0.522;0.503;0.232;0.205;0.332;0.276;0.64;0.237;0.068;0.063;0.159;0.1;0.029
14333;0.527;0.471;0.349;0.229;0.205;0.332;0.273;0.637;0.242;0.071;0.063;0.159;0.107;0.029
14334;0.527;0.503;0.349;0.232;0.21;0.332;0.266;0.64;0.247;0.068;0.066;0.166;0.103;0.032
14335;0.527;0.471;0.454;0.237;0.212;0.332;0.261;0.637;0.247;0.068;0.063;0.168;0.105;0.029
14336;0.527;0.498;0.447;0.229;0.22;0.334;0.259;0.637;0.249;0.066;0.061;0.173;0.103;0.027
14337;0.527;0.464;0.386;0.227;0.217;0.332;0.256;0.635;0.251;0.068;0.061;0.183;0.103;0.027
14338;0.525;0.493;0.371;0.232;0.22;0.334;0.259;0.637;0.254;0.068;0.063;0.188;0.107;0.027
14339;0.522;0.466;0.393;0.229;0.222;0.334;0.261;0.64;0.254;0.068;0.059;0.193;0.107;0.032
14340;0.522;0.491;0.493;0.227;0.222;0.33;0.261;0.64;0.254;0.066;0.061;0.203;0.105;0.029
14341;0.522;0.471;0.576;0.227;0.215;0.327;0.261;0.64;0.256;0.066;0.061;0.212;0.11;0.032
14342;0.522;0.483;0.361;0.225;0.21;0.327;0.264;0.64;0.256;0.061;0.061;0.22;0.112;0.027
14343;0.522;0.479;0.312;0.22;0.21;0.325;0.264;0.64;0.256;0.063;0.061;0.234;0.112;0.027
14344;0.522;0.476;0.349;0.222;0.208;0.327;0.269;0.645;0.254;0.061;0.061;0.242;0.115;0.024
14345;0.52;0.483;0.366;0.222;0.208;0.327;0.271;0.645;0.254;0.061;0.063;0.251;0.117;0.027
14346;0.518;0.464;0.369;0.225;0.21;0.325;0.278;0.647;0.254;0.059;0.061;0.261;0.12;0.029
14347;0.52;0.471;0.586;0.222;0.21;0.322;0.276;0.645;0.251;0.061;0.061;0.273;0.125;0.027
14348;0.518;0.469;0.54;0.22;0.212;0.325;0.273;0.642;0.249;0.059;0.061;0.278;0.122;0.024
14349;0.522;0.471;0.469;0.222;0.21;0.327;0.281;0.642;0.254;0.061;0.061;0.288;0.127;0.027
14350;0.522;0.476;0.637;0.217;0.212;0.327;0.276;0.642;0.251;0.059;0.066;0.3;0.132;0.029
14351;0.522;0.471;0.464;0.222;0.212;0.33;0.276;0.64;0.249;0.061;0.066;0.308;0.134;0.027
14352;0.525;0.476;0.396;0.227;0.215;0.33;0.278;0.64;0.251;0.061;0.068;0.32;0.134;0.024
14353;0.522;0.474;0.53;0.225;0.217;0.327;0.273;0.64;0.249;0.061;0.068;0.327;0.142;0.027
14354;0.518;0.471;0.647;0.225;0.225;0.33;0.271;0.637;0.244;0.059;0.068;0.334;0.144;0.029
14355;0.52;0.483;0.454;0.22;0.227;0.332;0.264;0.635;0.244;0.061;0.073;0.347;0.144;0.027
14356;0.522;0.479;0.483;0.22;0.229;0.334;0.261;0.637;0.242;0.061;0.071;0.352;0.146;0.029
14357;0.522;0.474;0.339;0.217;0.227;0.332;0.256;0.637;0.239;0.061;0.071;0.361;0.149;0.027
14358;0.525;0.486;0.374;0.215;0.232;0.339;0.256;0.635;0.239;0.061;0.073;0.369;0.156;0.027
14359;0.525;0.471;0.349;0.222;0.232;0.339;0.251;0.635;0.237;0.063;0.076;0.376;0.159;0.027
14360;0.522;0.488;0.276;0.225;0.229;0.339;0.251;0.637;0.234;0.061;0.073;0.383;0.159;0.027
14361;0.522;0.479;0.3;0.225;0.227;0.337;0.249;0.635;0.237;0.059;0.076;0.391;0.164;0.029
14362;0.52;0.491;0.283;0.227;0.225;0.339;0.251;0.635;0.234;0.063;0.076;0.4;0.166;0.029
14363;0.52;0.481;0.249;0.227;0.225;0.337;0.249;0.637;0.232;0.066;0.081;0.413;0.166;0.029
14364;0.525;0.496;0.303;0.227;0.222;0.334;0.251;0.637;0.225;0.059;0.078;0.413;0.168;0.029
14365;0.525;0.488;0.278;0.232;0.22;0.332;0.249;0.632;0.222;0.061;0.076;0.422;0.173;0.027
14366;0.522;0.505;0.269;0.234;0.222;0.327;0.249;0.63;0.222;0.059;0.078;0.427;0.173;0.027
14367;0.522;0.491;0.283;0.237;0.22;0.33;0.254;0.627;0.222;0.061;0.081;0.437;0.176;0.029
14368;0.52;0.513;0.398;0.237;0.217;0.325;0.256;0.627;0.215;0.059;0.076;0.439;0.181;0.024
14369;0.515;0.491;0.425;0.232;0.215;0.325;0.261;0.632;0.212;0.059;0.078;0.447;0.183;0.034
14370;0.515;0.513;0.559;0.232;0.215;0.325;0.264;0.632;0.212;0.059;0.081;0.454;0.181;0.029
14371;0.515;0.498;0.498;0.227;0.212;0.325;0.269;0.635;0.21;0.061;0.078;0.459;0.183;0.032
14372;0.513;0.508;0.608;0.232;0.208;0.33;0.273;0.635;0.205;0.059;0.078;0.461;0.188;0.029
14373;0.515;0.503;0.498;0.237;0.203;0.334;0.271;0.635;0.205;0.059;0.078;0.466;0.188;0.032
14374;0.513;0.503;0.537;0.239;0.208;0.334;0.266;0.635;0.203;0.059;0.076;0.466;0.186;0.027
14375;0.515;0.498;0.664;0.237;0.208;0.337;0.264;0.632;0.203;0.061;0.078;0.474;0.193;0.027
14376;0.51;0.496;1.079;0.232;0.212;0.334;0.264;0.632;0.198;0.059;0.076;0.479;0.19;0.027
14377;0.513;0.498;1.038;0.234;0.22;0.332;0.261;0.635;0.198;0.059;0.073;0.481;0.198;0.027
14378;0.51;0.498;0.933;0.237;0.222;0.33;0.261;0.632;0.198;0.063;0.076;0.486;0.195;0.029
14379;0.515;0.508;4.998;0.242;0.227;0.33;0.264;0.632;0.193;0.059;0.073;0.486;0.203;0.029
14380;0.515;0.496;4.998;0.247;0.225;0.327;0.261;0.63;0.195;0.059;0.068;0.488;0.2;0.024
14381;0.518;0.503;4.998;0.249;0.225;0.327;0.261;0.632;0.19;0.061;0.071;0.493;0.203;0.024
14382;0.518;0.5;4.998;0.247;0.225;0.322;0.256;0.63;0.19;0.061;0.068;0.496;0.208;0.029
14383;0.518;0.5;4.998;0.244;0.225;0.322;0.264;0.63;0.188;0.059;0.066;0.498;0.208;0.032
14384;0.518;0.5;4.998;0.242;0.227;0.325;0.266;0.627;0.183;0.059;0.066;0.498;0.208;0.024
14385;0.518;0.496;4.998;0.239;0.227;0.322;0.269;0.63;0.186;0.061;0.068;0.503;0.21;0.027
14386;0.52;0.498;4.998;0.239;0.229;0.327;0.269;0.63;0.183;0.061;0.066;0.503;0.212;0.027
14387;0.522;0.493;4.998;0.242;0.222;0.327;0.269;0.632;0.181;0.059;0.066;0.508;0.215;0.027
14388;0.52;0.493;4.998;0.239;0.225;0.327;0.261;0.632;0.181;0.059;0.061;0.508;0.217;0.024
14389;0.52;0.488;4.998;0.244;0.225;0.33;0.259;0.63;0.181;0.063;0.063;0.515;0.22;0.027
14390;0.518;0.496;4.998;0.244;0.225;0.332;0.256;0.63;0.181;0.059;0.066;0.515;0.22;0.029
14391;0.518;0.483;4.998;0.249;0.229;0.33;0.256;0.627;0.181;0.061;0.063;0.518;0.222;0.027
14392;0.518;0.498;4.998;0.251;0.232;0.334;0.256;0.63;0.183;0.059;0.059;0.518;0.227;0.027
14393;0.52;0.491;4.998;0.249;0.229;0.334;0.254;0.635;0.183;0.061;0.063;0.522;0.225;0.027
14394;0.522;0.493;4.998;0.247;0.232;0.33;0.251;0.632;0.186;0.063;0.059;0.525;0.225;0.024
14395;0.522;0.493;4.998;0.244;0.237;0.33;0.256;0.635;0.183;0.061;0.059;0.525;0.227;0.024
14396;0.522;0.486;4.998;0.239;0.234;0.327;0.256;0.637;0.188;0.061;0.061;0.527;0.234;0.029
14397;0.522;0.491;4.998;0.239;0.239;0.33;0.264;0.637;0.188;0.063;0.059;0.532;0.234;0.029
14398;0.52;0.491;4.998;0.234;0.234;0.325;0.266;0.637;0.188;0.061;0.056;0.527;0.232;0.024
14399;0.518;0.483;4.998;0.234;0.237;0.325;0.271;0.635;0.195;0.063;0.059;0.532;0.234;0.027
14400;0.518;0.493;4.998;0.232;0.234;0.325;0.273;0.64;0.193;0.061;0.059;0.535;0.237;0.029
14401;0.518;0.481;4.998;0.227;0.234;0.33;0.269;0.637;0.19;0.061;0.054;0.532;0.237;0.024
14402;0.518;0.481;4.998;0.227;0.232;0.32;0.269;0.64;0.195;0.061;0.056;0.537;0.239;0.029
14403;0.515;0.481;4.998;0.229;0.229;0.325;0.266;0.64;0.198;0.061;0.051;0.537;0.244;0.029
14404;0.513;0.479;4.998;0.234;0.232;0.325;0.264;0.64;0.198;0.061;0.051;0.535;0.244;0.029
14405;0.513;0.481;4.998;0.239;0.229;0.325;0.264;0.637;0.2;0.059;0.054;0.537;0.247;0.024
14406;0.508;0.481;4.998;0.244;0.227;0.322;0.266;0.64;0.205;0.061;0.054;0.537;0.247;0.027
14407;0.51;0.486;4.998;0.247;0.227;0.325;0.271;0.64;0.205;0.061;0.051;0.535;0.244;0.022
14408;0.508;0.486;4.998;0.247;0.227;0.325;0.276;0.64;0.21;0.063;0.051;0.535;0.249;0.029
14409;0.51;0.486;4.998;0.249;0.227;0.327;0.278;0.64;0.208;0.059;0.049;0.532;0.249;0.029
14410;0.508;0.493;4.998;0.251;0.222;0.327;0.278;0.64;0.208;0.059;0.051;0.532;0.251;0.024
14411;0.51;0.488;4.998;0.251;0.22;0.334;0.278;0.64;0.208;0.056;0.049;0.532;0.254;0.027
14412;0.513;0.493;4.998;0.249;0.222;0.334;0.283;0.64;0.21;0.061;0.049;0.53;0.251;0.029
14413;0.513;0.491;4.998;0.242;0.225;0.334;0.283;0.64;0.21;0.056;0.049;0.53;0.254;0.027
14414;0.513;0.493;4.998;0.234;0.227;0.334;0.288;0.64;0.208;0.059;0.049;0.535;0.256;0.027
14415;0.513;0.488;4.998;0.239;0.232;0.334;0.288;0.64;0.212;0.061;0.051;0.532;0.256;0.024
14416;0.513;0.496;4.998;0.242;0.239;0.337;0.288;0.64;0.21;0.061;0.049;0.532;0.259;0.029
14417;0.51;0.488;4.998;0.244;0.239;0.332;0.286;0.64;0.208;0.061;0.051;0.53;0.259;0.024
14418;0.51;0.496;4.998;0.247;0.242;0.332;0.281;0.637;0.212;0.059;0.049;0.527;0.261;0.024
14419;0.505;0.486;4.998;0.244;0.242;0.332;0.278;0.635;0.21;0.056;0.049;0.52;0.264;0.029
14420;0.505;0.493;4.998;0.244;0.247;0.327;0.276;0.635;0.21;0.061;0.044;0.518;0.264;0.027
14421;0.503;0.491;4.998;0.244;0.242;0.325;0.278;0.635;0.21;0.059;0.049;0.508;0.266;0.024
14422;0.505;0.496;4.998;0.242;0.239;0.322;0.276;0.632;0.203;0.056;0.044;0.503;0.266;0.027
14423;0.505;0.493;4.998;0.237;0.232;0.32;0.271;0.632;0.203;0.059;0.049;0.496;0.266;0.029
14424;0.508;0.503;4.998;0.232;0.232;0.317;0.273;0.635;0.203;0.059;0.046;0.488;0.264;0.024
14425;0.515;0.496;4.998;0.229;0.232;0.317;0.273;0.64;0.205;0.056;0.046;0.479;0.266;0.027
14426;0.515;0.503;4.998;0.227;0.229;0.317;0.273;0.64;0.205;0.059;0.049;0.469;0.266;0.027
14427;0.518;0.503;4.998;0.22;0.232;0.317;0.278;0.64;0.203;0.059;0.049;0.459;0.271;0.032
14428;0.518;0.503;4.998;0.217;0.232;0.32;0.283;0.642;0.203;0.059;0.049;0.447;0.266;0.024
14429;0.52;0.505;4.998;0.215;0.232;0.322;0.288;0.642;0.203;0.059;0.046;0.432;0.269;0.029
14430;0.52;0.505;4.998;0.212;0.229;0.322;0.293;0.642;0.203;0.059;0.046;0.42;0.269;0.027
14431;0.52;0.508;4.998;0.22;0.229;0.325;0.298;0.642;0.2;0.059;0.046;0.41;0.271;0.027
14432;0.52;0.513;4.998;0.22;0.227;0.325;0.293;0.64;0.203;0.059;0.049;0.398;0.271;0.029
14433;0.525;0.51;4.998;0.217;0.225;0.322;0.295;0.642;0.2;0.056;0.049;0.386;0.269;0.027
14434;0.522;0.513;4.998;0.215;0.22;0.322;0.295;0.642;0.2;0.059;0.051;0.374;0.266;0.027
14435;0.525;0.515;4.998;0.215;0.227;0.32;0.293;0.647;0.195;0.051;0.049;0.364;0.269;0.027
14436;0.522;0.513;4.998;0.212;0.229;0.32;0.291;0.647;0.198;0.056;0.046;0.356;0.269;0.024
14437;0.525;0.52;4.998;0.215;0.232;0.322;0.291;0.649;0.2;0.054;0.049;0.344;0.269;0.032
14438;0.527;0.518;4.998;0.212;0.232;0.32;0.288;0.647;0.198;0.054;0.049;0.337;0.266;0.024
14439;0.53;0.52;4.998;0.208;0.227;0.322;0.283;0.645;0.198;0.056;0.044;0.325;0.269;0.027
14440;0.535;0.518;4.998;0.208;0.225;0.317;0.283;0.645;0.198;0.054;0.049;0.315;0.269;0.029
14441;0.532;0.52;4.998;0.205;0.222;0.312;0.283;0.645;0.198;0.054;0.046;0.308;0.269;0.032
14442;0.532;0.518;4.998;0.21;0.225;0.308;0.283;0.642;0.198;0.051;0.046;0.295;0.269;0.029
14443;0.53;0.513;4.998;0.217;0.229;0.312;0.291;0.64;0.198;0.054;0.044;0.291;0.266;0.029
14444;0.53;0.515;4.998;0.22;0.229;0.317;0.293;0.637;0.203;0.054;0.049;0.286;0.269;0.027
14445;0.532;0.508;4.998;0.222;0.227;0.32;0.293;0.64;0.2;0.054;0.046;0.281;0.264;0.029
14446;0.53;0.505;4.998;0.22;0.232;0.32;0.293;0.637;0.2;0.049;0.042;0.269;0.264;0.027
14447;0.527;0.508;4.998;0.222;0.232;0.325;0.288;0.64;0.198;0.049;0.044;0.266;0.264;0.027
14448;0.53;0.505;4.998;0.22;0.232;0.325;0.288;0.642;0.2;0.051;0.044;0.264;0.266;0.027
14449;0.532;0.505;4.998;0.225;0.229;0.327;0.283;0.64;0.198;0.051;0.042;0.259;0.266;0.032
14450;0.527;0.508;4.998;0.222;0.227;0.322;0.278;0.642;0.198;0.049;0.042;0.254;0.261;0.029
14451;0.522;0.508;4.998;0.22;0.222;0.325;0.278;0.642;0.198;0.049;0.042;0.254;0.264;0.027
14452;0.522;0.505;4.998;0.222;0.217;0.325;0.276;0.642;0.195;0.051;0.044;0.251;0.264;0.027
14453;0.522;0.503;4.998;0.22;0.22;0.33;0.281;0.64;0.198;0.049;0.044;0.251;0.256;0.022
14454;0.52;0.505;4.998;0.222;0.22;0.33;0.281;0.64;0.198;0.051;0.042;0.254;0.264;0.027
14455;0.52;0.498;4.998;0.225;0.227;0.327;0.281;0.64;0.198;0.051;0.042;0.254;0.266;0.027
14456;0.52;0.5;4.998;0.227;0.229;0.322;0.281;0.637;0.195;0.051;0.044;0.256;0.261;0.027
14457;0.515;0.498;4.998;0.227;0.227;0.322;0.286;0.64;0.2;0.049;0.044;0.261;0.264;0.029
14458;0.52;0.498;4.998;0.229;0.232;0.32;0.288;0.64;0.195;0.049;0.042;0.264;0.261;0.027
14459;0.515;0.496;4.48;0.232;0.237;0.32;0.288;0.642;0.198;0.054;0.042;0.266;0.264;0.029
14460;0.515;0.5;2.432;0.237;0.237;0.32;0.288;0.64;0.2;0.054;0.044;0.271;0.264;0.029
14461;0.513;0.496;1.604;0.239;0.242;0.325;0.288;0.64;0.198;0.051;0.044;0.273;0.261;0.029
14462;0.515;0.498;1.094;0.234;0.242;0.325;0.286;0.635;0.195;0.051;0.044;0.278;0.259;0.027
14463;0.515;0.496;0.92;0.232;0.244;0.325;0.281;0.637;0.198;0.056;0.044;0.288;0.259;0.027
14464;0.513;0.498;0.813;0.232;0.239;0.325;0.278;0.632;0.198;0.059;0.046;0.295;0.259;0.029
14465;0.515;0.498;0.671;0.227;0.244;0.322;0.276;0.635;0.198;0.054;0.042;0.298;0.259;0.027
14466;0.515;0.503;0.562;0.229;0.242;0.322;0.273;0.635;0.198;0.056;0.044;0.303;0.264;0.029
14467;0.518;0.5;0.549;0.222;0.244;0.322;0.271;0.635;0.195;0.059;0.044;0.31;0.261;0.027
14468;0.52;0.5;0.515;0.222;0.244;0.32;0.269;0.637;0.193;0.054;0.042;0.312;0.256;0.027
14469;0.525;0.5;0.525;0.225;0.242;0.317;0.273;0.632;0.198;0.059;0.046;0.325;0.259;0.024
14470;0.527;0.5;0.654;0.229;0.239;0.32;0.273;0.635;0.195;0.056;0.044;0.33;0.259;0.029
14471;0.532;0.5;0.815;0.234;0.239;0.317;0.273;0.635;0.193;0.056;0.042;0.337;0.256;0.029
14472;0.532;0.503;0.874;0.237;0.237;0.315;0.273;0.632;0.195;0.056;0.044;0.342;0.259;0.027
14473;0.532;0.503;0.53;0.237;0.232;0.32;0.271;0.63;0.193;0.054;0.046;0.352;0.256;0.024
14474;0.532;0.503;0.549;0.239;0.234;0.317;0.269;0.632;0.195;0.054;0.044;0.354;0.261;0.029
14475;0.527;0.505;0.52;0.244;0.234;0.315;0.269;0.63;0.193;0.059;0.044;0.359;0.259;0.029
14476;0.522;0.503;0.53;0.247;0.239;0.32;0.264;0.627;0.2;0.059;0.049;0.371;0.256;0.027
14477;0.522;0.505;0.425;0.244;0.242;0.317;0.264;0.625;0.195;0.056;0.044;0.376;0.256;0.029
14478;0.518;0.505;0.474;0.242;0.242;0.317;0.264;0.625;0.193;0.059;0.046;0.381;0.256;0.024
14479;0.515;0.508;0.452;0.242;0.244;0.32;0.264;0.627;0.193;0.059;0.044;0.386;0.256;0.027
14480;0.515;0.508;0.413;0.239;0.242;0.317;0.264;0.627;0.193;0.056;0.044;0.393;0.256;0.024
14481;0.515;0.503;0.269;0.237;0.244;0.322;0.266;0.63;0.193;0.059;0.044;0.4;0.254;0.024
14482;0.513;0.505;0.266;0.234;0.247;0.32;0.266;0.627;0.19;0.061;0.046;0.4;0.259;0.032
14483;0.513;0.5;0.356;0.232;0.249;0.317;0.266;0.63;0.193;0.061;0.044;0.408;0.254;0.027
14484;0.513;0.5;0.474;0.227;0.244;0.32;0.271;0.625;0.193;0.063;0.044;0.413;0.256;0.027
14485;0.518;0.503;0.515;0.222;0.244;0.322;0.273;0.627;0.193;0.063;0.046;0.417;0.256;0.027
14486;0.52;0.5;0.466;0.22;0.247;0.32;0.276;0.627;0.193;0.059;0.042;0.42;0.251;0.027
14487;0.525;0.498;0.332;0.22;0.242;0.322;0.273;0.625;0.193;0.061;0.044;0.427;0.251;0.024
14488;0.53;0.498;0.374;0.222;0.234;0.317;0.273;0.623;0.193;0.066;0.044;0.427;0.251;0.024
14489;0.532;0.496;0.393;0.222;0.234;0.317;0.273;0.623;0.193;0.066;0.044;0.432;0.251;0.027
14490;0.532;0.493;0.437;0.229;0.225;0.317;0.271;0.623;0.19;0.063;0.042;0.432;0.251;0.024
14491;0.537;0.496;0.403;0.232;0.217;0.317;0.269;0.625;0.193;0.063;0.044;0.439;0.254;0.032
14492;0.537;0.498;0.408;0.232;0.22;0.317;0.271;0.627;0.193;0.063;0.044;0.442;0.251;0.027
14493;0.537;0.496;0.374;0.234;0.225;0.317;0.273;0.623;0.19;0.068;0.044;0.442;0.251;0.029
14494;0.535;0.498;0.366;0.234;0.229;0.32;0.276;0.627;0.19;0.061;0.044;0.439;0.251;0.027
14495;0.537;0.5;0.403;0.237;0.232;0.322;0.271;0.625;0.193;0.066;0.042;0.444;0.247;0.024
14496;0.535;0.5;0.474;0.234;0.229;0.32;0.269;0.623;0.19;0.071;0.044;0.447;0.244;0.024
14497;0.535;0.503;0.342;0.234;0.239;0.325;0.266;0.625;0.19;0.066;0.042;0.442;0.247;0.027
14498;0.532;0.503;0.474;0.229;0.242;0.325;0.264;0.625;0.195;0.068;0.042;0.444;0.247;0.027
14499;0.532;0.508;0.435;0.225;0.249;0.327;0.261;0.623;0.193;0.068;0.042;0.449;0.244;0.027
14500;0.537;0.508;0.422;0.22;0.244;0.325;0.259;0.62;0.195;0.068;0.044;0.447;0.247;0.029
14501;0.535;0.51;0.376;0.215;0.234;0.32;0.259;0.62;0.193;0.068;0.042;0.447;0.244;0.029
14502;0.535;0.513;0.371;0.208;0.229;0.32;0.256;0.62;0.193;0.068;0.039;0.449;0.242;0.024
14503;0.535;0.515;0.386;0.208;0.225;0.322;0.256;0.623;0.195;0.071;0.044;0.449;0.242;0.027
14504;0.537;0.518;0.483;0.203;0.22;0.322;0.256;0.623;0.193;0.071;0.042;0.449;0.242;0.027
14505;0.53;0.518;0.383;0.203;0.222;0.325;0.256;0.62;0.193;0.068;0.039;0.447;0.239;0.027
14506;0.532;0.52;0.491;0.208;0.217;0.325;0.259;0.62;0.193;0.068;0.039;0.444;0.247;0.032
14507;0.53;0.518;0.408;0.215;0.212;0.325;0.256;0.615;0.195;0.068;0.037;0.447;0.242;0.024
14508;0.527;0.52;0.447;0.217;0.215;0.322;0.254;0.618;0.193;0.071;0.042;0.444;0.244;0.029
14509;0.525;0.518;0.342;0.225;0.217;0.322;0.256;0.62;0.193;0.068;0.034;0.444;0.239;0.029
14510;0.522;0.515;0.339;0.222;0.217;0.325;0.259;0.62;0.193;0.071;0.039;0.444;0.242;0.027
14511;0.522;0.518;0.352;0.227;0.222;0.322;0.261;0.623;0.193;0.066;0.037;0.444;0.242;0.029
14512;0.522;0.518;0.393;0.229;0.225;0.322;0.266;0.623;0.19;0.068;0.037;0.439;0.237;0.029
14513;0.522;0.515;0.374;0.229;0.225;0.32;0.271;0.623;0.193;0.068;0.039;0.439;0.239;0.027
14514;0.522;0.515;0.359;0.237;0.22;0.32;0.271;0.623;0.193;0.071;0.039;0.442;0.237;0.024
14515;0.525;0.51;0.383;0.232;0.22;0.315;0.273;0.62;0.188;0.068;0.037;0.442;0.239;0.029
14516;0.527;0.505;0.376;0.232;0.22;0.315;0.276;0.623;0.19;0.068;0.037;0.442;0.237;0.027
14517;0.532;0.508;0.364;0.225;0.217;0.312;0.273;0.62;0.19;0.063;0.034;0.439;0.234;0.027
14518;0.535;0.503;0.361;0.22;0.215;0.312;0.273;0.62;0.19;0.066;0.039;0.439;0.239;0.027
14519;0.535;0.503;0.322;0.215;0.212;0.305;0.271;0.618;0.188;0.068;0.039;0.439;0.234;0.027
14520;0.54;0.503;0.361;0.215;0.21;0.308;0.269;0.62;0.188;0.066;0.039;0.437;0.234;0.029
14521;0.542;0.5;0.378;0.22;0.21;0.31;0.259;0.618;0.183;0.063;0.037;0.437;0.232;0.027
14522;0.542;0.505;0.33;0.217;0.208;0.31;0.261;0.618;0.188;0.071;0.039;0.439;0.232;0.029
14523;0.542;0.498;0.383;0.217;0.208;0.315;0.256;0.618;0.181;0.063;0.034;0.435;0.229;0.024
14524;0.542;0.498;0.356;0.222;0.208;0.315;0.254;0.613;0.183;0.066;0.037;0.439;0.232;0.027
14525;0.542;0.498;0.354;0.229;0.205;0.32;0.249;0.615;0.183;0.066;0.037;0.437;0.229;0.029
14526;0.542;0.5;0.361;0.234;0.2;0.322;0.249;0.615;0.178;0.066;0.037;0.437;0.232;0.024
14527;0.535;0.5;0.383;0.239;0.195;0.32;0.251;0.618;0.178;0.063;0.034;0.439;0.229;0.027
14528;0.535;0.508;0.354;0.242;0.193;0.327;0.254;0.615;0.178;0.063;0.037;0.442;0.227;0.027
14529;0.535;0.505;0.337;0.239;0.198;0.322;0.256;0.613;0.176;0.061;0.037;0.439;0.227;0.024
14530;0.53;0.503;0.325;0.237;0.203;0.317;0.261;0.618;0.176;0.063;0.037;0.442;0.225;0.032
14531;0.527;0.508;0.369;0.237;0.208;0.315;0.266;0.613;0.173;0.063;0.037;0.444;0.222;0.027
14532;0.525;0.508;0.32;0.237;0.21;0.315;0.269;0.615;0.173;0.061;0.037;0.444;0.22;0.024
14533;0.527;0.513;0.305;0.239;0.208;0.308;0.266;0.613;0.171;0.063;0.039;0.447;0.22;0.027
14534;0.525;0.513;0.293;0.242;0.203;0.308;0.264;0.615;0.168;0.059;0.034;0.449;0.22;0.024
14535;0.525;0.513;0.337;0.234;0.203;0.3;0.266;0.618;0.171;0.059;0.039;0.454;0.215;0.027
14536;0.525;0.515;0.344;0.227;0.203;0.303;0.266;0.618;0.168;0.063;0.037;0.454;0.215;0.027
14537;0.525;0.513;0.349;0.229;0.205;0.298;0.264;0.62;0.166;0.056;0.037;0.457;0.215;0.027
14538;0.522;0.513;0.33;0.225;0.203;0.295;0.266;0.618;0.166;0.059;0.039;0.459;0.208;0.027
14539;0.525;0.513;0.344;0.222;0.198;0.3;0.266;0.618;0.168;0.059;0.039;0.464;0.215;0.027
14540;0.522;0.513;0.325;0.22;0.195;0.303;0.266;0.62;0.168;0.059;0.044;0.466;0.212;0.024
14541;0.525;0.51;0.308;0.22;0.19;0.303;0.264;0.618;0.168;0.059;0.044;0.469;0.205;0.027
14542;0.525;0.51;0.342;0.22;0.188;0.308;0.264;0.618;0.161;0.054;0.042;0.469;0.208;0.022
14543;0.527;0.513;0.417;0.225;0.186;0.305;0.261;0.62;0.168;0.056;0.046;0.476;0.203;0.022
14544;0.53;0.513;0.503;0.225;0.186;0.312;0.259;0.615;0.166;0.056;0.044;0.474;0.205;0.029
14545;0.53;0.508;0.427;0.227;0.183;0.312;0.256;0.618;0.168;0.059;0.049;0.481;0.2;0.024
14546;0.527;0.508;0.371;0.227;0.181;0.312;0.264;0.618;0.168;0.054;0.049;0.481;0.203;0.027
14547;0.527;0.505;0.325;0.229;0.178;0.315;0.266;0.618;0.171;0.056;0.049;0.481;0.2;0.027
14548;0.527;0.503;0.381;0.229;0.178;0.31;0.269;0.618;0.171;0.054;0.051;0.483;0.198;0.027
14549;0.53;0.505;0.354;0.227;0.181;0.305;0.269;0.618;0.171;0.056;0.054;0.486;0.195;0.024
14550;0.53;0.503;0.359;0.222;0.186;0.305;0.266;0.618;0.176;0.056;0.054;0.488;0.195;0.022
14551;0.53;0.503;0.344;0.22;0.188;0.303;0.266;0.615;0.178;0.059;0.056;0.491;0.195;0.022
14552;0.527;0.498;0.308;0.215;0.188;0.303;0.264;0.618;0.176;0.054;0.054;0.491;0.193;0.027
14553;0.525;0.493;0.295;0.215;0.19;0.308;0.264;0.618;0.176;0.059;0.054;0.488;0.193;0.027
14554;0.52;0.491;0.259;0.212;0.186;0.305;0.261;0.618;0.176;0.059;0.051;0.488;0.19;0.027
14555;0.518;0.488;0.249;0.21;0.183;0.305;0.264;0.618;0.176;0.056;0.054;0.488;0.186;0.024
14556;0.515;0.491;0.249;0.208;0.186;0.305;0.261;0.618;0.171;0.054;0.046;0.483;0.188;0.029
14557;0.513;0.488;0.251;0.2;0.181;0.305;0.261;0.615;0.176;0.059;0.051;0.486;0.186;0.027
14558;0.513;0.488;0.254;0.2;0.183;0.312;0.264;0.62;0.178;0.059;0.051;0.486;0.181;0.024
14559;0.515;0.483;0.249;0.203;0.183;0.312;0.264;0.618;0.178;0.061;0.049;0.486;0.183;0.027
14560;0.513;0.486;0.254;0.21;0.181;0.312;0.261;0.615;0.176;0.059;0.046;0.486;0.181;0.027
14561;0.513;0.483;0.261;0.212;0.183;0.315;0.261;0.618;0.178;0.056;0.046;0.481;0.181;0.027
14562;0.51;0.483;0.269;0.205;0.188;0.312;0.264;0.618;0.183;0.061;0.049;0.481;0.176;0.024
14563;0.508;0.483;0.256;0.203;0.186;0.31;0.261;0.618;0.188;0.059;0.046;0.481;0.176;0.024
14564;0.508;0.483;0.264;0.205;0.183;0.308;0.264;0.62;0.188;0.059;0.046;0.476;0.176;0.027
14565;0.505;0.483;0.256;0.205;0.188;0.308;0.261;0.623;0.195;0.056;0.044;0.474;0.171;0.024
14566;0.508;0.486;0.239;0.208;0.19;0.305;0.264;0.625;0.205;0.059;0.044;0.476;0.173;0.027
14567;0.508;0.486;0.237;0.21;0.193;0.303;0.264;0.623;0.215;0.056;0.046;0.471;0.173;0.029
14568;0.505;0.486;0.237;0.208;0.198;0.303;0.264;0.623;0.227;0.059;0.049;0.471;0.171;0.029
14569;0.51;0.483;0.242;0.208;0.2;0.3;0.269;0.623;0.237;0.054;0.044;0.464;0.168;0.024
14570;0.508;0.488;0.237;0.208;0.2;0.303;0.264;0.62;0.251;0.059;0.049;0.464;0.166;0.029
14571;0.505;0.488;0.232;0.21;0.195;0.305;0.264;0.62;0.264;0.056;0.046;0.459;0.168;0.027
14572;0.505;0.488;0.222;0.212;0.186;0.305;0.259;0.615;0.278;0.056;0.046;0.457;0.166;0.027
14573;0.505;0.491;0.217;0.21;0.183;0.3;0.261;0.618;0.293;0.054;0.046;0.454;0.166;0.029
14574;0.505;0.491;0.222;0.208;0.181;0.305;0.261;0.62;0.303;0.056;0.049;0.454;0.166;0.027
14575;0.505;0.493;0.227;0.21;0.176;0.3;0.261;0.618;0.315;0.056;0.051;0.449;0.161;0.024
14576;0.503;0.491;0.227;0.21;0.178;0.303;0.259;0.623;0.327;0.056;0.051;0.449;0.164;0.027
14577;0.5;0.491;0.229;0.208;0.178;0.3;0.256;0.62;0.337;0.056;0.054;0.444;0.161;0.027
14578;0.503;0.491;0.225;0.203;0.173;0.298;0.251;0.62;0.344;0.054;0.056;0.444;0.166;0.027
14579;0.5;0.493;0.222;0.2;0.171;0.298;0.247;0.62;0.352;0.056;0.059;0.442;0.161;0.024
14580;0.503;0.488;0.222;0.2;0.166;0.298;0.247;0.623;0.361;0.056;0.063;0.447;0.166;0.029
14581;0.5;0.483;0.227;0.203;0.173;0.295;0.244;0.623;0.361;0.051;0.059;0.439;0.164;0.024
14582;0.498;0.483;0.229;0.205;0.178;0.295;0.244;0.623;0.366;0.051;0.063;0.439;0.161;0.029
14583;0.498;0.486;0.234;0.208;0.171;0.291;0.242;0.62;0.371;0.054;0.066;0.435;0.164;0.027
14584;0.496;0.479;0.234;0.203;0.171;0.288;0.244;0.623;0.371;0.054;0.066;0.437;0.164;0.032
14585;0.496;0.479;0.237;0.203;0.168;0.291;0.249;0.62;0.374;0.051;0.068;0.437;0.164;0.027
14586;0.496;0.479;0.232;0.205;0.168;0.291;0.251;0.62;0.371;0.049;0.068;0.435;0.161;0.027
14587;0.498;0.476;0.237;0.208;0.166;0.295;0.256;0.625;0.374;0.051;0.076;0.435;0.161;0.024
14588;0.498;0.479;0.237;0.21;0.164;0.3;0.259;0.625;0.371;0.049;0.073;0.432;0.161;0.024
14589;0.498;0.479;0.239;0.21;0.166;0.3;0.256;0.623;0.369;0.049;0.078;0.43;0.159;0.024
14590;0.498;0.479;0.244;0.208;0.166;0.303;0.256;0.625;0.366;0.049;0.081;0.432;0.166;0.024
14591;0.496;0.481;0.247;0.208;0.161;0.305;0.251;0.623;0.364;0.049;0.083;0.43;0.166;0.029
14592;0.496;0.476;0.249;0.208;0.161;0.303;0.251;0.62;0.359;0.054;0.088;0.432;0.164;0.032
14593;0.491;0.476;0.244;0.212;0.161;0.303;0.244;0.62;0.354;0.049;0.085;0.427;0.164;0.024
14594;0.491;0.474;0.242;0.212;0.164;0.303;0.244;0.62;0.354;0.054;0.09;0.432;0.166;0.029
14595;0.493;0.474;0.234;0.215;0.168;0.298;0.244;0.623;0.344;0.051;0.095;0.43;0.164;0.027
14596;0.491;0.476;0.232;0.212;0.171;0.298;0.244;0.62;0.339;0.049;0.095;0.427;0.166;0.024
14597;0.496;0.476;0.234;0.212;0.176;0.295;0.242;0.618;0.332;0.049;0.1;0.427;0.166;0.027
14598;0.496;0.479;0.237;0.215;0.178;0.295;0.247;0.62;0.327;0.049;0.1;0.427;0.166;0.027
14599;0.493;0.476;0.234;0.215;0.178;0.293;0.249;0.62;0.322;0.049;0.105;0.427;0.173;0.027
14600;0.493;0.474;0.237;0.21;0.181;0.291;0.251;0.623;0.317;0.051;0.107;0.43;0.168;0.029
14601;0.493;0.476;0.242;0.212;0.181;0.291;0.256;0.623;0.312;0.051;0.11;0.432;0.171;0.029
14602;0.496;0.479;0.237;0.208;0.178;0.288;0.259;0.623;0.303;0.049;0.112;0.427;0.171;0.027
14603;0.498;0.476;0.229;0.208;0.171;0.286;0.259;0.62;0.305;0.054;0.117;0.43;0.171;0.027
14604;0.5;0.479;0.232;0.21;0.171;0.283;0.261;0.62;0.3;0.049;0.117;0.43;0.173;0.029
14605;0.503;0.476;0.239;0.21;0.166;0.283;0.261;0.62;0.298;0.056;0.125;0.432;0.173;0.027
14606;0.503;0.479;0.244;0.212;0.166;0.283;0.261;0.62;0.295;0.051;0.125;0.43;0.173;0.029
14607;0.505;0.479;0.247;0.21;0.171;0.288;0.261;0.62;0.293;0.051;0.125;0.43;0.173;0.029
14608;0.5;0.479;0.239;0.212;0.171;0.291;0.259;0.615;0.291;0.056;0.132;0.43;0.173;0.024
14609;0.496;0.479;0.239;0.215;0.173;0.291;0.254;0.618;0.291;0.051;0.132;0.432;0.176;0.029
14610;0.493;0.479;0.237;0.215;0.171;0.291;0.249;0.615;0.286;0.054;0.137;0.427;0.176;0.029
14611;0.496;0.483;0.232;0.215;0.166;0.293;0.244;0.618;0.288;0.054;0.137;0.43;0.176;0.027
14612;0.491;0.481;0.232;0.215;0.168;0.295;0.242;0.615;0.286;0.049;0.142;0.43;0.173;0.024
14613;0.491;0.479;0.237;0.212;0.168;0.295;0.242;0.615;0.288;0.054;0.142;0.43;0.178;0.027
14614;0.491;0.476;0.239;0.215;0.168;0.298;0.244;0.613;0.286;0.051;0.146;0.427;0.181;0.029
14615;0.488;0.476;0.239;0.215;0.168;0.298;0.247;0.613;0.286;0.056;0.149;0.432;0.178;0.024
14616;0.488;0.479;0.237;0.217;0.168;0.298;0.251;0.613;0.288;0.056;0.154;0.432;0.181;0.027
14617;0.486;0.474;0.234;0.212;0.164;0.298;0.251;0.615;0.286;0.051;0.154;0.432;0.186;0.032
14618;0.488;0.474;0.234;0.21;0.159;0.298;0.256;0.615;0.286;0.054;0.154;0.432;0.183;0.029
14619;0.488;0.471;0.237;0.215;0.159;0.295;0.256;0.615;0.286;0.051;0.159;0.435;0.183;0.027
14620;0.491;0.471;0.239;0.215;0.164;0.293;0.261;0.618;0.288;0.054;0.161;0.435;0.186;0.027
14621;0.491;0.466;0.239;0.215;0.166;0.293;0.271;0.615;0.286;0.054;0.164;0.439;0.186;0.027
14622;0.493;0.466;0.247;0.215;0.166;0.293;0.273;0.615;0.286;0.051;0.164;0.437;0.186;0.029
14623;0.493;0.469;0.244;0.212;0.166;0.291;0.273;0.613;0.286;0.054;0.164;0.439;0.188;0.027
14624;0.493;0.466;0.244;0.212;0.166;0.291;0.271;0.615;0.283;0.054;0.166;0.444;0.188;0.027
14625;0.493;0.466;0.244;0.215;0.166;0.288;0.271;0.615;0.283;0.054;0.168;0.444;0.19;0.029
14626;0.496;0.466;0.244;0.215;0.168;0.286;0.264;0.613;0.283;0.051;0.168;0.447;0.19;0.029
14627;0.5;0.471;0.244;0.222;0.173;0.283;0.264;0.615;0.281;0.056;0.171;0.447;0.19;0.027
14628;0.5;0.469;0.249;0.222;0.176;0.281;0.261;0.613;0.283;0.056;0.171;0.452;0.188;0.027
14629;0.503;0.466;0.244;0.22;0.176;0.286;0.261;0.61;0.281;0.056;0.171;0.454;0.195;0.029
14630;0.503;0.466;0.242;0.222;0.176;0.283;0.256;0.61;0.278;0.051;0.168;0.454;0.193;0.027
14631;0.503;0.466;0.234;0.222;0.176;0.283;0.254;0.613;0.281;0.056;0.168;0.457;0.195;0.029
14632;0.505;0.466;0.234;0.217;0.178;0.286;0.251;0.61;0.281;0.054;0.168;0.459;0.195;0.027
14633;0.503;0.466;0.232;0.212;0.176;0.286;0.254;0.613;0.283;0.054;0.168;0.459;0.195;0.029
14634;0.503;0.466;0.237;0.212;0.178;0.286;0.259;0.613;0.283;0.054;0.166;0.459;0.195;0.027
14635;0.505;0.469;0.237;0.212;0.176;0.286;0.264;0.613;0.283;0.059;0.168;0.461;0.195;0.027
14636;0.505;0.466;0.239;0.208;0.178;0.288;0.266;0.61;0.286;0.059;0.166;0.464;0.195;0.027
14637;0.503;0.464;0.237;0.205;0.176;0.288;0.269;0.61;0.288;0.059;0.166;0.466;0.2;0.029
14638;0.505;0.466;0.239;0.203;0.176;0.288;0.266;0.61;0.291;0.059;0.164;0.464;0.198;0.024
14639;0.503;0.466;0.242;0.2;0.178;0.288;0.264;0.61;0.291;0.059;0.161;0.471;0.2;0.027
14640;0.5;0.464;0.242;0.195;0.176;0.283;0.264;0.61;0.291;0.054;0.156;0.469;0.2;0.027
14641;0.5;0.466;0.242;0.193;0.171;0.283;0.266;0.608;0.293;0.059;0.159;0.471;0.2;0.024
14642;0.505;0.466;0.249;0.195;0.171;0.278;0.264;0.61;0.293;0.059;0.154;0.476;0.198;0.024
14643;0.503;0.466;0.256;0.193;0.173;0.276;0.266;0.608;0.291;0.056;0.149;0.474;0.203;0.024
14644;0.505;0.464;0.254;0.198;0.168;0.281;0.266;0.608;0.295;0.056;0.151;0.479;0.203;0.027
14645;0.508;0.464;0.256;0.195;0.168;0.281;0.271;0.61;0.295;0.056;0.144;0.476;0.203;0.024
14646;0.508;0.464;0.254;0.2;0.173;0.286;0.273;0.61;0.298;0.056;0.144;0.481;0.203;0.024
14647;0.505;0.464;0.256;0.205;0.171;0.288;0.271;0.61;0.298;0.056;0.144;0.483;0.2;0.027
14648;0.508;0.466;0.261;0.208;0.168;0.286;0.276;0.61;0.3;0.056;0.139;0.486;0.203;0.024
14649;0.508;0.466;0.269;0.208;0.168;0.293;0.281;0.61;0.305;0.059;0.139;0.486;0.205;0.024
14650;0.508;0.464;0.276;0.208;0.171;0.291;0.283;0.613;0.305;0.059;0.137;0.488;0.208;0.029
14651;0.505;0.466;0.278;0.208;0.173;0.293;0.283;0.613;0.305;0.056;0.134;0.491;0.205;0.024
14652;0.508;0.466;0.276;0.215;0.176;0.295;0.288;0.613;0.31;0.054;0.137;0.493;0.205;0.027
14653;0.505;0.466;0.273;0.217;0.181;0.293;0.288;0.613;0.308;0.056;0.134;0.493;0.205;0.027
14654;0.505;0.466;0.276;0.22;0.183;0.293;0.286;0.61;0.308;0.054;0.132;0.493;0.21;0.024
14655;0.5;0.466;0.273;0.22;0.186;0.291;0.283;0.608;0.312;0.054;0.127;0.496;0.205;0.027
14656;0.503;0.466;0.273;0.217;0.188;0.288;0.281;0.605;0.312;0.054;0.127;0.498;0.212;0.029
14657;0.503;0.461;0.278;0.212;0.188;0.291;0.273;0.605;0.315;0.051;0.127;0.498;0.21;0.029
14658;0.5;0.464;0.276;0.21;0.19;0.288;0.269;0.605;0.315;0.054;0.125;0.5;0.208;0.029
14659;0.503;0.464;0.278;0.217;0.188;0.286;0.264;0.608;0.317;0.054;0.125;0.5;0.208;0.027
14660;0.503;0.461;0.271;0.222;0.188;0.288;0.254;0.61;0.32;0.054;0.125;0.498;0.21;0.027
14661;0.503;0.461;0.271;0.222;0.183;0.286;0.251;0.61;0.322;0.051;0.125;0.498;0.208;0.029
14662;0.503;0.464;0.271;0.225;0.181;0.286;0.254;0.613;0.32;0.056;0.122;0.498;0.208;0.027
14663;0.498;0.461;0.271;0.225;0.176;0.286;0.259;0.61;0.32;0.051;0.12;0.496;0.208;0.029
14664;0.496;0.461;0.269;0.225;0.173;0.286;0.261;0.613;0.322;0.051;0.12;0.496;0.208;0.027
14665;0.496;0.461;0.269;0.227;0.173;0.286;0.269;0.615;0.322;0.051;0.122;0.496;0.212;0.029
14666;0.498;0.461;0.264;0.229;0.176;0.286;0.273;0.613;0.32;0.051;0.122;0.496;0.21;0.029
14667;0.498;0.461;0.264;0.229;0.173;0.283;0.273;0.61;0.322;0.054;0.125;0.498;0.21;0.029
14668;0.496;0.464;0.264;0.229;0.173;0.288;0.283;0.613;0.322;0.049;0.125;0.493;0.21;0.027
14669;0.5;0.464;0.264;0.232;0.173;0.281;0.286;0.608;0.327;0.054;0.125;0.496;0.208;0.024
14670;0.496;0.461;0.264;0.227;0.178;0.283;0.286;0.605;0.327;0.049;0.125;0.493;0.208;0.024
14671;0.496;0.464;0.264;0.225;0.181;0.281;0.288;0.608;0.327;0.054;0.127;0.491;0.208;0.027
14672;0.493;0.464;0.261;0.222;0.186;0.283;0.291;0.608;0.325;0.054;0.129;0.493;0.21;0.024
14673;0.496;0.464;0.261;0.222;0.186;0.283;0.286;0.605;0.325;0.051;0.129;0.488;0.208;0.024
14674;0.5;0.461;0.261;0.225;0.186;0.283;0.286;0.608;0.325;0.049;0.134;0.488;0.208;0.029
14675;0.503;0.459;0.259;0.222;0.193;0.286;0.281;0.605;0.322;0.051;0.134;0.486;0.208;0.027
14676;0.503;0.459;0.256;0.227;0.198;0.291;0.271;0.608;0.322;0.051;0.139;0.483;0.208;0.027
14677;0.503;0.461;0.256;0.222;0.198;0.288;0.271;0.61;0.322;0.051;0.139;0.483;0.205;0.029
14678;0.503;0.461;0.261;0.222;0.203;0.286;0.273;0.61;0.322;0.051;0.144;0.479;0.205;0.024
14679;0.5;0.459;0.266;0.22;0.2;0.286;0.273;0.61;0.322;0.051;0.146;0.479;0.203;0.029
14680;0.5;0.459;0.266;0.215;0.2;0.288;0.278;0.61;0.322;0.049;0.149;0.474;0.203;0.029
14681;0.503;0.459;0.273;0.215;0.198;0.291;0.278;0.608;0.32;0.051;0.151;0.469;0.205;0.027
14682;0.498;0.457;0.276;0.215;0.195;0.291;0.276;0.608;0.317;0.051;0.154;0.464;0.203;0.024
14683;0.5;0.457;0.278;0.212;0.195;0.293;0.273;0.608;0.315;0.049;0.156;0.461;0.203;0.029
14684;0.498;0.459;0.283;0.215;0.195;0.291;0.273;0.608;0.315;0.051;0.159;0.457;0.2;0.027
14685;0.496;0.459;0.281;0.212;0.193;0.288;0.264;0.608;0.317;0.049;0.161;0.452;0.203;0.029
14686;0.493;0.459;0.273;0.212;0.188;0.291;0.261;0.608;0.315;0.049;0.161;0.449;0.2;0.032
14687;0.491;0.459;0.271;0.212;0.183;0.293;0.256;0.608;0.315;0.049;0.164;0.444;0.198;0.029
14688;0.491;0.459;0.264;0.217;0.181;0.293;0.256;0.608;0.312;0.054;0.166;0.442;0.203;0.032
14689;0.488;0.457;0.264;0.217;0.178;0.291;0.264;0.613;0.31;0.046;0.164;0.435;0.195;0.027
14690;0.491;0.457;0.256;0.21;0.181;0.288;0.266;0.61;0.31;0.044;0.164;0.432;0.198;0.027
14691;0.493;0.457;0.254;0.208;0.188;0.286;0.266;0.61;0.308;0.051;0.164;0.43;0.195;0.029
14692;0.496;0.461;0.251;0.208;0.193;0.283;0.271;0.608;0.31;0.049;0.164;0.427;0.195;0.027
14693;0.493;0.461;0.254;0.208;0.195;0.286;0.271;0.608;0.31;0.051;0.168;0.425;0.198;0.029
14694;0.493;0.461;0.259;0.21;0.198;0.283;0.271;0.605;0.308;0.049;0.161;0.422;0.198;0.029
14695;0.491;0.459;0.261;0.212;0.198;0.286;0.276;0.605;0.305;0.046;0.161;0.42;0.198;0.027
14696;0.493;0.461;0.264;0.212;0.203;0.286;0.281;0.605;0.31;0.049;0.161;0.417;0.195;0.027
14697;0.493;0.464;0.266;0.212;0.205;0.288;0.278;0.605;0.308;0.044;0.159;0.415;0.195;0.029
14698;0.493;0.466;0.269;0.212;0.203;0.288;0.276;0.603;0.305;0.046;0.156;0.41;0.195;0.027
14699;0.493;0.466;0.271;0.215;0.203;0.291;0.276;0.603;0.308;0.049;0.159;0.413;0.2;0.032
14700;0.493;0.469;0.271;0.212;0.2;0.288;0.273;0.605;0.305;0.049;0.154;0.408;0.193;0.029
14701;0.491;0.466;0.281;0.215;0.2;0.288;0.271;0.605;0.308;0.049;0.156;0.408;0.19;0.027
14702;0.491;0.466;0.288;0.212;0.198;0.288;0.273;0.608;0.305;0.049;0.154;0.403;0.19;0.029
14703;0.488;0.466;0.3;0.215;0.198;0.288;0.269;0.613;0.308;0.044;0.156;0.4;0.19;0.027
14704;0.491;0.466;0.303;0.21;0.198;0.286;0.264;0.61;0.31;0.051;0.154;0.403;0.183;0.029
14705;0.491;0.469;0.317;0.208;0.198;0.286;0.261;0.608;0.31;0.049;0.154;0.396;0.186;0.027
14706;0.493;0.469;0.322;0.208;0.2;0.281;0.256;0.61;0.31;0.051;0.154;0.396;0.183;0.029
14707;0.493;0.469;0.332;0.208;0.198;0.281;0.254;0.608;0.312;0.049;0.151;0.393;0.183;0.022
14708;0.493;0.469;0.339;0.208;0.2;0.281;0.256;0.608;0.312;0.049;0.151;0.391;0.176;0.022
14709;0.496;0.469;0.364;0.205;0.205;0.281;0.261;0.608;0.312;0.049;0.151;0.386;0.181;0.027
14710;0.491;0.464;0.356;0.205;0.205;0.286;0.261;0.61;0.317;0.049;0.154;0.386;0.178;0.029
14711;0.496;0.466;0.4;0.203;0.21;0.281;0.266;0.608;0.315;0.049;0.151;0.383;0.181;0.029
14712;0.493;0.471;0.388;0.208;0.21;0.278;0.266;0.608;0.315;0.049;0.149;0.376;0.176;0.024
14713;0.493;0.469;0.408;0.21;0.21;0.281;0.269;0.608;0.317;0.051;0.149;0.376;0.178;0.027
14714;0.496;0.469;0.43;0.217;0.208;0.281;0.269;0.61;0.315;0.051;0.144;0.371;0.173;0.029
14715;0.493;0.469;0.422;0.217;0.205;0.278;0.266;0.61;0.317;0.051;0.146;0.366;0.171;0.024
14716;0.491;0.471;0.569;0.217;0.205;0.286;0.261;0.608;0.317;0.054;0.149;0.364;0.171;0.029
14717;0.491;0.474;0.498;0.222;0.203;0.286;0.259;0.608;0.317;0.051;0.144;0.356;0.168;0.024
14718;0.493;0.471;0.508;0.222;0.205;0.291;0.256;0.61;0.317;0.054;0.144;0.352;0.166;0.029
14719;0.493;0.474;0.522;0.22;0.205;0.288;0.256;0.61;0.32;0.054;0.144;0.349;0.164;0.029
14720;0.491;0.471;0.605;0.222;0.208;0.288;0.256;0.61;0.317;0.051;0.142;0.344;0.164;0.029
14721;0.491;0.469;0.483;0.217;0.21;0.291;0.256;0.613;0.315;0.049;0.142;0.337;0.159;0.027
14722;0.491;0.469;0.486;0.215;0.217;0.288;0.249;0.61;0.315;0.051;0.139;0.334;0.159;0.027
14723;0.491;0.466;0.442;0.212;0.217;0.293;0.247;0.61;0.312;0.051;0.137;0.33;0.154;0.029
14724;0.488;0.464;0.381;0.215;0.212;0.291;0.254;0.61;0.31;0.054;0.142;0.325;0.154;0.029
14725;0.488;0.459;0.383;0.22;0.215;0.293;0.254;0.61;0.308;0.051;0.134;0.322;0.151;0.024
14726;0.491;0.459;0.396;0.222;0.212;0.295;0.261;0.61;0.305;0.054;0.134;0.317;0.151;0.032
14727;0.491;0.454;0.366;0.225;0.212;0.291;0.266;0.608;0.303;0.054;0.132;0.315;0.149;0.024
14728;0.493;0.449;0.359;0.225;0.212;0.291;0.266;0.608;0.3;0.051;0.129;0.31;0.149;0.027
14729;0.491;0.449;0.361;0.222;0.215;0.288;0.259;0.61;0.3;0.056;0.132;0.308;0.146;0.032
14730;0.493;0.444;0.369;0.222;0.215;0.288;0.259;0.61;0.298;0.054;0.129;0.305;0.144;0.029
14731;0.488;0.444;0.369;0.222;0.217;0.283;0.259;0.61;0.295;0.054;0.129;0.3;0.144;0.024
14732;0.491;0.444;0.388;0.222;0.215;0.281;0.261;0.613;0.291;0.054;0.125;0.295;0.142;0.027
14733;0.491;0.439;0.454;0.217;0.215;0.283;0.264;0.615;0.286;0.056;0.122;0.291;0.142;0.029
14734;0.493;0.439;0.649;0.217;0.215;0.281;0.261;0.613;0.286;0.056;0.122;0.288;0.139;0.027
14735;0.498;0.435;0.671;0.212;0.215;0.283;0.261;0.613;0.281;0.059;0.122;0.286;0.137;0.029
14736;0.498;0.435;0.684;0.21;0.217;0.283;0.259;0.608;0.281;0.059;0.12;0.283;0.134;0.027
14737;0.496;0.43;0.833;0.212;0.215;0.281;0.256;0.608;0.276;0.059;0.12;0.276;0.132;0.027
14738;0.493;0.432;0.703;0.217;0.217;0.286;0.261;0.608;0.276;0.061;0.12;0.273;0.132;0.029
14739;0.496;0.432;0.657;0.225;0.217;0.286;0.264;0.61;0.271;0.063;0.117;0.273;0.129;0.027
14740;0.496;0.435;0.818;0.227;0.22;0.286;0.269;0.61;0.264;0.061;0.117;0.266;0.129;0.029
14741;0.498;0.437;0.881;0.232;0.22;0.288;0.269;0.608;0.266;0.061;0.112;0.264;0.127;0.024
14742;0.493;0.437;0.771;0.227;0.22;0.288;0.271;0.61;0.264;0.066;0.115;0.261;0.129;0.032
14743;0.498;0.439;0.967;0.225;0.225;0.288;0.269;0.608;0.261;0.066;0.112;0.256;0.127;0.029
14744;0.491;0.439;0.967;0.225;0.222;0.293;0.269;0.605;0.261;0.063;0.115;0.254;0.125;0.029
14745;0.491;0.444;0.908;0.225;0.225;0.293;0.266;0.608;0.259;0.066;0.112;0.251;0.125;0.027
14746;0.488;0.447;4.998;0.232;0.227;0.293;0.264;0.608;0.256;0.063;0.107;0.247;0.122;0.029
14747;0.486;0.447;4.998;0.229;0.229;0.293;0.261;0.608;0.251;0.063;0.11;0.244;0.125;0.029
14748;0.486;0.452;4.998;0.227;0.229;0.295;0.259;0.608;0.251;0.066;0.11;0.242;0.122;0.027
14749;0.488;0.449;4.998;0.222;0.229;0.295;0.259;0.601;0.247;0.063;0.107;0.234;0.125;0.032
14750;0.486;0.454;4.998;0.222;0.227;0.295;0.259;0.605;0.254;0.068;0.107;0.232;0.122;0.029
14751;0.488;0.457;4.998;0.227;0.227;0.298;0.256;0.601;0.254;0.066;0.105;0.227;0.117;0.027
14752;0.488;0.457;4.998;0.229;0.222;0.295;0.256;0.605;0.254;0.068;0.107;0.227;0.12;0.029
14753;0.486;0.459;4.998;0.232;0.222;0.293;0.259;0.605;0.249;0.066;0.1;0.225;0.12;0.027
14754;0.483;0.461;4.998;0.225;0.22;0.293;0.259;0.605;0.251;0.066;0.103;0.222;0.117;0.032
14755;0.486;0.461;4.998;0.225;0.22;0.293;0.256;0.61;0.251;0.066;0.1;0.217;0.115;0.027
14756;0.483;0.464;4.998;0.222;0.215;0.291;0.261;0.608;0.254;0.066;0.1;0.215;0.117;0.029
14757;0.488;0.466;4.998;0.225;0.21;0.291;0.264;0.613;0.261;0.066;0.098;0.21;0.115;0.027
14758;0.491;0.466;4.998;0.229;0.208;0.291;0.266;0.605;0.269;0.063;0.098;0.21;0.12;0.032
14759;0.493;0.464;4.998;0.229;0.21;0.291;0.266;0.605;0.278;0.063;0.095;0.205;0.115;0.032
14760;0.493;0.461;4.998;0.227;0.21;0.288;0.264;0.605;0.288;0.063;0.093;0.203;0.115;0.029
14761;0.491;0.461;4.998;0.229;0.21;0.293;0.256;0.605;0.295;0.063;0.09;0.2;0.115;0.029
14762;0.496;0.459;4.998;0.222;0.212;0.293;0.254;0.608;0.303;0.061;0.095;0.195;0.117;0.027
14763;0.493;0.457;4.998;0.217;0.217;0.295;0.251;0.61;0.312;0.061;0.093;0.195;0.117;0.027
14764;0.496;0.457;4.998;0.215;0.22;0.298;0.254;0.608;0.317;0.061;0.09;0.19;0.115;0.027
14765;0.498;0.449;4.998;0.215;0.22;0.3;0.256;0.608;0.32;0.059;0.088;0.186;0.112;0.027
14766;0.496;0.447;4.998;0.217;0.217;0.298;0.254;0.605;0.327;0.059;0.088;0.186;0.115;0.029
14767;0.498;0.444;4.998;0.212;0.22;0.295;0.251;0.608;0.334;0.056;0.088;0.181;0.115;0.029
14768;0.493;0.444;4.998;0.212;0.222;0.291;0.251;0.605;0.334;0.061;0.088;0.178;0.112;0.029
14769;0.491;0.439;4.998;0.21;0.225;0.286;0.251;0.603;0.339;0.059;0.085;0.176;0.115;0.027
14770;0.491;0.437;4.998;0.21;0.225;0.286;0.251;0.605;0.339;0.061;0.088;0.173;0.11;0.024
14771;0.491;0.437;4.998;0.212;0.222;0.291;0.251;0.605;0.342;0.061;0.09;0.171;0.112;0.029
14772;0.488;0.435;4.998;0.21;0.225;0.288;0.249;0.605;0.337;0.059;0.085;0.168;0.112;0.024
14773;0.486;0.43;4.998;0.21;0.225;0.291;0.249;0.605;0.337;0.056;0.088;0.166;0.115;0.024
14774;0.488;0.435;4.998;0.21;0.225;0.291;0.249;0.608;0.332;0.056;0.081;0.164;0.115;0.029
14775;0.491;0.435;4.998;0.212;0.222;0.291;0.249;0.605;0.332;0.059;0.085;0.161;0.112;0.027
14776;0.488;0.435;4.998;0.215;0.222;0.291;0.244;0.601;0.33;0.059;0.083;0.156;0.115;0.027
14777;0.486;0.435;4.998;0.212;0.22;0.295;0.247;0.601;0.327;0.059;0.085;0.156;0.115;0.027
14778;0.488;0.437;4.998;0.212;0.22;0.295;0.244;0.601;0.327;0.061;0.088;0.156;0.117;0.029
14779;0.488;0.439;4.998;0.215;0.217;0.298;0.242;0.601;0.325;0.059;0.085;0.151;0.115;0.027
14780;0.493;0.437;4.998;0.217;0.215;0.298;0.247;0.603;0.322;0.059;0.083;0.149;0.112;0.027
14781;0.496;0.442;4.998;0.215;0.215;0.3;0.251;0.603;0.32;0.059;0.085;0.146;0.115;0.029
14782;0.496;0.444;4.998;0.217;0.215;0.3;0.251;0.603;0.317;0.059;0.085;0.142;0.115;0.024
14783;0.498;0.447;4.998;0.215;0.215;0.3;0.254;0.603;0.317;0.056;0.083;0.139;0.117;0.029
14784;0.498;0.449;4.998;0.215;0.21;0.305;0.256;0.605;0.315;0.056;0.081;0.137;0.12;0.029
14785;0.498;0.452;4.998;0.215;0.212;0.3;0.261;0.605;0.315;0.054;0.081;0.137;0.12;0.029
14786;0.5;0.457;4.998;0.217;0.212;0.298;0.264;0.608;0.317;0.056;0.083;0.134;0.117;0.027
14787;0.5;0.457;4.998;0.215;0.212;0.3;0.271;0.608;0.32;0.059;0.081;0.132;0.12;0.027
14788;0.5;0.457;4.998;0.215;0.212;0.298;0.271;0.61;0.32;0.059;0.083;0.129;0.12;0.027
14789;0.503;0.461;4.998;0.21;0.21;0.295;0.266;0.605;0.327;0.054;0.081;0.129;0.115;0.022
14790;0.503;0.461;4.998;0.203;0.21;0.295;0.261;0.608;0.334;0.054;0.083;0.127;0.12;0.029
14791;0.503;0.461;4.998;0.205;0.21;0.295;0.254;0.608;0.347;0.051;0.078;0.125;0.122;0.027
14792;0.498;0.464;4.998;0.208;0.212;0.293;0.247;0.605;0.361;0.054;0.078;0.125;0.122;0.027
14793;0.498;0.464;4.998;0.212;0.217;0.293;0.244;0.605;0.386;0.054;0.078;0.125;0.122;0.027
14794;0.496;0.461;4.998;0.212;0.217;0.288;0.242;0.601;0.408;0.054;0.078;0.122;0.122;0.027
14795;0.493;0.461;4.998;0.212;0.217;0.288;0.239;0.603;0.439;0.054;0.078;0.122;0.122;0.027
14796;0.491;0.464;4.998;0.21;0.22;0.283;0.242;0.603;0.476;0.054;0.076;0.122;0.127;0.027
14797;0.486;0.461;4.998;0.208;0.217;0.283;0.239;0.603;0.522;0.054;0.078;0.12;0.127;0.027
14798;0.486;0.464;4.998;0.21;0.217;0.283;0.242;0.605;0.569;0.056;0.073;0.12;0.125;0.027
14799;0.483;0.461;4.998;0.212;0.217;0.281;0.247;0.608;0.623;0.054;0.073;0.117;0.127;0.022
14800;0.481;0.461;4.998;0.215;0.215;0.281;0.251;0.608;0.679;0.056;0.078;0.12;0.132;0.029
14801;0.479;0.459;4.998;0.212;0.21;0.286;0.254;0.603;0.735;0.056;0.073;0.117;0.134;0.027
14802;0.476;0.459;4.998;0.208;0.205;0.286;0.251;0.601;0.798;0.059;0.078;0.12;0.134;0.027
14803;0.474;0.457;4.998;0.21;0.203;0.288;0.254;0.598;0.847;0.056;0.071;0.12;0.132;0.027
14804;0.474;0.457;3.486;0.208;0.195;0.291;0.254;0.596;0.903;0.056;0.073;0.115;0.137;0.029
14805;0.476;0.457;2.417;0.205;0.195;0.295;0.254;0.596;0.957;0.056;0.073;0.115;0.137;0.027
14806;0.476;0.454;2.095;0.21;0.193;0.295;0.256;0.598;1.003;0.056;0.071;0.115;0.139;0.027
14807;0.476;0.452;1.284;0.21;0.193;0.298;0.259;0.598;1.052;0.061;0.073;0.115;0.139;0.024
14808;0.476;0.452;0.92;0.21;0.193;0.3;0.256;0.603;1.089;0.056;0.071;0.115;0.146;0.032
14809;0.474;0.449;1.184;0.212;0.198;0.298;0.256;0.603;1.133;0.061;0.071;0.117;0.144;0.027
14810;0.474;0.449;0.715;0.208;0.2;0.298;0.254;0.603;1.169;0.056;0.071;0.115;0.144;0.024
14811;0.471;0.449;0.708;0.21;0.205;0.295;0.259;0.603;1.204;0.059;0.068;0.117;0.144;0.024
14812;0.471;0.447;1.279;0.208;0.212;0.291;0.256;0.605;1.238;0.061;0.068;0.115;0.149;0.032
14813;0.474;0.444;1.477;0.208;0.212;0.286;0.256;0.603;1.267;0.056;0.066;0.112;0.151;0.024
14814;0.474;0.444;1.16;0.208;0.212;0.286;0.251;0.603;1.294;0.059;0.066;0.112;0.151;0.029
14815;0.476;0.444;4.998;0.21;0.212;0.288;0.247;0.603;1.326;0.059;0.068;0.115;0.154;0.029
14816;0.476;0.444;4.998;0.21;0.212;0.286;0.244;0.603;1.343;0.061;0.066;0.115;0.156;0.029
14817;0.479;0.444;4.998;0.208;0.208;0.286;0.244;0.605;1.36;0.056;0.063;0.115;0.154;0.029
14818;0.483;0.442;4.998;0.21;0.2;0.288;0.249;0.605;1.375;0.056;0.063;0.115;0.156;0.032
14819;0.483;0.442;4.998;0.21;0.195;0.293;0.254;0.61;1.389;0.056;0.063;0.115;0.159;0.027
14820;0.483;0.442;4.998;0.212;0.195;0.293;0.256;0.608;1.394;0.056;0.061;0.112;0.161;0.032
14821;0.483;0.442;4.998;0.21;0.195;0.295;0.256;0.61;1.401;0.059;0.063;0.117;0.164;0.029
14822;0.486;0.442;4.998;0.21;0.193;0.293;0.254;0.61;1.404;0.056;0.061;0.117;0.161;0.027
14823;0.483;0.444;4.998;0.21;0.19;0.293;0.251;0.61;1.404;0.056;0.061;0.115;0.166;0.029
14824;0.486;0.444;4.998;0.208;0.19;0.291;0.244;0.605;1.389;0.054;0.061;0.115;0.166;0.029
14825;0.483;0.444;4.998;0.208;0.193;0.291;0.239;0.608;1.37;0.056;0.059;0.115;0.168;0.027
14826;0.481;0.447;4.998;0.205;0.195;0.291;0.234;0.605;1.345;0.054;0.056;0.115;0.173;0.027
14827;0.479;0.447;4.998;0.203;0.198;0.286;0.229;0.603;1.316;0.054;0.059;0.115;0.173;0.032
14828;0.479;0.447;4.998;0.203;0.2;0.286;0.227;0.605;1.282;0.054;0.059;0.115;0.173;0.032
14829;0.476;0.447;4.998;0.203;0.195;0.283;0.227;0.603;1.25;0.051;0.061;0.112;0.171;0.024
14830;0.474;0.452;4.998;0.21;0.2;0.283;0.232;0.605;1.216;0.054;0.061;0.117;0.176;0.032
14831;0.471;0.447;4.998;0.21;0.2;0.283;0.237;0.605;1.182;0.051;0.056;0.112;0.176;0.027
14832;0.471;0.447;4.998;0.212;0.205;0.283;0.242;0.608;1.15;0.051;0.056;0.112;0.178;0.029
14833;0.471;0.444;4.998;0.215;0.203;0.278;0.242;0.61;1.121;0.051;0.056;0.112;0.181;0.029
14834;0.474;0.442;4.998;0.215;0.205;0.283;0.249;0.61;1.086;0.046;0.054;0.115;0.181;0.029
14835;0.471;0.444;4.998;0.22;0.208;0.278;0.251;0.608;1.06;0.051;0.059;0.11;0.181;0.029
14836;0.474;0.442;4.998;0.227;0.205;0.276;0.254;0.608;1.033;0.051;0.059;0.112;0.183;0.027
14837;0.476;0.442;4.998;0.227;0.205;0.278;0.251;0.603;1.003;0.049;0.056;0.11;0.186;0.029
14838;0.476;0.442;4.998;0.232;0.205;0.278;0.244;0.603;0.984;0.051;0.059;0.112;0.186;0.029
14839;0.476;0.444;4.998;0.227;0.205;0.278;0.239;0.608;0.964;0.049;0.059;0.11;0.186;0.027
14840;0.479;0.444;4.998;0.225;0.205;0.278;0.234;0.608;0.947;0.049;0.056;0.112;0.188;0.027
14841;0.476;0.442;4.998;0.227;0.2;0.276;0.232;0.608;0.93;0.049;0.059;0.11;0.186;0.029
14842;0.476;0.444;4.998;0.222;0.198;0.276;0.229;0.61;0.916;0.049;0.061;0.112;0.19;0.029
14843;0.479;0.444;4.998;0.22;0.195;0.276;0.232;0.61;0.898;0.049;0.061;0.112;0.188;0.027
14844;0.479;0.447;4.998;0.217;0.193;0.278;0.234;0.61;0.884;0.049;0.061;0.112;0.193;0.027
14845;0.479;0.444;4.998;0.215;0.188;0.281;0.239;0.608;0.872;0.049;0.061;0.11;0.193;0.027
14846;0.479;0.449;4.998;0.215;0.19;0.283;0.239;0.61;0.867;0.046;0.066;0.11;0.19;0.029
14847;0.476;0.447;4.998;0.215;0.188;0.288;0.237;0.608;0.867;0.046;0.063;0.11;0.19;0.027
14848;0.476;0.449;4.998;0.215;0.188;0.288;0.237;0.608;0.876;0.049;0.071;0.11;0.193;0.029
14849;0.476;0.449;4.443;0.217;0.188;0.288;0.237;0.608;0.886;0.046;0.068;0.107;0.193;0.027
14850;0.474;0.449;2.603;0.215;0.188;0.288;0.237;0.605;0.908;0.046;0.071;0.107;0.193;0.029
14851;0.476;0.449;1.682;0.217;0.186;0.288;0.232;0.605;0.938;0.049;0.073;0.107;0.193;0.024
14852;0.476;0.452;1.35;0.217;0.19;0.286;0.232;0.608;0.974;0.049;0.073;0.105;0.188;0.027
14853;0.474;0.452;1.194;0.22;0.19;0.286;0.225;0.61;1.016;0.046;0.078;0.107;0.193;0.027
14854;0.476;0.454;1.038;0.22;0.19;0.288;0.227;0.61;1.062;0.049;0.076;0.11;0.193;0.029
14855;0.471;0.454;0.889;0.215;0.188;0.291;0.222;0.608;1.118;0.051;0.081;0.112;0.193;0.024
14856;0.471;0.457;1.05;0.215;0.19;0.283;0.227;0.605;1.177;0.046;0.083;0.107;0.193;0.029
14857;0.474;0.457;0.935;0.215;0.19;0.286;0.227;0.605;1.245;0.046;0.083;0.107;0.193;0.027
14858;0.471;0.459;0.879;0.217;0.193;0.288;0.234;0.608;1.313;0.049;0.085;0.11;0.188;0.029
14859;0.471;0.459;0.933;0.22;0.198;0.286;0.237;0.605;1.389;0.044;0.085;0.105;0.188;0.027
14860;0.474;0.461;0.869;0.215;0.195;0.288;0.237;0.605;1.475;0.049;0.09;0.11;0.188;0.029
14861;0.471;0.461;1.152;0.212;0.198;0.286;0.234;0.608;1.562;0.046;0.09;0.11;0.183;0.027
14862;0.471;0.461;0.994;0.212;0.2;0.286;0.237;0.605;1.658;0.051;0.09;0.107;0.19;0.029
14863;0.469;0.459;0.54;0.212;0.205;0.283;0.237;0.605;1.75;0.049;0.09;0.107;0.186;0.029
14864;0.469;0.459;0.554;0.21;0.205;0.281;0.234;0.605;1.846;0.051;0.093;0.105;0.186;0.029
14865;0.469;0.459;0.652;0.215;0.2;0.281;0.237;0.605;1.943;0.054;0.09;0.107;0.186;0.029
14866;0.469;0.459;0.664;0.212;0.193;0.281;0.229;0.605;2.039;0.054;0.093;0.107;0.183;0.029
14867;0.469;0.459;0.601;0.212;0.19;0.281;0.234;0.608;2.134;0.054;0.09;0.107;0.183;0.027
14868;0.469;0.459;0.569;0.21;0.186;0.281;0.234;0.61;2.224;0.059;0.09;0.105;0.181;0.029
14869;0.466;0.459;0.659;0.208;0.176;0.276;0.234;0.605;2.314;0.061;0.09;0.107;0.178;0.032
14870;0.464;0.459;0.688;0.21;0.173;0.276;0.234;0.605;2.397;0.059;0.088;0.105;0.178;0.029
14871;0.464;0.454;0.93;0.208;0.173;0.278;0.234;0.605;2.473;0.061;0.085;0.103;0.181;0.029
14872;0.464;0.454;0.713;0.205;0.173;0.276;0.232;0.605;2.539;0.063;0.085;0.105;0.176;0.034
14873;0.466;0.452;0.557;0.203;0.173;0.276;0.232;0.605;2.598;0.063;0.085;0.105;0.173;0.027
14874;0.464;0.452;0.574;0.2;0.178;0.281;0.229;0.605;2.656;0.063;0.085;0.11;0.176;0.032
14875;0.469;0.449;0.576;0.198;0.186;0.281;0.234;0.605;2.712;0.063;0.083;0.105;0.171;0.029
14876;0.466;0.447;0.547;0.195;0.188;0.281;0.232;0.605;2.766;0.063;0.081;0.105;0.173;0.032
14877;0.469;0.447;0.542;0.198;0.195;0.281;0.234;0.608;2.822;0.063;0.081;0.105;0.171;0.029
14878;0.469;0.447;0.557;0.195;0.198;0.281;0.232;0.603;2.874;0.061;0.078;0.1;0.168;0.027
14879;0.469;0.447;0.615;0.198;0.2;0.283;0.232;0.605;2.925;0.063;0.078;0.107;0.171;0.029
14880;0.471;0.444;0.696;0.195;0.203;0.281;0.234;0.603;2.925;0.081;0.098;0.105;0.164;0.034
14881;0.474;0.444;0.649;0.195;0.205;0.281;0.232;0.605;2.964;0.076;0.081;0.112;0.168;0.034
14882;0.474;0.442;0.647;0.195;0.2;0.283;0.229;0.603;2.957;0.068;0.076;0.103;0.181;0.039
14883;0.476;0.442;0.652;0.2;0.198;0.281;0.227;0.605;3.008;0.063;0.076;0.11;0.171;0.032
14884;0.479;0.442;0.896;0.2;0.193;0.283;0.227;0.605;3.049;0.061;0.078;0.107;0.164;0.027
14885;0.474;0.444;0.996;0.203;0.186;0.283;0.227;0.605;3.071;0.061;0.076;0.107;0.166;0.029
14886;0.476;0.444;0.977;0.205;0.186;0.288;0.229;0.605;3.088;0.066;0.078;0.11;0.164;0.032
14887;0.474;0.442;0.876;0.203;0.186;0.288;0.234;0.601;3.098;0.061;0.078;0.11;0.164;0.032
14888;0.474;0.442;0.884;0.205;0.181;0.291;0.237;0.605;3.101;0.061;0.078;0.107;0.164;0.029
14889;0.474;0.444;0.952;0.21;0.178;0.291;0.242;0.603;3.101;0.059;0.076;0.11;0.161;0.032
14890;0.476;0.442;0.728;0.212;0.178;0.291;0.244;0.601;3.093;0.059;0.081;0.112;0.164;0.032
14891;0.471;0.444;0.681;0.212;0.178;0.288;0.244;0.601;3.088;0.056;0.081;0.112;0.164;0.034
14892;0.471;0.447;0.676;0.215;0.181;0.288;0.249;0.601;3.071;0.059;0.081;0.117;0.166;0.034
14893;0.469;0.447;0.703;0.215;0.183;0.286;0.249;0.601;3.057;0.059;0.081;0.112;0.164;0.032
14894;0.464;0.447;0.684;0.21;0.181;0.283;0.249;0.603;3.04;0.056;0.081;0.115;0.161;0.032
14895;0.464;0.449;0.693;0.21;0.181;0.281;0.247;0.601;3.02;0.056;0.083;0.115;0.161;0.032
14896;0.464;0.452;0.83;0.21;0.178;0.281;0.242;0.603;2.998;0.056;0.083;0.117;0.164;0.032
14897;0.461;0.454;0.845;0.208;0.178;0.281;0.239;0.603;2.979;0.051;0.083;0.115;0.164;0.032
14898;0.464;0.454;0.925;0.208;0.178;0.278;0.237;0.603;2.959;0.051;0.088;0.117;0.161;0.029
14899;0.464;0.457;0.776;0.208;0.178;0.276;0.232;0.605;2.939;0.054;0.09;0.12;0.161;0.034
14900;0.466;0.461;0.745;0.21;0.181;0.273;0.229;0.603;2.913;0.051;0.09;0.12;0.159;0.032
14901;0.469;0.464;0.771;0.208;0.186;0.269;0.229;0.598;2.893;0.054;0.095;0.12;0.161;0.034
14902;0.469;0.469;0.732;0.208;0.19;0.266;0.232;0.598;2.864;0.049;0.09;0.122;0.164;0.032
14903;0.469;0.471;0.879;0.205;0.193;0.266;0.229;0.598;2.844;0.051;0.093;0.122;0.161;0.034
14904;0.469;0.474;0.818;0.21;0.198;0.266;0.234;0.598;2.822;0.049;0.093;0.122;0.161;0.032
14905;0.471;0.476;0.85;0.212;0.195;0.266;0.234;0.598;2.798;0.049;0.093;0.122;0.161;0.029
14906;0.471;0.481;0.896;0.215;0.2;0.269;0.234;0.596;2.773;0.046;0.095;0.125;0.164;0.032
14907;0.476;0.483;0.847;0.217;0.195;0.269;0.234;0.601;2.747;0.046;0.093;0.122;0.164;0.034
14908;0.474;0.486;0.869;0.217;0.19;0.271;0.237;0.603;2.717;0.046;0.095;0.127;0.164;0.032
14909;0.476;0.488;0.774;0.217;0.188;0.271;0.237;0.601;2.683;0.046;0.093;0.125;0.161;0.032
14910;0.474;0.491;0.803;0.217;0.188;0.271;0.232;0.603;2.642;0.046;0.095;0.127;0.164;0.029
14911;0.476;0.491;0.898;0.22;0.188;0.276;0.232;0.601;2.6;0.046;0.098;0.132;0.164;0.032
14912;0.474;0.491;0.818;0.225;0.188;0.278;0.229;0.603;2.551;0.042;0.098;0.132;0.166;0.032
14913;0.474;0.488;1.077;0.225;0.19;0.276;0.227;0.601;2.495;0.044;0.098;0.129;0.164;0.029
14914;0.474;0.483;1.252;0.225;0.19;0.278;0.229;0.598;2.439;0.044;0.098;0.132;0.164;0.032
14915;0.471;0.479;1.096;0.227;0.19;0.281;0.229;0.601;2.385;0.044;0.1;0.134;0.164;0.032
14916;0.471;0.479;0.986;0.227;0.195;0.283;0.227;0.601;2.327;0.046;0.103;0.137;0.166;0.034
14917;0.471;0.474;1.221;0.222;0.203;0.283;0.232;0.603;2.263;0.042;0.098;0.132;0.164;0.032
14918;0.469;0.469;1.562;0.222;0.203;0.286;0.232;0.603;2.207;0.044;0.098;0.134;0.166;0.032
14919;0.471;0.466;1.208;0.22;0.205;0.286;0.232;0.603;2.148;0.044;0.1;0.139;0.166;0.034
14920;0.471;0.464;1.533;0.215;0.208;0.283;0.232;0.605;2.092;0.044;0.098;0.137;0.166;0.029
14921;0.466;0.459;1.436;0.212;0.208;0.281;0.234;0.603;2.036;0.044;0.098;0.139;0.164;0.029
14922;0.469;0.461;1.296;0.212;0.208;0.281;0.234;0.605;1.98;0.046;0.1;0.139;0.171;0.034
14923;0.469;0.457;4.998;0.212;0.203;0.281;0.232;0.603;1.926;0.046;0.098;0.142;0.164;0.027
14924;0.469;0.457;4.998;0.208;0.2;0.281;0.234;0.601;1.868;0.046;0.098;0.137;0.168;0.032
14925;0.471;0.459;4.998;0.203;0.19;0.276;0.237;0.601;1.816;0.049;0.095;0.142;0.166;0.029
14926;0.474;0.461;4.998;0.2;0.186;0.278;0.237;0.601;1.765;0.049;0.098;0.142;0.171;0.034
14927;0.476;0.459;4.998;0.195;0.178;0.278;0.239;0.598;1.714;0.046;0.098;0.144;0.166;0.027
14928;0.479;0.461;4.998;0.193;0.178;0.276;0.239;0.601;1.663;0.051;0.098;0.144;0.168;0.032
14929;0.481;0.461;4.998;0.193;0.178;0.278;0.237;0.598;1.616;0.049;0.095;0.146;0.171;0.032
14930;0.483;0.466;4.998;0.193;0.181;0.276;0.234;0.601;1.572;0.054;0.098;0.144;0.171;0.029
14931;0.488;0.466;4.998;0.193;0.181;0.271;0.232;0.596;1.528;0.056;0.098;0.146;0.173;0.032
14932;0.488;0.469;4.998;0.195;0.183;0.273;0.229;0.598;1.487;0.054;0.093;0.144;0.173;0.029
14933;0.491;0.469;4.998;0.193;0.186;0.271;0.225;0.596;1.445;0.054;0.095;0.149;0.176;0.032
14934;0.488;0.469;4.998;0.193;0.188;0.269;0.227;0.596;1.414;0.054;0.095;0.149;0.173;0.029
14935;0.486;0.469;4.998;0.193;0.188;0.271;0.225;0.596;1.372;0.056;0.098;0.151;0.173;0.027
14936;0.483;0.471;4.998;0.195;0.188;0.269;0.227;0.596;1.335;0.059;0.098;0.151;0.178;0.029
14937;0.481;0.474;4.998;0.198;0.188;0.269;0.227;0.593;1.296;0.059;0.095;0.151;0.178;0.032
14938;0.479;0.471;4.998;0.2;0.186;0.266;0.229;0.596;1.262;0.059;0.095;0.146;0.178;0.029
14939;0.474;0.474;4.998;0.203;0.188;0.269;0.229;0.598;1.228;0.059;0.09;0.151;0.181;0.034
14940;0.474;0.474;4.998;0.2;0.186;0.273;0.225;0.598;1.194;0.059;0.09;0.149;0.183;0.032
14941;0.471;0.474;4.998;0.2;0.188;0.271;0.222;0.596;1.16;0.059;0.09;0.146;0.183;0.034
14942;0.469;0.474;4.998;0.2;0.19;0.271;0.222;0.598;1.128;0.061;0.088;0.144;0.186;0.032
14943;0.469;0.474;4.998;0.203;0.19;0.273;0.217;0.596;1.099;0.066;0.09;0.149;0.188;0.032
14944;0.469;0.474;4.998;0.208;0.193;0.271;0.215;0.596;1.069;0.068;0.09;0.146;0.186;0.032
14945;0.469;0.474;4.998;0.21;0.198;0.276;0.212;0.596;1.038;0.073;0.09;0.146;0.188;0.032
14946;0.469;0.469;4.998;0.208;0.198;0.273;0.212;0.596;1.008;0.076;0.09;0.146;0.188;0.032
14947;0.469;0.469;4.998;0.205;0.198;0.273;0.215;0.601;0.981;0.078;0.088;0.144;0.193;0.032
14948;0.466;0.469;4.998;0.205;0.195;0.269;0.215;0.596;0.952;0.081;0.088;0.142;0.19;0.032
14949;0.469;0.464;4.998;0.205;0.193;0.269;0.22;0.596;0.928;0.085;0.085;0.144;0.193;0.032
14950;0.466;0.464;4.998;0.21;0.19;0.266;0.22;0.601;0.903;0.093;0.088;0.142;0.198;0.034
14951;0.469;0.464;4.998;0.212;0.195;0.264;0.217;0.598;0.876;0.095;0.088;0.139;0.2;0.034
14952;0.466;0.464;4.998;0.212;0.193;0.264;0.215;0.598;0.854;0.103;0.088;0.139;0.2;0.032
14953;0.464;0.464;4.998;0.212;0.195;0.261;0.22;0.598;0.83;0.105;0.09;0.134;0.2;0.034
14954;0.461;0.464;4.998;0.21;0.198;0.261;0.22;0.596;0.811;0.11;0.09;0.132;0.203;0.034
14955;0.461;0.466;4.998;0.208;0.195;0.261;0.217;0.596;0.791;0.115;0.085;0.132;0.205;0.034
14956;0.461;0.464;4.998;0.208;0.198;0.264;0.222;0.596;0.769;0.117;0.083;0.127;0.205;0.032
14957;0.461;0.464;4.998;0.205;0.198;0.269;0.22;0.593;0.75;0.122;0.083;0.125;0.208;0.034
14958;0.461;0.461;4.998;0.203;0.198;0.269;0.22;0.593;0.732;0.127;0.085;0.122;0.21;0.032
14959;0.461;0.461;4.998;0.2;0.195;0.276;0.217;0.593;0.713;0.132;0.085;0.125;0.21;0.034
14960;0.459;0.461;4.998;0.195;0.195;0.273;0.217;0.593;0.693;0.137;0.083;0.12;0.21;0.032
14961;0.461;0.464;4.241;0.195;0.198;0.276;0.217;0.593;0.679;0.142;0.085;0.117;0.212;0.032
14962;0.461;0.459;2.559;0.195;0.198;0.273;0.22;0.596;0.662;0.146;0.081;0.115;0.215;0.032
14963;0.461;0.457;2.141;0.198;0.2;0.273;0.222;0.593;0.645;0.151;0.083;0.112;0.212;0.034
14964;0.461;0.457;4.468;0.203;0.203;0.271;0.225;0.596;0.63;0.156;0.083;0.112;0.212;0.029
14965;0.461;0.457;4.998;0.205;0.198;0.271;0.229;0.596;0.61;0.159;0.081;0.11;0.217;0.032
14966;0.461;0.452;4.998;0.205;0.2;0.266;0.227;0.596;0.598;0.161;0.081;0.107;0.222;0.037
14967;0.461;0.454;4.998;0.205;0.2;0.266;0.227;0.593;0.581;0.164;0.078;0.103;0.22;0.034
14968;0.459;0.452;4.998;0.203;0.2;0.261;0.225;0.593;0.569;0.168;0.081;0.105;0.225;0.032
14969;0.459;0.449;4.998;0.2;0.198;0.261;0.225;0.591;0.559;0.173;0.081;0.103;0.222;0.032
14970;0.459;0.447;4.998;0.198;0.198;0.259;0.222;0.593;0.547;0.173;0.081;0.103;0.225;0.032
14971;0.457;0.449;4.998;0.195;0.195;0.259;0.215;0.596;0.535;0.173;0.083;0.1;0.229;0.029
14972;0.459;0.449;4.998;0.193;0.195;0.259;0.212;0.596;0.527;0.173;0.081;0.1;0.227;0.032
14973;0.459;0.447;4.998;0.19;0.19;0.259;0.208;0.596;0.515;0.171;0.081;0.1;0.225;0.032
14974;0.459;0.444;4.998;0.186;0.188;0.259;0.203;0.598;0.508;0.171;0.078;0.095;0.229;0.032
14975;0.461;0.444;4.998;0.186;0.188;0.261;0.203;0.598;0.498;0.168;0.081;0.095;0.232;0.034
14976;0.464;0.442;4.998;0.183;0.193;0.264;0.21;0.598;0.493;0.168;0.081;0.095;0.234;0.032
14977;0.464;0.437;4.998;0.183;0.195;0.266;0.21;0.593;0.481;0.164;0.076;0.093;0.232;0.037
14978;0.464;0.439;4.998;0.183;0.195;0.269;0.22;0.596;0.479;0.166;0.078;0.093;0.234;0.029
14979;0.464;0.437;4.998;0.181;0.198;0.271;0.229;0.596;0.471;0.164;0.076;0.09;0.237;0.034
14980;0.464;0.437;4.998;0.181;0.203;0.271;0.234;0.593;0.466;0.161;0.076;0.09;0.234;0.032
14981;0.464;0.439;4.998;0.186;0.208;0.276;0.237;0.591;0.461;0.159;0.076;0.09;0.237;0.034
14982;0.464;0.439;4.998;0.181;0.212;0.276;0.239;0.591;0.459;0.159;0.078;0.09;0.239;0.032
14983;0.464;0.442;4.998;0.181;0.217;0.271;0.239;0.591;0.454;0.156;0.078;0.093;0.242;0.032
14984;0.461;0.444;4.998;0.183;0.217;0.271;0.239;0.591;0.452;0.154;0.076;0.09;0.237;0.032
14985;0.461;0.444;4.998;0.183;0.217;0.269;0.232;0.586;0.444;0.151;0.076;0.093;0.242;0.037
14986;0.459;0.449;4.998;0.186;0.212;0.266;0.227;0.586;0.444;0.151;0.076;0.093;0.242;0.034
14987;0.459;0.449;4.998;0.186;0.21;0.261;0.222;0.588;0.437;0.149;0.073;0.09;0.247;0.032
14988;0.457;0.452;4.998;0.186;0.203;0.256;0.215;0.588;0.437;0.146;0.076;0.093;0.247;0.034
14989;0.457;0.452;4.998;0.186;0.2;0.256;0.212;0.588;0.432;0.144;0.076;0.09;0.244;0.034
14990;0.457;0.457;4.998;0.188;0.198;0.251;0.22;0.591;0.432;0.142;0.073;0.09;0.244;0.034
14991;0.457;0.454;4.998;0.19;0.195;0.251;0.222;0.588;0.43;0.137;0.073;0.093;0.247;0.034
14992;0.457;0.459;4.998;0.19;0.193;0.254;0.222;0.588;0.422;0.134;0.071;0.09;0.244;0.032
14993;0.454;0.457;4.998;0.195;0.193;0.254;0.229;0.591;0.425;0.134;0.076;0.095;0.247;0.034
14994;0.457;0.454;4.998;0.195;0.19;0.254;0.229;0.588;0.42;0.129;0.071;0.093;0.247;0.034
14995;0.457;0.452;4.998;0.198;0.19;0.256;0.229;0.586;0.417;0.127;0.071;0.095;0.247;0.032
14996;0.454;0.454;4.998;0.2;0.195;0.256;0.234;0.586;0.417;0.122;0.071;0.095;0.247;0.032
14997;0.452;0.449;4.998;0.203;0.2;0.259;0.232;0.586;0.415;0.125;0.068;0.098;0.254;0.037
14998;0.452;0.449;4.998;0.203;0.205;0.259;0.232;0.586;0.408;0.12;0.071;0.095;0.247;0.029
14999;0.447;0.444;4.998;0.205;0.205;0.264;0.232;0.586;0.41;0.117;0.071;0.098;0.249;0.032
15000;0.452;0.444;4.998;0.208;0.205;0.266;0.227;0.583;0.408;0.115;0.068;0.105;0.251;0.034
15001;0.452;0.439;4.998;0.208;0.205;0.271;0.227;0.586;0.405;0.11;0.068;0.1;0.251;0.032
15002;0.452;0.439;4.893;0.21;0.208;0.271;0.229;0.586;0.405;0.105;0.071;0.103;0.249;0.032
15003;0.449;0.437;2.537;0.21;0.205;0.271;0.229;0.586;0.4;0.105;0.068;0.103;0.251;0.034
15004;0.449;0.435;1.418;0.212;0.2;0.269;0.229;0.586;0.4;0.103;0.071;0.105;0.247;0.029
15005;0.447;0.435;0.894;0.21;0.198;0.269;0.229;0.586;0.403;0.103;0.066;0.107;0.251;0.032
15006;0.447;0.435;0.627;0.212;0.195;0.266;0.229;0.586;0.403;0.1;0.071;0.11;0.249;0.034
15007;0.444;0.432;0.508;0.215;0.19;0.266;0.229;0.586;0.4;0.098;0.066;0.11;0.254;0.032
15008;0.444;0.43;0.444;0.215;0.193;0.266;0.232;0.586;0.405;0.098;0.066;0.11;0.254;0.034
15009;0.444;0.432;0.422;0.22;0.19;0.264;0.232;0.581;0.405;0.095;0.066;0.11;0.251;0.029
15010;0.442;0.432;0.42;0.225;0.193;0.266;0.239;0.583;0.403;0.093;0.066;0.112;0.251;0.034
15011;0.444;0.432;0.413;0.225;0.188;0.264;0.239;0.583;0.405;0.09;0.066;0.117;0.254;0.032
15012;0.439;0.435;0.415;0.227;0.188;0.264;0.237;0.581;0.405;0.088;0.063;0.117;0.254;0.032
15013;0.442;0.437;0.43;0.227;0.183;0.266;0.239;0.581;0.408;0.09;0.063;0.117;0.254;0.032
15014;0.439;0.437;0.408;0.227;0.183;0.264;0.242;0.581;0.41;0.085;0.061;0.117;0.254;0.032
15015;0.439;0.435;0.403;0.225;0.178;0.264;0.239;0.586;0.413;0.085;0.061;0.12;0.254;0.032
15016;0.435;0.437;0.408;0.227;0.173;0.264;0.239;0.581;0.42;0.088;0.063;0.122;0.256;0.032
15017;0.437;0.437;0.393;0.227;0.171;0.264;0.234;0.586;0.42;0.088;0.063;0.12;0.256;0.034
15018;0.432;0.439;0.388;0.229;0.171;0.266;0.229;0.586;0.425;0.083;0.063;0.122;0.256;0.029
15019;0.432;0.439;0.383;0.225;0.173;0.264;0.22;0.586;0.432;0.083;0.061;0.122;0.254;0.032
15020;0.432;0.439;0.378;0.222;0.173;0.264;0.212;0.586;0.437;0.085;0.063;0.125;0.256;0.037
15021;0.435;0.439;0.378;0.215;0.171;0.266;0.212;0.586;0.444;0.085;0.063;0.127;0.254;0.034
15022;0.437;0.442;0.374;0.212;0.173;0.264;0.212;0.586;0.447;0.085;0.063;0.125;0.254;0.032
15023;0.442;0.439;0.364;0.208;0.178;0.266;0.217;0.583;0.454;0.088;0.063;0.127;0.259;0.032
15024;0.444;0.439;0.361;0.203;0.178;0.261;0.225;0.586;0.461;0.085;0.063;0.127;0.254;0.029
15025;0.449;0.442;0.361;0.203;0.183;0.259;0.227;0.586;0.466;0.088;0.061;0.127;0.256;0.032
15026;0.452;0.442;0.364;0.203;0.183;0.254;0.227;0.586;0.474;0.088;0.063;0.127;0.254;0.032
15027;0.449;0.442;0.364;0.198;0.183;0.251;0.229;0.586;0.481;0.085;0.063;0.129;0.254;0.027
15028;0.452;0.444;0.364;0.198;0.188;0.247;0.232;0.586;0.491;0.09;0.061;0.129;0.259;0.034
15029;0.449;0.444;0.364;0.193;0.186;0.249;0.237;0.583;0.496;0.09;0.063;0.127;0.259;0.034
15030;0.452;0.442;0.364;0.19;0.181;0.249;0.239;0.583;0.505;0.09;0.066;0.129;0.259;0.032
15031;0.449;0.442;0.364;0.193;0.178;0.251;0.244;0.581;0.515;0.093;0.066;0.127;0.256;0.029
15032;0.452;0.444;0.361;0.195;0.173;0.256;0.242;0.586;0.527;0.093;0.068;0.129;0.261;0.032
15033;0.449;0.439;0.361;0.195;0.171;0.261;0.247;0.583;0.537;0.098;0.068;0.129;0.256;0.029
15034;0.454;0.439;0.364;0.203;0.168;0.264;0.244;0.583;0.547;0.098;0.071;0.132;0.256;0.029
15035;0.449;0.439;0.364;0.2;0.164;0.264;0.244;0.586;0.559;0.098;0.073;0.134;0.256;0.032
15036;0.449;0.442;0.364;0.203;0.164;0.266;0.242;0.583;0.566;0.1;0.076;0.132;0.259;0.032
15037;0.449;0.439;0.366;0.205;0.166;0.269;0.239;0.583;0.579;0.1;0.076;0.132;0.261;0.032
15038;0.454;0.439;0.369;0.208;0.164;0.269;0.234;0.583;0.588;0.103;0.081;0.134;0.261;0.029
15039;0.454;0.442;0.366;0.208;0.166;0.269;0.237;0.581;0.593;0.107;0.078;0.134;0.259;0.034
15040;0.454;0.439;0.369;0.21;0.159;0.269;0.237;0.581;0.605;0.107;0.083;0.137;0.256;0.032
15041;0.452;0.439;0.369;0.217;0.161;0.266;0.239;0.583;0.61;0.11;0.081;0.134;0.259;0.032
15042;0.452;0.439;0.369;0.22;0.159;0.264;0.242;0.586;0.618;0.112;0.083;0.137;0.261;0.029
15043;0.454;0.437;0.374;0.225;0.159;0.261;0.239;0.586;0.62;0.117;0.083;0.139;0.261;0.034
15044;0.452;0.435;0.371;0.227;0.156;0.256;0.237;0.583;0.625;0.115;0.083;0.137;0.264;0.032
15045;0.449;0.435;0.374;0.229;0.154;0.259;0.237;0.588;0.625;0.117;0.085;0.137;0.261;0.032
15046;0.449;0.437;0.369;0.232;0.154;0.256;0.234;0.588;0.627;0.12;0.085;0.139;0.259;0.034
15047;0.447;0.435;0.369;0.239;0.154;0.256;0.232;0.586;0.627;0.125;0.085;0.142;0.259;0.032
15048;0.444;0.43;0.366;0.242;0.151;0.259;0.232;0.586;0.632;0.125;0.085;0.142;0.264;0.034
15049;0.442;0.43;0.361;0.244;0.154;0.259;0.232;0.586;0.625;0.127;0.085;0.139;0.261;0.032
15050;0.444;0.43;0.356;0.247;0.154;0.259;0.237;0.586;0.627;0.129;0.088;0.142;0.259;0.032
15051;0.442;0.43;0.349;0.244;0.156;0.259;0.244;0.583;0.627;0.132;0.088;0.142;0.261;0.032
15052;0.442;0.427;0.344;0.242;0.156;0.256;0.251;0.581;0.627;0.134;0.09;0.144;0.261;0.034
15053;0.442;0.425;0.342;0.239;0.154;0.254;0.256;0.581;0.625;0.132;0.093;0.144;0.261;0.032
15054;0.439;0.422;0.342;0.242;0.154;0.254;0.261;0.586;0.625;0.132;0.09;0.144;0.264;0.032
15055;0.439;0.425;0.342;0.239;0.154;0.256;0.261;0.586;0.62;0.142;0.093;0.144;0.261;0.032
15056;0.439;0.42;0.342;0.239;0.154;0.254;0.256;0.586;0.615;0.139;0.09;0.144;0.261;0.032
15057;0.442;0.42;0.344;0.242;0.151;0.254;0.251;0.588;0.61;0.144;0.09;0.144;0.261;0.029
15058;0.439;0.42;0.337;0.242;0.151;0.256;0.247;0.586;0.603;0.142;0.09;0.142;0.261;0.029
15059;0.439;0.42;0.339;0.247;0.149;0.256;0.247;0.583;0.598;0.146;0.09;0.139;0.259;0.032
15060;0.439;0.42;0.337;0.247;0.149;0.254;0.239;0.581;0.591;0.146;0.09;0.137;0.264;0.032
15061;0.442;0.422;0.342;0.244;0.151;0.254;0.237;0.581;0.586;0.146;0.088;0.142;0.261;0.029
15062;0.444;0.422;0.342;0.242;0.154;0.251;0.234;0.581;0.581;0.154;0.09;0.137;0.261;0.032
15063;0.444;0.42;0.352;0.239;0.151;0.249;0.234;0.581;0.569;0.151;0.088;0.137;0.261;0.032
15064;0.444;0.42;0.354;0.234;0.149;0.251;0.229;0.581;0.564;0.154;0.09;0.132;0.259;0.029
15065;0.447;0.422;0.361;0.225;0.151;0.251;0.234;0.581;0.552;0.154;0.09;0.129;0.261;0.032
15066;0.449;0.42;0.361;0.222;0.151;0.251;0.234;0.581;0.547;0.154;0.085;0.127;0.259;0.029
15067;0.449;0.42;0.364;0.215;0.149;0.254;0.234;0.579;0.54;0.156;0.088;0.127;0.259;0.029
15068;0.452;0.42;0.369;0.212;0.149;0.251;0.237;0.581;0.53;0.156;0.088;0.127;0.259;0.029
15069;0.454;0.422;0.369;0.208;0.144;0.251;0.239;0.579;0.52;0.159;0.088;0.125;0.259;0.029
15070;0.454;0.425;0.374;0.205;0.142;0.249;0.239;0.576;0.508;0.161;0.088;0.122;0.259;0.032
15071;0.452;0.42;0.376;0.208;0.139;0.249;0.237;0.579;0.5;0.164;0.088;0.117;0.261;0.034
15072;0.452;0.422;0.378;0.208;0.142;0.251;0.239;0.581;0.491;0.166;0.09;0.117;0.259;0.032
15073;0.449;0.42;0.378;0.208;0.139;0.254;0.239;0.581;0.486;0.164;0.088;0.115;0.259;0.032
15074;0.449;0.422;0.378;0.208;0.137;0.256;0.234;0.579;0.479;0.171;0.088;0.117;0.254;0.029
15075;0.449;0.42;0.374;0.205;0.134;0.261;0.234;0.581;0.471;0.166;0.088;0.112;0.256;0.029
15076;0.452;0.417;0.381;0.203;0.132;0.266;0.234;0.581;0.461;0.166;0.085;0.11;0.256;0.027
15077;0.449;0.417;0.381;0.2;0.132;0.264;0.237;0.579;0.454;0.168;0.088;0.112;0.251;0.032
15078;0.452;0.417;0.386;0.205;0.127;0.264;0.234;0.581;0.449;0.171;0.085;0.11;0.254;0.032
15079;0.449;0.415;0.381;0.273;0.129;0.261;0.237;0.579;0.449;0.173;0.09;0.115;0.256;0.029
15080;0.449;0.415;0.376;0.349;0.129;0.259;0.239;0.579;0.437;0.161;0.085;0.105;0.254;0.029
15081;0.444;0.415;0.376;0.383;0.129;0.256;0.234;0.579;0.432;0.154;0.083;0.105;0.254;0.032
15082;0.444;0.415;0.371;0.444;0.129;0.256;0.237;0.579;0.43;0.149;0.085;0.107;0.251;0.027
15083;0.447;0.413;0.374;0.442;0.127;0.251;0.239;0.579;0.422;0.144;0.085;0.103;0.251;0.032
15084;0.447;0.415;0.374;0.442;0.129;0.251;0.242;0.581;0.42;0.142;0.083;0.103;0.254;0.032
15085;0.449;0.415;0.371;0.454;0.125;0.249;0.242;0.581;0.413;0.139;0.083;0.103;0.259;0.037
15086;0.449;0.415;0.371;0.464;0.12;0.251;0.244;0.579;0.41;0.134;0.083;0.1;0.249;0.029
15087;0.449;0.415;0.369;0.442;0.117;0.254;0.247;0.581;0.408;0.137;0.081;0.098;0.247;0.029
15088;0.449;0.415;0.369;0.476;0.12;0.251;0.249;0.583;0.403;0.134;0.078;0.098;0.251;0.032
15089;0.447;0.415;0.371;0.437;0.117;0.251;0.251;0.579;0.398;0.139;0.078;0.098;0.251;0.032
15090;0.449;0.415;0.364;0.488;0.125;0.249;0.251;0.579;0.393;0.139;0.078;0.098;0.251;0.032
15091;0.452;0.417;0.366;0.464;0.129;0.249;0.254;0.576;0.391;0.149;0.078;0.095;0.249;0.032
15092;0.452;0.415;0.376;0.437;0.134;0.249;0.256;0.576;0.388;0.161;0.078;0.095;0.249;0.032
15093;0.452;0.415;0.371;0.454;0.137;0.251;0.254;0.579;0.386;0.176;0.078;0.098;0.247;0.029
15094;0.452;0.413;0.364;0.425;0.142;0.256;0.247;0.581;0.383;0.181;0.078;0.09;0.251;0.034
15095;0.452;0.413;0.361;0.425;0.142;0.254;0.244;0.581;0.381;0.188;0.076;0.093;0.249;0.034
15096;0.452;0.413;0.361;0.413;0.142;0.251;0.242;0.583;0.378;0.19;0.073;0.09;0.244;0.032
15097;0.449;0.413;0.356;0.403;0.142;0.251;0.244;0.583;0.374;0.195;0.073;0.09;0.249;0.034
15098;0.449;0.41;0.361;0.408;0.137;0.251;0.242;0.583;0.374;0.193;0.073;0.09;0.249;0.029
15099;0.452;0.41;0.359;0.413;0.142;0.251;0.237;0.583;0.374;0.198;0.073;0.093;0.249;0.034
15100;0.447;0.41;0.364;0.393;0.139;0.251;0.234;0.583;0.366;0.19;0.073;0.088;0.247;0.034
15101;0.452;0.413;0.361;0.417;0.139;0.249;0.229;0.581;0.364;0.193;0.073;0.088;0.247;0.037
15102;0.452;0.41;0.364;0.398;0.137;0.249;0.229;0.579;0.361;0.19;0.073;0.088;0.247;0.034
15103;0.452;0.408;0.366;0.393;0.139;0.251;0.225;0.581;0.361;0.188;0.073;0.085;0.247;0.037
15104;0.454;0.41;0.371;0.4;0.139;0.249;0.225;0.581;0.359;0.188;0.078;0.085;0.244;0.032
15105;0.454;0.413;0.376;0.403;0.139;0.251;0.22;0.581;0.356;0.183;0.078;0.085;0.244;0.034
15106;0.459;0.41;0.378;0.422;0.137;0.254;0.222;0.583;0.356;0.181;0.078;0.085;0.242;0.029
15107;0.461;0.41;0.386;0.415;0.139;0.254;0.22;0.581;0.352;0.178;0.081;0.085;0.244;0.034
15108;0.457;0.41;0.386;0.447;0.139;0.254;0.222;0.581;0.352;0.171;0.081;0.083;0.244;0.034
15109;0.457;0.41;0.393;0.469;0.137;0.256;0.227;0.583;0.352;0.166;0.083;0.083;0.244;0.037
15110;0.457;0.408;0.391;0.452;0.137;0.256;0.229;0.583;0.347;0.161;0.083;0.085;0.247;0.037
15111;0.457;0.408;0.393;0.464;0.134;0.256;0.225;0.586;0.347;0.154;0.083;0.083;0.242;0.037
15112;0.457;0.408;0.388;0.469;0.132;0.256;0.225;0.583;0.344;0.149;0.085;0.081;0.234;0.034
15113;0.454;0.408;0.391;0.452;0.129;0.256;0.227;0.583;0.337;0.142;0.085;0.081;0.242;0.034
15114;0.454;0.41;0.386;0.454;0.129;0.261;0.232;0.583;0.339;0.137;0.085;0.081;0.242;0.034
15115;0.454;0.41;0.381;0.454;0.134;0.261;0.234;0.586;0.339;0.134;0.088;0.081;0.237;0.034
15116;0.452;0.41;0.381;0.457;0.137;0.264;0.239;0.583;0.334;0.129;0.088;0.083;0.237;0.032
15117;0.454;0.41;0.386;0.435;0.139;0.266;0.239;0.588;0.332;0.122;0.09;0.081;0.239;0.037
15118;0.452;0.413;0.391;0.43;0.142;0.264;0.239;0.588;0.33;0.117;0.093;0.078;0.237;0.034
15119;0.454;0.41;0.386;0.427;0.137;0.261;0.237;0.586;0.33;0.115;0.093;0.081;0.237;0.034
15120;0.454;0.41;0.391;0.413;0.132;0.261;0.239;0.586;0.33;0.11;0.095;0.081;0.237;0.034
15121;0.452;0.413;0.391;0.415;0.134;0.259;0.237;0.586;0.325;0.112;0.095;0.078;0.234;0.034
15122;0.454;0.413;0.393;0.425;0.129;0.259;0.242;0.586;0.325;0.105;0.095;0.081;0.234;0.034
15123;0.452;0.408;0.396;0.425;0.132;0.254;0.239;0.583;0.325;0.107;0.098;0.081;0.232;0.032
15124;0.452;0.408;0.396;0.417;0.132;0.256;0.242;0.583;0.325;0.105;0.095;0.081;0.232;0.034
15125;0.452;0.405;0.398;0.417;0.132;0.256;0.239;0.586;0.322;0.1;0.095;0.078;0.234;0.037
15126;0.447;0.408;0.393;0.432;0.134;0.254;0.234;0.586;0.322;0.1;0.1;0.083;0.232;0.037
15127;0.444;0.405;0.391;0.425;0.134;0.256;0.234;0.586;0.32;0.103;0.098;0.081;0.232;0.032
15128;0.447;0.405;0.393;0.43;0.137;0.251;0.239;0.591;0.322;0.103;0.098;0.081;0.232;0.037
15129;0.447;0.405;0.391;0.437;0.139;0.251;0.239;0.588;0.32;0.103;0.098;0.083;0.232;0.032
15130;0.449;0.405;0.393;0.435;0.139;0.251;0.237;0.588;0.322;0.107;0.1;0.083;0.229;0.037
15131;0.449;0.408;0.396;0.427;0.142;0.254;0.234;0.588;0.325;0.11;0.098;0.081;0.229;0.037
15132;0.449;0.405;0.393;0.435;0.142;0.259;0.232;0.586;0.327;0.107;0.095;0.083;0.232;0.034
15133;0.447;0.403;0.391;0.435;0.144;0.261;0.227;0.583;0.327;0.11;0.098;0.083;0.232;0.037
15134;0.449;0.403;0.393;0.432;0.142;0.261;0.227;0.583;0.33;0.11;0.093;0.083;0.234;0.037
15135;0.449;0.4;0.386;0.435;0.142;0.266;0.229;0.583;0.327;0.112;0.09;0.081;0.229;0.034
15136;0.449;0.4;0.391;0.444;0.146;0.266;0.234;0.583;0.337;0.11;0.095;0.085;0.229;0.034
15137;0.452;0.398;0.388;0.437;0.144;0.269;0.234;0.588;0.339;0.11;0.095;0.085;0.229;0.037
15138;0.449;0.393;0.386;0.439;0.144;0.273;0.242;0.588;0.347;0.115;0.098;0.088;0.232;0.034
15139;0.449;0.393;0.383;0.442;0.142;0.271;0.242;0.588;0.344;0.11;0.093;0.083;0.229;0.034
15140;0.444;0.393;0.386;0.439;0.142;0.271;0.244;0.591;0.349;0.11;0.09;0.085;0.232;0.034
15141;0.444;0.393;0.386;0.439;0.144;0.266;0.244;0.588;0.354;0.112;0.09;0.085;0.229;0.037
15142;0.442;0.393;0.386;0.442;0.146;0.264;0.249;0.591;0.359;0.115;0.09;0.09;0.232;0.037
15143;0.439;0.391;0.388;0.449;0.151;0.259;0.244;0.588;0.361;0.12;0.088;0.088;0.232;0.037
15144;0.437;0.393;0.393;0.444;0.154;0.259;0.234;0.583;0.361;0.12;0.09;0.083;0.234;0.037
15145;0.439;0.391;0.393;0.437;0.151;0.254;0.229;0.586;0.369;0.125;0.09;0.088;0.232;0.037
15146;0.437;0.391;0.393;0.439;0.151;0.254;0.227;0.586;0.376;0.129;0.09;0.09;0.232;0.037
15147;0.439;0.393;0.393;0.437;0.154;0.251;0.225;0.586;0.376;0.134;0.088;0.088;0.232;0.034
15148;0.439;0.393;0.4;0.437;0.154;0.251;0.222;0.583;0.378;0.142;0.09;0.088;0.234;0.032
15149;0.439;0.396;0.405;0.447;0.154;0.247;0.217;0.588;0.381;0.144;0.09;0.088;0.232;0.034
15150;0.439;0.393;0.405;0.439;0.156;0.251;0.215;0.588;0.383;0.154;0.088;0.088;0.234;0.037
15151;0.442;0.396;0.405;0.435;0.159;0.254;0.215;0.591;0.388;0.161;0.088;0.088;0.232;0.034
15152;0.444;0.396;0.408;0.43;0.159;0.259;0.22;0.591;0.391;0.164;0.088;0.088;0.234;0.034
15153;0.444;0.398;0.403;0.432;0.159;0.261;0.225;0.591;0.396;0.173;0.088;0.09;0.232;0.032
15154;0.447;0.4;0.4;0.427;0.164;0.261;0.229;0.593;0.398;0.183;0.088;0.09;0.234;0.037
15155;0.447;0.4;0.398;0.432;0.164;0.264;0.234;0.588;0.398;0.19;0.088;0.09;0.232;0.034
15156;0.444;0.4;0.396;0.43;0.166;0.266;0.237;0.588;0.398;0.193;0.088;0.09;0.237;0.034
15157;0.444;0.4;0.396;0.422;0.168;0.269;0.242;0.588;0.4;0.195;0.09;0.093;0.232;0.034
15158;0.447;0.403;0.398;0.42;0.168;0.271;0.239;0.588;0.4;0.198;0.09;0.093;0.234;0.032
15159;0.452;0.405;0.398;0.422;0.164;0.271;0.242;0.588;0.4;0.195;0.088;0.093;0.232;0.032
15160;0.452;0.408;0.403;0.422;0.164;0.271;0.244;0.591;0.396;0.19;0.085;0.09;0.237;0.034
15161;0.454;0.405;0.4;0.422;0.159;0.266;0.249;0.591;0.403;0.193;0.088;0.093;0.239;0.034
15162;0.454;0.405;0.4;0.422;0.154;0.261;0.249;0.591;0.4;0.188;0.088;0.095;0.234;0.034
15163;0.454;0.408;0.403;0.422;0.149;0.264;0.244;0.588;0.4;0.181;0.085;0.088;0.239;0.037
15164;0.454;0.408;0.4;0.417;0.146;0.261;0.242;0.588;0.405;0.176;0.088;0.095;0.234;0.034
15165;0.449;0.405;0.4;0.41;0.146;0.261;0.237;0.586;0.408;0.166;0.085;0.093;0.237;0.037
15166;0.452;0.405;0.405;0.413;0.149;0.261;0.234;0.583;0.41;0.161;0.088;0.093;0.227;0.032
15167;0.449;0.405;0.403;0.413;0.151;0.264;0.232;0.583;0.413;0.159;0.088;0.093;0.232;0.034
15168;0.447;0.403;0.403;0.41;0.154;0.259;0.232;0.586;0.417;0.151;0.088;0.09;0.232;0.034
15169;0.449;0.4;0.4;0.413;0.159;0.261;0.234;0.583;0.42;0.146;0.088;0.093;0.232;0.034
15170;0.447;0.4;0.4;0.413;0.166;0.261;0.232;0.583;0.425;0.146;0.09;0.09;0.229;0.032
15171;0.447;0.398;0.396;0.408;0.168;0.261;0.227;0.586;0.43;0.137;0.088;0.09;0.229;0.034
15172;0.447;0.398;0.403;0.41;0.171;0.264;0.229;0.588;0.432;0.134;0.09;0.088;0.225;0.037
15173;0.444;0.396;0.4;0.413;0.173;0.264;0.232;0.588;0.432;0.129;0.088;0.09;0.227;0.034
15174;0.447;0.393;0.405;0.413;0.178;0.264;0.229;0.591;0.435;0.127;0.093;0.09;0.225;0.037
15175;0.447;0.396;0.405;0.417;0.178;0.266;0.237;0.591;0.435;0.122;0.093;0.09;0.22;0.032
15176;0.447;0.393;0.405;0.413;0.176;0.266;0.234;0.591;0.432;0.117;0.09;0.085;0.22;0.032
15177;0.444;0.393;0.4;0.413;0.176;0.269;0.237;0.591;0.435;0.117;0.095;0.088;0.217;0.034
15178;0.449;0.393;0.4;0.415;0.178;0.273;0.234;0.591;0.437;0.115;0.098;0.085;0.217;0.034
15179;0.444;0.393;0.398;0.41;0.178;0.273;0.234;0.591;0.437;0.112;0.1;0.085;0.212;0.032
15180;0.442;0.391;0.403;0.41;0.176;0.276;0.227;0.588;0.435;0.107;0.1;0.088;0.21;0.032
15181;0.442;0.391;0.403;0.41;0.181;0.271;0.225;0.591;0.432;0.103;0.103;0.085;0.212;0.034
15182;0.444;0.391;0.403;0.408;0.181;0.269;0.227;0.588;0.43;0.103;0.103;0.085;0.21;0.034
15183;0.439;0.391;0.4;0.41;0.181;0.264;0.222;0.588;0.427;0.1;0.105;0.085;0.203;0.037
15184;0.435;0.393;0.398;0.408;0.183;0.264;0.22;0.591;0.425;0.098;0.107;0.085;0.203;0.032
15185;0.432;0.393;0.393;0.405;0.183;0.264;0.222;0.591;0.422;0.095;0.11;0.083;0.2;0.034
15186;0.43;0.393;0.393;0.405;0.183;0.266;0.225;0.593;0.42;0.095;0.107;0.083;0.198;0.032
15187;0.425;0.396;0.393;0.413;0.183;0.266;0.222;0.593;0.422;0.093;0.112;0.083;0.195;0.034
15188;0.425;0.396;0.393;0.417;0.178;0.266;0.227;0.593;0.42;0.09;0.112;0.081;0.195;0.032
15189;0.425;0.396;0.391;0.41;0.178;0.266;0.229;0.593;0.417;0.088;0.115;0.078;0.186;0.034
15190;0.427;0.4;0.386;0.41;0.171;0.269;0.232;0.591;0.417;0.088;0.115;0.081;0.188;0.034
15191;0.427;0.4;0.388;0.408;0.171;0.264;0.232;0.593;0.413;0.085;0.115;0.078;0.183;0.034
15192;0.43;0.403;0.386;0.408;0.171;0.266;0.234;0.593;0.413;0.083;0.117;0.078;0.181;0.029
15193;0.43;0.4;0.383;0.405;0.168;0.264;0.232;0.593;0.413;0.081;0.117;0.078;0.181;0.034
15194;0.435;0.403;0.383;0.413;0.166;0.264;0.234;0.593;0.415;0.083;0.12;0.076;0.178;0.034
15195;0.439;0.405;0.386;0.408;0.171;0.261;0.234;0.593;0.408;0.073;0.115;0.071;0.173;0.034
15196;0.442;0.405;0.391;0.405;0.176;0.264;0.232;0.591;0.41;0.078;0.117;0.073;0.171;0.034
15197;0.444;0.405;0.398;0.41;0.178;0.264;0.225;0.593;0.413;0.076;0.12;0.076;0.168;0.029
15198;0.449;0.408;0.42;0.413;0.181;0.261;0.225;0.593;0.41;0.078;0.12;0.073;0.168;0.034
15199;0.452;0.405;0.522;0.413;0.181;0.261;0.22;0.591;0.408;0.073;0.117;0.073;0.161;0.032
15200;0.454;0.408;0.547;0.42;0.186;0.261;0.222;0.591;0.413;0.073;0.117;0.071;0.161;0.029
15201;0.452;0.408;0.564;0.417;0.186;0.259;0.222;0.591;0.41;0.073;0.12;0.076;0.161;0.034
15202;0.452;0.405;0.64;0.417;0.186;0.261;0.22;0.593;0.417;0.073;0.12;0.073;0.159;0.032
15203;0.452;0.408;0.747;0.413;0.188;0.264;0.215;0.593;0.413;0.073;0.117;0.073;0.156;0.032
15204;0.452;0.403;0.776;0.417;0.188;0.261;0.212;0.593;0.415;0.068;0.117;0.073;0.156;0.034
15205;0.449;0.405;1.362;0.422;0.186;0.264;0.217;0.593;0.417;0.068;0.117;0.073;0.151;0.032
15206;0.447;0.405;1.628;0.422;0.181;0.264;0.22;0.593;0.417;0.068;0.117;0.073;0.151;0.034
15207;0.442;0.405;1.638;0.417;0.181;0.269;0.227;0.593;0.42;0.071;0.117;0.073;0.151;0.032
15208;0.439;0.405;1.062;0.42;0.183;0.269;0.232;0.596;0.42;0.068;0.115;0.071;0.146;0.029
15209;0.435;0.403;1.533;0.415;0.181;0.271;0.237;0.593;0.42;0.066;0.115;0.073;0.146;0.032
15210;0.437;0.403;1.174;0.415;0.181;0.271;0.239;0.593;0.422;0.066;0.115;0.073;0.146;0.032
15211;0.435;0.403;1.575;0.42;0.178;0.269;0.239;0.591;0.42;0.061;0.115;0.073;0.144;0.029
15212;0.43;0.398;1.743;0.42;0.178;0.266;0.244;0.591;0.42;0.061;0.115;0.073;0.144;0.029
15213;0.432;0.4;1.746;0.417;0.183;0.266;0.239;0.591;0.42;0.061;0.11;0.071;0.142;0.029
15214;0.43;0.398;1.282;0.413;0.186;0.266;0.242;0.593;0.415;0.061;0.11;0.068;0.142;0.032
15215;0.43;0.396;0.901;0.417;0.188;0.264;0.242;0.593;0.415;0.063;0.107;0.068;0.137;0.032
15216;0.43;0.396;1.108;0.415;0.19;0.264;0.237;0.593;0.415;0.063;0.112;0.073;0.142;0.037
15217;0.43;0.398;1.235;0.41;0.188;0.261;0.234;0.591;0.41;0.063;0.112;0.073;0.137;0.034
15218;0.427;0.396;0.847;0.41;0.19;0.259;0.234;0.596;0.405;0.061;0.107;0.068;0.139;0.034
15219;0.427;0.396;0.806;0.413;0.188;0.259;0.232;0.591;0.405;0.063;0.107;0.068;0.134;0.032
15220;0.427;0.398;0.847;0.41;0.188;0.256;0.227;0.591;0.4;0.063;0.105;0.071;0.139;0.034
15221;0.43;0.398;0.857;0.41;0.193;0.259;0.227;0.591;0.396;0.063;0.105;0.068;0.134;0.034
15222;0.427;0.398;0.896;0.415;0.19;0.256;0.225;0.588;0.393;0.068;0.105;0.071;0.137;0.032
15223;0.427;0.398;0.996;0.413;0.193;0.259;0.225;0.586;0.386;0.068;0.1;0.068;0.134;0.034
15224;0.432;0.398;1.121;0.41;0.193;0.259;0.225;0.586;0.386;0.071;0.103;0.068;0.132;0.032
15225;0.43;0.398;0.962;0.41;0.193;0.259;0.222;0.588;0.381;0.078;0.103;0.068;0.134;0.037
15226;0.43;0.4;0.757;0.41;0.195;0.264;0.225;0.591;0.376;0.078;0.1;0.071;0.129;0.029
15227;0.43;0.403;0.557;0.405;0.193;0.264;0.227;0.588;0.371;0.088;0.1;0.071;0.132;0.032
15228;0.43;0.403;0.488;0.403;0.193;0.269;0.225;0.586;0.366;0.09;0.098;0.071;0.129;0.037
15229;0.43;0.403;0.491;0.398;0.195;0.271;0.225;0.586;0.364;0.09;0.095;0.066;0.132;0.032
15230;0.427;0.403;0.674;0.398;0.19;0.273;0.222;0.586;0.356;0.098;0.098;0.068;0.127;0.034
15231;0.43;0.403;0.718;0.4;0.195;0.273;0.225;0.586;0.359;0.1;0.095;0.068;0.129;0.034
15232;0.43;0.403;0.51;0.4;0.195;0.271;0.22;0.583;0.352;0.103;0.098;0.071;0.129;0.034
15233;0.43;0.403;0.479;0.396;0.195;0.271;0.217;0.586;0.352;0.11;0.1;0.073;0.129;0.039
15234;0.427;0.403;0.532;0.396;0.195;0.266;0.222;0.583;0.347;0.11;0.095;0.071;0.127;0.034
15235;0.427;0.405;0.752;0.393;0.195;0.264;0.225;0.586;0.342;0.112;0.093;0.068;0.125;0.034
15236;0.425;0.405;0.789;0.388;0.198;0.261;0.225;0.586;0.337;0.115;0.093;0.068;0.127;0.032
15237;0.422;0.405;0.796;0.388;0.203;0.259;0.225;0.588;0.337;0.117;0.095;0.073;0.127;0.034
15238;0.425;0.403;0.75;0.386;0.203;0.256;0.227;0.588;0.33;0.117;0.09;0.071;0.122;0.034
15239;0.422;0.403;0.605;0.386;0.2;0.256;0.229;0.586;0.327;0.12;0.09;0.073;0.125;0.034
15240;0.42;0.4;0.654;0.383;0.2;0.256;0.229;0.586;0.325;0.12;0.088;0.071;0.122;0.034
15241;0.42;0.398;0.603;0.386;0.198;0.256;0.234;0.583;0.325;0.127;0.093;0.073;0.125;0.032
15242;0.415;0.4;1.025;0.391;0.2;0.261;0.234;0.586;0.322;0.125;0.088;0.073;0.125;0.034
15243;0.415;0.396;1.162;0.398;0.198;0.261;0.232;0.586;0.32;0.125;0.088;0.073;0.122;0.032
15244;0.413;0.396;1.582;0.403;0.195;0.261;0.229;0.588;0.315;0.127;0.085;0.073;0.125;0.034
15245;0.415;0.391;1.511;0.408;0.195;0.266;0.227;0.586;0.312;0.127;0.085;0.073;0.117;0.032
15246;0.417;0.393;1.621;0.41;0.195;0.266;0.222;0.586;0.31;0.127;0.083;0.073;0.122;0.037
15247;0.417;0.391;4.998;0.413;0.193;0.269;0.22;0.586;0.31;0.132;0.083;0.076;0.12;0.032
15248;0.42;0.391;4.998;0.417;0.193;0.269;0.222;0.588;0.308;0.132;0.083;0.076;0.12;0.034
15249;0.425;0.391;4.998;0.417;0.19;0.266;0.222;0.588;0.305;0.134;0.083;0.078;0.117;0.032
15250;0.427;0.391;4.998;0.417;0.193;0.261;0.22;0.586;0.303;0.137;0.081;0.078;0.122;0.037
15251;0.43;0.391;4.998;0.415;0.19;0.259;0.22;0.583;0.303;0.134;0.081;0.078;0.117;0.034
15252;0.432;0.391;4.998;0.415;0.193;0.256;0.222;0.581;0.303;0.137;0.081;0.081;0.117;0.037
15253;0.43;0.391;4.998;0.417;0.193;0.256;0.229;0.583;0.303;0.137;0.081;0.081;0.117;0.037
15254;0.432;0.393;4.998;0.41;0.193;0.256;0.229;0.583;0.3;0.134;0.078;0.081;0.115;0.032
15255;0.432;0.393;4.998;0.408;0.195;0.256;0.232;0.586;0.298;0.137;0.078;0.081;0.115;0.034
15256;0.43;0.396;4.998;0.405;0.193;0.256;0.229;0.586;0.303;0.137;0.081;0.083;0.117;0.034
15257;0.425;0.396;4.998;0.403;0.198;0.256;0.222;0.586;0.303;0.134;0.081;0.081;0.115;0.034
15258;0.425;0.396;4.998;0.403;0.198;0.259;0.22;0.586;0.303;0.134;0.078;0.081;0.115;0.034
15259;0.42;0.4;4.998;0.4;0.198;0.261;0.217;0.583;0.305;0.134;0.078;0.081;0.115;0.032
15260;0.417;0.403;4.998;0.4;0.198;0.264;0.215;0.581;0.305;0.132;0.083;0.081;0.112;0.032
15261;0.417;0.405;4.998;0.396;0.195;0.269;0.215;0.581;0.305;0.134;0.081;0.083;0.112;0.034
15262;0.417;0.408;4.998;0.398;0.195;0.266;0.217;0.583;0.308;0.129;0.081;0.083;0.115;0.037
15263;0.415;0.408;4.998;0.396;0.193;0.269;0.22;0.581;0.312;0.127;0.081;0.081;0.11;0.034
15264;0.417;0.41;4.998;0.4;0.193;0.266;0.22;0.583;0.312;0.127;0.078;0.083;0.115;0.034
15265;0.417;0.413;3.123;0.403;0.19;0.266;0.22;0.583;0.315;0.125;0.081;0.083;0.11;0.034
15266;0.417;0.413;1.785;0.405;0.188;0.266;0.222;0.579;0.32;0.125;0.081;0.085;0.107;0.034
15267;0.415;0.413;1.091;0.408;0.188;0.266;0.222;0.583;0.32;0.12;0.081;0.083;0.107;0.034
15268;0.415;0.415;0.859;0.403;0.19;0.264;0.227;0.586;0.325;0.115;0.083;0.088;0.105;0.034
15269;0.417;0.415;0.674;0.405;0.19;0.266;0.225;0.586;0.327;0.115;0.081;0.081;0.105;0.032
15270;0.42;0.413;0.62;0.405;0.193;0.264;0.225;0.583;0.332;0.112;0.083;0.083;0.105;0.034
15271;0.417;0.41;0.574;0.405;0.19;0.261;0.222;0.583;0.337;0.11;0.083;0.083;0.107;0.034
15272;0.42;0.408;0.552;0.403;0.186;0.261;0.215;0.583;0.344;0.112;0.085;0.09;0.107;0.034
15273;0.415;0.41;0.513;0.403;0.186;0.259;0.21;0.583;0.342;0.105;0.083;0.081;0.103;0.034
15274;0.415;0.405;0.51;0.405;0.188;0.261;0.205;0.581;0.349;0.105;0.083;0.085;0.105;0.034
15275;0.415;0.403;0.508;0.405;0.19;0.261;0.208;0.581;0.352;0.103;0.083;0.083;0.105;0.034
15276;0.417;0.4;0.574;0.403;0.19;0.266;0.203;0.583;0.361;0.1;0.085;0.085;0.1;0.034
15277;0.417;0.4;0.913;0.4;0.188;0.264;0.208;0.583;0.369;0.098;0.085;0.085;0.103;0.034
15278;0.422;0.398;1.013;0.396;0.186;0.264;0.205;0.583;0.381;0.098;0.088;0.085;0.103;0.039
15279;0.42;0.398;1.27;0.393;0.186;0.261;0.205;0.581;0.386;0.093;0.085;0.085;0.1;0.037
15280;0.42;0.398;1.152;0.393;0.186;0.259;0.208;0.583;0.398;0.093;0.085;0.083;0.1;0.034
15281;0.42;0.398;1.179;0.396;0.183;0.264;0.21;0.583;0.41;0.093;0.088;0.083;0.098;0.037
15282;0.42;0.393;3.394;0.393;0.183;0.261;0.21;0.581;0.427;0.093;0.09;0.085;0.098;0.032
15283;0.417;0.393;3.225;0.388;0.178;0.259;0.217;0.581;0.439;0.09;0.088;0.083;0.098;0.039
15284;0.422;0.396;4.365;0.388;0.176;0.259;0.22;0.581;0.454;0.088;0.088;0.083;0.098;0.037
15285;0.42;0.396;1.147;0.386;0.176;0.259;0.222;0.583;0.471;0.093;0.088;0.085;0.095;0.034
15286;0.42;0.396;0.845;0.386;0.173;0.259;0.217;0.583;0.493;0.088;0.093;0.085;0.093;0.037
15287;0.42;0.398;0.784;0.388;0.173;0.254;0.217;0.586;0.508;0.088;0.09;0.081;0.093;0.034
15288;0.417;0.4;0.757;0.391;0.178;0.259;0.212;0.588;0.532;0.09;0.09;0.085;0.09;0.032
15289;0.417;0.4;0.669;0.393;0.176;0.261;0.212;0.583;0.552;0.09;0.09;0.083;0.09;0.034
15290;0.413;0.4;0.698;0.391;0.173;0.259;0.215;0.583;0.571;0.09;0.093;0.085;0.093;0.037
15291;0.415;0.4;0.635;0.393;0.173;0.259;0.212;0.586;0.591;0.093;0.093;0.085;0.093;0.037
15292;0.417;0.403;0.574;0.396;0.176;0.259;0.215;0.583;0.608;0.09;0.09;0.083;0.09;0.034
15293;0.415;0.403;0.476;0.398;0.176;0.259;0.212;0.586;0.627;0.09;0.095;0.083;0.09;0.037
15294;0.417;0.405;0.479;0.398;0.176;0.261;0.21;0.583;0.649;0.093;0.095;0.083;0.088;0.037
15295;0.42;0.403;0.488;0.4;0.173;0.261;0.208;0.586;0.664;0.093;0.095;0.083;0.09;0.037
15296;0.422;0.403;0.486;0.4;0.176;0.261;0.21;0.588;0.679;0.093;0.095;0.085;0.085;0.037
15297;0.422;0.408;0.513;0.405;0.176;0.261;0.21;0.586;0.691;0.095;0.095;0.083;0.085;0.037
15298;0.425;0.405;0.5;0.405;0.181;0.261;0.212;0.586;0.698;0.098;0.095;0.085;0.085;0.037
15299;0.425;0.408;0.557;0.403;0.181;0.259;0.215;0.586;0.708;0.098;0.098;0.083;0.088;0.037
15300;0.425;0.41;0.476;0.403;0.181;0.256;0.217;0.583;0.713;0.1;0.098;0.083;0.083;0.037
15301;0.422;0.408;0.435;0.4;0.176;0.256;0.215;0.583;0.713;0.098;0.098;0.083;0.083;0.034
15302;0.422;0.413;0.435;0.4;0.176;0.259;0.215;0.583;0.713;0.1;0.1;0.085;0.081;0.039
15303;0.42;0.413;0.435;0.398;0.173;0.256;0.21;0.586;0.71;0.1;0.1;0.085;0.083;0.039
15304;0.422;0.41;0.425;0.398;0.173;0.251;0.21;0.586;0.708;0.098;0.098;0.088;0.081;0.037
15305;0.42;0.41;0.442;0.4;0.171;0.251;0.212;0.586;0.701;0.1;0.095;0.083;0.081;0.034
15306;0.422;0.408;0.496;0.396;0.168;0.247;0.217;0.586;0.693;0.1;0.098;0.085;0.078;0.034
15307;0.422;0.41;0.461;0.398;0.168;0.249;0.222;0.583;0.686;0.1;0.098;0.085;0.078;0.037
15308;0.422;0.408;0.591;0.396;0.168;0.249;0.22;0.586;0.679;0.098;0.103;0.088;0.078;0.034
15309;0.422;0.408;0.579;0.398;0.166;0.251;0.222;0.583;0.667;0.098;0.098;0.085;0.078;0.037
15310;0.417;0.405;0.576;0.398;0.168;0.249;0.22;0.583;0.659;0.098;0.1;0.088;0.076;0.034
15311;0.417;0.405;0.525;0.396;0.171;0.249;0.222;0.586;0.645;0.093;0.098;0.085;0.073;0.034
15312;0.415;0.403;0.605;0.393;0.171;0.254;0.227;0.583;0.637;0.093;0.1;0.088;0.076;0.034
15313;0.415;0.4;0.566;0.391;0.171;0.249;0.232;0.583;0.627;0.093;0.1;0.09;0.076;0.029
15314;0.413;0.398;0.537;0.396;0.168;0.251;0.232;0.583;0.615;0.09;0.1;0.085;0.073;0.034
15315;0.413;0.398;0.481;0.396;0.168;0.249;0.227;0.586;0.605;0.093;0.098;0.09;0.071;0.032
15316;0.415;0.393;0.491;0.398;0.171;0.251;0.225;0.581;0.593;0.088;0.098;0.085;0.073;0.034
15317;0.413;0.396;0.483;0.4;0.176;0.251;0.217;0.583;0.581;0.088;0.095;0.088;0.076;0.032
15318;0.415;0.391;0.542;0.398;0.178;0.249;0.21;0.586;0.571;0.088;0.098;0.09;0.071;0.034
15319;0.417;0.391;0.535;0.398;0.176;0.249;0.205;0.583;0.559;0.088;0.098;0.088;0.073;0.034
15320;0.42;0.388;0.574;0.396;0.178;0.247;0.203;0.586;0.549;0.088;0.095;0.09;0.071;0.037
15321;0.42;0.391;0.503;0.396;0.176;0.249;0.203;0.586;0.54;0.085;0.093;0.088;0.071;0.034
15322;0.42;0.391;0.496;0.398;0.176;0.249;0.205;0.583;0.532;0.09;0.095;0.09;0.071;0.032
15323;0.425;0.388;0.471;0.398;0.178;0.249;0.203;0.583;0.518;0.09;0.09;0.088;0.071;0.034
15324;0.425;0.391;0.493;0.403;0.181;0.251;0.203;0.583;0.51;0.095;0.093;0.088;0.068;0.029
15325;0.427;0.391;0.535;0.4;0.181;0.249;0.205;0.586;0.5;0.093;0.09;0.088;0.068;0.037
15326;0.427;0.393;0.532;0.4;0.183;0.249;0.205;0.583;0.493;0.095;0.09;0.088;0.066;0.034
15327;0.427;0.396;0.505;0.4;0.178;0.251;0.208;0.583;0.483;0.1;0.088;0.088;0.063;0.032
15328;0.43;0.398;0.474;0.408;0.178;0.249;0.212;0.583;0.474;0.1;0.083;0.083;0.066;0.032
15329;0.425;0.398;0.43;0.41;0.173;0.249;0.21;0.583;0.469;0.105;0.085;0.085;0.066;0.032
15330;0.427;0.403;0.442;0.413;0.171;0.249;0.212;0.581;0.461;0.11;0.085;0.085;0.068;0.034
15331;0.422;0.398;0.43;0.413;0.171;0.247;0.208;0.579;0.454;0.107;0.083;0.083;0.063;0.032
15332;0.422;0.403;0.425;0.415;0.168;0.247;0.208;0.576;0.449;0.112;0.083;0.085;0.061;0.032
15333;0.42;0.405;0.405;0.413;0.166;0.247;0.21;0.576;0.444;0.115;0.081;0.085;0.066;0.032
15334;0.42;0.408;0.396;0.41;0.166;0.244;0.215;0.576;0.439;0.12;0.083;0.085;0.063;0.032
15335;0.415;0.408;0.398;0.413;0.164;0.244;0.215;0.574;0.432;0.117;0.078;0.083;0.061;0.034
15336;0.413;0.408;0.4;0.413;0.161;0.244;0.215;0.574;0.43;0.117;0.076;0.085;0.063;0.029
15337;0.413;0.41;0.4;0.41;0.164;0.244;0.215;0.576;0.425;0.122;0.078;0.083;0.063;0.034
15338;0.413;0.41;0.393;0.41;0.161;0.244;0.22;0.579;0.417;0.122;0.073;0.083;0.063;0.034
15339;0.405;0.41;0.386;0.408;0.164;0.249;0.22;0.576;0.417;0.12;0.073;0.081;0.061;0.029
15340;0.405;0.41;0.378;0.408;0.161;0.247;0.217;0.576;0.413;0.12;0.071;0.083;0.056;0.032
15341;0.403;0.408;0.374;0.41;0.161;0.244;0.215;0.574;0.41;0.122;0.071;0.081;0.061;0.032
15342;0.403;0.408;0.374;0.415;0.164;0.244;0.215;0.571;0.41;0.125;0.071;0.083;0.063;0.034
15343;0.403;0.408;0.381;0.413;0.168;0.244;0.215;0.576;0.408;0.122;0.071;0.081;0.063;0.032
15344;0.403;0.405;0.378;0.413;0.168;0.244;0.215;0.574;0.405;0.122;0.066;0.081;0.061;0.032
15345;0.403;0.405;0.381;0.413;0.168;0.242;0.212;0.576;0.403;0.122;0.066;0.081;0.061;0.034
15346;0.405;0.405;0.383;0.415;0.171;0.244;0.208;0.576;0.403;0.122;0.068;0.078;0.059;0.032
15347;0.4;0.403;0.388;0.42;0.173;0.247;0.208;0.576;0.4;0.117;0.068;0.081;0.059;0.034
15348;0.398;0.4;0.386;0.42;0.173;0.247;0.2;0.576;0.398;0.12;0.068;0.081;0.059;0.032
15349;0.4;0.398;0.378;0.422;0.176;0.249;0.2;0.576;0.398;0.117;0.066;0.076;0.059;0.034
15350;0.4;0.398;0.381;0.42;0.173;0.249;0.195;0.579;0.396;0.117;0.066;0.081;0.059;0.034
15351;0.398;0.398;0.383;0.42;0.171;0.251;0.198;0.581;0.388;0.117;0.063;0.081;0.056;0.034
15352;0.398;0.398;0.381;0.417;0.168;0.254;0.198;0.579;0.388;0.112;0.063;0.078;0.059;0.032
15353;0.398;0.396;0.386;0.42;0.166;0.251;0.2;0.579;0.386;0.105;0.061;0.078;0.056;0.032
15354;0.396;0.393;0.383;0.425;0.166;0.249;0.203;0.576;0.383;0.107;0.061;0.078;0.056;0.034
15355;0.393;0.393;0.391;0.425;0.166;0.247;0.205;0.576;0.381;0.105;0.061;0.076;0.056;0.032
15356;0.393;0.396;0.398;0.425;0.166;0.251;0.205;0.576;0.378;0.103;0.063;0.076;0.056;0.034
15357;0.393;0.396;0.4;0.42;0.168;0.249;0.208;0.574;0.374;0.1;0.061;0.076;0.054;0.034
15358;0.393;0.393;0.4;0.415;0.171;0.251;0.205;0.571;0.374;0.098;0.063;0.078;0.054;0.032
15359;0.396;0.396;0.398;0.415;0.168;0.251;0.205;0.571;0.371;0.098;0.061;0.078;0.054;0.032
15360;0.4;0.398;0.393;0.415;0.171;0.249;0.203;0.569;0.369;0.098;0.059;0.078;0.056;0.034
15361;0.4;0.396;0.393;0.413;0.173;0.249;0.2;0.569;0.364;0.095;0.059;0.076;0.054;0.034
15362;0.4;0.398;0.393;0.41;0.171;0.249;0.198;0.574;0.364;0.095;0.059;0.076;0.054;0.034
15363;0.403;0.4;0.41;0.408;0.176;0.249;0.2;0.574;0.361;0.093;0.059;0.078;0.054;0.034
15364;0.403;0.4;0.396;0.408;0.173;0.247;0.198;0.574;0.359;0.098;0.061;0.078;0.054;0.029
15365;0.405;0.403;0.376;0.4;0.176;0.247;0.195;0.571;0.354;0.093;0.059;0.076;0.051;0.034
15366;0.405;0.403;0.378;0.396;0.171;0.244;0.2;0.574;0.354;0.093;0.056;0.076;0.054;0.037
15367;0.405;0.408;0.4;0.396;0.173;0.244;0.2;0.576;0.352;0.09;0.059;0.078;0.051;0.034
15368;0.405;0.408;0.391;0.393;0.168;0.242;0.203;0.574;0.349;0.09;0.061;0.078;0.051;0.032
15369;0.4;0.405;0.425;0.396;0.168;0.244;0.203;0.571;0.344;0.09;0.061;0.078;0.051;0.032
15370;0.398;0.405;0.413;0.393;0.166;0.242;0.203;0.571;0.342;0.088;0.059;0.076;0.049;0.037
15371;0.396;0.403;0.447;0.396;0.168;0.242;0.2;0.569;0.342;0.085;0.056;0.073;0.049;0.029
15372;0.398;0.405;0.449;0.391;0.166;0.242;0.2;0.569;0.337;0.085;0.061;0.078;0.049;0.037
15373;0.398;0.408;0.449;0.393;0.168;0.242;0.2;0.569;0.334;0.085;0.061;0.076;0.051;0.034
15374;0.4;0.408;0.466;0.396;0.168;0.239;0.2;0.566;0.334;0.085;0.056;0.073;0.049;0.034
15375;0.403;0.403;0.437;0.396;0.166;0.242;0.198;0.571;0.332;0.085;0.059;0.076;0.044;0.032
15376;0.403;0.405;0.435;0.396;0.164;0.244;0.19;0.569;0.332;0.085;0.063;0.073;0.051;0.032
15377;0.405;0.405;0.447;0.393;0.166;0.242;0.188;0.571;0.332;0.085;0.061;0.076;0.051;0.037
15378;0.403;0.408;0.452;0.391;0.161;0.242;0.186;0.571;0.332;0.083;0.061;0.076;0.044;0.029
15379;0.405;0.408;0.422;0.386;0.161;0.242;0.186;0.571;0.332;0.083;0.063;0.076;0.046;0.034
15380;0.408;0.408;0.42;0.386;0.164;0.242;0.188;0.571;0.337;0.081;0.063;0.076;0.049;0.034
15381;0.405;0.41;0.41;0.383;0.159;0.247;0.193;0.571;0.332;0.081;0.066;0.073;0.051;0.034
15382;0.408;0.405;0.415;0.383;0.159;0.242;0.195;0.571;0.337;0.081;0.063;0.076;0.051;0.037
15383;0.408;0.405;0.417;0.386;0.159;0.244;0.2;0.571;0.339;0.078;0.063;0.073;0.049;0.037
15384;0.408;0.408;0.4;0.381;0.156;0.244;0.203;0.569;0.342;0.078;0.061;0.073;0.046;0.034
15385;0.408;0.408;0.41;0.378;0.161;0.242;0.205;0.569;0.349;0.076;0.066;0.073;0.049;0.034
15386;0.405;0.405;0.417;0.376;0.164;0.244;0.21;0.566;0.356;0.078;0.066;0.076;0.046;0.032
15387;0.403;0.405;0.425;0.378;0.166;0.239;0.21;0.566;0.359;0.076;0.066;0.073;0.046;0.034
15388;0.403;0.408;0.4;0.378;0.168;0.244;0.208;0.566;0.369;0.078;0.068;0.078;0.049;0.034
15389;0.405;0.405;0.378;0.376;0.168;0.242;0.208;0.571;0.378;0.081;0.068;0.078;0.044;0.034
15390;0.403;0.405;0.381;0.376;0.171;0.247;0.208;0.569;0.383;0.073;0.068;0.073;0.044;0.029
15391;0.408;0.408;0.381;0.378;0.166;0.244;0.2;0.569;0.398;0.076;0.071;0.076;0.042;0.037
15392;0.408;0.408;0.371;0.374;0.166;0.247;0.198;0.569;0.408;0.071;0.071;0.073;0.046;0.037
15393;0.403;0.41;0.364;0.374;0.161;0.242;0.195;0.566;0.422;0.076;0.071;0.073;0.046;0.034
15394;0.403;0.408;0.366;0.374;0.159;0.242;0.195;0.569;0.435;0.076;0.071;0.073;0.049;0.039
15395;0.408;0.408;0.366;0.374;0.159;0.237;0.198;0.569;0.447;0.076;0.076;0.073;0.046;0.037
15396;0.405;0.41;0.376;0.376;0.161;0.234;0.198;0.566;0.461;0.076;0.076;0.076;0.044;0.032
15397;0.408;0.408;0.378;0.378;0.159;0.237;0.203;0.569;0.483;0.078;0.076;0.073;0.044;0.037
15398;0.408;0.408;0.369;0.378;0.156;0.234;0.205;0.569;0.496;0.078;0.076;0.073;0.042;0.034
15399;0.405;0.405;0.376;0.381;0.154;0.237;0.21;0.571;0.515;0.081;0.078;0.073;0.044;0.037
15400;0.405;0.408;0.378;0.381;0.154;0.239;0.208;0.571;0.532;0.085;0.078;0.073;0.044;0.037
15401;0.405;0.403;0.366;0.383;0.151;0.237;0.208;0.569;0.552;0.09;0.081;0.076;0.042;0.034
15402;0.405;0.405;0.366;0.388;0.149;0.234;0.205;0.569;0.571;0.103;0.081;0.076;0.042;0.037
15403;0.408;0.403;0.359;0.391;0.151;0.237;0.203;0.569;0.588;0.107;0.083;0.076;0.044;0.039
15404;0.408;0.403;0.352;0.396;0.149;0.232;0.203;0.569;0.605;0.112;0.081;0.073;0.042;0.034
15405;0.41;0.4;0.354;0.398;0.149;0.229;0.198;0.566;0.623;0.12;0.083;0.073;0.046;0.037
15406;0.408;0.398;0.344;0.398;0.146;0.234;0.2;0.566;0.645;0.134;0.085;0.076;0.044;0.034
15407;0.408;0.398;0.347;0.396;0.144;0.232;0.2;0.564;0.659;0.142;0.085;0.071;0.039;0.034
15408;0.405;0.396;0.344;0.398;0.146;0.234;0.198;0.564;0.676;0.151;0.088;0.073;0.042;0.034
15409;0.4;0.396;0.342;0.4;0.146;0.234;0.193;0.562;0.693;0.164;0.088;0.073;0.046;0.037
15410;0.4;0.396;0.334;0.4;0.149;0.237;0.193;0.564;0.708;0.171;0.09;0.073;0.039;0.034
15411;0.398;0.396;0.339;0.398;0.146;0.237;0.198;0.562;0.72;0.183;0.088;0.073;0.044;0.037
15412;0.398;0.393;0.339;0.398;0.151;0.234;0.2;0.564;0.735;0.19;0.093;0.073;0.044;0.039
15413;0.396;0.396;0.332;0.398;0.154;0.237;0.2;0.564;0.745;0.195;0.09;0.073;0.042;0.034
15414;0.393;0.393;0.337;0.396;0.154;0.234;0.2;0.562;0.754;0.198;0.09;0.071;0.044;0.037
15415;0.393;0.393;0.337;0.393;0.156;0.237;0.2;0.564;0.767;0.208;0.093;0.071;0.044;0.032
15416;0.388;0.393;0.337;0.388;0.159;0.239;0.198;0.566;0.779;0.212;0.093;0.076;0.042;0.034
15417;0.393;0.393;0.337;0.383;0.159;0.234;0.2;0.564;0.791;0.215;0.09;0.071;0.042;0.037
15418;0.393;0.391;0.334;0.376;0.159;0.237;0.198;0.566;0.798;0.215;0.088;0.071;0.044;0.037
15419;0.4;0.396;0.334;0.376;0.161;0.234;0.198;0.564;0.808;0.217;0.088;0.068;0.042;0.034
15420;0.403;0.393;0.334;0.371;0.159;0.237;0.195;0.566;0.82;0.22;0.09;0.071;0.039;0.034
15421;0.405;0.396;0.332;0.371;0.159;0.239;0.195;0.569;0.83;0.215;0.09;0.071;0.042;0.037
15422;0.408;0.393;0.332;0.369;0.159;0.242;0.195;0.566;0.84;0.212;0.088;0.071;0.042;0.037
15423;0.408;0.391;0.334;0.369;0.154;0.242;0.193;0.566;0.847;0.208;0.088;0.071;0.037;0.029
15424;0.41;0.396;0.332;0.371;0.154;0.244;0.195;0.566;0.854;0.208;0.088;0.071;0.044;0.037
15425;0.41;0.393;0.33;0.374;0.156;0.247;0.2;0.569;0.862;0.2;0.088;0.073;0.046;0.037
15426;0.413;0.393;0.33;0.374;0.156;0.244;0.205;0.566;0.867;0.2;0.085;0.071;0.042;0.034
15427;0.41;0.396;0.334;0.376;0.156;0.247;0.21;0.569;0.869;0.19;0.085;0.068;0.039;0.034
15428;0.413;0.396;0.332;0.383;0.156;0.239;0.208;0.566;0.869;0.188;0.085;0.071;0.042;0.034
15429;0.413;0.393;0.327;0.383;0.154;0.239;0.212;0.569;0.869;0.186;0.085;0.073;0.044;0.034
15430;0.415;0.396;0.325;0.383;0.154;0.237;0.208;0.566;0.872;0.181;0.085;0.071;0.042;0.037
15431;0.413;0.396;0.32;0.378;0.151;0.234;0.205;0.566;0.869;0.176;0.081;0.068;0.044;0.034
15432;0.415;0.398;0.32;0.378;0.149;0.232;0.2;0.566;0.864;0.173;0.083;0.073;0.044;0.037
15433;0.42;0.393;0.32;0.371;0.146;0.232;0.203;0.564;0.864;0.168;0.083;0.076;0.046;0.037
15434;0.42;0.396;0.32;0.371;0.149;0.232;0.2;0.566;0.857;0.164;0.081;0.068;0.044;0.034
15435;0.422;0.396;0.31;0.371;0.146;0.227;0.198;0.564;0.85;0.161;0.083;0.071;0.044;0.037
15436;0.425;0.396;0.31;0.369;0.151;0.229;0.198;0.562;0.842;0.159;0.083;0.073;0.042;0.034
15437;0.425;0.396;0.312;0.366;0.151;0.229;0.198;0.562;0.83;0.154;0.081;0.071;0.042;0.032
15438;0.427;0.393;0.31;0.366;0.151;0.232;0.198;0.562;0.818;0.154;0.081;0.073;0.044;0.039
15439;0.425;0.393;0.317;0.366;0.149;0.234;0.195;0.562;0.808;0.154;0.083;0.071;0.046;0.037
15440;0.42;0.393;0.322;0.369;0.151;0.237;0.195;0.559;0.793;0.146;0.078;0.073;0.042;0.029
15441;0.417;0.388;0.317;0.369;0.149;0.234;0.193;0.559;0.784;0.149;0.078;0.073;0.046;0.037
15442;0.415;0.388;0.32;0.374;0.151;0.237;0.195;0.559;0.774;0.149;0.081;0.073;0.037;0.027
15443;0.415;0.383;0.317;0.371;0.149;0.234;0.2;0.559;0.764;0.149;0.081;0.073;0.044;0.037
15444;0.408;0.383;0.317;0.369;0.151;0.234;0.195;0.559;0.754;0.146;0.078;0.073;0.046;0.037
15445;0.405;0.383;0.32;0.366;0.146;0.234;0.198;0.562;0.742;0.142;0.078;0.076;0.044;0.032
15446;0.405;0.383;0.32;0.366;0.146;0.234;0.198;0.562;0.737;0.144;0.076;0.076;0.042;0.032
15447;0.403;0.381;0.327;0.366;0.142;0.232;0.195;0.562;0.73;0.144;0.078;0.073;0.046;0.037
15448;0.403;0.378;0.327;0.371;0.144;0.227;0.193;0.564;0.728;0.149;0.078;0.076;0.049;0.039
15449;0.4;0.378;0.322;0.366;0.144;0.229;0.195;0.562;0.725;0.146;0.073;0.073;0.049;0.032
15450;0.4;0.376;0.327;0.364;0.144;0.234;0.195;0.559;0.715;0.146;0.076;0.073;0.049;0.034
15451;0.403;0.376;0.322;0.364;0.146;0.234;0.195;0.562;0.718;0.151;0.078;0.078;0.049;0.034
15452;0.4;0.371;0.327;0.361;0.151;0.244;0.198;0.559;0.71;0.149;0.076;0.073;0.054;0.034
15453;0.4;0.374;0.327;0.364;0.151;0.244;0.2;0.564;0.71;0.154;0.076;0.073;0.051;0.037
15454;0.4;0.371;0.33;0.364;0.151;0.244;0.198;0.559;0.706;0.156;0.073;0.073;0.054;0.037
15455;0.398;0.374;0.327;0.366;0.151;0.242;0.203;0.562;0.708;0.166;0.078;0.078;0.054;0.034
15456;0.4;0.371;0.327;0.366;0.154;0.244;0.205;0.566;0.701;0.164;0.073;0.076;0.059;0.034
15457;0.403;0.374;0.32;0.371;0.149;0.239;0.205;0.559;0.693;0.166;0.073;0.073;0.056;0.037
15458;0.403;0.374;0.32;0.369;0.149;0.237;0.205;0.564;0.686;0.168;0.071;0.073;0.059;0.037
15459;0.405;0.376;0.315;0.371;0.151;0.234;0.208;0.559;0.679;0.168;0.071;0.071;0.061;0.029
15460;0.408;0.376;0.315;0.371;0.149;0.229;0.208;0.562;0.669;0.171;0.068;0.073;0.063;0.037
15461;0.408;0.378;0.312;0.376;0.146;0.229;0.205;0.559;0.657;0.171;0.068;0.076;0.066;0.037
15462;0.413;0.378;0.312;0.374;0.146;0.229;0.205;0.557;0.645;0.171;0.068;0.073;0.066;0.034
15463;0.415;0.378;0.305;0.378;0.144;0.232;0.2;0.554;0.637;0.171;0.066;0.073;0.068;0.037
15464;0.42;0.381;0.308;0.376;0.144;0.232;0.198;0.554;0.625;0.173;0.066;0.073;0.071;0.032
15465;0.422;0.383;0.305;0.381;0.142;0.237;0.198;0.554;0.62;0.171;0.068;0.081;0.071;0.037
15466;0.422;0.381;0.303;0.381;0.142;0.237;0.198;0.557;0.603;0.166;0.063;0.076;0.073;0.037
15467;0.422;0.383;0.305;0.381;0.144;0.237;0.198;0.554;0.593;0.164;0.063;0.073;0.073;0.034
15468;0.42;0.383;0.308;0.378;0.142;0.237;0.2;0.557;0.579;0.159;0.059;0.068;0.076;0.034
15469;0.417;0.386;0.308;0.376;0.142;0.239;0.203;0.557;0.571;0.164;0.059;0.073;0.073;0.034
15470;0.415;0.386;0.305;0.374;0.142;0.239;0.208;0.557;0.557;0.161;0.059;0.073;0.081;0.037
15471;0.41;0.386;0.31;0.374;0.137;0.237;0.21;0.557;0.547;0.156;0.056;0.073;0.085;0.044
15472;0.408;0.383;0.31;0.371;0.137;0.237;0.212;0.557;0.537;0.156;0.056;0.073;0.081;0.037
15473;0.408;0.388;0.308;0.374;0.134;0.239;0.205;0.557;0.525;0.159;0.054;0.071;0.081;0.034
15474;0.405;0.388;0.312;0.374;0.137;0.239;0.205;0.554;0.513;0.156;0.054;0.068;0.081;0.032
15475;0.403;0.386;0.315;0.369;0.139;0.237;0.2;0.552;0.505;0.156;0.051;0.073;0.085;0.039
15476;0.403;0.386;0.317;0.369;0.142;0.237;0.198;0.554;0.493;0.159;0.051;0.071;0.083;0.037
15477;0.4;0.381;0.322;0.366;0.146;0.234;0.195;0.557;0.481;0.161;0.051;0.073;0.083;0.032
15478;0.4;0.381;0.322;0.369;0.149;0.234;0.195;0.557;0.469;0.164;0.049;0.068;0.085;0.032
15479;0.4;0.381;0.322;0.371;0.149;0.237;0.195;0.559;0.461;0.168;0.051;0.073;0.085;0.034
15480;0.405;0.381;0.327;0.374;0.154;0.237;0.198;0.562;0.454;0.168;0.051;0.071;0.09;0.034
15481;0.405;0.378;0.325;0.374;0.154;0.239;0.198;0.557;0.447;0.171;0.049;0.071;0.088;0.034
15482;0.403;0.381;0.325;0.376;0.151;0.239;0.198;0.559;0.437;0.173;0.049;0.071;0.088;0.034
15483;0.403;0.378;0.33;0.376;0.151;0.239;0.2;0.562;0.427;0.176;0.046;0.071;0.093;0.037
15484;0.408;0.378;0.327;0.378;0.149;0.244;0.203;0.559;0.42;0.171;0.046;0.068;0.093;0.034
15485;0.405;0.378;0.334;0.376;0.149;0.244;0.205;0.559;0.417;0.178;0.049;0.068;0.093;0.034
15486;0.403;0.378;0.334;0.376;0.146;0.242;0.205;0.557;0.408;0.181;0.046;0.071;0.095;0.037
15487;0.405;0.376;0.334;0.376;0.144;0.247;0.203;0.557;0.403;0.178;0.046;0.071;0.093;0.037
15488;0.403;0.378;0.339;0.376;0.144;0.244;0.205;0.559;0.396;0.176;0.044;0.068;0.098;0.037
15489;0.403;0.378;0.337;0.374;0.139;0.247;0.2;0.557;0.388;0.173;0.046;0.068;0.095;0.034
15490;0.405;0.381;0.334;0.376;0.142;0.247;0.2;0.557;0.383;0.173;0.046;0.071;0.095;0.034
15491;0.405;0.381;0.339;0.378;0.139;0.249;0.195;0.557;0.378;0.171;0.046;0.071;0.1;0.042
15492;0.403;0.381;0.339;0.376;0.144;0.249;0.198;0.559;0.374;0.166;0.042;0.071;0.103;0.034
15493;0.4;0.381;0.337;0.376;0.144;0.249;0.198;0.562;0.366;0.164;0.042;0.066;0.103;0.039
15494;0.398;0.378;0.332;0.376;0.144;0.251;0.2;0.557;0.359;0.159;0.039;0.068;0.1;0.039
15495;0.396;0.378;0.327;0.378;0.142;0.249;0.203;0.559;0.359;0.159;0.044;0.068;0.103;0.037
15496;0.393;0.378;0.33;0.378;0.142;0.251;0.205;0.559;0.352;0.151;0.044;0.068;0.105;0.039
15497;0.391;0.378;0.33;0.376;0.137;0.249;0.205;0.559;0.349;0.149;0.044;0.068;0.107;0.042
15498;0.388;0.378;0.332;0.371;0.137;0.247;0.208;0.559;0.347;0.144;0.044;0.071;0.107;0.037
15499;0.388;0.381;0.334;0.371;0.132;0.244;0.208;0.559;0.339;0.137;0.039;0.066;0.105;0.039
15500;0.388;0.378;0.33;0.369;0.129;0.244;0.21;0.559;0.337;0.134;0.042;0.068;0.105;0.037
15501;0.386;0.381;0.33;0.369;0.125;0.244;0.21;0.562;0.33;0.129;0.042;0.068;0.105;0.034
15502;0.381;0.378;0.33;0.366;0.127;0.244;0.208;0.564;0.327;0.127;0.042;0.066;0.107;0.039
15503;0.381;0.378;0.334;0.371;0.129;0.244;0.208;0.562;0.325;0.127;0.042;0.068;0.112;0.042
15504;0.381;0.378;0.334;0.374;0.132;0.242;0.21;0.562;0.317;0.122;0.042;0.071;0.11;0.037
15505;0.383;0.378;0.332;0.376;0.132;0.242;0.21;0.562;0.31;0.117;0.039;0.066;0.11;0.037
15506;0.386;0.378;0.332;0.378;0.132;0.239;0.21;0.562;0.308;0.117;0.042;0.071;0.112;0.039
15507;0.383;0.378;0.327;0.376;0.132;0.242;0.208;0.559;0.305;0.112;0.042;0.068;0.115;0.042
15508;0.383;0.378;0.327;0.376;0.129;0.239;0.208;0.559;0.3;0.112;0.042;0.071;0.115;0.037
15509;0.388;0.376;0.325;0.374;0.129;0.239;0.208;0.562;0.295;0.105;0.039;0.071;0.112;0.037
15510;0.383;0.376;0.327;0.371;0.125;0.237;0.208;0.562;0.291;0.103;0.042;0.068;0.115;0.039
15511;0.388;0.376;0.327;0.369;0.117;0.234;0.208;0.562;0.288;0.103;0.044;0.068;0.117;0.037
15512;0.388;0.374;0.33;0.361;0.12;0.234;0.212;0.562;0.278;0.095;0.034;0.063;0.112;0.037
15513;0.386;0.376;0.334;0.356;0.117;0.234;0.21;0.559;0.281;0.098;0.039;0.071;0.117;0.039
15514;0.391;0.376;0.334;0.356;0.12;0.234;0.21;0.559;0.278;0.093;0.042;0.073;0.12;0.037
15515;0.393;0.381;0.334;0.354;0.12;0.234;0.208;0.557;0.271;0.095;0.044;0.071;0.117;0.037
15516;0.396;0.381;0.337;0.356;0.12;0.237;0.205;0.557;0.266;0.09;0.042;0.071;0.117;0.034
15517;0.4;0.376;0.337;0.359;0.122;0.239;0.205;0.557;0.264;0.088;0.042;0.073;0.117;0.034
15518;0.398;0.381;0.342;0.361;0.122;0.242;0.203;0.557;0.261;0.085;0.042;0.073;0.12;0.037
15519;0.398;0.381;0.339;0.359;0.125;0.239;0.203;0.557;0.259;0.085;0.042;0.073;0.117;0.037
15520;0.398;0.378;0.342;0.364;0.125;0.244;0.203;0.557;0.249;0.083;0.042;0.073;0.12;0.039
15521;0.398;0.381;0.342;0.361;0.122;0.244;0.205;0.559;0.247;0.078;0.042;0.071;0.115;0.034
15522;0.393;0.381;0.342;0.359;0.12;0.244;0.205;0.559;0.244;0.078;0.044;0.071;0.12;0.039
15523;0.393;0.381;0.334;0.361;0.117;0.242;0.205;0.562;0.239;0.076;0.044;0.073;0.12;0.034
15524;0.388;0.381;0.339;0.359;0.117;0.239;0.205;0.562;0.242;0.076;0.046;0.076;0.117;0.034
15525;0.383;0.381;0.334;0.364;0.117;0.237;0.208;0.562;0.237;0.073;0.046;0.076;0.122;0.037
15526;0.381;0.381;0.332;0.361;0.115;0.237;0.21;0.559;0.234;0.071;0.051;0.078;0.125;0.034
15527;0.378;0.383;0.33;0.359;0.12;0.234;0.215;0.562;0.232;0.071;0.049;0.076;0.125;0.039
15528;0.381;0.383;0.327;0.359;0.12;0.237;0.217;0.562;0.229;0.066;0.054;0.076;0.122;0.037
15529;0.378;0.383;0.322;0.361;0.125;0.239;0.22;0.559;0.227;0.068;0.054;0.078;0.122;0.037
15530;0.378;0.383;0.322;0.364;0.122;0.237;0.217;0.559;0.225;0.063;0.054;0.076;0.127;0.039
15531;0.383;0.383;0.317;0.369;0.125;0.239;0.222;0.557;0.225;0.063;0.059;0.073;0.12;0.037
15532;0.383;0.381;0.327;0.374;0.129;0.239;0.222;0.557;0.222;0.063;0.061;0.078;0.12;0.034
15533;0.383;0.381;0.317;0.374;0.132;0.234;0.225;0.559;0.22;0.061;0.063;0.076;0.127;0.037
15534;0.388;0.383;0.327;0.376;0.129;0.234;0.22;0.557;0.22;0.061;0.063;0.076;0.127;0.037
15535;0.388;0.381;0.332;0.374;0.127;0.234;0.22;0.557;0.222;0.059;0.066;0.073;0.127;0.039
15536;0.388;0.381;0.334;0.369;0.132;0.234;0.217;0.557;0.22;0.059;0.071;0.076;0.127;0.034
15537;0.388;0.383;0.337;0.366;0.132;0.234;0.212;0.557;0.222;0.059;0.076;0.076;0.129;0.037
15538;0.388;0.378;0.339;0.361;0.129;0.234;0.21;0.554;0.225;0.056;0.081;0.076;0.127;0.037
15539;0.386;0.378;0.339;0.359;0.129;0.234;0.21;0.557;0.222;0.054;0.083;0.076;0.127;0.034
15540;0.386;0.381;0.342;0.356;0.129;0.234;0.21;0.552;0.225;0.056;0.088;0.076;0.127;0.034
15541;0.381;0.376;0.347;0.354;0.127;0.234;0.21;0.552;0.225;0.051;0.088;0.071;0.129;0.037
15542;0.381;0.376;0.349;0.356;0.127;0.239;0.212;0.549;0.227;0.051;0.095;0.073;0.129;0.032
15543;0.383;0.376;0.352;0.354;0.127;0.237;0.215;0.552;0.227;0.051;0.1;0.073;0.129;0.037
15544;0.381;0.381;0.344;0.359;0.129;0.237;0.217;0.549;0.229;0.049;0.103;0.071;0.132;0.037
15545;0.381;0.376;0.342;0.364;0.125;0.244;0.22;0.552;0.232;0.046;0.105;0.073;0.132;0.032
15546;0.378;0.374;0.347;0.371;0.127;0.244;0.222;0.552;0.229;0.044;0.11;0.071;0.134;0.037
15547;0.376;0.376;0.344;0.374;0.12;0.247;0.222;0.552;0.234;0.046;0.117;0.073;0.137;0.034
15548;0.378;0.376;0.347;0.383;0.112;0.244;0.22;0.554;0.237;0.046;0.12;0.071;0.134;0.032
15549;0.374;0.376;0.344;0.386;0.112;0.247;0.222;0.552;0.237;0.044;0.125;0.073;0.134;0.034
15550;0.376;0.376;0.342;0.391;0.107;0.239;0.22;0.552;0.244;0.046;0.132;0.076;0.137;0.034
15551;0.374;0.374;0.332;0.388;0.11;0.242;0.215;0.554;0.247;0.044;0.132;0.076;0.142;0.034
15552;0.371;0.374;0.327;0.388;0.112;0.237;0.215;0.552;0.251;0.044;0.137;0.073;0.137;0.029
15553;0.369;0.374;0.33;0.391;0.115;0.237;0.21;0.552;0.256;0.042;0.142;0.071;0.142;0.032
15554;0.366;0.371;0.33;0.391;0.117;0.237;0.21;0.552;0.264;0.044;0.144;0.073;0.144;0.034
15555;0.364;0.376;0.33;0.388;0.117;0.234;0.21;0.549;0.273;0.042;0.149;0.076;0.144;0.034
15556;0.364;0.374;0.332;0.388;0.149;0.237;0.215;0.552;0.281;0.042;0.146;0.073;0.144;0.032
15557;0.364;0.374;0.33;0.388;0.278;0.234;0.215;0.552;0.293;0.044;0.142;0.073;0.149;0.032
15558;0.366;0.376;0.332;0.386;0.322;0.234;0.22;0.552;0.3;0.042;0.134;0.071;0.151;0.034
15559;0.369;0.376;0.332;0.386;0.349;0.237;0.217;0.552;0.31;0.044;0.132;0.073;0.146;0.032
15560;0.374;0.378;0.334;0.386;0.312;0.234;0.215;0.554;0.325;0.042;0.127;0.073;0.151;0.034
15561;0.376;0.376;0.334;0.388;0.32;0.237;0.21;0.552;0.337;0.039;0.125;0.071;0.154;0.029
15562;0.376;0.378;0.339;0.388;0.386;0.237;0.215;0.552;0.354;0.042;0.12;0.073;0.156;0.034
15563;0.381;0.383;0.344;0.391;0.352;0.234;0.215;0.547;0.366;0.042;0.12;0.073;0.154;0.032
15564;0.381;0.381;0.344;0.391;0.278;0.239;0.217;0.549;0.383;0.042;0.122;0.073;0.156;0.034
15565;0.386;0.381;0.347;0.391;0.334;0.239;0.217;0.547;0.398;0.042;0.12;0.073;0.161;0.032
15566;0.386;0.381;0.344;0.391;0.378;0.247;0.22;0.547;0.415;0.044;0.122;0.073;0.161;0.032
15567;0.383;0.381;0.342;0.388;0.315;0.249;0.225;0.547;0.427;0.044;0.125;0.073;0.159;0.029
15568;0.388;0.381;0.349;0.393;0.352;0.251;0.225;0.547;0.444;0.046;0.129;0.076;0.164;0.032
15569;0.386;0.383;0.352;0.391;0.312;0.251;0.225;0.549;0.452;0.042;0.132;0.073;0.166;0.034
15570;0.388;0.383;0.354;0.388;0.349;0.254;0.222;0.547;0.461;0.044;0.132;0.073;0.166;0.034
15571;0.386;0.381;0.349;0.386;0.303;0.254;0.22;0.549;0.471;0.039;0.132;0.071;0.164;0.029
15572;0.386;0.383;0.349;0.386;0.291;0.254;0.22;0.552;0.479;0.039;0.137;0.073;0.166;0.032
15573;0.388;0.383;0.347;0.383;0.305;0.254;0.22;0.549;0.486;0.042;0.139;0.071;0.168;0.034
15574;0.383;0.383;0.347;0.381;0.317;0.251;0.22;0.547;0.496;0.042;0.142;0.073;0.168;0.032
15575;0.386;0.383;0.349;0.381;0.293;0.249;0.217;0.549;0.503;0.042;0.144;0.073;0.168;0.029
15576;0.386;0.383;0.344;0.378;0.295;0.247;0.215;0.547;0.513;0.042;0.144;0.073;0.171;0.032
15577;0.386;0.381;0.347;0.376;0.3;0.244;0.212;0.549;0.52;0.042;0.144;0.073;0.171;0.034
15578;0.383;0.383;0.347;0.378;0.33;0.239;0.212;0.549;0.53;0.042;0.146;0.071;0.173;0.032
15579;0.381;0.383;0.349;0.378;0.273;0.242;0.215;0.549;0.54;0.042;0.149;0.071;0.173;0.034
15580;0.383;0.383;0.349;0.378;0.33;0.242;0.217;0.552;0.557;0.044;0.151;0.071;0.173;0.032
15581;0.381;0.383;0.349;0.378;0.32;0.239;0.225;0.552;0.571;0.042;0.149;0.068;0.176;0.037
15582;0.381;0.383;0.352;0.378;0.32;0.244;0.232;0.552;0.586;0.042;0.149;0.071;0.173;0.029
15583;0.376;0.381;0.354;0.378;0.3;0.242;0.234;0.552;0.605;0.042;0.151;0.071;0.173;0.027
15584;0.376;0.381;0.359;0.378;0.334;0.242;0.234;0.552;0.627;0.042;0.151;0.068;0.176;0.032
15585;0.374;0.381;0.356;0.376;0.334;0.242;0.234;0.554;0.645;0.042;0.154;0.071;0.173;0.029
15586;0.374;0.381;0.359;0.378;0.344;0.242;0.232;0.554;0.667;0.042;0.151;0.068;0.178;0.032
15587;0.374;0.383;0.361;0.376;0.305;0.242;0.225;0.554;0.681;0.039;0.151;0.068;0.181;0.034
15588;0.371;0.383;0.354;0.381;0.337;0.239;0.22;0.557;0.693;0.044;0.151;0.071;0.183;0.032
15589;0.376;0.381;0.354;0.381;0.352;0.239;0.215;0.557;0.703;0.042;0.154;0.068;0.181;0.037
15590;0.378;0.381;0.356;0.381;0.33;0.237;0.21;0.557;0.708;0.039;0.156;0.066;0.178;0.029
15591;0.378;0.381;0.356;0.383;0.337;0.239;0.205;0.552;0.71;0.042;0.161;0.068;0.183;0.032
15592;0.381;0.381;0.352;0.386;0.349;0.239;0.203;0.557;0.71;0.039;0.161;0.063;0.183;0.034
15593;0.381;0.383;0.352;0.388;0.349;0.242;0.205;0.557;0.713;0.039;0.168;0.068;0.183;0.034
15594;0.381;0.383;0.354;0.386;0.339;0.239;0.208;0.554;0.72;0.042;0.176;0.066;0.183;0.027
15595;0.381;0.383;0.352;0.391;0.317;0.239;0.212;0.557;0.72;0.042;0.176;0.066;0.186;0.034
15596;0.383;0.386;0.354;0.386;0.339;0.237;0.21;0.557;0.723;0.039;0.183;0.066;0.186;0.034
15597;0.383;0.386;0.349;0.388;0.332;0.239;0.212;0.557;0.723;0.039;0.188;0.066;0.186;0.029
15598;0.381;0.386;0.347;0.388;0.315;0.234;0.212;0.557;0.725;0.042;0.19;0.066;0.183;0.027
15599;0.381;0.386;0.342;0.393;0.317;0.239;0.21;0.559;0.725;0.042;0.193;0.066;0.186;0.032
15600;0.381;0.386;0.339;0.396;0.315;0.239;0.212;0.559;0.73;0.044;0.198;0.068;0.186;0.032
15601;0.378;0.386;0.342;0.4;0.322;0.239;0.212;0.559;0.728;0.039;0.195;0.066;0.188;0.032
15602;0.378;0.383;0.344;0.403;0.303;0.239;0.212;0.559;0.732;0.042;0.195;0.066;0.186;0.029
15603;0.378;0.383;0.339;0.403;0.312;0.237;0.212;0.559;0.732;0.039;0.19;0.068;0.186;0.032
15604;0.381;0.383;0.342;0.4;0.317;0.237;0.215;0.562;0.737;0.042;0.19;0.066;0.188;0.032
15605;0.381;0.383;0.344;0.4;0.295;0.239;0.217;0.559;0.74;0.044;0.188;0.066;0.195;0.037
15606;0.378;0.381;0.354;0.403;0.305;0.237;0.217;0.562;0.745;0.042;0.183;0.068;0.186;0.032
15607;0.376;0.378;0.361;0.403;0.315;0.239;0.22;0.564;0.75;0.042;0.178;0.066;0.188;0.029
15608;0.376;0.381;0.361;0.403;0.317;0.239;0.22;0.566;0.754;0.039;0.178;0.068;0.188;0.034
15609;0.374;0.381;0.364;0.398;0.303;0.237;0.217;0.564;0.754;0.042;0.171;0.068;0.188;0.032
15610;0.371;0.378;0.366;0.396;0.305;0.244;0.217;0.564;0.762;0.042;0.171;0.071;0.188;0.029
15611;0.371;0.378;0.369;0.393;0.308;0.244;0.215;0.566;0.759;0.039;0.166;0.068;0.186;0.032
15612;0.374;0.378;0.371;0.391;0.31;0.244;0.212;0.564;0.767;0.042;0.161;0.068;0.188;0.032
15613;0.374;0.378;0.371;0.398;0.305;0.244;0.215;0.564;0.769;0.039;0.161;0.068;0.186;0.032
15614;0.371;0.378;0.374;0.393;0.312;0.244;0.21;0.564;0.774;0.037;0.159;0.068;0.19;0.034
15615;0.374;0.376;0.374;0.398;0.322;0.244;0.215;0.564;0.781;0.037;0.156;0.068;0.183;0.029
15616;0.376;0.378;0.374;0.393;0.31;0.242;0.217;0.564;0.791;0.039;0.159;0.071;0.19;0.032
15617;0.376;0.376;0.378;0.393;0.305;0.242;0.22;0.564;0.806;0.042;0.159;0.068;0.186;0.032
15618;0.378;0.376;0.376;0.388;0.315;0.244;0.227;0.564;0.82;0.037;0.156;0.071;0.183;0.032
15619;0.378;0.378;0.381;0.388;0.325;0.237;0.227;0.564;0.84;0.039;0.159;0.068;0.188;0.034
15620;0.381;0.378;0.393;0.383;0.325;0.242;0.227;0.566;0.867;0.042;0.166;0.076;0.186;0.032
15621;0.381;0.376;0.374;0.381;0.322;0.237;0.222;0.566;0.896;0.042;0.166;0.073;0.186;0.034
15622;0.383;0.376;0.442;0.378;0.32;0.239;0.225;0.564;0.933;0.042;0.168;0.076;0.186;0.032
15623;0.383;0.378;0.442;0.378;0.325;0.239;0.22;0.564;0.967;0.039;0.171;0.076;0.181;0.029
15624;0.378;0.376;0.469;0.376;0.332;0.242;0.22;0.566;1.011;0.042;0.178;0.078;0.183;0.032
15625;0.378;0.378;0.449;0.381;0.322;0.244;0.217;0.566;1.055;0.039;0.183;0.081;0.183;0.034
15626;0.378;0.378;0.474;0.383;0.322;0.242;0.215;0.564;1.096;0.039;0.188;0.081;0.183;0.034
15627;0.378;0.378;0.447;0.383;0.33;0.244;0.212;0.566;1.14;0.039;0.193;0.076;0.183;0.034
15628;0.376;0.378;0.457;0.386;0.312;0.244;0.215;0.564;1.182;0.042;0.198;0.081;0.183;0.034
15629;0.378;0.378;0.442;0.386;0.32;0.242;0.215;0.566;1.221;0.042;0.203;0.081;0.183;0.034
15630;0.376;0.378;0.442;0.386;0.332;0.239;0.217;0.564;1.255;0.042;0.205;0.083;0.186;0.034
15631;0.378;0.381;0.52;0.388;0.334;0.244;0.22;0.569;1.289;0.042;0.208;0.085;0.181;0.034
15632;0.376;0.378;0.427;0.388;0.337;0.244;0.22;0.566;1.316;0.039;0.21;0.085;0.181;0.037
15633;0.378;0.378;0.374;0.393;0.339;0.242;0.222;0.566;1.34;0.039;0.212;0.088;0.178;0.034
15634;0.378;0.378;0.42;0.391;0.347;0.244;0.22;0.569;1.36;0.042;0.215;0.085;0.181;0.039
15635;0.381;0.378;0.417;0.393;0.347;0.244;0.22;0.569;1.377;0.039;0.217;0.088;0.183;0.037
15636;0.381;0.378;0.403;0.393;0.342;0.242;0.217;0.566;1.394;0.039;0.215;0.088;0.178;0.032
15637;0.381;0.376;0.393;0.393;0.352;0.242;0.215;0.566;1.409;0.039;0.22;0.09;0.178;0.034
15638;0.378;0.376;0.42;0.396;0.356;0.239;0.215;0.571;1.418;0.039;0.215;0.088;0.178;0.034
15639;0.378;0.374;0.403;0.396;0.354;0.244;0.215;0.571;1.436;0.042;0.22;0.093;0.181;0.034
15640;0.374;0.374;0.41;0.393;0.352;0.244;0.215;0.571;1.44;0.039;0.215;0.093;0.176;0.034
15641;0.374;0.371;0.444;0.396;0.352;0.247;0.217;0.571;1.45;0.039;0.212;0.09;0.176;0.032
15642;0.371;0.371;0.481;0.391;0.356;0.247;0.22;0.571;1.455;0.039;0.212;0.093;0.176;0.037
15643;0.378;0.369;0.596;0.388;0.354;0.242;0.22;0.569;1.462;0.039;0.21;0.095;0.173;0.034
15644;0.378;0.369;0.593;0.388;0.344;0.244;0.222;0.569;1.465;0.039;0.212;0.093;0.176;0.034
15645;0.378;0.366;0.5;0.388;0.347;0.242;0.22;0.569;1.467;0.037;0.208;0.088;0.173;0.034
15646;0.383;0.364;0.591;0.386;0.349;0.242;0.217;0.569;1.467;0.039;0.208;0.09;0.176;0.037
15647;0.383;0.366;0.632;0.386;0.352;0.244;0.212;0.571;1.47;0.039;0.21;0.095;0.176;0.037
15648;0.383;0.366;0.657;0.383;0.342;0.244;0.215;0.571;1.467;0.037;0.212;0.095;0.173;0.034
15649;0.383;0.361;0.767;0.383;0.339;0.244;0.212;0.571;1.465;0.042;0.21;0.095;0.176;0.037
15650;0.383;0.364;0.813;0.383;0.344;0.242;0.212;0.569;1.462;0.037;0.212;0.093;0.173;0.034
15651;0.386;0.366;0.828;0.383;0.342;0.244;0.212;0.569;1.467;0.037;0.217;0.093;0.173;0.037
15652;0.383;0.364;1.06;0.386;0.334;0.242;0.215;0.574;1.467;0.039;0.22;0.095;0.173;0.039
15653;0.381;0.361;0.808;0.386;0.334;0.242;0.215;0.569;1.472;0.037;0.225;0.093;0.171;0.037
15654;0.383;0.361;1.362;0.383;0.33;0.242;0.22;0.571;1.475;0.037;0.222;0.093;0.176;0.037
15655;0.381;0.361;4.998;0.381;0.325;0.242;0.222;0.571;1.487;0.039;0.229;0.095;0.173;0.037
15656;0.376;0.361;4.998;0.378;0.325;0.242;0.222;0.571;1.487;0.037;0.229;0.095;0.176;0.034
15657;0.376;0.364;4.998;0.378;0.322;0.239;0.222;0.566;1.499;0.039;0.234;0.093;0.176;0.039
15658;0.376;0.361;4.998;0.378;0.332;0.239;0.22;0.566;1.509;0.042;0.242;0.098;0.173;0.039
15659;0.374;0.359;4.998;0.376;0.33;0.239;0.217;0.566;1.516;0.039;0.242;0.093;0.173;0.037
15660;0.376;0.361;4.998;0.374;0.334;0.239;0.215;0.566;1.523;0.039;0.247;0.095;0.173;0.039
15661;0.376;0.359;4.998;0.376;0.339;0.239;0.215;0.569;1.528;0.034;0.249;0.093;0.171;0.034
15662;0.376;0.361;4.998;0.376;0.344;0.239;0.215;0.566;1.538;0.037;0.251;0.093;0.171;0.034
15663;0.381;0.359;4.998;0.376;0.344;0.237;0.215;0.569;1.548;0.039;0.261;0.095;0.171;0.034
15664;0.378;0.364;4.998;0.378;0.344;0.239;0.215;0.564;1.558;0.037;0.269;0.093;0.176;0.039
15665;0.383;0.364;4.998;0.378;0.352;0.242;0.215;0.566;1.572;0.039;0.271;0.093;0.173;0.037
15666;0.383;0.361;4.998;0.378;0.354;0.247;0.215;0.564;1.587;0.039;0.278;0.09;0.173;0.039
15667;0.381;0.361;4.998;0.378;0.349;0.247;0.215;0.566;1.599;0.039;0.286;0.09;0.176;0.042
15668;0.381;0.366;4.998;0.378;0.347;0.244;0.215;0.564;1.614;0.037;0.291;0.093;0.173;0.037
15669;0.381;0.364;4.998;0.378;0.347;0.249;0.212;0.566;1.626;0.039;0.298;0.093;0.176;0.037
15670;0.383;0.366;4.998;0.376;0.347;0.249;0.215;0.566;1.633;0.039;0.3;0.09;0.178;0.037
15671;0.383;0.366;4.998;0.378;0.347;0.244;0.208;0.566;1.638;0.039;0.3;0.088;0.176;0.039
15672;0.383;0.369;4.998;0.378;0.344;0.244;0.203;0.566;1.643;0.042;0.303;0.093;0.178;0.039
15673;0.383;0.366;4.998;0.381;0.354;0.244;0.198;0.566;1.646;0.039;0.305;0.093;0.178;0.039
15674;0.388;0.366;4.998;0.381;0.356;0.244;0.198;0.566;1.641;0.037;0.305;0.093;0.178;0.039
15675;0.386;0.366;4.998;0.378;0.354;0.244;0.193;0.566;1.638;0.037;0.303;0.088;0.178;0.039
15676;0.388;0.366;4.998;0.378;0.354;0.239;0.193;0.564;1.638;0.039;0.305;0.09;0.178;0.037
15677;0.388;0.366;4.998;0.378;0.356;0.239;0.195;0.566;1.633;0.042;0.308;0.093;0.178;0.039
15678;0.388;0.366;4.998;0.376;0.361;0.239;0.198;0.564;1.628;0.037;0.305;0.09;0.176;0.039
15679;0.386;0.369;4.998;0.381;0.361;0.237;0.198;0.564;1.624;0.039;0.305;0.09;0.178;0.039
15680;0.383;0.371;4.998;0.376;0.356;0.234;0.2;0.566;1.619;0.037;0.308;0.09;0.181;0.037
15681;0.383;0.369;4.998;0.376;0.359;0.234;0.2;0.566;1.614;0.039;0.31;0.093;0.181;0.037
15682;0.383;0.366;4.998;0.374;0.359;0.237;0.203;0.569;1.611;0.037;0.312;0.09;0.178;0.039
15683;0.383;0.371;4.998;0.378;0.356;0.239;0.198;0.569;1.609;0.037;0.315;0.093;0.178;0.034
15684;0.381;0.371;4.998;0.378;0.359;0.239;0.2;0.566;1.606;0.039;0.315;0.093;0.178;0.039
15685;0.378;0.374;4.998;0.378;0.361;0.237;0.198;0.564;1.606;0.039;0.315;0.09;0.176;0.037
15686;0.381;0.369;4.998;0.381;0.364;0.239;0.195;0.564;1.606;0.034;0.315;0.09;0.178;0.037
15687;0.378;0.371;4.998;0.381;0.366;0.239;0.195;0.564;1.611;0.037;0.317;0.095;0.178;0.037
15688;0.381;0.374;4.998;0.376;0.369;0.239;0.195;0.562;1.616;0.039;0.32;0.095;0.181;0.039
15689;0.381;0.374;4.998;0.369;0.369;0.239;0.195;0.562;1.619;0.039;0.317;0.093;0.178;0.034
15690;0.383;0.376;4.998;0.369;0.371;0.242;0.193;0.559;1.621;0.039;0.315;0.095;0.176;0.034
15691;0.386;0.374;4.998;0.369;0.374;0.239;0.193;0.559;1.633;0.042;0.317;0.095;0.181;0.034
15692;0.383;0.374;4.998;0.366;0.374;0.242;0.195;0.559;1.636;0.039;0.315;0.098;0.178;0.034
15693;0.386;0.371;4.998;0.364;0.369;0.242;0.195;0.559;1.643;0.039;0.315;0.098;0.181;0.037
15694;0.383;0.374;4.998;0.361;0.364;0.242;0.195;0.559;1.65;0.039;0.308;0.095;0.176;0.034
15695;0.381;0.374;4.998;0.361;0.364;0.242;0.198;0.557;1.658;0.039;0.305;0.1;0.178;0.037
15696;0.378;0.371;4.998;0.364;0.366;0.242;0.198;0.557;1.665;0.039;0.3;0.098;0.176;0.034
15697;0.378;0.371;4.998;0.366;0.366;0.239;0.198;0.557;1.672;0.042;0.298;0.1;0.176;0.034
15698;0.376;0.366;4.998;0.366;0.369;0.239;0.198;0.557;1.677;0.039;0.293;0.105;0.176;0.037
15699;0.378;0.364;4.998;0.369;0.371;0.237;0.2;0.554;1.685;0.039;0.286;0.105;0.176;0.034
15700;0.376;0.366;4.998;0.371;0.374;0.237;0.198;0.552;1.689;0.037;0.278;0.103;0.173;0.034
15701;0.376;0.364;4.998;0.371;0.374;0.237;0.195;0.554;1.692;0.037;0.278;0.107;0.176;0.037
15702;0.376;0.364;4.998;0.374;0.378;0.237;0.195;0.554;1.697;0.037;0.273;0.105;0.173;0.032
15703;0.376;0.364;4.998;0.376;0.381;0.234;0.193;0.554;1.699;0.039;0.269;0.107;0.173;0.034
15704;0.378;0.364;4.998;0.378;0.383;0.232;0.193;0.554;1.699;0.039;0.266;0.107;0.173;0.034
15705;0.381;0.364;4.998;0.381;0.388;0.232;0.193;0.557;1.704;0.037;0.266;0.107;0.173;0.034
15706;0.386;0.361;4.998;0.381;0.386;0.234;0.195;0.554;1.702;0.039;0.269;0.11;0.171;0.034
15707;0.388;0.364;4.998;0.378;0.386;0.239;0.19;0.554;1.697;0.037;0.269;0.11;0.173;0.039
15708;0.391;0.366;4.998;0.381;0.383;0.234;0.193;0.554;1.694;0.039;0.273;0.11;0.173;0.032
15709;0.388;0.364;4.998;0.381;0.388;0.232;0.19;0.554;1.689;0.037;0.276;0.11;0.168;0.032
15710;0.386;0.361;4.998;0.381;0.386;0.232;0.19;0.554;1.682;0.042;0.286;0.115;0.173;0.034
15711;0.386;0.361;4.998;0.381;0.388;0.232;0.188;0.552;1.675;0.037;0.293;0.117;0.171;0.034
15712;0.388;0.364;4.998;0.381;0.393;0.232;0.19;0.554;1.665;0.039;0.303;0.115;0.171;0.037
15713;0.386;0.364;4.998;0.378;0.393;0.232;0.19;0.554;1.655;0.039;0.312;0.115;0.168;0.032
15714;0.388;0.361;4.998;0.374;0.393;0.232;0.19;0.554;1.646;0.042;0.322;0.117;0.173;0.037
15715;0.388;0.364;4.998;0.374;0.398;0.237;0.19;0.557;1.633;0.039;0.332;0.117;0.171;0.034
15716;0.391;0.361;4.998;0.369;0.4;0.232;0.193;0.559;1.621;0.044;0.342;0.12;0.168;0.037
15717;0.388;0.359;4.998;0.369;0.405;0.237;0.193;0.557;1.609;0.042;0.349;0.12;0.168;0.034
15718;0.386;0.361;4.998;0.366;0.403;0.237;0.195;0.557;1.597;0.044;0.356;0.117;0.168;0.034
15719;0.388;0.361;4.998;0.366;0.403;0.234;0.195;0.557;1.582;0.042;0.359;0.12;0.168;0.037
15720;0.388;0.364;4.998;0.364;0.405;0.234;0.193;0.557;1.56;0.042;0.361;0.12;0.173;0.042
15721;0.393;0.361;4.998;0.364;0.405;0.234;0.19;0.554;1.543;0.039;0.366;0.12;0.159;0.029
15722;0.393;0.364;4.998;0.361;0.408;0.232;0.188;0.554;1.521;0.042;0.369;0.122;0.166;0.037
15723;0.393;0.361;4.998;0.361;0.41;0.232;0.188;0.554;1.499;0.044;0.369;0.12;0.166;0.034
15724;0.396;0.364;4.998;0.364;0.41;0.232;0.188;0.552;1.475;0.044;0.371;0.12;0.164;0.037
15725;0.393;0.364;4.998;0.364;0.41;0.232;0.19;0.557;1.45;0.044;0.376;0.12;0.166;0.037
15726;0.393;0.361;4.998;0.361;0.413;0.229;0.193;0.554;1.431;0.044;0.381;0.12;0.164;0.034
15727;0.393;0.361;4.998;0.359;0.41;0.232;0.193;0.554;1.411;0.044;0.391;0.122;0.164;0.037
15728;0.396;0.361;4.998;0.359;0.41;0.232;0.193;0.554;1.389;0.046;0.405;0.122;0.164;0.034
15729;0.396;0.356;4.998;0.356;0.413;0.227;0.193;0.554;1.37;0.044;0.422;0.122;0.164;0.037
15730;0.396;0.361;4.998;0.354;0.415;0.229;0.195;0.552;1.357;0.049;0.449;0.125;0.161;0.037
15731;0.396;0.364;4.998;0.356;0.408;0.229;0.193;0.552;1.343;0.051;0.471;0.122;0.161;0.034
15732;0.393;0.364;4.998;0.359;0.405;0.232;0.19;0.552;1.328;0.054;0.505;0.122;0.159;0.034
15733;0.396;0.366;4.998;0.361;0.398;0.229;0.188;0.547;1.311;0.059;0.54;0.12;0.161;0.034
15734;0.393;0.359;4.998;0.361;0.396;0.232;0.186;0.549;1.301;0.061;0.571;0.122;0.159;0.037
15735;0.388;0.352;4.998;0.364;0.398;0.232;0.181;0.549;1.289;0.071;0.603;0.122;0.159;0.034
15736;0.391;0.349;4.998;0.369;0.398;0.232;0.176;0.552;1.272;0.073;0.63;0.122;0.154;0.034
15737;0.388;0.342;4.998;0.369;0.396;0.234;0.176;0.552;1.26;0.081;0.657;0.122;0.159;0.034
15738;0.388;0.337;4.998;0.369;0.393;0.229;0.176;0.552;1.245;0.088;0.679;0.12;0.159;0.037
15739;0.386;0.33;4.998;0.371;0.393;0.232;0.176;0.549;1.23;0.095;0.696;0.12;0.154;0.034
15740;0.383;0.33;4.998;0.371;0.393;0.232;0.173;0.549;1.216;0.103;0.71;0.122;0.156;0.034
15741;0.378;0.332;4.998;0.371;0.391;0.234;0.173;0.547;1.201;0.107;0.723;0.122;0.156;0.032
15742;0.376;0.33;4.998;0.371;0.391;0.234;0.173;0.547;1.184;0.112;0.728;0.125;0.154;0.034
15743;0.374;0.327;4.998;0.371;0.391;0.232;0.173;0.547;1.169;0.115;0.735;0.122;0.154;0.032
15744;0.369;0.332;4.998;0.366;0.396;0.234;0.173;0.547;1.155;0.117;0.74;0.122;0.151;0.032
15745;0.371;0.339;4.998;0.366;0.391;0.232;0.173;0.549;1.14;0.122;0.737;0.122;0.156;0.037
15746;0.366;0.344;4.998;0.369;0.391;0.232;0.171;0.549;1.118;0.125;0.737;0.12;0.151;0.034
15747;0.366;0.342;4.998;0.369;0.391;0.229;0.171;0.549;1.106;0.127;0.735;0.125;0.154;0.034
15748;0.366;0.339;4.998;0.371;0.386;0.229;0.171;0.552;1.086;0.129;0.728;0.122;0.149;0.032
15749;0.364;0.337;4.998;0.371;0.386;0.232;0.171;0.554;1.072;0.132;0.728;0.125;0.151;0.034
15750;0.364;0.332;4.998;0.374;0.383;0.232;0.173;0.552;1.055;0.129;0.713;0.127;0.154;0.034
15751;0.366;0.332;4.998;0.376;0.386;0.232;0.176;0.554;1.035;0.127;0.706;0.122;0.149;0.034
15752;0.366;0.337;4.998;0.376;0.386;0.229;0.181;0.552;1.023;0.132;0.691;0.127;0.149;0.034
15753;0.371;0.339;4.998;0.371;0.383;0.239;0.183;0.549;1.006;0.127;0.679;0.125;0.151;0.034
15754;0.378;0.342;4.998;0.371;0.388;0.234;0.188;0.549;0.991;0.127;0.662;0.127;0.149;0.034
15755;0.378;0.342;4.424;0.369;0.383;0.239;0.19;0.549;0.979;0.122;0.645;0.127;0.149;0.034
15756;0.378;0.347;2.271;0.369;0.386;0.242;0.193;0.549;0.964;0.12;0.627;0.127;0.146;0.034
15757;0.381;0.361;1.255;0.369;0.383;0.239;0.188;0.549;0.955;0.12;0.61;0.127;0.151;0.034
15758;0.381;0.369;0.801;0.364;0.381;0.242;0.188;0.549;0.945;0.115;0.591;0.129;0.146;0.032
15759;0.381;0.378;0.847;0.361;0.381;0.239;0.188;0.549;0.935;0.115;0.574;0.129;0.151;0.039
15760;0.381;0.381;0.764;0.364;0.374;0.237;0.181;0.549;0.93;0.112;0.554;0.127;0.146;0.032
15761;0.383;0.383;0.769;0.361;0.374;0.237;0.181;0.547;0.925;0.11;0.537;0.127;0.149;0.037
15762;0.381;0.383;0.776;0.364;0.376;0.234;0.181;0.549;0.923;0.11;0.52;0.129;0.146;0.032
15763;0.381;0.391;0.757;0.364;0.376;0.237;0.176;0.549;0.918;0.105;0.498;0.127;0.146;0.034
15764;0.376;0.388;0.652;0.361;0.371;0.237;0.173;0.549;0.918;0.103;0.481;0.129;0.146;0.032
15765;0.376;0.386;0.713;0.361;0.374;0.237;0.171;0.552;0.92;0.105;0.471;0.132;0.146;0.034
15766;0.376;0.374;0.845;0.359;0.369;0.234;0.168;0.552;0.92;0.103;0.449;0.129;0.146;0.032
15767;0.376;0.369;0.918;0.359;0.371;0.234;0.168;0.549;0.93;0.1;0.439;0.132;0.144;0.034
15768;0.376;0.366;1.348;0.356;0.366;0.234;0.166;0.549;0.933;0.095;0.425;0.132;0.146;0.034
15769;0.371;0.371;0.732;0.364;0.364;0.229;0.173;0.549;0.938;0.093;0.41;0.132;0.146;0.032
15770;0.371;0.369;0.923;0.361;0.364;0.232;0.171;0.549;0.95;0.09;0.396;0.129;0.149;0.034
15771;0.369;0.366;0.886;0.364;0.361;0.232;0.176;0.549;0.964;0.088;0.386;0.134;0.149;0.029
15772;0.366;0.361;1.138;0.369;0.356;0.229;0.178;0.549;0.977;0.088;0.371;0.132;0.144;0.032
15773;0.366;0.361;1.157;0.366;0.356;0.227;0.181;0.547;0.994;0.085;0.361;0.134;0.149;0.032
15774;0.364;0.352;4.949;0.369;0.359;0.227;0.183;0.549;1.011;0.083;0.349;0.132;0.146;0.034
15775;0.366;0.342;4.998;0.369;0.359;0.225;0.186;0.549;1.023;0.083;0.339;0.132;0.146;0.032
15776;0.366;0.337;4.998;0.371;0.359;0.227;0.19;0.552;1.047;0.078;0.33;0.132;0.144;0.027
15777;0.366;0.327;4.998;0.371;0.359;0.229;0.188;0.549;1.062;0.078;0.322;0.134;0.149;0.034
15778;0.369;0.317;4.998;0.369;0.361;0.229;0.19;0.549;1.079;0.078;0.312;0.134;0.149;0.034
15779;0.369;0.312;4.998;0.369;0.361;0.232;0.186;0.547;1.104;0.076;0.303;0.134;0.146;0.032
15780;0.366;0.312;4.998;0.369;0.364;0.232;0.186;0.552;1.121;0.076;0.3;0.134;0.146;0.032
15781;0.369;0.31;4.998;0.366;0.366;0.232;0.181;0.549;1.138;0.073;0.291;0.134;0.149;0.032
15782;0.371;0.31;4.998;0.369;0.366;0.232;0.178;0.549;1.152;0.073;0.286;0.134;0.149;0.032
15783;0.371;0.308;4.998;0.366;0.366;0.232;0.178;0.549;1.165;0.068;0.278;0.132;0.149;0.032
15784;0.376;0.31;4.998;0.369;0.366;0.232;0.176;0.549;1.174;0.068;0.271;0.129;0.149;0.034
15785;0.378;0.32;4.998;0.366;0.366;0.232;0.178;0.549;1.182;0.066;0.269;0.132;0.149;0.032
15786;0.378;0.327;4.998;0.366;0.361;0.229;0.178;0.544;1.189;0.068;0.259;0.132;0.149;0.032
15787;0.381;0.332;4.998;0.366;0.361;0.227;0.178;0.544;1.189;0.066;0.256;0.129;0.151;0.032
15788;0.381;0.339;4.998;0.371;0.364;0.225;0.178;0.544;1.196;0.066;0.254;0.127;0.146;0.029
15789;0.381;0.347;2.808;0.371;0.356;0.222;0.176;0.542;1.194;0.063;0.249;0.132;0.149;0.032
15790;0.376;0.344;1.663;0.371;0.352;0.22;0.173;0.542;1.189;0.063;0.244;0.129;0.149;0.032
15791;0.376;0.344;1.025;0.369;0.356;0.222;0.176;0.542;1.182;0.056;0.237;0.125;0.146;0.029
15792;0.376;0.344;0.72;0.366;0.356;0.222;0.173;0.542;1.182;0.063;0.237;0.125;0.149;0.029
15793;0.374;0.342;0.806;0.366;0.359;0.22;0.168;0.542;1.172;0.059;0.232;0.127;0.146;0.029
15794;0.371;0.344;0.659;0.369;0.356;0.222;0.168;0.54;1.162;0.061;0.229;0.122;0.149;0.032
15795;0.371;0.347;0.654;0.364;0.354;0.225;0.166;0.542;1.152;0.059;0.222;0.12;0.151;0.034
15796;0.371;0.347;0.613;0.364;0.354;0.225;0.164;0.54;1.14;0.059;0.217;0.117;0.146;0.032
15797;0.374;0.352;0.525;0.366;0.349;0.229;0.164;0.542;1.133;0.061;0.217;0.12;0.146;0.032
15798;0.376;0.354;0.664;0.366;0.349;0.229;0.166;0.542;1.121;0.059;0.217;0.12;0.149;0.029
15799;0.376;0.356;0.691;0.369;0.347;0.232;0.168;0.542;1.106;0.059;0.21;0.117;0.149;0.032
15800;0.378;0.359;0.667;0.366;0.344;0.232;0.171;0.542;1.099;0.061;0.21;0.12;0.146;0.029
15801;0.376;0.356;0.686;0.369;0.347;0.229;0.178;0.54;1.089;0.059;0.208;0.115;0.144;0.027
15802;0.376;0.354;0.53;0.371;0.347;0.232;0.181;0.537;1.079;0.059;0.208;0.115;0.146;0.029
15803;0.376;0.347;0.571;0.374;0.347;0.227;0.183;0.537;1.069;0.059;0.198;0.112;0.144;0.029
15804;0.376;0.342;0.618;0.376;0.349;0.225;0.188;0.54;1.062;0.056;0.198;0.112;0.149;0.029
15805;0.376;0.339;0.41;0.376;0.349;0.225;0.188;0.54;1.057;0.056;0.195;0.115;0.146;0.029
15806;0.371;0.332;0.386;0.371;0.354;0.22;0.186;0.54;1.052;0.056;0.193;0.112;0.146;0.029
15807;0.371;0.327;0.369;0.371;0.354;0.217;0.183;0.54;1.045;0.054;0.193;0.11;0.144;0.029
15808;0.371;0.322;0.425;0.371;0.354;0.217;0.188;0.54;1.04;0.054;0.19;0.11;0.144;0.029
15809;0.369;0.322;0.391;0.371;0.356;0.217;0.19;0.542;1.033;0.054;0.188;0.11;0.146;0.027
15810;0.369;0.315;0.364;0.371;0.352;0.22;0.19;0.54;1.023;0.046;0.183;0.105;0.142;0.027
15811;0.369;0.317;0.364;0.374;0.349;0.22;0.19;0.54;1.021;0.051;0.183;0.11;0.144;0.029
15812;0.371;0.327;0.354;0.371;0.347;0.22;0.19;0.537;1.006;0.051;0.181;0.107;0.142;0.029
15813;0.371;0.327;0.366;0.371;0.347;0.222;0.19;0.54;1.001;0.049;0.183;0.107;0.144;0.029
15814;0.376;0.325;0.393;0.371;0.347;0.225;0.186;0.542;0.986;0.054;0.178;0.107;0.142;0.032
15815;0.381;0.334;0.383;0.366;0.344;0.225;0.188;0.54;0.972;0.051;0.178;0.107;0.139;0.027
15816;0.381;0.33;0.393;0.366;0.342;0.227;0.186;0.54;0.955;0.049;0.173;0.107;0.139;0.027
15817;0.383;0.332;0.381;0.361;0.339;0.229;0.181;0.54;0.938;0.049;0.171;0.107;0.139;0.029
15818;0.388;0.334;0.388;0.356;0.337;0.227;0.181;0.537;0.916;0.049;0.171;0.105;0.142;0.027
15819;0.386;0.332;0.417;0.354;0.334;0.229;0.176;0.537;0.898;0.049;0.168;0.105;0.139;0.027
15820;0.391;0.327;0.381;0.352;0.334;0.227;0.173;0.537;0.874;0.042;0.168;0.105;0.139;0.027
15821;0.393;0.325;0.386;0.352;0.33;0.227;0.171;0.537;0.859;0.046;0.166;0.103;0.139;0.027
15822;0.393;0.322;0.41;0.349;0.334;0.227;0.171;0.537;0.837;0.044;0.164;0.105;0.139;0.027
15823;0.393;0.32;0.408;0.347;0.33;0.225;0.171;0.537;0.818;0.046;0.166;0.105;0.137;0.024
15824;0.396;0.322;0.408;0.347;0.332;0.222;0.171;0.54;0.798;0.046;0.164;0.103;0.139;0.027
15825;0.393;0.325;0.393;0.344;0.33;0.222;0.168;0.54;0.781;0.044;0.164;0.103;0.137;0.024
15826;0.388;0.322;0.43;0.344;0.327;0.222;0.171;0.54;0.759;0.044;0.161;0.1;0.137;0.024
15827;0.388;0.32;0.471;0.344;0.33;0.222;0.173;0.54;0.745;0.042;0.161;0.1;0.134;0.024
15828;0.388;0.327;0.471;0.347;0.332;0.222;0.176;0.537;0.728;0.046;0.159;0.103;0.134;0.027
15829;0.388;0.332;0.483;0.344;0.33;0.222;0.178;0.535;0.708;0.042;0.159;0.098;0.137;0.024
15830;0.386;0.337;0.493;0.344;0.332;0.222;0.181;0.535;0.698;0.046;0.164;0.1;0.134;0.027
15831;0.383;0.334;0.449;0.344;0.332;0.222;0.181;0.532;0.681;0.046;0.161;0.098;0.137;0.029
15832;0.378;0.334;0.5;0.347;0.332;0.225;0.181;0.532;0.667;0.046;0.161;0.098;0.134;0.027
15833;0.374;0.332;0.444;0.347;0.332;0.227;0.181;0.537;0.652;0.046;0.159;0.093;0.134;0.024
15834;0.374;0.33;0.469;0.347;0.332;0.225;0.183;0.535;0.64;0.049;0.159;0.098;0.137;0.027
15835;0.366;0.325;0.43;0.347;0.33;0.222;0.183;0.537;0.627;0.049;0.159;0.098;0.134;0.027
15836;0.364;0.325;0.383;0.347;0.334;0.227;0.183;0.535;0.615;0.049;0.156;0.098;0.134;0.024
15837;0.361;0.325;0.371;0.349;0.332;0.225;0.181;0.535;0.605;0.049;0.156;0.093;0.134;0.027
15838;0.359;0.322;0.352;0.352;0.33;0.227;0.183;0.532;0.591;0.049;0.156;0.095;0.132;0.027
15839;0.354;0.327;0.342;0.354;0.322;0.225;0.181;0.535;0.581;0.051;0.156;0.093;0.137;0.027
15840;0.354;0.334;0.339;0.354;0.322;0.222;0.181;0.535;0.571;0.051;0.156;0.095;0.134;0.024
15841;0.352;0.332;0.337;0.354;0.325;0.22;0.181;0.535;0.562;0.051;0.154;0.095;0.132;0.024
15842;0.356;0.334;0.349;0.354;0.322;0.217;0.178;0.537;0.549;0.049;0.154;0.09;0.134;0.027
15843;0.356;0.337;0.347;0.354;0.32;0.22;0.178;0.54;0.544;0.054;0.156;0.09;0.132;0.027
15844;0.356;0.337;0.347;0.354;0.317;0.22;0.178;0.54;0.53;0.051;0.156;0.09;0.132;0.024
15845;0.359;0.339;0.344;0.354;0.32;0.217;0.176;0.54;0.52;0.054;0.156;0.09;0.134;0.029
15846;0.359;0.334;0.342;0.356;0.322;0.217;0.176;0.542;0.513;0.049;0.156;0.093;0.134;0.027
15847;0.354;0.334;0.344;0.352;0.325;0.22;0.176;0.54;0.503;0.049;0.156;0.088;0.132;0.027
15848;0.356;0.33;0.347;0.352;0.322;0.22;0.178;0.537;0.498;0.054;0.164;0.09;0.132;0.029
15849;0.356;0.332;0.356;0.349;0.325;0.222;0.178;0.537;0.488;0.046;0.159;0.088;0.129;0.024
15850;0.356;0.33;0.369;0.352;0.325;0.227;0.181;0.54;0.479;0.046;0.161;0.088;0.132;0.029
15851;0.356;0.327;0.386;0.352;0.327;0.227;0.178;0.54;0.476;0.051;0.166;0.09;0.132;0.029
15852;0.361;0.322;0.444;0.352;0.325;0.229;0.178;0.54;0.466;0.049;0.164;0.09;0.132;0.029
15853;0.361;0.325;0.544;0.354;0.33;0.229;0.176;0.54;0.459;0.046;0.166;0.088;0.129;0.029
15854;0.364;0.317;0.535;0.347;0.327;0.229;0.176;0.542;0.452;0.046;0.166;0.088;0.129;0.027
15855;0.366;0.322;0.542;0.352;0.327;0.229;0.178;0.542;0.444;0.049;0.171;0.088;0.129;0.029
15856;0.369;0.32;0.645;0.352;0.325;0.227;0.181;0.542;0.439;0.046;0.171;0.088;0.132;0.032
15857;0.371;0.322;0.569;0.349;0.327;0.225;0.181;0.54;0.437;0.046;0.171;0.085;0.132;0.027
15858;0.369;0.317;0.647;0.349;0.327;0.222;0.183;0.54;0.43;0.044;0.171;0.083;0.129;0.029
15859;0.369;0.317;0.598;0.347;0.325;0.225;0.183;0.542;0.422;0.044;0.173;0.085;0.129;0.029
15860;0.371;0.32;0.613;0.347;0.325;0.222;0.183;0.542;0.417;0.046;0.176;0.085;0.134;0.029
15861;0.374;0.31;0.51;0.347;0.32;0.225;0.186;0.54;0.41;0.044;0.176;0.085;0.127;0.029
15862;0.378;0.305;0.498;0.349;0.315;0.225;0.188;0.537;0.405;0.044;0.178;0.083;0.129;0.029
15863;0.376;0.303;0.398;0.349;0.315;0.225;0.186;0.537;0.4;0.044;0.181;0.085;0.129;0.032
15864;0.376;0.308;0.396;0.352;0.317;0.222;0.183;0.535;0.393;0.042;0.183;0.083;0.129;0.032
15865;0.378;0.305;0.376;0.352;0.315;0.227;0.183;0.535;0.388;0.044;0.19;0.085;0.127;0.029
15866;0.381;0.31;0.344;0.354;0.312;0.225;0.181;0.537;0.386;0.044;0.193;0.083;0.127;0.029
15867;0.376;0.308;0.342;0.354;0.31;0.229;0.178;0.535;0.381;0.044;0.205;0.085;0.125;0.029
15868;0.376;0.305;0.332;0.352;0.31;0.251;0.176;0.54;0.376;0.042;0.205;0.083;0.129;0.034
15869;0.376;0.312;0.327;0.349;0.315;0.352;0.171;0.537;0.371;0.042;0.21;0.081;0.127;0.032
15870;0.376;0.315;0.32;0.349;0.315;0.369;0.171;0.542;0.371;0.042;0.217;0.083;0.127;0.029
15871;0.374;0.312;0.317;0.347;0.315;0.391;0.171;0.54;0.361;0.042;0.22;0.085;0.125;0.029
15872;0.371;0.315;0.315;0.349;0.315;0.452;0.171;0.537;0.359;0.039;0.225;0.081;0.127;0.032
15873;0.371;0.317;0.31;0.344;0.315;0.408;0.173;0.537;0.359;0.039;0.232;0.083;0.125;0.029
15874;0.366;0.315;0.312;0.347;0.32;0.437;0.178;0.535;0.352;0.042;0.239;0.093;0.125;0.029
15875;0.364;0.315;0.312;0.344;0.32;0.439;0.173;0.535;0.352;0.046;0.247;0.093;0.127;0.032
15876;0.361;0.315;0.31;0.349;0.322;0.435;0.176;0.532;0.347;0.042;0.256;0.095;0.125;0.029
15877;0.361;0.32;0.31;0.347;0.325;0.459;0.178;0.535;0.342;0.039;0.271;0.1;0.125;0.029
15878;0.359;0.315;0.308;0.349;0.327;0.442;0.176;0.535;0.337;0.042;0.286;0.103;0.127;0.034
15879;0.359;0.317;0.308;0.349;0.33;0.444;0.176;0.537;0.334;0.042;0.303;0.112;0.127;0.034
15880;0.361;0.322;0.308;0.349;0.327;0.466;0.178;0.535;0.327;0.039;0.32;0.115;0.125;0.029
15881;0.356;0.32;0.31;0.347;0.33;0.422;0.176;0.537;0.325;0.044;0.339;0.122;0.125;0.032
15882;0.356;0.315;0.31;0.347;0.327;0.435;0.176;0.535;0.325;0.042;0.354;0.127;0.125;0.032
15883;0.359;0.317;0.305;0.342;0.32;0.422;0.176;0.532;0.325;0.042;0.374;0.134;0.125;0.034
15884;0.359;0.315;0.303;0.344;0.322;0.398;0.176;0.537;0.322;0.042;0.393;0.137;0.125;0.032
15885;0.356;0.312;0.305;0.342;0.317;0.393;0.178;0.537;0.317;0.044;0.41;0.142;0.122;0.032
15886;0.356;0.312;0.308;0.339;0.315;0.405;0.178;0.537;0.315;0.042;0.432;0.146;0.125;0.032
15887;0.359;0.308;0.303;0.337;0.31;0.388;0.178;0.54;0.317;0.039;0.459;0.151;0.125;0.032
15888;0.354;0.308;0.298;0.334;0.305;0.42;0.178;0.54;0.312;0.042;0.486;0.156;0.125;0.032
15889;0.356;0.305;0.3;0.332;0.305;0.383;0.183;0.54;0.312;0.039;0.513;0.159;0.125;0.032
15890;0.356;0.305;0.3;0.33;0.305;0.41;0.183;0.537;0.308;0.039;0.542;0.159;0.122;0.032
15891;0.356;0.298;0.3;0.327;0.305;0.417;0.183;0.537;0.31;0.042;0.571;0.161;0.125;0.032
15892;0.354;0.298;0.298;0.327;0.305;0.378;0.181;0.537;0.312;0.042;0.596;0.164;0.125;0.032
15893;0.356;0.298;0.308;0.327;0.305;0.442;0.176;0.537;0.312;0.042;0.623;0.168;0.127;0.034
15894;0.354;0.298;0.3;0.325;0.305;0.425;0.173;0.535;0.312;0.042;0.645;0.171;0.125;0.032
15895;0.354;0.298;0.305;0.317;0.305;0.42;0.171;0.532;0.312;0.039;0.662;0.171;0.122;0.032
15896;0.354;0.303;0.305;0.317;0.303;0.444;0.171;0.535;0.312;0.039;0.684;0.173;0.122;0.032
15897;0.354;0.303;0.303;0.317;0.3;0.408;0.171;0.537;0.315;0.037;0.706;0.173;0.122;0.032
15898;0.354;0.3;0.305;0.315;0.3;0.435;0.171;0.537;0.315;0.034;0.723;0.173;0.125;0.034
15899;0.349;0.3;0.303;0.317;0.298;0.425;0.173;0.535;0.315;0.034;0.735;0.178;0.122;0.032
15900;0.342;0.298;0.308;0.317;0.293;0.408;0.176;0.537;0.317;0.039;0.75;0.178;0.122;0.029
15901;0.339;0.305;0.305;0.317;0.293;0.442;0.176;0.537;0.32;0.034;0.757;0.181;0.122;0.034
15902;0.334;0.298;0.308;0.315;0.293;0.415;0.181;0.537;0.322;0.039;0.769;0.183;0.12;0.034
15903;0.332;0.303;0.308;0.317;0.288;0.413;0.178;0.54;0.32;0.039;0.769;0.186;0.125;0.034
15904;0.327;0.303;0.305;0.325;0.288;0.415;0.181;0.54;0.322;0.037;0.776;0.188;0.12;0.032
15905;0.325;0.303;0.3;0.325;0.288;0.408;0.178;0.537;0.325;0.034;0.776;0.193;0.122;0.034
15906;0.327;0.305;0.303;0.33;0.291;0.43;0.178;0.54;0.327;0.037;0.779;0.195;0.12;0.032
15907;0.33;0.305;0.3;0.327;0.288;0.41;0.176;0.54;0.332;0.042;0.781;0.2;0.12;0.034
15908;0.33;0.305;0.298;0.33;0.286;0.41;0.178;0.542;0.332;0.037;0.774;0.198;0.12;0.032
15909;0.332;0.303;0.295;0.327;0.286;0.415;0.178;0.542;0.33;0.034;0.776;0.198;0.115;0.034
15910;0.339;0.303;0.295;0.33;0.283;0.398;0.178;0.542;0.332;0.034;0.776;0.198;0.115;0.034
15911;0.339;0.31;0.298;0.332;0.281;0.415;0.176;0.542;0.334;0.034;0.774;0.193;0.115;0.034
15912;0.347;0.312;0.293;0.332;0.283;0.408;0.171;0.544;0.332;0.032;0.774;0.19;0.112;0.032
15913;0.349;0.31;0.293;0.334;0.283;0.415;0.173;0.544;0.334;0.034;0.779;0.19;0.12;0.039
15914;0.354;0.308;0.298;0.334;0.283;0.413;0.173;0.542;0.337;0.037;0.786;0.188;0.115;0.034
15915;0.354;0.305;0.293;0.337;0.283;0.415;0.176;0.544;0.337;0.034;0.791;0.186;0.11;0.034
15916;0.354;0.305;0.298;0.344;0.281;0.42;0.173;0.544;0.337;0.032;0.798;0.183;0.115;0.037
15917;0.352;0.305;0.298;0.344;0.281;0.415;0.173;0.544;0.337;0.034;0.808;0.181;0.11;0.034
15918;0.349;0.308;0.295;0.339;0.281;0.413;0.176;0.542;0.342;0.034;0.813;0.178;0.112;0.034
15919;0.349;0.308;0.298;0.339;0.278;0.405;0.176;0.542;0.344;0.037;0.815;0.178;0.11;0.034
15920;0.349;0.31;0.3;0.339;0.276;0.41;0.178;0.542;0.339;0.034;0.815;0.176;0.107;0.034
15921;0.347;0.308;0.298;0.339;0.273;0.403;0.178;0.542;0.344;0.037;0.811;0.171;0.107;0.034
15922;0.347;0.305;0.298;0.339;0.273;0.403;0.176;0.542;0.342;0.039;0.803;0.171;0.105;0.034
15923;0.347;0.305;0.3;0.339;0.273;0.408;0.173;0.542;0.347;0.037;0.793;0.168;0.105;0.034
15924;0.349;0.305;0.298;0.339;0.271;0.405;0.173;0.54;0.349;0.042;0.786;0.168;0.105;0.034
15925;0.349;0.305;0.3;0.337;0.269;0.396;0.168;0.544;0.349;0.039;0.779;0.166;0.105;0.034
15926;0.352;0.308;0.303;0.334;0.269;0.408;0.171;0.544;0.354;0.044;0.774;0.171;0.103;0.037
15927;0.354;0.31;0.3;0.334;0.266;0.396;0.173;0.544;0.352;0.044;0.771;0.173;0.1;0.034
15928;0.354;0.305;0.295;0.334;0.269;0.41;0.176;0.544;0.354;0.044;0.769;0.173;0.098;0.032
15929;0.356;0.305;0.295;0.337;0.271;0.408;0.178;0.542;0.354;0.046;0.767;0.176;0.1;0.034
15930;0.356;0.303;0.293;0.334;0.271;0.4;0.178;0.542;0.356;0.049;0.769;0.176;0.1;0.034
15931;0.352;0.298;0.298;0.332;0.273;0.405;0.176;0.544;0.359;0.049;0.771;0.178;0.098;0.034
15932;0.349;0.298;0.298;0.33;0.276;0.396;0.178;0.544;0.359;0.051;0.776;0.178;0.093;0.029
15933;0.352;0.3;0.295;0.33;0.286;0.403;0.176;0.542;0.364;0.051;0.786;0.178;0.098;0.034
15934;0.344;0.303;0.295;0.33;0.291;0.403;0.178;0.542;0.364;0.051;0.796;0.176;0.098;0.037
15935;0.347;0.305;0.291;0.327;0.293;0.408;0.181;0.542;0.364;0.051;0.808;0.171;0.095;0.037
15936;0.347;0.308;0.293;0.325;0.293;0.4;0.178;0.547;0.369;0.051;0.828;0.171;0.093;0.037
15937;0.344;0.312;0.293;0.325;0.293;0.398;0.178;0.544;0.369;0.056;0.847;0.168;0.095;0.037
15938;0.347;0.312;0.293;0.322;0.293;0.405;0.181;0.544;0.369;0.056;0.862;0.164;0.095;0.039
15939;0.347;0.312;0.295;0.322;0.288;0.396;0.176;0.544;0.371;0.056;0.874;0.164;0.093;0.034
15940;0.349;0.315;0.295;0.32;0.286;0.396;0.173;0.544;0.374;0.059;0.891;0.164;0.085;0.034
15941;0.352;0.317;0.3;0.322;0.283;0.408;0.176;0.542;0.378;0.059;0.901;0.161;0.088;0.037
15942;0.352;0.32;0.3;0.322;0.281;0.405;0.171;0.54;0.378;0.066;0.911;0.156;0.09;0.039
15943;0.349;0.32;0.303;0.325;0.281;0.41;0.168;0.54;0.381;0.068;0.908;0.154;0.088;0.034
15944;0.352;0.32;0.308;0.325;0.276;0.408;0.176;0.54;0.381;0.073;0.906;0.156;0.088;0.037
15945;0.352;0.315;0.305;0.322;0.278;0.4;0.176;0.54;0.381;0.078;0.898;0.149;0.09;0.037
15946;0.352;0.315;0.305;0.322;0.281;0.413;0.181;0.542;0.383;0.078;0.889;0.151;0.085;0.034
15947;0.349;0.31;0.31;0.32;0.278;0.408;0.183;0.544;0.383;0.088;0.879;0.146;0.085;0.037
15948;0.347;0.312;0.305;0.32;0.281;0.405;0.181;0.544;0.388;0.098;0.867;0.146;0.085;0.034
15949;0.344;0.312;0.303;0.322;0.283;0.408;0.183;0.544;0.391;0.105;0.854;0.151;0.085;0.037
15950;0.342;0.31;0.303;0.317;0.286;0.398;0.181;0.542;0.386;0.112;0.837;0.151;0.088;0.039
15951;0.339;0.308;0.3;0.315;0.291;0.408;0.181;0.537;0.388;0.122;0.82;0.154;0.083;0.034
15952;0.339;0.31;0.303;0.315;0.291;0.403;0.178;0.537;0.391;0.134;0.806;0.161;0.085;0.034
15953;0.342;0.308;0.303;0.317;0.291;0.403;0.176;0.535;0.393;0.149;0.786;0.164;0.083;0.037
15954;0.342;0.308;0.303;0.32;0.288;0.413;0.176;0.537;0.393;0.159;0.767;0.171;0.083;0.037
15955;0.342;0.305;0.298;0.32;0.283;0.408;0.171;0.54;0.391;0.168;0.742;0.173;0.081;0.037
15956;0.342;0.3;0.298;0.322;0.276;0.415;0.168;0.54;0.388;0.188;0.723;0.176;0.081;0.034
15957;0.344;0.3;0.3;0.322;0.273;0.413;0.171;0.54;0.386;0.2;0.706;0.183;0.078;0.037
15958;0.347;0.3;0.3;0.325;0.273;0.408;0.176;0.542;0.386;0.222;0.684;0.183;0.078;0.034
15959;0.349;0.3;0.3;0.322;0.269;0.413;0.176;0.54;0.383;0.247;0.669;0.188;0.076;0.037
15960;0.352;0.3;0.298;0.322;0.264;0.408;0.176;0.54;0.381;0.269;0.652;0.19;0.078;0.037
15961;0.354;0.295;0.3;0.322;0.264;0.405;0.181;0.542;0.378;0.298;0.635;0.195;0.076;0.034
15962;0.354;0.298;0.298;0.322;0.261;0.408;0.183;0.54;0.376;0.327;0.62;0.195;0.076;0.034
15963;0.352;0.298;0.298;0.325;0.259;0.41;0.186;0.535;0.371;0.354;0.603;0.198;0.073;0.034
15964;0.349;0.303;0.298;0.322;0.261;0.413;0.186;0.54;0.369;0.386;0.591;0.198;0.076;0.037
15965;0.347;0.303;0.295;0.327;0.261;0.405;0.188;0.54;0.369;0.413;0.581;0.195;0.073;0.034
15966;0.347;0.31;0.298;0.325;0.266;0.41;0.186;0.542;0.366;0.444;0.569;0.195;0.076;0.039
15967;0.347;0.31;0.295;0.327;0.266;0.41;0.19;0.544;0.361;0.474;0.559;0.195;0.071;0.039
15968;0.344;0.312;0.295;0.33;0.264;0.413;0.188;0.544;0.361;0.503;0.547;0.193;0.073;0.039
15969;0.347;0.315;0.295;0.33;0.266;0.417;0.19;0.542;0.359;0.535;0.537;0.193;0.068;0.037
15970;0.349;0.32;0.3;0.332;0.264;0.417;0.19;0.544;0.356;0.564;0.53;0.188;0.068;0.037
15971;0.352;0.322;0.295;0.334;0.259;0.42;0.193;0.542;0.354;0.593;0.522;0.19;0.068;0.037
15972;0.354;0.325;0.298;0.337;0.259;0.415;0.193;0.542;0.352;0.627;0.518;0.188;0.068;0.034
15973;0.356;0.325;0.3;0.342;0.259;0.415;0.195;0.544;0.352;0.664;0.515;0.183;0.073;0.037
15974;0.359;0.325;0.303;0.342;0.259;0.417;0.195;0.542;0.349;0.691;0.513;0.181;0.066;0.032
15975;0.359;0.322;0.305;0.342;0.261;0.415;0.198;0.542;0.347;0.723;0.513;0.181;0.066;0.037
15976;0.361;0.322;0.303;0.344;0.261;0.42;0.195;0.544;0.347;0.754;0.518;0.178;0.063;0.037
15977;0.361;0.325;0.303;0.344;0.269;0.415;0.195;0.544;0.342;0.784;0.515;0.176;0.063;0.032
15978;0.356;0.325;0.305;0.344;0.273;0.417;0.188;0.544;0.339;0.811;0.52;0.173;0.066;0.034
15979;0.356;0.325;0.305;0.344;0.276;0.417;0.186;0.547;0.334;0.837;0.52;0.171;0.059;0.032
15980;0.356;0.325;0.305;0.344;0.281;0.417;0.181;0.549;0.334;0.864;0.53;0.171;0.066;0.034
15981;0.352;0.327;0.305;0.344;0.286;0.422;0.178;0.549;0.334;0.889;0.535;0.171;0.066;0.034
15982;0.352;0.327;0.308;0.342;0.288;0.415;0.173;0.547;0.332;0.913;0.542;0.168;0.063;0.037
15983;0.352;0.327;0.303;0.344;0.293;0.422;0.178;0.549;0.325;0.933;0.544;0.166;0.061;0.037
15984;0.349;0.33;0.305;0.344;0.291;0.42;0.181;0.549;0.325;0.95;0.549;0.171;0.059;0.032
15985;0.349;0.327;0.303;0.342;0.291;0.42;0.181;0.549;0.322;0.972;0.557;0.168;0.061;0.034
15986;0.347;0.325;0.303;0.342;0.288;0.42;0.181;0.552;0.315;0.984;0.554;0.166;0.059;0.037
15987;0.352;0.322;0.303;0.339;0.288;0.417;0.183;0.552;0.312;0.994;0.557;0.166;0.059;0.034
15988;0.354;0.32;0.3;0.339;0.286;0.413;0.186;0.552;0.308;1.001;0.554;0.166;0.059;0.037
15989;0.352;0.317;0.3;0.337;0.291;0.415;0.188;0.549;0.308;1.008;0.557;0.166;0.059;0.032
15990;0.352;0.317;0.298;0.337;0.291;0.408;0.188;0.552;0.305;1.008;0.557;0.166;0.054;0.034
15991;0.354;0.315;0.298;0.337;0.291;0.415;0.186;0.549;0.3;1.003;0.554;0.166;0.059;0.037
15992;0.354;0.315;0.298;0.334;0.288;0.408;0.186;0.552;0.295;1.001;0.554;0.161;0.056;0.034
15993;0.352;0.315;0.293;0.337;0.288;0.41;0.186;0.552;0.295;0.994;0.554;0.164;0.056;0.034
15994;0.354;0.315;0.298;0.339;0.288;0.413;0.181;0.552;0.293;0.981;0.552;0.166;0.054;0.032
15995;0.349;0.317;0.3;0.337;0.288;0.413;0.181;0.552;0.288;0.967;0.547;0.166;0.056;0.034
15996;0.349;0.317;0.3;0.334;0.286;0.417;0.183;0.552;0.283;0.95;0.542;0.164;0.056;0.037
15997;0.349;0.317;0.303;0.334;0.288;0.415;0.188;0.552;0.278;0.935;0.54;0.164;0.056;0.034
15998;0.349;0.322;0.298;0.339;0.288;0.415;0.188;0.549;0.276;0.92;0.535;0.168;0.056;0.034
15999;0.349;0.322;0.3;0.342;0.283;0.417;0.193;0.552;0.273;0.906;0.527;0.166;0.054;0.034
16000;0.349;0.322;0.3;0.342;0.283;0.415;0.193;0.552;0.271;0.889;0.522;0.166;0.051;0.032
16001;0.354;0.322;0.3;0.342;0.283;0.415;0.195;0.554;0.266;0.874;0.515;0.164;0.054;0.034
16002;0.354;0.325;0.303;0.339;0.281;0.415;0.195;0.554;0.264;0.862;0.505;0.164;0.051;0.032
16003;0.354;0.322;0.303;0.337;0.278;0.415;0.195;0.554;0.264;0.847;0.498;0.161;0.054;0.032
16004;0.356;0.325;0.3;0.337;0.278;0.417;0.195;0.552;0.261;0.837;0.488;0.161;0.051;0.032
16005;0.354;0.325;0.298;0.334;0.281;0.417;0.195;0.554;0.259;0.828;0.481;0.161;0.049;0.032
16006;0.349;0.327;0.298;0.33;0.281;0.42;0.198;0.557;0.254;0.815;0.469;0.161;0.051;0.032
16007;0.347;0.325;0.3;0.322;0.281;0.415;0.195;0.554;0.256;0.808;0.459;0.161;0.051;0.034
16008;0.344;0.325;0.3;0.322;0.283;0.415;0.195;0.557;0.251;0.798;0.447;0.159;0.049;0.034
16009;0.344;0.327;0.303;0.322;0.286;0.417;0.195;0.557;0.247;0.784;0.437;0.154;0.051;0.034
16010;0.339;0.322;0.3;0.325;0.286;0.415;0.195;0.557;0.247;0.774;0.425;0.154;0.046;0.032
16011;0.342;0.322;0.3;0.325;0.283;0.417;0.19;0.559;0.244;0.762;0.415;0.154;0.049;0.032
16012;0.339;0.325;0.295;0.33;0.288;0.42;0.188;0.557;0.242;0.75;0.405;0.149;0.049;0.032
16013;0.339;0.325;0.298;0.332;0.293;0.415;0.19;0.557;0.239;0.732;0.393;0.151;0.049;0.032
16014;0.339;0.322;0.303;0.332;0.295;0.415;0.19;0.557;0.239;0.723;0.381;0.146;0.046;0.034
16015;0.342;0.322;0.303;0.325;0.293;0.415;0.193;0.557;0.234;0.708;0.374;0.146;0.046;0.034
16016;0.342;0.322;0.308;0.322;0.295;0.413;0.19;0.559;0.234;0.691;0.366;0.146;0.049;0.032
16017;0.342;0.322;0.308;0.32;0.295;0.413;0.193;0.557;0.229;0.676;0.354;0.146;0.046;0.034
16018;0.342;0.32;0.308;0.317;0.295;0.413;0.19;0.554;0.229;0.659;0.352;0.142;0.049;0.034
16019;0.347;0.322;0.317;0.317;0.298;0.415;0.193;0.554;0.227;0.64;0.342;0.139;0.044;0.032
16020;0.347;0.322;0.312;0.325;0.293;0.413;0.193;0.552;0.227;0.623;0.342;0.139;0.049;0.034
16021;0.347;0.325;0.315;0.322;0.293;0.42;0.193;0.554;0.225;0.605;0.337;0.139;0.049;0.029
16022;0.349;0.325;0.312;0.322;0.293;0.417;0.198;0.554;0.225;0.586;0.334;0.137;0.049;0.034
16023;0.347;0.327;0.312;0.322;0.293;0.417;0.195;0.552;0.222;0.571;0.332;0.134;0.049;0.032
16024;0.349;0.327;0.31;0.33;0.291;0.417;0.193;0.557;0.22;0.549;0.33;0.132;0.046;0.034
16025;0.354;0.327;0.31;0.337;0.288;0.42;0.19;0.554;0.22;0.535;0.327;0.134;0.044;0.032
16026;0.352;0.33;0.31;0.347;0.291;0.417;0.19;0.552;0.217;0.518;0.32;0.134;0.046;0.032
16027;0.354;0.332;0.303;0.352;0.288;0.417;0.193;0.552;0.217;0.5;0.32;0.132;0.049;0.034
16028;0.354;0.334;0.303;0.344;0.291;0.417;0.19;0.552;0.217;0.486;0.315;0.132;0.046;0.032
16029;0.354;0.33;0.298;0.342;0.293;0.42;0.195;0.549;0.215;0.469;0.312;0.132;0.046;0.032
16030;0.356;0.33;0.298;0.342;0.293;0.42;0.193;0.549;0.212;0.454;0.308;0.129;0.044;0.032
16031;0.354;0.325;0.295;0.337;0.293;0.425;0.198;0.552;0.21;0.437;0.303;0.132;0.046;0.037
16032;0.354;0.327;0.298;0.334;0.295;0.425;0.2;0.552;0.21;0.422;0.298;0.129;0.044;0.032
16033;0.359;0.327;0.293;0.334;0.293;0.425;0.203;0.552;0.208;0.405;0.298;0.129;0.044;0.029
16034;0.359;0.327;0.291;0.332;0.288;0.42;0.203;0.552;0.205;0.393;0.291;0.129;0.046;0.032
16035;0.361;0.325;0.293;0.327;0.291;0.422;0.205;0.552;0.208;0.381;0.291;0.132;0.044;0.032
16036;0.356;0.332;0.293;0.327;0.286;0.422;0.205;0.552;0.205;0.366;0.286;0.132;0.044;0.032
16037;0.356;0.33;0.298;0.334;0.288;0.42;0.205;0.549;0.205;0.356;0.293;0.132;0.046;0.034
16038;0.356;0.332;0.303;0.337;0.283;0.42;0.205;0.547;0.205;0.349;0.293;0.137;0.039;0.027
16039;0.352;0.332;0.308;0.332;0.283;0.417;0.203;0.549;0.203;0.337;0.295;0.137;0.044;0.032
16040;0.349;0.332;0.31;0.332;0.278;0.415;0.205;0.549;0.205;0.332;0.3;0.137;0.044;0.032
16041;0.352;0.334;0.315;0.33;0.281;0.413;0.203;0.552;0.203;0.32;0.303;0.137;0.046;0.032
16042;0.354;0.334;0.327;0.33;0.278;0.41;0.2;0.552;0.205;0.312;0.31;0.142;0.044;0.032
16043;0.352;0.334;0.33;0.327;0.281;0.408;0.198;0.552;0.205;0.308;0.32;0.144;0.042;0.034
16044;0.354;0.334;0.337;0.332;0.286;0.408;0.2;0.554;0.208;0.305;0.332;0.149;0.042;0.032
16045;0.356;0.334;0.381;0.33;0.288;0.408;0.198;0.552;0.208;0.295;0.339;0.144;0.044;0.034
16046;0.356;0.334;0.376;0.33;0.291;0.413;0.195;0.549;0.205;0.293;0.349;0.144;0.046;0.032
16047;0.359;0.334;0.359;0.327;0.293;0.413;0.195;0.549;0.21;0.291;0.361;0.144;0.044;0.032
16048;0.359;0.334;0.383;0.327;0.293;0.415;0.19;0.547;0.21;0.283;0.374;0.149;0.044;0.032
16049;0.359;0.334;0.43;0.327;0.295;0.41;0.19;0.549;0.21;0.283;0.383;0.146;0.044;0.032
16050;0.359;0.337;0.452;0.334;0.293;0.417;0.188;0.549;0.212;0.281;0.398;0.149;0.046;0.032
16051;0.359;0.339;0.481;0.342;0.293;0.41;0.186;0.547;0.215;0.278;0.408;0.146;0.046;0.034
16052;0.356;0.342;0.403;0.344;0.298;0.415;0.183;0.544;0.212;0.276;0.417;0.149;0.039;0.029
16053;0.356;0.342;0.374;0.344;0.298;0.413;0.183;0.549;0.215;0.278;0.432;0.149;0.042;0.034
16054;0.354;0.344;0.371;0.339;0.3;0.41;0.181;0.549;0.21;0.281;0.439;0.149;0.044;0.034
16055;0.354;0.344;0.408;0.337;0.305;0.408;0.181;0.549;0.217;0.283;0.454;0.151;0.042;0.032
16056;0.354;0.344;0.408;0.332;0.303;0.405;0.183;0.549;0.215;0.283;0.461;0.149;0.044;0.032
16057;0.354;0.342;0.452;0.327;0.308;0.405;0.183;0.552;0.217;0.286;0.471;0.149;0.042;0.029
16058;0.354;0.342;0.449;0.322;0.305;0.405;0.188;0.549;0.217;0.291;0.476;0.146;0.042;0.029
16059;0.354;0.339;0.452;0.317;0.305;0.408;0.193;0.552;0.217;0.295;0.486;0.149;0.044;0.032
16060;0.356;0.337;0.474;0.315;0.308;0.408;0.195;0.547;0.215;0.298;0.488;0.144;0.044;0.032
16061;0.354;0.337;0.408;0.312;0.31;0.408;0.198;0.549;0.217;0.305;0.498;0.139;0.042;0.029
16062;0.354;0.332;0.398;0.315;0.31;0.405;0.2;0.549;0.217;0.312;0.503;0.137;0.042;0.032
16063;0.354;0.334;0.432;0.322;0.315;0.408;0.2;0.552;0.217;0.32;0.51;0.134;0.042;0.027
16064;0.356;0.337;0.359;0.327;0.312;0.408;0.2;0.549;0.217;0.327;0.518;0.132;0.039;0.029
16065;0.354;0.339;0.381;0.332;0.312;0.408;0.2;0.547;0.222;0.337;0.527;0.129;0.039;0.029
16066;0.354;0.339;0.442;0.33;0.312;0.41;0.198;0.549;0.22;0.344;0.535;0.125;0.042;0.029
16067;0.356;0.339;0.364;0.332;0.312;0.408;0.2;0.549;0.222;0.354;0.549;0.122;0.039;0.032
16068;0.354;0.342;0.383;0.337;0.312;0.405;0.198;0.547;0.222;0.364;0.557;0.12;0.042;0.029
16069;0.354;0.344;0.376;0.334;0.315;0.403;0.198;0.547;0.227;0.376;0.566;0.12;0.039;0.034
16070;0.352;0.342;0.356;0.334;0.312;0.405;0.198;0.549;0.227;0.381;0.576;0.117;0.039;0.029
16071;0.354;0.344;0.339;0.33;0.317;0.405;0.198;0.549;0.225;0.386;0.581;0.11;0.042;0.029
16072;0.352;0.344;0.347;0.325;0.315;0.405;0.2;0.547;0.227;0.391;0.586;0.11;0.037;0.029
16073;0.354;0.344;0.342;0.322;0.312;0.41;0.198;0.547;0.232;0.393;0.596;0.107;0.039;0.027
16074;0.356;0.347;0.322;0.32;0.312;0.41;0.2;0.547;0.232;0.396;0.605;0.103;0.042;0.029
16075;0.356;0.347;0.334;0.317;0.31;0.408;0.195;0.542;0.239;0.398;0.615;0.105;0.039;0.029
16076;0.354;0.349;0.342;0.317;0.308;0.41;0.193;0.547;0.239;0.4;0.623;0.1;0.044;0.029
16077;0.356;0.347;0.332;0.317;0.305;0.41;0.19;0.544;0.242;0.405;0.63;0.1;0.039;0.029
16078;0.354;0.349;0.327;0.32;0.308;0.41;0.188;0.544;0.244;0.405;0.642;0.103;0.039;0.027
16079;0.356;0.347;0.408;0.32;0.308;0.41;0.188;0.547;0.247;0.403;0.647;0.103;0.037;0.029
16080;0.356;0.347;0.999;0.32;0.308;0.41;0.188;0.547;0.249;0.403;0.654;0.112;0.037;0.032
16081;0.356;0.347;1.033;0.32;0.312;0.41;0.188;0.544;0.254;0.4;0.662;0.122;0.039;0.027
16082;0.359;0.352;0.984;0.32;0.312;0.41;0.19;0.547;0.254;0.393;0.667;0.144;0.042;0.032
16083;0.359;0.352;1.255;0.32;0.317;0.408;0.186;0.544;0.256;0.388;0.674;0.176;0.037;0.029
16084;0.359;0.352;3.782;0.325;0.32;0.408;0.188;0.542;0.261;0.386;0.679;0.215;0.039;0.027
16085;0.359;0.349;4.998;0.325;0.32;0.41;0.188;0.542;0.264;0.381;0.684;0.249;0.039;0.029
16086;0.359;0.349;4.998;0.322;0.32;0.405;0.193;0.542;0.266;0.371;0.686;0.288;0.037;0.027
16087;0.361;0.349;4.998;0.32;0.32;0.41;0.195;0.542;0.269;0.364;0.691;0.327;0.042;0.032
16088;0.361;0.344;4.998;0.325;0.32;0.41;0.198;0.542;0.266;0.356;0.693;0.361;0.042;0.032
16089;0.364;0.347;4.998;0.325;0.317;0.408;0.198;0.542;0.269;0.349;0.693;0.393;0.037;0.024
16090;0.366;0.347;4.998;0.33;0.317;0.403;0.193;0.544;0.271;0.342;0.698;0.425;0.039;0.029
16091;0.366;0.344;4.998;0.334;0.317;0.403;0.193;0.542;0.271;0.337;0.701;0.461;0.039;0.029
16092;0.364;0.344;4.998;0.334;0.317;0.4;0.188;0.542;0.276;0.332;0.698;0.491;0.039;0.027
16093;0.364;0.347;4.998;0.332;0.32;0.4;0.186;0.544;0.273;0.325;0.696;0.52;0.039;0.029
16094;0.364;0.344;4.998;0.332;0.32;0.398;0.188;0.544;0.276;0.317;0.693;0.549;0.042;0.029
16095;0.359;0.342;4.998;0.327;0.322;0.398;0.183;0.542;0.278;0.308;0.688;0.581;0.039;0.029
16096;0.361;0.344;4.998;0.325;0.322;0.398;0.181;0.544;0.276;0.3;0.681;0.608;0.037;0.029
16097;0.361;0.342;4.998;0.322;0.322;0.396;0.178;0.542;0.276;0.295;0.669;0.632;0.042;0.029
16098;0.359;0.344;4.998;0.322;0.322;0.396;0.178;0.544;0.281;0.286;0.659;0.657;0.039;0.029
16099;0.359;0.344;4.998;0.32;0.322;0.398;0.183;0.542;0.281;0.278;0.647;0.676;0.037;0.024
16100;0.356;0.342;4.998;0.322;0.322;0.398;0.183;0.544;0.283;0.271;0.637;0.703;0.034;0.027
16101;0.356;0.344;4.998;0.32;0.322;0.4;0.186;0.544;0.286;0.264;0.623;0.723;0.037;0.029
16102;0.356;0.344;4.998;0.325;0.322;0.403;0.186;0.547;0.286;0.254;0.605;0.745;0.039;0.032
16103;0.356;0.339;4.998;0.322;0.322;0.4;0.186;0.542;0.286;0.247;0.591;0.769;0.037;0.029
16104;0.359;0.342;4.998;0.327;0.32;0.4;0.186;0.547;0.286;0.242;0.571;0.793;0.037;0.027
16105;0.359;0.339;4.998;0.325;0.325;0.4;0.186;0.544;0.288;0.232;0.559;0.813;0.042;0.032
16106;0.361;0.342;4.998;0.332;0.325;0.4;0.183;0.547;0.291;0.225;0.542;0.833;0.044;0.037
16107;0.356;0.344;4.998;0.332;0.327;0.403;0.186;0.544;0.288;0.217;0.527;0.842;0.039;0.032
16108;0.356;0.344;4.998;0.332;0.325;0.4;0.19;0.544;0.291;0.21;0.513;0.854;0.037;0.029
16109;0.352;0.344;4.998;0.33;0.332;0.398;0.19;0.542;0.293;0.203;0.503;0.859;0.037;0.027
16110;0.352;0.342;4.998;0.33;0.332;0.398;0.19;0.542;0.295;0.2;0.493;0.862;0.037;0.029
16111;0.352;0.344;4.998;0.332;0.33;0.396;0.193;0.542;0.298;0.193;0.486;0.854;0.039;0.029
16112;0.352;0.347;4.998;0.33;0.327;0.396;0.19;0.544;0.3;0.188;0.479;0.852;0.037;0.034
16113;0.352;0.349;4.998;0.327;0.33;0.396;0.19;0.542;0.303;0.183;0.474;0.85;0.037;0.029
16114;0.354;0.349;4.998;0.325;0.332;0.396;0.193;0.544;0.303;0.176;0.464;0.85;0.034;0.029
16115;0.359;0.349;4.998;0.325;0.33;0.398;0.193;0.542;0.305;0.173;0.461;0.854;0.034;0.032
16116;0.356;0.354;4.998;0.322;0.33;0.396;0.19;0.54;0.305;0.168;0.457;0.859;0.034;0.029
16117;0.359;0.349;4.998;0.325;0.327;0.396;0.193;0.54;0.308;0.164;0.457;0.864;0.032;0.032
16118;0.361;0.352;4.998;0.327;0.322;0.391;0.193;0.54;0.308;0.161;0.461;0.869;0.037;0.032
16119;0.364;0.352;4.998;0.325;0.32;0.388;0.19;0.54;0.31;0.154;0.469;0.874;0.034;0.029
16120;0.361;0.349;4.998;0.327;0.317;0.388;0.19;0.542;0.308;0.151;0.481;0.881;0.034;0.032
16121;0.361;0.352;4.998;0.327;0.315;0.386;0.186;0.54;0.305;0.146;0.496;0.889;0.034;0.027
16122;0.359;0.352;4.998;0.33;0.315;0.386;0.186;0.542;0.303;0.142;0.515;0.896;0.037;0.032
16123;0.352;0.352;4.998;0.325;0.312;0.386;0.186;0.542;0.303;0.139;0.535;0.903;0.037;0.032
16124;0.352;0.352;4.998;0.325;0.315;0.386;0.188;0.542;0.298;0.137;0.554;0.911;0.034;0.032
16125;0.347;0.347;4.998;0.325;0.315;0.386;0.188;0.54;0.3;0.137;0.571;0.92;0.034;0.032
16126;0.347;0.347;4.998;0.322;0.317;0.386;0.19;0.54;0.295;0.129;0.591;0.923;0.034;0.029
16127;0.347;0.344;4.998;0.322;0.32;0.388;0.19;0.537;0.288;0.122;0.605;0.923;0.032;0.032
16128;0.344;0.347;4.998;0.322;0.32;0.388;0.195;0.537;0.293;0.125;0.627;0.925;0.037;0.032
16129;0.347;0.349;4.998;0.322;0.322;0.391;0.193;0.54;0.288;0.12;0.642;0.923;0.034;0.029
16130;0.349;0.347;4.998;0.325;0.327;0.393;0.195;0.54;0.286;0.117;0.657;0.916;0.034;0.034
16131;0.349;0.344;4.998;0.327;0.33;0.391;0.193;0.54;0.281;0.115;0.671;0.903;0.037;0.034
16132;0.352;0.344;4.998;0.332;0.327;0.393;0.19;0.54;0.278;0.112;0.681;0.894;0.034;0.029
16133;0.354;0.342;4.998;0.334;0.33;0.391;0.188;0.54;0.276;0.112;0.693;0.881;0.037;0.034
16134;0.354;0.342;4.998;0.337;0.33;0.391;0.188;0.537;0.271;0.107;0.708;0.869;0.032;0.032
16135;0.356;0.347;4.998;0.339;0.332;0.393;0.183;0.542;0.266;0.107;0.715;0.854;0.032;0.032
16136;0.354;0.347;4.998;0.339;0.327;0.388;0.181;0.537;0.264;0.103;0.725;0.842;0.034;0.032
16137;0.352;0.347;4.998;0.339;0.327;0.388;0.181;0.542;0.259;0.103;0.735;0.825;0.032;0.029
16138;0.344;0.342;4.998;0.344;0.33;0.386;0.178;0.54;0.261;0.103;0.747;0.815;0.034;0.032
16139;0.342;0.342;4.998;0.344;0.327;0.386;0.176;0.542;0.254;0.1;0.754;0.798;0.032;0.029
16140;0.337;0.344;4.998;0.342;0.327;0.383;0.178;0.542;0.254;0.098;0.757;0.784;0.034;0.034
16141;0.334;0.344;4.998;0.342;0.327;0.386;0.178;0.54;0.249;0.098;0.764;0.769;0.034;0.034
16142;0.334;0.342;4.998;0.342;0.325;0.386;0.186;0.537;0.247;0.095;0.769;0.752;0.032;0.032
16143;0.337;0.337;4.998;0.339;0.325;0.386;0.193;0.54;0.242;0.095;0.774;0.735;0.029;0.034
16144;0.337;0.332;4.998;0.339;0.322;0.386;0.19;0.54;0.242;0.09;0.781;0.728;0.032;0.029
16145;0.339;0.33;4.998;0.342;0.32;0.386;0.195;0.542;0.242;0.093;0.791;0.718;0.034;0.034
16146;0.342;0.33;4.998;0.344;0.322;0.388;0.193;0.542;0.237;0.085;0.798;0.71;0.032;0.032
16147;0.339;0.33;4.561;0.342;0.317;0.386;0.193;0.542;0.242;0.088;0.808;0.701;0.032;0.032
16148;0.342;0.332;4.998;0.337;0.322;0.388;0.19;0.542;0.237;0.081;0.813;0.691;0.034;0.037
16149;0.347;0.332;2.51;0.337;0.32;0.386;0.188;0.542;0.239;0.085;0.82;0.688;0.029;0.032
16150;0.347;0.334;2.705;0.332;0.32;0.388;0.186;0.542;0.234;0.083;0.825;0.679;0.032;0.034
16151;0.349;0.339;1.821;0.332;0.325;0.391;0.178;0.54;0.237;0.081;0.828;0.674;0.032;0.034
16152;0.352;0.342;1.611;0.327;0.322;0.388;0.173;0.54;0.237;0.078;0.828;0.667;0.029;0.029
16153;0.349;0.347;1.313;0.327;0.327;0.391;0.171;0.542;0.239;0.078;0.833;0.659;0.029;0.037
16154;0.349;0.347;1.299;0.322;0.332;0.388;0.164;0.54;0.234;0.078;0.828;0.654;0.034;0.039
16155;0.347;0.347;1.101;0.322;0.332;0.388;0.166;0.537;0.237;0.078;0.823;0.647;0.029;0.034
16156;0.347;0.344;1.194;0.317;0.334;0.388;0.164;0.54;0.237;0.073;0.813;0.645;0.032;0.037
16157;0.347;0.347;1.252;0.317;0.337;0.388;0.161;0.54;0.237;0.076;0.811;0.649;0.032;0.034
16158;0.347;0.344;1.099;0.317;0.337;0.388;0.164;0.54;0.242;0.076;0.801;0.652;0.029;0.034
16159;0.347;0.347;1.177;0.315;0.337;0.386;0.164;0.54;0.242;0.078;0.791;0.659;0.032;0.037
16160;0.347;0.347;1.14;0.315;0.337;0.386;0.168;0.542;0.242;0.073;0.781;0.671;0.027;0.029
16161;0.344;0.344;1.116;0.315;0.334;0.386;0.166;0.542;0.242;0.071;0.771;0.681;0.029;0.034
16162;0.347;0.352;1.06;0.315;0.332;0.386;0.168;0.542;0.242;0.071;0.764;0.693;0.029;0.032
16163;0.347;0.356;4.998;0.315;0.327;0.386;0.168;0.542;0.244;0.071;0.757;0.706;0.032;0.034
16164;0.344;0.364;4.998;0.312;0.325;0.391;0.166;0.54;0.247;0.073;0.752;0.718;0.032;0.037
16165;0.347;0.364;4.998;0.315;0.322;0.393;0.188;0.542;0.244;0.073;0.752;0.737;0.032;0.034
16166;0.347;0.366;4.998;0.312;0.317;0.391;0.261;0.542;0.244;0.068;0.745;0.745;0.032;0.037
16167;0.342;0.369;4.998;0.312;0.317;0.391;0.3;0.542;0.247;0.068;0.742;0.757;0.029;0.034
16168;0.339;0.369;4.998;0.312;0.312;0.393;0.388;0.542;0.247;0.066;0.737;0.762;0.029;0.034
16169;0.334;0.369;4.998;0.312;0.312;0.391;0.452;0.54;0.247;0.068;0.732;0.769;0.037;0.034
16170;0.334;0.371;4.998;0.315;0.312;0.391;0.356;0.54;0.247;0.071;0.73;0.776;0.037;0.032
16171;0.332;0.371;4.998;0.312;0.315;0.391;0.378;0.54;0.247;0.068;0.723;0.776;0.039;0.034
16172;0.332;0.364;4.998;0.315;0.317;0.393;0.437;0.537;0.247;0.071;0.718;0.774;0.042;0.032
16173;0.332;0.356;4.998;0.312;0.32;0.393;0.383;0.537;0.244;0.066;0.71;0.769;0.049;0.037
16174;0.334;0.349;4.998;0.31;0.32;0.388;0.354;0.537;0.251;0.068;0.708;0.767;0.054;0.034
16175;0.339;0.352;4.998;0.312;0.32;0.388;0.41;0.537;0.249;0.068;0.701;0.767;0.063;0.037
16176;0.339;0.352;4.998;0.312;0.322;0.388;0.425;0.537;0.247;0.066;0.698;0.759;0.076;0.034
16177;0.339;0.349;4.998;0.315;0.32;0.383;0.308;0.537;0.249;0.068;0.693;0.757;0.085;0.039
16178;0.342;0.347;4.998;0.317;0.327;0.381;0.432;0.537;0.249;0.063;0.691;0.752;0.09;0.029
16179;0.339;0.342;4.998;0.317;0.33;0.378;0.386;0.535;0.254;0.068;0.696;0.75;0.11;0.034
16180;0.339;0.339;4.998;0.32;0.332;0.378;0.339;0.537;0.254;0.066;0.693;0.747;0.125;0.037
16181;0.339;0.337;4.998;0.325;0.334;0.376;0.344;0.54;0.254;0.063;0.686;0.742;0.134;0.034
16182;0.339;0.334;4.998;0.322;0.334;0.376;0.386;0.537;0.256;0.066;0.684;0.74;0.156;0.034
16183;0.339;0.332;4.998;0.325;0.334;0.374;0.312;0.54;0.259;0.063;0.676;0.732;0.176;0.039
16184;0.334;0.327;4.998;0.325;0.334;0.376;0.344;0.537;0.266;0.066;0.671;0.732;0.195;0.034
16185;0.332;0.322;4.998;0.332;0.332;0.376;0.383;0.537;0.266;0.066;0.659;0.725;0.217;0.037
16186;0.33;0.317;4.998;0.33;0.332;0.381;0.31;0.537;0.269;0.061;0.652;0.72;0.239;0.037
16187;0.33;0.315;4.998;0.332;0.33;0.378;0.339;0.537;0.271;0.061;0.642;0.715;0.254;0.034
16188;0.327;0.31;4.998;0.332;0.327;0.378;0.371;0.535;0.271;0.061;0.635;0.715;0.276;0.034
16189;0.33;0.312;4.998;0.332;0.325;0.383;0.33;0.537;0.273;0.066;0.632;0.715;0.291;0.037
16190;0.327;0.312;4.998;0.332;0.322;0.383;0.322;0.537;0.278;0.063;0.627;0.718;0.305;0.032
16191;0.33;0.312;4.998;0.334;0.322;0.386;0.374;0.537;0.283;0.066;0.627;0.718;0.325;0.037
16192;0.327;0.315;4.998;0.332;0.322;0.386;0.347;0.537;0.283;0.061;0.625;0.718;0.337;0.034
16193;0.325;0.32;4.998;0.327;0.322;0.388;0.33;0.537;0.273;0.061;0.632;0.723;0.354;0.032
16194;0.327;0.325;4.998;0.327;0.32;0.388;0.347;0.535;0.264;0.063;0.632;0.728;0.371;0.034
16195;0.322;0.327;4.998;0.327;0.32;0.388;0.356;0.535;0.256;0.061;0.635;0.73;0.388;0.034
16196;0.322;0.327;4.998;0.327;0.32;0.388;0.334;0.535;0.273;0.066;0.64;0.74;0.405;0.037
16197;0.322;0.332;4.998;0.332;0.322;0.388;0.349;0.532;0.256;0.061;0.642;0.745;0.413;0.032
16198;0.322;0.332;4.998;0.33;0.322;0.391;0.359;0.535;0.269;0.063;0.64;0.75;0.425;0.034
16199;0.317;0.339;4.998;0.327;0.32;0.391;0.342;0.532;0.273;0.063;0.64;0.759;0.437;0.037
16200;0.32;0.344;4.998;0.327;0.32;0.386;0.361;0.532;0.259;0.061;0.635;0.767;0.459;0.044
16201;0.32;0.344;4.998;0.325;0.317;0.388;0.361;0.53;0.315;0.063;0.632;0.774;0.454;0.034
16202;0.315;0.349;4.998;0.327;0.317;0.388;0.344;0.53;0.33;0.063;0.627;0.784;0.464;0.034
16203;0.317;0.349;4.998;0.327;0.315;0.391;0.347;0.53;0.342;0.063;0.623;0.786;0.469;0.037
16204;0.317;0.347;4.998;0.33;0.315;0.388;0.339;0.527;0.356;0.063;0.62;0.798;0.474;0.034
16205;0.32;0.349;4.998;0.327;0.317;0.391;0.337;0.525;0.369;0.063;0.615;0.806;0.479;0.034
16206;0.32;0.354;4.998;0.33;0.317;0.391;0.334;0.522;0.378;0.063;0.613;0.806;0.483;0.032
16207;0.322;0.349;4.998;0.332;0.32;0.393;0.352;0.525;0.388;0.063;0.61;0.815;0.488;0.034
16208;0.327;0.352;4.998;0.33;0.317;0.391;0.347;0.522;0.4;0.063;0.608;0.823;0.491;0.037
16209;0.325;0.347;4.998;0.33;0.317;0.391;0.337;0.522;0.41;0.063;0.605;0.823;0.496;0.032
16210;0.322;0.342;4.998;0.332;0.317;0.388;0.361;0.525;0.42;0.066;0.605;0.828;0.498;0.029
16211;0.322;0.342;4.998;0.327;0.322;0.391;0.342;0.525;0.427;0.061;0.605;0.83;0.508;0.034
16212;0.322;0.337;4.998;0.327;0.322;0.391;0.332;0.527;0.437;0.059;0.603;0.825;0.513;0.034
16213;0.322;0.332;4.998;0.327;0.322;0.391;0.347;0.527;0.449;0.061;0.601;0.828;0.518;0.032
16214;0.32;0.325;4.998;0.327;0.322;0.391;0.347;0.53;0.457;0.059;0.601;0.833;0.525;0.034
16215;0.32;0.32;4.998;0.33;0.32;0.391;0.349;0.527;0.469;0.059;0.598;0.837;0.522;0.032
16216;0.315;0.315;4.998;0.33;0.32;0.388;0.342;0.525;0.474;0.061;0.601;0.842;0.525;0.032
16217;0.317;0.312;4.998;0.327;0.322;0.393;0.349;0.525;0.479;0.059;0.596;0.85;0.525;0.034
16218;0.32;0.312;4.998;0.327;0.322;0.391;0.342;0.525;0.488;0.061;0.598;0.854;0.527;0.032
16219;0.317;0.317;4.998;0.325;0.325;0.396;0.342;0.522;0.493;0.059;0.598;0.862;0.525;0.032
16220;0.32;0.312;4.998;0.327;0.322;0.398;0.337;0.525;0.498;0.056;0.593;0.872;0.52;0.032
16221;0.32;0.312;4.998;0.332;0.322;0.398;0.332;0.522;0.5;0.056;0.586;0.881;0.52;0.029
16222;0.32;0.317;4.998;0.334;0.317;0.398;0.337;0.522;0.51;0.056;0.586;0.889;0.518;0.032
16223;0.32;0.315;4.998;0.332;0.32;0.398;0.342;0.522;0.51;0.056;0.576;0.896;0.513;0.034
16224;0.317;0.317;4.998;0.334;0.32;0.396;0.33;0.522;0.515;0.056;0.566;0.903;0.508;0.032
16225;0.315;0.315;4.998;0.334;0.317;0.396;0.339;0.522;0.518;0.056;0.557;0.908;0.51;0.034
16226;0.312;0.31;4.998;0.332;0.317;0.393;0.342;0.522;0.513;0.056;0.549;0.911;0.505;0.029
16227;0.312;0.312;4.998;0.327;0.315;0.391;0.337;0.522;0.515;0.054;0.54;0.916;0.508;0.029
16228;0.315;0.31;4.998;0.327;0.312;0.393;0.334;0.522;0.51;0.056;0.53;0.913;0.505;0.029
16229;0.312;0.308;4.998;0.322;0.312;0.391;0.339;0.52;0.508;0.054;0.522;0.913;0.508;0.032
16230;0.312;0.308;4.998;0.322;0.31;0.391;0.347;0.522;0.5;0.054;0.518;0.911;0.505;0.027
16231;0.317;0.308;4.998;0.322;0.31;0.393;0.332;0.522;0.496;0.056;0.513;0.913;0.51;0.032
16232;0.312;0.31;4.998;0.317;0.31;0.393;0.347;0.522;0.486;0.054;0.505;0.911;0.505;0.029
16233;0.315;0.315;4.998;0.32;0.303;0.391;0.354;0.522;0.486;0.051;0.503;0.918;0.508;0.032
16234;0.312;0.317;4.998;0.317;0.308;0.393;0.342;0.522;0.476;0.054;0.503;0.925;0.508;0.032
16235;0.312;0.322;4.998;0.315;0.305;0.393;0.344;0.522;0.471;0.051;0.503;0.93;0.508;0.029
16236;0.315;0.322;4.998;0.315;0.305;0.393;0.342;0.522;0.461;0.056;0.503;0.94;0.513;0.032
16237;0.312;0.322;4.998;0.317;0.303;0.391;0.349;0.522;0.457;0.051;0.5;0.947;0.52;0.032
16238;0.315;0.327;4.998;0.317;0.303;0.388;0.334;0.522;0.449;0.049;0.5;0.95;0.525;0.029
16239;0.315;0.325;4.998;0.312;0.303;0.388;0.334;0.522;0.444;0.051;0.503;0.957;0.535;0.032
16240;0.312;0.33;4.998;0.312;0.305;0.386;0.342;0.522;0.439;0.049;0.503;0.959;0.544;0.029
16241;0.315;0.327;4.998;0.315;0.305;0.388;0.339;0.522;0.432;0.046;0.505;0.959;0.557;0.032
16242;0.312;0.327;4.998;0.312;0.305;0.386;0.33;0.522;0.43;0.049;0.51;0.959;0.566;0.029
16243;0.308;0.325;4.998;0.31;0.308;0.383;0.339;0.522;0.422;0.049;0.508;0.955;0.583;0.032
16244;0.308;0.327;4.998;0.3;0.31;0.383;0.339;0.522;0.417;0.051;0.51;0.952;0.591;0.029
16245;0.308;0.327;4.998;0.293;0.31;0.383;0.339;0.527;0.415;0.046;0.515;0.95;0.601;0.029
16246;0.305;0.33;4.998;0.293;0.308;0.378;0.337;0.525;0.413;0.046;0.515;0.947;0.613;0.034
16247;0.305;0.332;4.998;0.298;0.305;0.376;0.339;0.525;0.408;0.046;0.515;0.942;0.623;0.029
16248;0.308;0.332;4.998;0.308;0.305;0.378;0.33;0.525;0.408;0.044;0.513;0.935;0.635;0.029
16249;0.31;0.337;4.998;0.312;0.305;0.381;0.327;0.525;0.405;0.046;0.513;0.933;0.649;0.032
16250;0.312;0.334;4.998;0.315;0.303;0.376;0.334;0.522;0.405;0.046;0.513;0.933;0.667;0.034
16251;0.315;0.337;4.998;0.32;0.3;0.378;0.332;0.522;0.403;0.044;0.51;0.925;0.684;0.032
16252;0.315;0.334;4.998;0.312;0.3;0.378;0.339;0.522;0.403;0.044;0.508;0.918;0.701;0.029
16253;0.31;0.334;4.998;0.312;0.298;0.378;0.347;0.522;0.4;0.046;0.508;0.916;0.718;0.029
16254;0.31;0.334;4.998;0.315;0.298;0.378;0.344;0.52;0.398;0.042;0.505;0.903;0.735;0.032
16255;0.308;0.327;4.998;0.317;0.298;0.378;0.344;0.522;0.393;0.042;0.503;0.896;0.747;0.032
16256;0.305;0.322;4.998;0.32;0.298;0.376;0.352;0.522;0.388;0.042;0.503;0.886;0.762;0.029
16257;0.308;0.32;4.998;0.317;0.295;0.374;0.347;0.525;0.376;0.046;0.503;0.876;0.771;0.032
16258;0.308;0.315;4.998;0.315;0.295;0.374;0.342;0.525;0.361;0.044;0.498;0.867;0.786;0.032
16259;0.31;0.312;4.998;0.317;0.298;0.376;0.354;0.525;0.381;0.042;0.498;0.862;0.796;0.034
16260;0.31;0.31;4.998;0.315;0.295;0.376;0.354;0.525;0.386;0.042;0.5;0.852;0.806;0.032
16261;0.31;0.308;4.998;0.315;0.298;0.376;0.352;0.522;0.383;0.044;0.498;0.85;0.815;0.029
16262;0.31;0.308;4.998;0.308;0.3;0.374;0.354;0.522;0.381;0.044;0.5;0.847;0.823;0.029
16263;0.31;0.305;4.998;0.3;0.3;0.371;0.356;0.52;0.374;0.039;0.498;0.837;0.828;0.032
16264;0.31;0.308;4.998;0.3;0.305;0.374;0.349;0.522;0.378;0.042;0.5;0.837;0.833;0.029
16265;0.31;0.308;4.998;0.303;0.305;0.374;0.344;0.525;0.371;0.042;0.5;0.83;0.835;0.034
16266;0.305;0.308;4.998;0.3;0.308;0.374;0.339;0.52;0.364;0.039;0.5;0.823;0.84;0.029
16267;0.303;0.305;4.998;0.298;0.305;0.374;0.337;0.522;0.361;0.039;0.498;0.818;0.842;0.032
16268;0.303;0.303;4.998;0.298;0.305;0.374;0.327;0.525;0.359;0.039;0.498;0.813;0.845;0.029
16269;0.298;0.305;4.998;0.295;0.305;0.374;0.327;0.525;0.354;0.034;0.491;0.808;0.847;0.029
16270;0.298;0.305;4.998;0.288;0.305;0.371;0.325;0.525;0.349;0.039;0.491;0.806;0.85;0.029
16271;0.298;0.303;4.998;0.283;0.305;0.371;0.325;0.527;0.342;0.037;0.486;0.806;0.854;0.029
16272;0.295;0.305;4.998;0.286;0.303;0.369;0.325;0.522;0.339;0.037;0.481;0.808;0.864;0.032
16273;0.3;0.305;4.998;0.295;0.3;0.366;0.327;0.522;0.334;0.037;0.474;0.811;0.872;0.034
16274;0.303;0.308;4.998;0.305;0.295;0.366;0.327;0.52;0.327;0.037;0.471;0.813;0.879;0.032
16275;0.303;0.308;4.998;0.31;0.295;0.364;0.332;0.52;0.325;0.034;0.466;0.82;0.886;0.032
16276;0.308;0.31;4.998;0.31;0.291;0.361;0.339;0.522;0.317;0.034;0.461;0.825;0.896;0.032
16277;0.305;0.312;4.998;0.315;0.291;0.359;0.342;0.522;0.312;0.032;0.457;0.828;0.903;0.029
16278;0.31;0.312;4.998;0.315;0.286;0.359;0.342;0.522;0.312;0.037;0.452;0.835;0.913;0.032
16279;0.31;0.312;4.998;0.31;0.288;0.359;0.344;0.525;0.305;0.032;0.449;0.837;0.918;0.034
16280;0.31;0.31;4.998;0.308;0.288;0.364;0.344;0.527;0.3;0.034;0.444;0.84;0.916;0.029
16281;0.312;0.308;4.998;0.308;0.288;0.361;0.339;0.527;0.295;0.029;0.439;0.842;0.923;0.029
16282;0.312;0.31;4.998;0.303;0.288;0.364;0.352;0.527;0.295;0.034;0.439;0.847;0.925;0.032
16283;0.31;0.308;4.998;0.298;0.288;0.364;0.354;0.527;0.291;0.034;0.435;0.847;0.925;0.029
16284;0.308;0.3;4.998;0.295;0.288;0.364;0.352;0.525;0.286;0.032;0.43;0.852;0.925;0.029
16285;0.305;0.3;4.998;0.298;0.291;0.364;0.352;0.527;0.286;0.032;0.425;0.852;0.925;0.029
16286;0.3;0.298;4.998;0.303;0.288;0.364;0.359;0.527;0.281;0.034;0.417;0.852;0.925;0.032
16287;0.298;0.298;4.998;0.308;0.293;0.364;0.352;0.527;0.278;0.037;0.413;0.852;0.925;0.032
16288;0.303;0.3;4.656;0.308;0.295;0.361;0.344;0.53;0.278;0.039;0.408;0.85;0.925;0.029
16289;0.303;0.298;2.419;0.305;0.293;0.361;0.349;0.527;0.271;0.034;0.398;0.847;0.928;0.029
16290;0.303;0.298;1.323;0.303;0.293;0.361;0.344;0.527;0.269;0.039;0.393;0.845;0.925;0.032
16291;0.303;0.295;0.82;0.303;0.291;0.356;0.342;0.525;0.269;0.042;0.388;0.842;0.925;0.029
16292;0.3;0.293;0.571;0.305;0.293;0.359;0.339;0.527;0.264;0.039;0.376;0.84;0.925;0.029
16293;0.303;0.293;0.474;0.303;0.291;0.356;0.339;0.525;0.266;0.049;0.374;0.84;0.925;0.029
16294;0.303;0.291;0.398;0.308;0.288;0.356;0.332;0.52;0.261;0.042;0.364;0.828;0.925;0.029
16295;0.3;0.288;0.41;0.308;0.288;0.356;0.33;0.522;0.256;0.046;0.354;0.82;0.925;0.029
16296;0.3;0.291;0.364;0.305;0.288;0.354;0.332;0.52;0.254;0.051;0.349;0.815;0.923;0.027
16297;0.295;0.286;0.43;0.305;0.286;0.356;0.33;0.518;0.254;0.051;0.342;0.813;0.925;0.029
16298;0.295;0.286;0.356;0.305;0.283;0.356;0.334;0.52;0.251;0.051;0.334;0.813;0.92;0.029
16299;0.293;0.286;0.425;0.303;0.283;0.354;0.342;0.522;0.251;0.054;0.327;0.811;0.923;0.039
16300;0.293;0.288;0.496;0.3;0.281;0.354;0.342;0.522;0.249;0.056;0.322;0.811;0.92;0.029
16301;0.291;0.288;0.518;0.3;0.278;0.356;0.349;0.52;0.249;0.059;0.315;0.808;0.92;0.029
16302;0.293;0.288;0.403;0.305;0.278;0.359;0.352;0.52;0.249;0.061;0.312;0.808;0.923;0.029
16303;0.291;0.291;0.398;0.303;0.278;0.356;0.352;0.518;0.244;0.059;0.303;0.803;0.92;0.029
16304;0.293;0.291;0.396;0.303;0.278;0.359;0.349;0.52;0.247;0.061;0.298;0.803;0.923;0.032
16305;0.293;0.293;0.396;0.3;0.278;0.356;0.352;0.518;0.244;0.061;0.293;0.801;0.92;0.029
16306;0.3;0.293;0.378;0.298;0.278;0.359;0.349;0.518;0.244;0.063;0.291;0.803;0.92;0.029
16307;0.303;0.291;0.366;0.298;0.276;0.352;0.344;0.52;0.244;0.061;0.283;0.798;0.923;0.029
16308;0.305;0.293;0.374;0.295;0.278;0.356;0.339;0.518;0.242;0.061;0.276;0.798;0.92;0.027
16309;0.3;0.293;0.352;0.295;0.276;0.352;0.339;0.518;0.239;0.061;0.271;0.798;0.925;0.032
16310;0.303;0.293;0.383;0.295;0.278;0.352;0.33;0.52;0.242;0.066;0.271;0.801;0.928;0.029
16311;0.298;0.295;0.398;0.295;0.278;0.354;0.327;0.518;0.242;0.063;0.266;0.803;0.933;0.027
16312;0.295;0.291;0.361;0.293;0.276;0.352;0.327;0.518;0.239;0.061;0.259;0.806;0.938;0.027
16313;0.295;0.291;0.369;0.298;0.273;0.352;0.327;0.518;0.234;0.059;0.251;0.811;0.942;0.027
16314;0.295;0.288;0.396;0.298;0.271;0.354;0.33;0.518;0.234;0.061;0.249;0.813;0.95;0.029
16315;0.298;0.291;0.393;0.3;0.271;0.352;0.332;0.52;0.234;0.059;0.242;0.818;0.952;0.029
16316;0.298;0.293;0.415;0.303;0.271;0.354;0.334;0.518;0.234;0.059;0.239;0.82;0.959;0.029
16317;0.298;0.295;0.386;0.3;0.269;0.352;0.332;0.52;0.234;0.061;0.239;0.825;0.957;0.029
16318;0.298;0.295;0.432;0.3;0.269;0.352;0.337;0.52;0.227;0.059;0.227;0.82;0.962;0.027
16319;0.298;0.295;0.442;0.298;0.269;0.354;0.337;0.518;0.225;0.061;0.225;0.823;0.962;0.029
16320;0.3;0.295;0.403;0.295;0.269;0.359;0.342;0.52;0.225;0.063;0.222;0.823;0.964;0.029
16321;0.3;0.293;0.388;0.291;0.269;0.361;0.349;0.518;0.222;0.061;0.22;0.823;0.962;0.029
16322;0.3;0.293;0.396;0.288;0.269;0.361;0.349;0.52;0.217;0.061;0.215;0.818;0.959;0.032
16323;0.3;0.295;0.391;0.286;0.269;0.361;0.347;0.518;0.217;0.061;0.21;0.82;0.955;0.029
16324;0.3;0.295;0.354;0.286;0.271;0.361;0.347;0.52;0.215;0.061;0.208;0.823;0.95;0.032
16325;0.298;0.295;0.33;0.283;0.271;0.356;0.349;0.52;0.212;0.063;0.208;0.823;0.938;0.024
16326;0.298;0.293;0.317;0.283;0.271;0.361;0.347;0.518;0.21;0.066;0.203;0.823;0.93;0.027
16327;0.298;0.291;0.312;0.283;0.273;0.361;0.349;0.522;0.208;0.066;0.203;0.823;0.923;0.029
16328;0.295;0.293;0.317;0.288;0.273;0.361;0.352;0.52;0.203;0.066;0.198;0.823;0.916;0.029
16329;0.288;0.293;0.315;0.293;0.271;0.359;0.352;0.52;0.2;0.063;0.195;0.825;0.903;0.027
16330;0.291;0.291;0.305;0.291;0.278;0.359;0.347;0.52;0.2;0.061;0.198;0.82;0.896;0.027
16331;0.288;0.291;0.31;0.295;0.273;0.356;0.347;0.518;0.198;0.068;0.2;0.818;0.886;0.032
16332;0.291;0.291;0.303;0.293;0.276;0.354;0.339;0.52;0.195;0.066;0.203;0.815;0.876;0.029
16333;0.291;0.288;0.3;0.293;0.276;0.354;0.327;0.52;0.193;0.068;0.198;0.808;0.864;0.032
16334;0.295;0.283;0.298;0.293;0.273;0.354;0.33;0.52;0.19;0.066;0.2;0.803;0.85;0.029
16335;0.298;0.283;0.293;0.291;0.276;0.356;0.327;0.52;0.19;0.066;0.2;0.793;0.84;0.027
16336;0.3;0.286;0.293;0.291;0.271;0.354;0.332;0.52;0.19;0.068;0.205;0.784;0.823;0.022
16337;0.303;0.281;0.291;0.293;0.273;0.356;0.332;0.518;0.186;0.066;0.205;0.771;0.818;0.029
16338;0.303;0.281;0.293;0.293;0.269;0.359;0.332;0.518;0.183;0.066;0.208;0.759;0.806;0.029
16339;0.305;0.281;0.293;0.293;0.266;0.356;0.337;0.518;0.181;0.066;0.21;0.745;0.796;0.027
16340;0.305;0.281;0.298;0.291;0.261;0.352;0.334;0.518;0.178;0.068;0.212;0.737;0.784;0.027
16341;0.305;0.281;0.298;0.293;0.256;0.354;0.339;0.52;0.178;0.071;0.21;0.72;0.771;0.027
16342;0.305;0.281;0.3;0.291;0.256;0.356;0.337;0.522;0.178;0.071;0.215;0.708;0.762;0.029
16343;0.305;0.281;0.303;0.291;0.254;0.359;0.342;0.52;0.176;0.068;0.21;0.696;0.752;0.029
16344;0.303;0.283;0.305;0.291;0.251;0.361;0.342;0.522;0.176;0.071;0.212;0.681;0.737;0.024
16345;0.3;0.283;0.305;0.288;0.249;0.359;0.347;0.52;0.171;0.071;0.212;0.674;0.73;0.024
16346;0.303;0.286;0.298;0.286;0.249;0.359;0.347;0.522;0.171;0.073;0.21;0.667;0.72;0.027
16347;0.298;0.286;0.295;0.283;0.251;0.354;0.347;0.52;0.168;0.071;0.212;0.659;0.71;0.027
16348;0.298;0.288;0.293;0.281;0.251;0.356;0.347;0.52;0.168;0.073;0.212;0.652;0.703;0.027
16349;0.298;0.288;0.291;0.283;0.251;0.356;0.344;0.522;0.166;0.068;0.208;0.642;0.696;0.024
16350;0.3;0.288;0.286;0.286;0.254;0.354;0.347;0.522;0.166;0.073;0.21;0.642;0.688;0.027
16351;0.298;0.286;0.286;0.283;0.256;0.352;0.344;0.522;0.166;0.073;0.208;0.637;0.681;0.029
16352;0.298;0.286;0.286;0.288;0.254;0.356;0.344;0.522;0.164;0.073;0.208;0.635;0.671;0.027
16353;0.298;0.283;0.283;0.288;0.256;0.354;0.342;0.525;0.161;0.073;0.205;0.635;0.664;0.027
16354;0.3;0.286;0.286;0.288;0.254;0.354;0.347;0.522;0.161;0.073;0.203;0.63;0.659;0.027
16355;0.3;0.286;0.281;0.288;0.254;0.354;0.344;0.522;0.161;0.071;0.2;0.63;0.645;0.024
16356;0.303;0.286;0.283;0.293;0.251;0.356;0.344;0.522;0.164;0.068;0.2;0.63;0.642;0.027
16357;0.3;0.283;0.281;0.286;0.254;0.356;0.342;0.525;0.161;0.071;0.198;0.63;0.632;0.027
16358;0.3;0.283;0.276;0.288;0.251;0.354;0.339;0.522;0.159;0.066;0.193;0.63;0.625;0.027
16359;0.303;0.281;0.276;0.283;0.247;0.356;0.344;0.525;0.161;0.068;0.198;0.635;0.615;0.027
16360;0.3;0.281;0.281;0.283;0.244;0.354;0.347;0.525;0.159;0.068;0.193;0.637;0.61;0.029
16361;0.3;0.281;0.278;0.281;0.242;0.354;0.347;0.525;0.161;0.066;0.19;0.64;0.605;0.029
16362;0.298;0.278;0.276;0.276;0.244;0.356;0.349;0.525;0.159;0.066;0.188;0.645;0.598;0.029
16363;0.298;0.278;0.278;0.273;0.242;0.354;0.344;0.522;0.154;0.063;0.186;0.649;0.591;0.027
16364;0.3;0.273;0.278;0.273;0.242;0.354;0.344;0.52;0.154;0.066;0.186;0.649;0.586;0.027
16365;0.303;0.273;0.283;0.269;0.239;0.354;0.344;0.522;0.151;0.066;0.178;0.649;0.574;0.027
16366;0.303;0.271;0.281;0.266;0.237;0.352;0.349;0.522;0.154;0.063;0.178;0.652;0.569;0.027
16367;0.305;0.271;0.281;0.269;0.237;0.354;0.354;0.525;0.151;0.063;0.173;0.657;0.559;0.024
16368;0.305;0.269;0.281;0.273;0.237;0.352;0.356;0.525;0.151;0.063;0.173;0.659;0.557;0.029
16369;0.31;0.269;0.283;0.276;0.234;0.354;0.356;0.525;0.149;0.061;0.168;0.662;0.547;0.027
16370;0.308;0.266;0.281;0.278;0.239;0.354;0.354;0.525;0.146;0.063;0.168;0.664;0.542;0.024
16371;0.308;0.266;0.281;0.281;0.237;0.352;0.349;0.525;0.146;0.063;0.166;0.669;0.53;0.024
16372;0.308;0.271;0.281;0.281;0.237;0.352;0.349;0.525;0.149;0.063;0.164;0.676;0.52;0.024
16373;0.308;0.271;0.278;0.278;0.234;0.354;0.352;0.527;0.146;0.063;0.161;0.684;0.513;0.027
16374;0.308;0.273;0.281;0.276;0.234;0.354;0.359;0.525;0.146;0.061;0.159;0.688;0.503;0.024
16375;0.31;0.273;0.278;0.276;0.237;0.354;0.361;0.527;0.149;0.063;0.159;0.696;0.493;0.027
16376;0.31;0.278;0.283;0.273;0.239;0.354;0.361;0.527;0.151;0.063;0.156;0.706;0.488;0.024
16377;0.308;0.278;0.276;0.273;0.239;0.354;0.361;0.527;0.154;0.061;0.154;0.715;0.479;0.024
16378;0.31;0.281;0.276;0.269;0.242;0.356;0.359;0.53;0.159;0.061;0.151;0.725;0.476;0.027
16379;0.31;0.281;0.276;0.269;0.244;0.354;0.352;0.53;0.164;0.061;0.151;0.74;0.469;0.027
16380;0.315;0.283;0.273;0.269;0.244;0.356;0.352;0.53;0.173;0.061;0.154;0.764;0.459;0.024
16381;0.317;0.283;0.276;0.271;0.247;0.359;0.352;0.53;0.183;0.061;0.151;0.784;0.459;0.024
16382;0.32;0.283;0.278;0.271;0.247;0.361;0.354;0.527;0.195;0.059;0.151;0.803;0.452;0.027
16383;0.32;0.281;0.276;0.269;0.247;0.366;0.352;0.525;0.208;0.061;0.151;0.825;0.447;0.024
16384;0.322;0.281;0.273;0.271;0.242;0.369;0.354;0.527;0.222;0.059;0.149;0.85;0.442;0.024
16385;0.322;0.278;0.278;0.269;0.242;0.369;0.361;0.525;0.237;0.059;0.151;0.872;0.439;0.027
16386;0.325;0.278;0.273;0.269;0.234;0.369;0.356;0.522;0.254;0.056;0.146;0.896;0.432;0.027
16387;0.322;0.278;0.273;0.266;0.234;0.369;0.361;0.525;0.276;0.061;0.149;0.923;0.425;0.027
16388;0.322;0.278;0.273;0.269;0.232;0.366;0.359;0.525;0.291;0.059;0.149;0.942;0.42;0.024
16389;0.322;0.281;0.276;0.271;0.229;0.361;0.356;0.525;0.31;0.061;0.149;0.959;0.413;0.024
16390;0.32;0.278;0.271;0.276;0.227;0.359;0.356;0.525;0.327;0.059;0.151;0.974;0.405;0.027
16391;0.32;0.278;0.269;0.278;0.225;0.359;0.356;0.525;0.349;0.061;0.151;0.989;0.4;0.029
16392;0.317;0.278;0.269;0.281;0.225;0.354;0.356;0.525;0.364;0.059;0.149;0.996;0.393;0.027
16393;0.317;0.278;0.269;0.283;0.229;0.354;0.356;0.525;0.383;0.059;0.151;1.001;0.393;0.034
16394;0.315;0.276;0.271;0.283;0.229;0.352;0.359;0.525;0.4;0.059;0.149;1.006;0.378;0.027
16395;0.32;0.273;0.273;0.286;0.232;0.352;0.359;0.525;0.42;0.061;0.151;1.013;0.374;0.029
16396;0.32;0.276;0.276;0.286;0.234;0.349;0.359;0.525;0.437;0.061;0.154;1.016;0.366;0.027
16397;0.32;0.271;0.273;0.283;0.239;0.349;0.359;0.527;0.461;0.061;0.154;1.016;0.361;0.029
16398;0.325;0.273;0.276;0.281;0.239;0.349;0.359;0.525;0.483;0.059;0.154;1.013;0.352;0.027
16399;0.32;0.271;0.276;0.281;0.242;0.352;0.359;0.525;0.508;0.061;0.156;1.008;0.347;0.027
16400;0.322;0.271;0.276;0.278;0.237;0.352;0.364;0.525;0.525;0.063;0.159;0.999;0.339;0.024
16401;0.32;0.269;0.273;0.276;0.234;0.354;0.359;0.527;0.547;0.066;0.164;0.989;0.332;0.029
16402;0.32;0.269;0.281;0.278;0.232;0.354;0.359;0.527;0.532;0.063;0.161;0.979;0.332;0.029
16403;0.322;0.269;0.278;0.278;0.229;0.356;0.352;0.53;0.588;0.059;0.164;0.967;0.317;0.027
16404;0.325;0.266;0.283;0.273;0.229;0.359;0.354;0.532;0.605;0.061;0.161;0.952;0.312;0.027
16405;0.322;0.266;0.283;0.276;0.229;0.361;0.354;0.53;0.615;0.063;0.164;0.945;0.308;0.032
16406;0.32;0.269;0.281;0.276;0.229;0.361;0.349;0.53;0.625;0.061;0.164;0.933;0.3;0.027
16407;0.32;0.269;0.283;0.278;0.232;0.361;0.352;0.53;0.637;0.063;0.166;0.92;0.295;0.029
16408;0.317;0.269;0.283;0.278;0.232;0.364;0.354;0.532;0.642;0.061;0.166;0.901;0.291;0.029
16409;0.317;0.271;0.278;0.276;0.232;0.366;0.352;0.53;0.645;0.063;0.166;0.886;0.286;0.029
16410;0.32;0.273;0.283;0.278;0.234;0.366;0.349;0.527;0.647;0.063;0.168;0.872;0.278;0.027
16411;0.325;0.273;0.278;0.281;0.237;0.366;0.354;0.527;0.645;0.061;0.168;0.857;0.269;0.024
16412;0.327;0.273;0.281;0.281;0.242;0.366;0.349;0.53;0.642;0.061;0.166;0.845;0.269;0.032
16413;0.327;0.273;0.281;0.283;0.244;0.366;0.347;0.53;0.635;0.063;0.168;0.833;0.261;0.027
16414;0.327;0.273;0.276;0.286;0.247;0.366;0.349;0.53;0.627;0.063;0.168;0.828;0.254;0.029
16415;0.327;0.269;0.276;0.283;0.249;0.366;0.344;0.532;0.62;0.068;0.171;0.82;0.249;0.029
16416;0.33;0.271;0.281;0.288;0.247;0.361;0.344;0.532;0.613;0.066;0.173;0.82;0.244;0.027
16417;0.327;0.273;0.278;0.286;0.249;0.361;0.347;0.53;0.605;0.066;0.171;0.82;0.234;0.029
16418;0.327;0.273;0.281;0.286;0.249;0.364;0.342;0.532;0.591;0.073;0.173;0.82;0.234;0.029
16419;0.33;0.273;0.276;0.288;0.251;0.359;0.344;0.532;0.586;0.071;0.171;0.825;0.227;0.029
16420;0.327;0.273;0.281;0.288;0.249;0.361;0.344;0.53;0.581;0.076;0.176;0.825;0.225;0.029
16421;0.327;0.276;0.281;0.291;0.251;0.359;0.344;0.532;0.566;0.085;0.178;0.83;0.222;0.029
16422;0.327;0.273;0.278;0.291;0.251;0.361;0.349;0.53;0.564;0.078;0.176;0.83;0.215;0.027
16423;0.327;0.273;0.276;0.295;0.251;0.361;0.349;0.532;0.557;0.081;0.178;0.83;0.212;0.029
16424;0.322;0.276;0.278;0.293;0.249;0.366;0.352;0.532;0.544;0.083;0.178;0.842;0.215;0.032
16425;0.322;0.276;0.276;0.293;0.251;0.369;0.352;0.532;0.544;0.081;0.171;0.854;0.208;0.024
16426;0.322;0.276;0.281;0.293;0.249;0.369;0.349;0.532;0.547;0.083;0.178;0.876;0.208;0.029
16427;0.322;0.278;0.283;0.291;0.254;0.374;0.352;0.532;0.544;0.088;0.178;0.901;0.205;0.029
16428;0.32;0.276;0.283;0.288;0.256;0.374;0.352;0.53;0.542;0.09;0.181;0.92;0.203;0.029
16429;0.32;0.276;0.281;0.286;0.256;0.374;0.349;0.53;0.552;0.09;0.183;0.945;0.203;0.032
16430;0.315;0.276;0.286;0.286;0.259;0.381;0.354;0.532;0.544;0.093;0.186;0.959;0.193;0.029
16431;0.315;0.273;0.283;0.288;0.256;0.378;0.349;0.535;0.549;0.103;0.19;0.977;0.19;0.029
16432;0.317;0.269;0.283;0.291;0.259;0.381;0.349;0.535;0.559;0.107;0.188;0.991;0.188;0.029
16433;0.317;0.271;0.288;0.293;0.259;0.378;0.352;0.532;0.562;0.112;0.193;1.006;0.183;0.029
16434;0.317;0.271;0.286;0.293;0.259;0.378;0.356;0.532;0.566;0.122;0.195;1.016;0.181;0.029
16435;0.32;0.273;0.293;0.293;0.261;0.378;0.356;0.53;0.574;0.127;0.195;1.025;0.178;0.034
16436;0.322;0.273;0.288;0.295;0.259;0.381;0.359;0.53;0.579;0.137;0.198;1.035;0.168;0.027
16437;0.325;0.271;0.291;0.298;0.261;0.378;0.356;0.53;0.593;0.139;0.195;1.038;0.166;0.029
16438;0.327;0.271;0.286;0.3;0.261;0.381;0.359;0.53;0.605;0.149;0.195;1.042;0.161;0.029
16439;0.327;0.271;0.286;0.3;0.264;0.381;0.356;0.532;0.613;0.154;0.195;1.045;0.159;0.029
16440;0.33;0.271;0.291;0.298;0.264;0.383;0.356;0.53;0.62;0.161;0.19;1.042;0.154;0.029
16441;0.334;0.269;0.288;0.295;0.264;0.383;0.352;0.53;0.623;0.166;0.188;1.045;0.151;0.032
16442;0.334;0.271;0.293;0.293;0.264;0.386;0.349;0.532;0.645;0.171;0.19;1.05;0.146;0.029
16443;0.337;0.271;0.291;0.298;0.269;0.393;0.344;0.532;0.652;0.171;0.181;1.05;0.144;0.032
16444;0.337;0.271;0.293;0.298;0.271;0.391;0.347;0.535;0.659;0.168;0.178;1.055;0.139;0.029
16445;0.334;0.266;0.288;0.3;0.269;0.391;0.344;0.535;0.674;0.173;0.181;1.064;0.137;0.029
16446;0.334;0.266;0.293;0.303;0.271;0.391;0.339;0.532;0.679;0.173;0.176;1.069;0.134;0.032
16447;0.334;0.269;0.293;0.3;0.276;0.393;0.342;0.535;0.686;0.173;0.173;1.067;0.129;0.029
16448;0.334;0.269;0.298;0.298;0.273;0.393;0.344;0.535;0.693;0.173;0.178;1.072;0.127;0.032
16449;0.332;0.269;0.298;0.298;0.271;0.391;0.342;0.535;0.698;0.173;0.173;1.069;0.12;0.029
16450;0.337;0.269;0.298;0.3;0.273;0.393;0.344;0.537;0.703;0.176;0.173;1.067;0.117;0.032
16451;0.334;0.269;0.295;0.3;0.271;0.391;0.344;0.535;0.708;0.171;0.178;1.067;0.12;0.032
16452;0.339;0.271;0.295;0.303;0.271;0.383;0.347;0.532;0.71;0.171;0.178;1.062;0.115;0.029
16453;0.339;0.269;0.3;0.3;0.269;0.386;0.347;0.535;0.713;0.171;0.183;1.057;0.115;0.032
16454;0.337;0.266;0.3;0.3;0.269;0.386;0.349;0.535;0.713;0.168;0.188;1.052;0.112;0.032
16455;0.337;0.271;0.305;0.298;0.264;0.386;0.354;0.537;0.72;0.168;0.198;1.052;0.117;0.034
16456;0.337;0.269;0.31;0.298;0.264;0.381;0.354;0.535;0.715;0.164;0.203;1.047;0.115;0.032
16457;0.332;0.266;0.31;0.3;0.264;0.378;0.356;0.535;0.715;0.164;0.212;1.045;0.115;0.032
16458;0.334;0.271;0.312;0.303;0.261;0.376;0.356;0.535;0.71;0.159;0.215;1.038;0.117;0.029
16459;0.33;0.269;0.315;0.303;0.266;0.378;0.356;0.535;0.708;0.159;0.222;1.038;0.122;0.032
16460;0.33;0.271;0.317;0.3;0.266;0.378;0.354;0.532;0.703;0.156;0.229;1.033;0.125;0.032
16461;0.327;0.271;0.325;0.298;0.269;0.378;0.349;0.535;0.696;0.151;0.232;1.028;0.127;0.029
16462;0.327;0.269;0.347;0.298;0.266;0.378;0.349;0.53;0.693;0.154;0.239;1.025;0.129;0.032
16463;0.325;0.269;0.366;0.3;0.266;0.378;0.344;0.532;0.686;0.151;0.242;1.023;0.134;0.032
16464;0.325;0.269;0.386;0.308;0.269;0.381;0.344;0.532;0.681;0.151;0.247;1.018;0.134;0.029
16465;0.327;0.269;0.432;0.31;0.269;0.381;0.337;0.535;0.674;0.149;0.249;1.008;0.142;0.034
16466;0.327;0.269;0.432;0.31;0.269;0.381;0.339;0.537;0.669;0.149;0.254;0.999;0.142;0.034
16467;0.33;0.269;0.52;0.312;0.269;0.381;0.337;0.535;0.659;0.146;0.254;0.989;0.144;0.034
16468;0.33;0.266;0.579;0.312;0.266;0.381;0.342;0.535;0.654;0.149;0.256;0.977;0.142;0.032
16469;0.332;0.264;0.486;0.31;0.264;0.381;0.342;0.54;0.649;0.146;0.254;0.959;0.144;0.034
16470;0.334;0.264;0.486;0.31;0.266;0.381;0.344;0.532;0.642;0.144;0.254;0.945;0.139;0.032
16471;0.332;0.266;0.53;0.305;0.266;0.378;0.349;0.52;0.635;0.144;0.254;0.935;0.142;0.034
16472;0.332;0.266;0.581;0.31;0.266;0.381;0.352;0.513;0.627;0.144;0.249;0.92;0.139;0.032
16473;0.334;0.269;0.591;0.31;0.266;0.381;0.354;0.518;0.62;0.142;0.249;0.911;0.139;0.034
16474;0.334;0.269;0.674;0.31;0.266;0.381;0.354;0.544;0.613;0.144;0.244;0.903;0.134;0.029
16475;0.332;0.269;0.757;0.308;0.269;0.381;0.356;0.547;0.608;0.144;0.242;0.896;0.137;0.034
16476;0.332;0.269;0.764;0.31;0.273;0.381;0.356;0.566;0.598;0.144;0.237;0.884;0.137;0.034
16477;0.334;0.271;1.201;0.31;0.271;0.383;0.359;0.547;0.588;0.142;0.232;0.876;0.132;0.032
16478;0.337;0.273;0.789;0.308;0.273;0.381;0.356;0.52;0.583;0.144;0.229;0.872;0.134;0.034
16479;0.334;0.273;1.101;0.31;0.276;0.378;0.354;0.52;0.574;0.144;0.227;0.859;0.134;0.039
16480;0.339;0.276;1.038;0.312;0.276;0.381;0.349;0.532;0.569;0.149;0.227;0.847;0.132;0.037
16481;0.339;0.276;0.967;0.308;0.278;0.378;0.347;0.532;0.557;0.146;0.22;0.83;0.127;0.032
16482;0.342;0.276;1.418;0.3;0.273;0.376;0.344;0.525;0.554;0.149;0.22;0.82;0.129;0.037
16483;0.342;0.276;1.125;0.3;0.271;0.376;0.344;0.532;0.544;0.149;0.212;0.801;0.125;0.034
16484;0.344;0.278;1.062;0.3;0.266;0.376;0.344;0.518;0.537;0.154;0.208;0.789;0.127;0.039
16485;0.339;0.281;1.101;0.303;0.266;0.374;0.342;0.515;0.535;0.159;0.205;0.776;0.122;0.042
16486;0.342;0.276;1.162;0.298;0.266;0.374;0.344;0.513;0.53;0.164;0.203;0.767;0.125;0.046
16487;0.339;0.276;1.279;0.298;0.266;0.371;0.347;0.537;0.52;0.159;0.193;0.752;0.12;0.051
16488;0.337;0.278;0.996;0.298;0.266;0.371;0.344;0.522;0.518;0.168;0.19;0.742;0.12;0.068
16489;0.339;0.278;1.184;0.298;0.271;0.374;0.344;0.945;0.515;0.168;0.19;0.735;0.117;0.095
16490;0.337;0.276;1.221;0.298;0.271;0.369;0.347;1.514;0.51;0.173;0.188;0.728;0.115;0.129
16491;0.337;0.276;1.104;0.303;0.276;0.371;0.342;1.768;0.505;0.178;0.183;0.723;0.115;0.178
16492;0.332;0.276;0.984;0.308;0.278;0.371;0.342;1.772;0.503;0.178;0.178;0.718;0.12;0.239
16493;0.337;0.278;0.806;0.308;0.276;0.369;0.342;2.078;0.496;0.178;0.176;0.708;0.11;0.291
16494;0.342;0.278;0.759;0.305;0.281;0.374;0.339;1.98;0.496;0.183;0.173;0.708;0.107;0.352
16495;0.344;0.281;1.16;0.305;0.278;0.371;0.337;1.616;0.493;0.181;0.171;0.701;0.11;0.422
16496;0.344;0.278;0.984;0.305;0.273;0.374;0.339;1.45;0.491;0.183;0.171;0.688;0.103;0.491
16497;0.347;0.281;1.108;0.308;0.276;0.371;0.337;1.797;0.486;0.183;0.168;0.679;0.105;0.564
16498;0.349;0.281;1.086;0.305;0.276;0.374;0.334;1.521;0.479;0.183;0.171;0.664;0.107;0.632
16499;0.352;0.281;1.089;0.308;0.273;0.376;0.337;1.296;0.471;0.181;0.166;0.649;0.105;0.691
16500;0.347;0.278;4.998;0.303;0.278;0.374;0.339;1.575;0.469;0.186;0.171;0.635;0.105;0.745
16501;0.347;0.278;4.998;0.3;0.278;0.376;0.339;1.685;0.461;0.186;0.173;0.623;0.103;0.796
16502;0.344;0.278;4.998;0.3;0.276;0.376;0.339;1.44;0.454;0.186;0.171;0.608;0.098;0.833
16503;0.342;0.278;4.998;0.303;0.278;0.378;0.339;1.497;0.449;0.188;0.173;0.596;0.095;0.867
16504;0.337;0.278;4.998;0.305;0.281;0.381;0.342;1.709;0.442;0.19;0.176;0.588;0.093;0.896
16505;0.337;0.281;4.998;0.303;0.283;0.376;0.337;1.599;0.435;0.19;0.178;0.579;0.093;0.92
16506;0.334;0.281;4.998;0.303;0.283;0.378;0.339;1.345;0.43;0.19;0.181;0.566;0.093;0.938
16507;0.332;0.281;4.998;0.303;0.286;0.378;0.342;1.46;0.425;0.195;0.186;0.557;0.093;0.952
16508;0.332;0.281;4.998;0.3;0.286;0.378;0.344;1.689;0.417;0.198;0.188;0.552;0.09;0.962
16509;0.334;0.278;4.998;0.3;0.286;0.376;0.344;1.387;0.41;0.2;0.186;0.547;0.09;0.967
16510;0.334;0.278;4.998;0.3;0.288;0.376;0.342;1.321;0.408;0.205;0.193;0.547;0.085;0.969
16511;0.339;0.276;4.998;0.303;0.291;0.374;0.342;1.57;0.403;0.208;0.193;0.544;0.085;0.972
16512;0.342;0.278;4.998;0.3;0.288;0.371;0.342;1.467;0.391;0.21;0.195;0.542;0.085;0.969
16513;0.342;0.276;4.998;0.3;0.288;0.371;0.339;1.289;0.388;0.215;0.195;0.537;0.081;0.964
16514;0.344;0.276;4.998;0.3;0.286;0.371;0.337;1.355;0.381;0.217;0.198;0.54;0.081;0.959
16515;0.344;0.273;4.998;0.3;0.288;0.376;0.339;1.362;0.376;0.22;0.198;0.544;0.081;0.957
16516;0.342;0.271;4.998;0.303;0.286;0.374;0.337;1.223;0.371;0.222;0.198;0.549;0.081;0.95
16517;0.342;0.269;4.998;0.303;0.288;0.376;0.337;1.138;0.366;0.227;0.198;0.552;0.076;0.938
16518;0.337;0.266;4.998;0.303;0.288;0.376;0.33;1.318;0.361;0.229;0.2;0.557;0.078;0.93
16519;0.337;0.271;4.998;0.3;0.291;0.376;0.332;1.304;0.361;0.229;0.2;0.562;0.076;0.923
16520;0.337;0.271;4.998;0.298;0.293;0.376;0.327;1.15;0.356;0.227;0.2;0.564;0.078;0.913
16521;0.334;0.269;4.998;0.295;0.293;0.378;0.332;1.235;0.359;0.225;0.205;0.571;0.071;0.898
16522;0.334;0.266;4.998;0.295;0.293;0.376;0.334;1.223;0.359;0.227;0.208;0.576;0.073;0.891
16523;0.332;0.269;4.998;0.298;0.293;0.378;0.337;1.104;0.356;0.22;0.208;0.576;0.071;0.874
16524;0.332;0.271;4.998;0.295;0.295;0.376;0.342;1.047;0.364;0.215;0.212;0.581;0.071;0.864
16525;0.33;0.271;4.998;0.293;0.295;0.374;0.342;1.13;0.366;0.215;0.212;0.581;0.071;0.85
16526;0.33;0.269;4.998;0.291;0.291;0.376;0.342;1.104;0.371;0.21;0.217;0.581;0.068;0.837
16527;0.327;0.273;4.998;0.291;0.291;0.369;0.342;1.016;0.378;0.208;0.22;0.583;0.068;0.825
16528;0.327;0.273;4.998;0.288;0.291;0.371;0.339;1.104;0.386;0.203;0.22;0.581;0.066;0.808
16529;0.327;0.273;4.998;0.291;0.291;0.369;0.334;1.218;0.398;0.198;0.222;0.581;0.068;0.796
16530;0.33;0.271;4.998;0.288;0.295;0.369;0.332;1.133;0.403;0.193;0.222;0.576;0.068;0.781
16531;0.327;0.266;4.998;0.291;0.293;0.366;0.332;1.084;0.415;0.195;0.222;0.576;0.066;0.769
16532;0.327;0.269;4.998;0.291;0.293;0.369;0.332;1.157;0.427;0.19;0.225;0.579;0.068;0.757
16533;0.327;0.269;4.998;0.288;0.293;0.369;0.33;1.16;0.439;0.186;0.222;0.574;0.071;0.747
16534;0.327;0.266;4.998;0.291;0.291;0.364;0.33;1.025;0.457;0.183;0.222;0.571;0.071;0.732
16535;0.327;0.266;4.998;0.286;0.295;0.366;0.327;1.04;0.469;0.176;0.225;0.571;0.076;0.72
16536;0.33;0.266;4.998;0.288;0.295;0.371;0.33;1.096;0.483;0.176;0.222;0.571;0.078;0.703
16537;0.332;0.266;4.998;0.288;0.295;0.371;0.334;1.074;0.503;0.176;0.222;0.571;0.081;0.696
16538;0.332;0.266;4.998;0.286;0.298;0.374;0.337;1.045;0.522;0.168;0.227;0.571;0.088;0.681
16539;0.334;0.266;4.998;0.288;0.3;0.376;0.339;1.113;0.535;0.164;0.225;0.569;0.09;0.671
16540;0.337;0.266;4.998;0.288;0.298;0.374;0.339;1.13;0.554;0.161;0.227;0.569;0.093;0.657
16541;0.339;0.266;4.998;0.288;0.3;0.374;0.342;1.128;0.576;0.159;0.227;0.566;0.103;0.649
16542;0.339;0.266;4.998;0.293;0.303;0.376;0.337;1.074;0.591;0.149;0.227;0.559;0.103;0.635
16543;0.342;0.264;3.85;0.291;0.303;0.374;0.337;1.077;0.613;0.146;0.229;0.557;0.105;0.625
16544;0.349;0.264;2.036;0.293;0.305;0.376;0.339;1.023;0.632;0.144;0.229;0.552;0.107;0.613
16545;0.344;0.266;1.147;0.295;0.3;0.376;0.334;1.003;0.649;0.137;0.232;0.542;0.11;0.601
16546;0.344;0.269;0.911;0.295;0.303;0.376;0.332;1.018;0.671;0.134;0.234;0.532;0.107;0.588
16547;0.342;0.266;0.84;0.295;0.303;0.376;0.334;0.999;0.686;0.129;0.234;0.522;0.112;0.581
16548;0.342;0.266;1.111;0.295;0.298;0.374;0.33;1.016;0.708;0.129;0.234;0.518;0.11;0.569
16549;0.339;0.266;0.82;0.295;0.303;0.371;0.322;1.05;0.723;0.125;0.234;0.508;0.112;0.562
16550;0.337;0.266;0.94;0.295;0.3;0.371;0.327;1.069;0.737;0.12;0.232;0.5;0.112;0.554
16551;0.339;0.266;0.647;0.298;0.303;0.369;0.327;1.062;0.754;0.115;0.234;0.491;0.112;0.547
16552;0.337;0.266;0.72;0.298;0.3;0.369;0.33;1.06;0.776;0.115;0.234;0.481;0.112;0.535
16553;0.334;0.266;0.903;0.298;0.3;0.369;0.33;1.052;0.789;0.11;0.232;0.476;0.115;0.525
16554;0.334;0.271;0.803;0.298;0.3;0.366;0.327;1.023;0.806;0.103;0.227;0.466;0.115;0.515
16555;0.337;0.273;0.879;0.303;0.303;0.366;0.327;0.991;0.82;0.103;0.232;0.464;0.12;0.513
16556;0.332;0.271;0.847;0.303;0.303;0.364;0.322;1.011;0.835;0.098;0.227;0.457;0.122;0.503
16557;0.334;0.271;0.811;0.3;0.298;0.364;0.322;0.991;0.852;0.1;0.229;0.452;0.125;0.493
16558;0.337;0.273;0.718;0.303;0.3;0.366;0.322;0.945;0.867;0.095;0.225;0.447;0.125;0.483
16559;0.334;0.276;0.911;0.303;0.298;0.364;0.327;0.979;0.879;0.093;0.222;0.442;0.134;0.481
16560;0.337;0.278;0.82;0.308;0.3;0.361;0.33;0.999;0.886;0.088;0.22;0.435;0.139;0.471
16561;0.334;0.273;0.884;0.308;0.298;0.361;0.327;0.989;0.896;0.083;0.217;0.427;0.139;0.464
16562;0.334;0.276;0.789;0.308;0.295;0.361;0.33;0.986;0.906;0.083;0.217;0.425;0.149;0.459
16563;0.332;0.278;0.613;0.305;0.293;0.361;0.33;1.013;0.911;0.081;0.217;0.413;0.146;0.449
16564;0.332;0.276;0.835;0.303;0.291;0.364;0.33;1.008;0.92;0.078;0.215;0.415;0.154;0.447
16565;0.332;0.278;0.82;0.303;0.291;0.361;0.327;0.967;0.928;0.081;0.215;0.408;0.156;0.439
16566;0.332;0.278;0.732;0.303;0.291;0.364;0.33;0.947;0.935;0.085;0.212;0.403;0.159;0.435
16567;0.33;0.276;0.732;0.308;0.291;0.361;0.325;0.969;0.938;0.081;0.208;0.4;0.161;0.427
16568;0.327;0.278;0.757;0.303;0.288;0.361;0.325;0.969;0.947;0.085;0.205;0.405;0.164;0.42
16569;0.325;0.276;0.745;0.3;0.288;0.364;0.325;0.957;0.952;0.088;0.205;0.405;0.164;0.415
16570;0.322;0.278;0.825;0.3;0.291;0.364;0.327;0.945;0.959;0.093;0.208;0.41;0.166;0.413
16571;0.325;0.278;1.172;0.298;0.288;0.366;0.325;0.969;0.959;0.093;0.203;0.41;0.164;0.408
16572;0.322;0.278;1.404;0.3;0.286;0.369;0.327;0.955;0.962;0.093;0.2;0.413;0.161;0.403
16573;0.325;0.278;0.852;0.305;0.291;0.366;0.325;0.942;0.962;0.093;0.198;0.417;0.159;0.391
16574;0.322;0.276;0.857;0.305;0.293;0.369;0.327;0.947;0.962;0.098;0.195;0.42;0.161;0.391
16575;0.325;0.281;3.406;0.305;0.291;0.366;0.327;0.942;0.962;0.098;0.193;0.422;0.156;0.391
16576;0.325;0.278;1.265;0.308;0.293;0.366;0.327;0.925;0.959;0.1;0.19;0.432;0.154;0.383
16577;0.325;0.278;0.815;0.31;0.293;0.364;0.327;0.928;0.957;0.1;0.188;0.437;0.149;0.376
16578;0.322;0.276;0.774;0.31;0.295;0.366;0.325;0.933;0.955;0.1;0.186;0.439;0.146;0.376
16579;0.325;0.278;0.464;0.312;0.298;0.366;0.322;0.933;0.952;0.105;0.183;0.442;0.142;0.369
16580;0.325;0.276;0.544;0.312;0.298;0.366;0.317;0.93;0.947;0.103;0.178;0.447;0.139;0.364
16581;0.325;0.276;0.769;0.312;0.303;0.364;0.315;0.945;0.938;0.105;0.176;0.447;0.137;0.361
16582;0.322;0.273;0.781;0.308;0.305;0.366;0.312;0.947;0.935;0.107;0.173;0.452;0.129;0.359
16583;0.322;0.273;0.657;0.31;0.305;0.366;0.308;0.94;0.928;0.105;0.168;0.449;0.129;0.354
16584;0.327;0.273;0.312;0.308;0.303;0.366;0.31;0.933;0.923;0.105;0.164;0.447;0.122;0.349
16585;0.322;0.273;0.378;0.308;0.305;0.366;0.305;0.945;0.916;0.107;0.161;0.449;0.117;0.347
16586;0.325;0.276;0.393;0.31;0.305;0.371;0.305;0.955;0.908;0.107;0.164;0.447;0.12;0.344
16587;0.325;0.273;0.571;0.305;0.305;0.371;0.3;0.935;0.898;0.107;0.159;0.449;0.115;0.337
16588;0.325;0.273;0.544;0.305;0.305;0.371;0.298;0.928;0.889;0.107;0.156;0.454;0.115;0.337
16589;0.325;0.271;0.674;0.308;0.305;0.371;0.298;0.925;0.881;0.105;0.151;0.449;0.11;0.33
16590;0.322;0.271;0.674;0.305;0.305;0.369;0.3;0.911;0.872;0.11;0.154;0.452;0.115;0.332
16591;0.325;0.273;0.808;0.305;0.305;0.366;0.298;0.908;0.862;0.103;0.151;0.454;0.112;0.33
16592;0.322;0.271;0.759;0.303;0.308;0.369;0.3;0.906;0.852;0.1;0.151;0.457;0.107;0.317
16593;0.32;0.269;0.784;0.3;0.308;0.366;0.303;0.894;0.842;0.105;0.151;0.459;0.112;0.32
16594;0.322;0.266;0.667;0.3;0.305;0.366;0.303;0.886;0.835;0.103;0.149;0.461;0.115;0.312
16595;0.32;0.266;0.583;0.298;0.31;0.366;0.303;0.886;0.823;0.103;0.146;0.464;0.12;0.312
16596;0.32;0.266;0.632;0.298;0.31;0.364;0.305;0.903;0.813;0.103;0.144;0.469;0.122;0.31
16597;0.32;0.266;0.659;0.295;0.31;0.364;0.312;0.884;0.803;0.103;0.146;0.469;0.125;0.303
16598;0.32;0.264;0.518;0.298;0.308;0.361;0.315;0.889;0.793;0.105;0.146;0.479;0.132;0.303
16599;0.317;0.264;0.649;0.3;0.308;0.361;0.317;0.881;0.784;0.105;0.146;0.481;0.129;0.295
16600;0.32;0.264;0.786;0.295;0.305;0.361;0.322;0.884;0.771;0.107;0.149;0.488;0.134;0.295
16601;0.32;0.269;0.823;0.298;0.3;0.361;0.322;0.862;0.759;0.112;0.149;0.496;0.134;0.288
16602;0.32;0.266;0.796;0.298;0.3;0.364;0.32;0.872;0.747;0.112;0.149;0.5;0.142;0.288
16603;0.322;0.264;0.857;0.298;0.295;0.366;0.32;0.872;0.735;0.112;0.149;0.508;0.144;0.286
16604;0.322;0.266;0.93;0.298;0.295;0.366;0.317;0.872;0.718;0.112;0.151;0.513;0.146;0.283
16605;0.325;0.264;0.605;0.293;0.295;0.369;0.315;0.864;0.706;0.112;0.151;0.518;0.151;0.278
16606;0.327;0.264;0.437;0.293;0.295;0.369;0.312;0.879;0.693;0.112;0.149;0.522;0.156;0.278
16607;0.325;0.264;0.554;0.293;0.295;0.371;0.305;0.876;0.681;0.11;0.151;0.527;0.161;0.276
16608;0.325;0.266;0.566;0.293;0.295;0.371;0.303;0.886;0.671;0.112;0.154;0.532;0.164;0.273
16609;0.322;0.266;0.669;0.291;0.293;0.371;0.3;0.908;0.664;0.112;0.154;0.537;0.168;0.271
16610;0.32;0.264;0.681;0.295;0.295;0.371;0.3;0.918;0.654;0.112;0.156;0.544;0.171;0.269
16611;0.322;0.269;0.774;0.295;0.293;0.371;0.3;0.918;0.649;0.112;0.156;0.544;0.173;0.266
16612;0.322;0.271;1.187;0.293;0.293;0.371;0.303;0.906;0.637;0.112;0.159;0.547;0.178;0.264
16613;0.32;0.269;1.035;0.295;0.295;0.369;0.303;0.896;0.632;0.112;0.161;0.552;0.178;0.264
16614;0.32;0.271;0.981;0.295;0.298;0.369;0.31;0.886;0.625;0.107;0.164;0.549;0.178;0.259
16615;0.32;0.273;0.923;0.295;0.295;0.366;0.31;0.886;0.62;0.107;0.166;0.552;0.178;0.256
16616;0.315;0.269;3.271;0.295;0.295;0.364;0.315;0.894;0.615;0.105;0.171;0.552;0.178;0.251
16617;0.315;0.266;4.998;0.295;0.295;0.361;0.317;0.896;0.613;0.107;0.173;0.549;0.178;0.254
16618;0.315;0.269;4.998;0.295;0.295;0.361;0.312;0.894;0.608;0.1;0.176;0.542;0.176;0.249
16619;0.312;0.269;4.998;0.295;0.295;0.359;0.31;0.908;0.605;0.103;0.178;0.54;0.176;0.249
16620;0.312;0.271;4.998;0.295;0.295;0.361;0.308;0.911;0.603;0.1;0.178;0.532;0.173;0.247
16621;0.312;0.269;4.998;0.295;0.293;0.356;0.303;0.908;0.598;0.095;0.178;0.525;0.173;0.244
16622;0.315;0.266;4.998;0.295;0.295;0.359;0.298;0.896;0.601;0.098;0.183;0.515;0.173;0.239
16623;0.317;0.266;4.998;0.293;0.295;0.359;0.298;0.894;0.601;0.093;0.181;0.508;0.173;0.239
16624;0.315;0.266;4.998;0.291;0.295;0.356;0.295;0.894;0.598;0.095;0.181;0.498;0.173;0.237
16625;0.317;0.266;4.998;0.288;0.295;0.356;0.298;0.879;0.603;0.093;0.183;0.491;0.176;0.239
16626;0.32;0.266;4.998;0.288;0.293;0.356;0.298;0.886;0.598;0.088;0.176;0.479;0.178;0.232
16627;0.32;0.269;4.998;0.291;0.293;0.356;0.303;0.906;0.608;0.088;0.181;0.471;0.183;0.234
16628;0.315;0.266;4.998;0.291;0.293;0.354;0.308;0.898;0.615;0.09;0.181;0.466;0.183;0.229
16629;0.315;0.266;4.998;0.295;0.295;0.354;0.31;0.894;0.62;0.088;0.176;0.457;0.19;0.225
16630;0.315;0.273;4.998;0.293;0.293;0.354;0.312;0.894;0.635;0.085;0.176;0.452;0.195;0.227
16631;0.312;0.271;4.998;0.293;0.291;0.349;0.315;0.889;0.652;0.083;0.171;0.442;0.198;0.222
16632;0.31;0.276;4.998;0.293;0.288;0.352;0.315;0.881;0.671;0.083;0.171;0.435;0.203;0.222
16633;0.31;0.276;4.998;0.293;0.286;0.352;0.315;0.879;0.693;0.081;0.171;0.43;0.208;0.22
16634;0.31;0.273;4.998;0.295;0.288;0.352;0.312;0.889;0.718;0.081;0.168;0.42;0.212;0.22
16635;0.31;0.273;4.998;0.295;0.291;0.352;0.31;0.889;0.745;0.076;0.166;0.413;0.22;0.217
16636;0.31;0.276;4.998;0.298;0.291;0.356;0.305;0.879;0.774;0.078;0.164;0.405;0.222;0.215
16637;0.312;0.273;4.998;0.298;0.291;0.356;0.305;0.881;0.808;0.076;0.156;0.398;0.222;0.212
16638;0.31;0.276;4.998;0.298;0.286;0.356;0.303;0.876;0.835;0.078;0.159;0.386;0.227;0.21
16639;0.31;0.273;4.998;0.3;0.286;0.356;0.303;0.864;0.867;0.078;0.154;0.381;0.234;0.212
16640;0.312;0.276;4.998;0.3;0.288;0.359;0.303;0.862;0.898;0.073;0.151;0.376;0.232;0.208
16641;0.312;0.276;4.998;0.303;0.286;0.359;0.305;0.869;0.93;0.071;0.149;0.371;0.237;0.21
16642;0.315;0.276;4.998;0.303;0.286;0.356;0.308;0.869;0.957;0.071;0.146;0.364;0.237;0.208
16643;0.312;0.276;4.998;0.303;0.283;0.356;0.31;0.867;0.994;0.076;0.149;0.364;0.239;0.203
16644;0.315;0.276;4.998;0.303;0.281;0.352;0.317;0.874;1.021;0.068;0.144;0.359;0.239;0.203
16645;0.312;0.276;4.998;0.3;0.281;0.354;0.32;0.881;1.055;0.068;0.142;0.359;0.244;0.205
16646;0.315;0.276;4.998;0.3;0.281;0.349;0.327;0.867;1.086;0.068;0.139;0.356;0.247;0.2
16647;0.312;0.276;4.998;0.298;0.278;0.349;0.327;0.864;1.116;0.071;0.139;0.359;0.249;0.2
16648;0.315;0.273;4.998;0.295;0.278;0.349;0.33;0.869;1.147;0.071;0.139;0.359;0.251;0.205
16649;0.308;0.273;4.998;0.291;0.278;0.349;0.33;0.857;1.172;0.068;0.137;0.354;0.251;0.2
16650;0.312;0.273;4.998;0.293;0.278;0.352;0.327;0.85;1.199;0.068;0.134;0.356;0.251;0.195
16651;0.31;0.273;4.998;0.291;0.281;0.354;0.327;0.837;1.221;0.066;0.132;0.349;0.249;0.195
16652;0.31;0.271;4.998;0.291;0.286;0.356;0.322;0.842;1.238;0.063;0.132;0.349;0.254;0.195
16653;0.312;0.273;4.998;0.291;0.281;0.356;0.317;0.845;1.25;0.066;0.129;0.344;0.242;0.188
16654;0.312;0.271;4.998;0.291;0.286;0.356;0.317;0.84;1.267;0.063;0.132;0.342;0.249;0.195
16655;0.312;0.271;4.998;0.293;0.281;0.361;0.312;0.854;1.272;0.063;0.132;0.334;0.251;0.195
16656;0.312;0.271;4.998;0.291;0.281;0.359;0.31;0.854;1.272;0.061;0.132;0.33;0.251;0.188
16657;0.312;0.269;4.998;0.293;0.278;0.359;0.312;0.837;1.274;0.063;0.132;0.325;0.256;0.193
16658;0.315;0.269;4.998;0.293;0.281;0.361;0.315;0.84;1.27;0.061;0.134;0.317;0.256;0.19
16659;0.315;0.269;4.998;0.293;0.281;0.354;0.317;0.835;1.265;0.061;0.134;0.312;0.259;0.19
16660;0.312;0.273;4.998;0.293;0.276;0.354;0.32;0.82;1.26;0.059;0.132;0.305;0.259;0.188
16661;0.308;0.271;4.998;0.293;0.278;0.352;0.32;0.837;1.25;0.059;0.134;0.3;0.264;0.188
16662;0.308;0.269;4.998;0.293;0.278;0.352;0.322;0.903;1.243;0.059;0.134;0.295;0.266;0.188
16663;0.305;0.271;4.998;0.291;0.276;0.349;0.325;0.94;1.23;0.059;0.134;0.293;0.264;0.186
16664;0.308;0.269;4.998;0.291;0.276;0.344;0.325;0.935;1.226;0.061;0.134;0.286;0.261;0.186
16665;0.305;0.269;4.998;0.293;0.271;0.349;0.325;0.955;1.208;0.056;0.134;0.283;0.261;0.186
16666;0.308;0.269;4.998;0.291;0.276;0.349;0.325;1.003;1.199;0.056;0.134;0.276;0.264;0.186
16667;0.308;0.269;4.998;0.288;0.273;0.349;0.322;1.04;1.184;0.056;0.134;0.273;0.261;0.186
16668;0.305;0.264;4.998;0.288;0.273;0.349;0.317;1.052;1.172;0.054;0.137;0.271;0.259;0.181
16669;0.305;0.266;4.998;0.288;0.269;0.349;0.32;1.04;1.162;0.054;0.134;0.269;0.264;0.186
16670;0.308;0.269;4.998;0.288;0.269;0.349;0.312;1.003;1.15;0.054;0.132;0.271;0.266;0.186
16671;0.308;0.266;4.998;0.288;0.269;0.352;0.315;0.979;1.14;0.051;0.132;0.264;0.264;0.186
16672;0.305;0.266;4.998;0.291;0.269;0.349;0.315;0.967;1.133;0.054;0.134;0.269;0.254;0.178
16673;0.305;0.266;4.998;0.293;0.269;0.344;0.317;0.972;1.121;0.054;0.134;0.269;0.266;0.19
16674;0.305;0.261;4.998;0.293;0.266;0.347;0.322;0.979;1.113;0.056;0.134;0.266;0.266;0.19
16675;0.303;0.261;4.998;0.298;0.269;0.344;0.322;0.996;1.106;0.054;0.137;0.264;0.266;0.188
16676;0.303;0.264;4.998;0.293;0.271;0.344;0.322;1.001;1.099;0.054;0.134;0.264;0.266;0.188
16677;0.3;0.264;4.998;0.293;0.271;0.347;0.327;0.979;1.094;0.051;0.134;0.259;0.266;0.188
16678;0.303;0.264;4.998;0.298;0.271;0.349;0.327;0.957;1.086;0.054;0.134;0.256;0.271;0.19
16679;0.298;0.259;4.998;0.295;0.266;0.347;0.327;0.959;1.086;0.059;0.139;0.259;0.266;0.188
16680;0.3;0.256;4.998;0.298;0.264;0.349;0.325;0.981;1.082;0.054;0.134;0.249;0.273;0.193
16681;0.298;0.259;4.998;0.3;0.264;0.352;0.325;0.989;1.079;0.056;0.134;0.249;0.273;0.193
16682;0.298;0.259;4.998;0.298;0.264;0.354;0.327;0.991;1.082;0.054;0.137;0.244;0.276;0.19
16683;0.298;0.259;4.998;0.298;0.261;0.354;0.327;0.989;1.084;0.054;0.139;0.244;0.278;0.19
16684;0.3;0.259;4.998;0.298;0.264;0.359;0.327;0.984;1.096;0.056;0.134;0.242;0.278;0.19
16685;0.3;0.256;4.998;0.298;0.259;0.356;0.33;0.977;1.104;0.059;0.137;0.242;0.286;0.193
16686;0.3;0.259;4.998;0.298;0.261;0.356;0.332;0.977;1.108;0.056;0.134;0.237;0.278;0.19
16687;0.3;0.259;4.998;0.295;0.259;0.356;0.332;0.969;1.118;0.056;0.134;0.234;0.278;0.19
16688;0.303;0.256;4.998;0.295;0.259;0.356;0.332;0.974;1.128;0.059;0.134;0.234;0.281;0.193
16689;0.303;0.259;4.998;0.295;0.261;0.354;0.33;0.979;1.138;0.056;0.134;0.234;0.278;0.19
16690;0.3;0.259;4.998;0.288;0.261;0.354;0.33;0.959;1.152;0.056;0.129;0.232;0.276;0.193
16691;0.298;0.256;4.998;0.293;0.264;0.356;0.33;0.959;1.16;0.059;0.127;0.237;0.276;0.193
16692;0.295;0.256;4.998;0.295;0.261;0.352;0.332;0.947;1.165;0.056;0.125;0.237;0.276;0.19
16693;0.293;0.256;4.998;0.295;0.266;0.352;0.332;0.945;1.172;0.059;0.127;0.242;0.276;0.193
16694;0.291;0.256;4.998;0.295;0.264;0.347;0.327;0.935;1.177;0.059;0.125;0.244;0.278;0.188
16695;0.293;0.259;4.998;0.298;0.269;0.349;0.332;0.952;1.177;0.056;0.122;0.247;0.273;0.193
16696;0.291;0.256;4.998;0.295;0.271;0.349;0.332;0.957;1.182;0.056;0.122;0.254;0.271;0.188
16697;0.291;0.256;4.998;0.298;0.271;0.349;0.33;0.942;1.182;0.059;0.12;0.259;0.273;0.19
16698;0.293;0.259;4.998;0.298;0.269;0.347;0.332;0.94;1.184;0.061;0.117;0.266;0.271;0.188
16699;0.293;0.256;4.998;0.3;0.273;0.349;0.33;0.957;1.191;0.059;0.115;0.273;0.271;0.188
16700;0.291;0.256;4.998;0.3;0.271;0.352;0.33;0.94;1.194;0.059;0.115;0.283;0.269;0.186
16701;0.291;0.256;4.998;0.3;0.271;0.352;0.332;0.93;1.201;0.059;0.115;0.293;0.269;0.188
16702;0.288;0.256;4.998;0.3;0.269;0.354;0.33;0.938;1.208;0.061;0.115;0.305;0.266;0.188
16703;0.291;0.259;4.998;0.295;0.269;0.354;0.33;0.947;1.206;0.056;0.11;0.308;0.266;0.188
16704;0.291;0.259;4.998;0.295;0.264;0.356;0.332;0.942;1.213;0.063;0.112;0.317;0.261;0.186
16705;0.291;0.259;4.998;0.293;0.266;0.354;0.332;0.938;1.208;0.056;0.107;0.325;0.264;0.188
16706;0.288;0.259;4.998;0.293;0.264;0.354;0.334;0.938;1.208;0.056;0.107;0.33;0.259;0.188
16707;0.288;0.259;4.998;0.291;0.261;0.352;0.334;0.93;1.206;0.056;0.107;0.337;0.259;0.19
16708;0.286;0.259;4.998;0.291;0.259;0.349;0.334;0.918;1.196;0.054;0.105;0.334;0.251;0.188
16709;0.286;0.261;4.998;0.288;0.259;0.352;0.337;0.928;1.191;0.054;0.103;0.334;0.249;0.188
16710;0.283;0.259;4.998;0.286;0.261;0.352;0.334;0.925;1.182;0.056;0.103;0.337;0.249;0.198
16711;0.283;0.256;4.998;0.286;0.261;0.352;0.334;0.92;1.172;0.051;0.1;0.339;0.234;0.188
16712;0.286;0.256;4.998;0.283;0.264;0.352;0.334;0.916;1.162;0.054;0.1;0.339;0.232;0.188
16713;0.288;0.256;4.998;0.286;0.264;0.349;0.332;0.918;1.152;0.056;0.1;0.344;0.227;0.186
16714;0.288;0.259;4.998;0.286;0.264;0.347;0.332;0.911;1.138;0.051;0.095;0.342;0.222;0.188
16715;0.288;0.259;4.998;0.288;0.266;0.349;0.33;0.906;1.125;0.049;0.098;0.349;0.217;0.193
16716;0.286;0.254;4.998;0.283;0.269;0.349;0.327;0.916;1.113;0.054;0.098;0.359;0.215;0.193
16717;0.291;0.259;4.998;0.286;0.271;0.347;0.327;0.916;1.099;0.051;0.093;0.369;0.208;0.188
16718;0.286;0.261;3.079;0.286;0.269;0.347;0.325;0.903;1.086;0.051;0.095;0.378;0.205;0.188
16719;0.283;0.261;1.611;0.288;0.273;0.347;0.327;0.896;1.072;0.051;0.095;0.391;0.2;0.188
16720;0.283;0.261;0.964;0.286;0.273;0.344;0.327;0.908;1.057;0.054;0.095;0.4;0.195;0.188
16721;0.283;0.261;0.615;0.283;0.271;0.342;0.332;0.911;1.047;0.051;0.095;0.417;0.188;0.186
16722;0.283;0.261;0.461;0.281;0.271;0.342;0.334;0.901;1.035;0.051;0.093;0.422;0.186;0.188
16723;0.283;0.261;0.417;0.278;0.271;0.342;0.334;0.913;1.025;0.049;0.093;0.43;0.183;0.188
16724;0.283;0.259;0.427;0.281;0.271;0.339;0.33;0.923;1.018;0.049;0.095;0.432;0.178;0.186
16725;0.278;0.261;0.371;0.281;0.271;0.339;0.327;0.923;1.013;0.049;0.098;0.439;0.178;0.19
16726;0.278;0.259;0.31;0.281;0.271;0.339;0.325;0.923;1.013;0.046;0.1;0.439;0.176;0.186
16727;0.276;0.259;0.32;0.283;0.271;0.339;0.327;0.92;1.013;0.046;0.103;0.439;0.173;0.19
16728;0.278;0.259;0.322;0.278;0.273;0.342;0.325;0.916;1.016;0.044;0.103;0.442;0.171;0.188
16729;0.281;0.261;0.371;0.278;0.269;0.344;0.327;0.903;1.025;0.044;0.107;0.439;0.171;0.19
16730;0.281;0.259;0.459;0.278;0.269;0.344;0.33;0.906;1.038;0.044;0.107;0.444;0.166;0.188
16731;0.281;0.261;0.383;0.278;0.266;0.347;0.332;0.903;1.05;0.046;0.11;0.444;0.168;0.188
16732;0.283;0.261;0.317;0.281;0.266;0.349;0.332;0.898;1.069;0.044;0.115;0.447;0.166;0.188
16733;0.281;0.264;0.31;0.278;0.266;0.347;0.334;0.889;1.091;0.044;0.117;0.449;0.164;0.188
16734;0.283;0.261;0.276;0.276;0.261;0.349;0.332;0.906;1.116;0.044;0.12;0.449;0.161;0.186
16735;0.281;0.261;0.254;0.278;0.256;0.349;0.332;0.908;1.138;0.042;0.12;0.449;0.159;0.186
16736;0.283;0.261;0.251;0.276;0.256;0.347;0.327;0.894;1.169;0.042;0.125;0.454;0.159;0.188
16737;0.281;0.261;0.254;0.278;0.254;0.344;0.322;0.898;1.201;0.044;0.125;0.452;0.154;0.186
16738;0.283;0.264;0.256;0.278;0.251;0.342;0.32;0.908;1.233;0.042;0.125;0.452;0.151;0.186
16739;0.283;0.261;0.264;0.283;0.251;0.342;0.315;0.903;1.265;0.044;0.129;0.452;0.149;0.186
16740;0.281;0.261;0.259;0.283;0.251;0.337;0.312;0.898;1.301;0.046;0.132;0.454;0.149;0.186
16741;0.283;0.261;0.256;0.281;0.254;0.337;0.31;0.906;1.333;0.044;0.129;0.452;0.146;0.188
16742;0.283;0.261;0.256;0.281;0.251;0.337;0.31;0.918;1.367;0.044;0.125;0.447;0.144;0.181
16743;0.281;0.261;0.249;0.281;0.254;0.337;0.312;0.918;1.401;0.046;0.127;0.452;0.142;0.181
16744;0.281;0.259;0.247;0.281;0.251;0.337;0.317;0.918;1.433;0.046;0.129;0.449;0.142;0.181
16745;0.281;0.261;0.244;0.281;0.251;0.334;0.317;0.923;1.462;0.046;0.127;0.452;0.139;0.181
16746;0.281;0.264;0.242;0.281;0.249;0.337;0.32;0.916;1.489;0.049;0.127;0.452;0.142;0.186
16747;0.281;0.261;0.244;0.278;0.247;0.339;0.325;0.916;1.519;0.046;0.125;0.452;0.139;0.178
16748;0.278;0.264;0.239;0.281;0.251;0.339;0.327;0.916;1.543;0.046;0.122;0.454;0.142;0.178
16749;0.276;0.264;0.239;0.281;0.251;0.339;0.327;0.911;1.565;0.049;0.12;0.454;0.146;0.181
16750;0.278;0.264;0.239;0.281;0.254;0.339;0.327;0.901;1.584;0.051;0.12;0.457;0.146;0.181
16751;0.276;0.264;0.237;0.286;0.254;0.342;0.325;0.906;1.606;0.051;0.12;0.457;0.154;0.181
16752;0.278;0.259;0.237;0.291;0.251;0.339;0.327;0.911;1.621;0.046;0.117;0.454;0.154;0.178
16753;0.278;0.261;0.232;0.291;0.249;0.339;0.325;0.92;1.641;0.049;0.115;0.452;0.156;0.178
16754;0.281;0.256;0.232;0.291;0.247;0.339;0.322;0.911;1.663;0.049;0.115;0.452;0.161;0.178
16755;0.283;0.259;0.229;0.291;0.247;0.337;0.322;0.906;1.682;0.049;0.112;0.447;0.166;0.181
16756;0.281;0.259;0.232;0.288;0.249;0.334;0.325;0.908;1.707;0.046;0.112;0.439;0.168;0.176
16757;0.283;0.256;0.232;0.286;0.249;0.334;0.327;0.911;1.733;0.046;0.115;0.435;0.173;0.178
16758;0.281;0.254;0.229;0.281;0.251;0.332;0.33;0.911;1.768;0.049;0.115;0.43;0.178;0.178
16759;0.278;0.254;0.232;0.281;0.254;0.332;0.332;0.913;1.799;0.046;0.112;0.422;0.183;0.176
16760;0.278;0.249;0.234;0.278;0.251;0.332;0.332;0.911;1.841;0.049;0.115;0.417;0.19;0.178
16761;0.281;0.251;0.237;0.276;0.254;0.334;0.334;0.906;1.88;0.044;0.11;0.405;0.193;0.178
16762;0.281;0.251;0.234;0.269;0.256;0.334;0.337;0.903;1.924;0.049;0.112;0.405;0.195;0.178
16763;0.278;0.249;0.239;0.269;0.251;0.334;0.339;0.908;1.97;0.046;0.112;0.398;0.195;0.176
16764;0.278;0.249;0.242;0.269;0.251;0.332;0.339;0.906;2.019;0.049;0.115;0.393;0.203;0.181
16765;0.276;0.249;0.247;0.266;0.249;0.334;0.337;0.911;2.063;0.046;0.112;0.386;0.203;0.181
16766;0.271;0.247;0.244;0.264;0.249;0.337;0.334;0.92;2.109;0.049;0.115;0.381;0.2;0.173
16767;0.269;0.247;0.244;0.266;0.249;0.334;0.334;0.918;2.158;0.049;0.115;0.376;0.21;0.178
16768;0.271;0.247;0.244;0.269;0.244;0.332;0.33;0.903;2.197;0.051;0.112;0.371;0.217;0.181
16769;0.271;0.247;0.244;0.266;0.247;0.332;0.332;0.906;2.236;0.049;0.115;0.366;0.225;0.183
16770;0.271;0.249;0.244;0.266;0.242;0.332;0.325;0.903;2.263;0.046;0.112;0.359;0.229;0.183
16771;0.271;0.249;0.242;0.266;0.247;0.332;0.322;0.898;2.295;0.049;0.115;0.354;0.234;0.181
16772;0.269;0.251;0.244;0.269;0.239;0.33;0.32;0.894;2.314;0.051;0.112;0.344;0.237;0.181
16773;0.266;0.251;0.239;0.269;0.242;0.327;0.315;0.898;2.339;0.049;0.112;0.339;0.244;0.181
16774;0.266;0.254;0.239;0.269;0.244;0.327;0.322;0.898;2.356;0.049;0.11;0.332;0.254;0.186
16775;0.264;0.254;0.237;0.271;0.244;0.325;0.32;0.879;2.373;0.051;0.11;0.322;0.256;0.186
16776;0.264;0.259;0.232;0.273;0.242;0.327;0.322;0.886;2.39;0.049;0.112;0.317;0.261;0.186
16777;0.266;0.256;0.227;0.271;0.239;0.327;0.325;0.896;2.405;0.049;0.107;0.308;0.269;0.186
16778;0.266;0.259;0.225;0.276;0.239;0.33;0.325;0.903;2.419;0.049;0.105;0.295;0.271;0.188
16779;0.269;0.259;0.227;0.276;0.237;0.33;0.325;0.898;2.429;0.049;0.105;0.288;0.278;0.188
16780;0.271;0.261;0.227;0.281;0.234;0.332;0.327;0.884;2.444;0.049;0.105;0.281;0.283;0.193
16781;0.271;0.261;0.229;0.281;0.232;0.33;0.33;0.879;2.458;0.049;0.105;0.273;0.286;0.19
16782;0.271;0.259;0.229;0.283;0.232;0.334;0.332;0.867;2.473;0.046;0.105;0.266;0.293;0.193
16783;0.271;0.261;0.232;0.283;0.229;0.33;0.332;0.867;2.485;0.046;0.103;0.259;0.298;0.195
16784;0.276;0.259;0.239;0.281;0.229;0.33;0.327;0.864;2.498;0.046;0.1;0.249;0.303;0.195
16785;0.276;0.256;0.234;0.278;0.229;0.327;0.327;0.872;2.515;0.046;0.098;0.244;0.298;0.195
16786;0.278;0.256;0.239;0.278;0.229;0.325;0.327;0.867;2.529;0.046;0.098;0.239;0.305;0.2
16787;0.276;0.256;0.242;0.281;0.232;0.325;0.325;0.869;2.544;0.046;0.1;0.232;0.305;0.203
16788;0.273;0.256;0.237;0.278;0.232;0.33;0.327;0.881;2.556;0.046;0.1;0.227;0.31;0.203
16789;0.273;0.256;0.239;0.278;0.234;0.33;0.33;0.891;2.568;0.046;0.098;0.222;0.308;0.205
16790;0.273;0.256;0.237;0.278;0.234;0.332;0.33;0.908;2.581;0.044;0.1;0.22;0.308;0.208
16791;0.269;0.256;0.237;0.278;0.237;0.327;0.33;0.935;2.588;0.044;0.098;0.212;0.31;0.208
16792;0.269;0.256;0.239;0.278;0.234;0.33;0.332;0.942;2.598;0.042;0.098;0.208;0.312;0.208
16793;0.269;0.254;0.239;0.278;0.234;0.33;0.33;0.945;2.6;0.042;0.098;0.208;0.315;0.212
16794;0.269;0.251;0.237;0.281;0.234;0.332;0.33;0.947;2.607;0.044;0.1;0.205;0.317;0.212
16795;0.269;0.256;0.239;0.278;0.232;0.327;0.327;0.962;2.605;0.044;0.098;0.205;0.315;0.215
16796;0.269;0.254;0.237;0.278;0.229;0.327;0.325;0.955;2.605;0.044;0.098;0.2;0.312;0.215
16797;0.266;0.254;0.234;0.276;0.229;0.322;0.322;0.947;2.6;0.044;0.1;0.198;0.312;0.212
16798;0.269;0.251;0.229;0.273;0.229;0.325;0.32;0.94;2.59;0.044;0.1;0.198;0.315;0.217
16799;0.266;0.251;0.227;0.271;0.229;0.322;0.315;0.942;2.581;0.046;0.105;0.2;0.312;0.217
16800;0.269;0.251;0.222;0.271;0.232;0.322;0.317;0.938;2.561;0.042;0.1;0.195;0.31;0.22
16801;0.271;0.251;0.225;0.273;0.232;0.317;0.317;0.935;2.542;0.044;0.105;0.198;0.31;0.225
16802;0.273;0.247;0.22;0.271;0.234;0.32;0.317;0.933;2.515;0.042;0.103;0.193;0.308;0.225
16803;0.273;0.251;0.222;0.273;0.232;0.32;0.325;0.925;2.483;0.042;0.105;0.193;0.303;0.22
16804;0.276;0.247;0.22;0.271;0.232;0.325;0.327;0.925;2.451;0.044;0.103;0.195;0.293;0.222
16805;0.273;0.251;0.22;0.273;0.234;0.325;0.327;0.928;2.415;0.039;0.105;0.19;0.293;0.225
16806;0.276;0.251;0.222;0.273;0.234;0.327;0.332;0.923;2.38;0.044;0.107;0.195;0.288;0.222
16807;0.278;0.251;0.222;0.276;0.234;0.332;0.334;0.923;2.339;0.042;0.105;0.195;0.283;0.225
16808;0.276;0.249;0.227;0.276;0.237;0.334;0.334;0.925;2.297;0.039;0.107;0.195;0.278;0.225
16809;0.278;0.249;0.227;0.276;0.237;0.337;0.334;0.925;2.256;0.042;0.107;0.195;0.278;0.225
16810;0.276;0.249;0.225;0.273;0.237;0.342;0.33;0.916;2.209;0.042;0.105;0.193;0.271;0.227
16811;0.276;0.251;0.222;0.273;0.237;0.342;0.33;0.918;2.166;0.042;0.107;0.19;0.266;0.225
16812;0.273;0.251;0.225;0.271;0.237;0.342;0.33;0.92;2.114;0.039;0.107;0.19;0.269;0.227
16813;0.273;0.254;0.227;0.269;0.234;0.339;0.332;0.925;2.065;0.042;0.105;0.188;0.261;0.225
16814;0.276;0.254;0.225;0.269;0.232;0.339;0.327;0.923;2.012;0.039;0.107;0.188;0.261;0.227
16815;0.276;0.256;0.227;0.269;0.229;0.332;0.33;0.93;1.958;0.039;0.107;0.186;0.256;0.227
16816;0.276;0.256;0.227;0.264;0.232;0.332;0.33;0.94;1.899;0.042;0.11;0.183;0.256;0.225
16817;0.276;0.256;0.232;0.266;0.232;0.33;0.33;0.94;1.843;0.042;0.107;0.186;0.251;0.227
16818;0.276;0.264;0.227;0.261;0.234;0.325;0.332;0.923;1.787;0.039;0.107;0.183;0.249;0.229
16819;0.273;0.261;0.232;0.266;0.234;0.33;0.332;0.918;1.731;0.039;0.107;0.181;0.244;0.227
16820;0.273;0.264;0.227;0.264;0.234;0.327;0.332;0.923;1.677;0.044;0.105;0.178;0.242;0.232
16821;0.273;0.259;0.227;0.269;0.234;0.327;0.334;0.928;1.624;0.044;0.105;0.178;0.237;0.229
16822;0.271;0.261;0.227;0.266;0.232;0.33;0.339;0.923;1.572;0.042;0.105;0.173;0.234;0.229
16823;0.269;0.259;0.229;0.266;0.229;0.33;0.337;0.928;1.523;0.044;0.105;0.173;0.227;0.225
16824;0.269;0.259;0.229;0.266;0.227;0.332;0.337;0.93;1.475;0.044;0.103;0.171;0.227;0.227
16825;0.269;0.261;0.234;0.269;0.222;0.334;0.337;0.923;1.436;0.042;0.105;0.171;0.225;0.229
16826;0.269;0.259;0.234;0.269;0.217;0.332;0.334;0.918;1.392;0.042;0.103;0.171;0.222;0.225
16827;0.266;0.259;0.232;0.271;0.217;0.334;0.332;0.923;1.353;0.042;0.103;0.166;0.22;0.227
16828;0.269;0.256;0.229;0.271;0.217;0.334;0.334;0.923;1.313;0.042;0.103;0.168;0.22;0.222
16829;0.269;0.256;0.234;0.273;0.217;0.334;0.332;0.913;1.279;0.039;0.103;0.166;0.217;0.225
16830;0.269;0.256;0.237;0.273;0.215;0.332;0.334;0.911;1.248;0.042;0.103;0.166;0.22;0.225
16831;0.271;0.256;0.237;0.276;0.22;0.332;0.334;0.908;1.213;0.039;0.1;0.159;0.22;0.22
16832;0.273;0.256;0.237;0.276;0.222;0.327;0.334;0.908;1.187;0.042;0.103;0.161;0.222;0.217
16833;0.273;0.256;0.237;0.273;0.225;0.325;0.337;0.906;1.157;0.039;0.1;0.159;0.227;0.22
16834;0.276;0.259;0.237;0.278;0.229;0.325;0.334;0.913;1.13;0.042;0.1;0.156;0.225;0.215
16835;0.276;0.256;0.234;0.276;0.234;0.322;0.334;0.906;1.108;0.042;0.098;0.156;0.225;0.215
16836;0.276;0.256;0.237;0.278;0.234;0.322;0.334;0.896;1.079;0.042;0.098;0.151;0.222;0.21
16837;0.273;0.254;0.232;0.276;0.234;0.325;0.337;0.901;1.057;0.044;0.1;0.154;0.22;0.21
16838;0.276;0.259;0.232;0.273;0.237;0.327;0.334;0.911;1.04;0.042;0.1;0.151;0.22;0.208
16839;0.278;0.256;0.232;0.273;0.237;0.327;0.334;0.901;1.016;0.039;0.098;0.146;0.212;0.208
16840;0.278;0.256;0.232;0.273;0.234;0.327;0.332;0.891;0.996;0.042;0.098;0.144;0.212;0.203
16841;0.281;0.259;0.227;0.271;0.234;0.33;0.337;0.894;0.974;0.042;0.093;0.142;0.21;0.2
16842;0.278;0.256;0.227;0.271;0.229;0.332;0.334;0.896;0.962;0.039;0.095;0.142;0.208;0.198
16843;0.283;0.259;0.227;0.271;0.229;0.332;0.337;0.906;0.942;0.039;0.093;0.139;0.205;0.198
16844;0.281;0.256;0.227;0.271;0.229;0.332;0.337;0.898;0.933;0.039;0.098;0.134;0.205;0.195
16845;0.281;0.259;0.229;0.271;0.227;0.332;0.337;0.896;0.923;0.037;0.09;0.137;0.205;0.19
16846;0.281;0.261;0.229;0.271;0.222;0.334;0.339;0.891;0.916;0.037;0.093;0.132;0.208;0.19
16847;0.278;0.261;0.232;0.271;0.225;0.332;0.339;0.901;0.913;0.037;0.093;0.129;0.203;0.19
16848;0.278;0.259;0.232;0.271;0.227;0.334;0.339;0.916;0.918;0.037;0.095;0.127;0.208;0.188
16849;0.278;0.259;0.234;0.273;0.225;0.334;0.342;0.913;0.928;0.039;0.093;0.129;0.205;0.188
16850;0.276;0.259;0.234;0.271;0.225;0.332;0.342;0.911;0.945;0.034;0.09;0.127;0.205;0.183
16851;0.273;0.259;0.237;0.271;0.222;0.332;0.347;0.916;0.967;0.037;0.093;0.127;0.203;0.183
16852;0.276;0.261;0.237;0.271;0.225;0.332;0.342;0.918;0.999;0.037;0.093;0.132;0.198;0.176
16853;0.273;0.259;0.237;0.269;0.222;0.337;0.339;0.918;1.033;0.037;0.09;0.127;0.205;0.183
16854;0.276;0.264;0.239;0.269;0.222;0.334;0.334;0.913;1.074;0.037;0.09;0.127;0.2;0.178
16855;0.276;0.264;0.242;0.269;0.22;0.339;0.325;0.92;1.118;0.037;0.088;0.129;0.203;0.178
16856;0.276;0.261;0.239;0.266;0.22;0.339;0.32;0.916;1.16;0.037;0.088;0.129;0.2;0.176
16857;0.278;0.261;0.244;0.269;0.222;0.339;0.32;0.913;1.201;0.037;0.088;0.129;0.2;0.176
16858;0.276;0.261;0.242;0.266;0.225;0.337;0.315;0.913;1.245;0.037;0.083;0.129;0.195;0.171
16859;0.278;0.261;0.244;0.266;0.225;0.339;0.317;0.916;1.282;0.037;0.081;0.127;0.193;0.168
16860;0.276;0.259;0.244;0.264;0.227;0.337;0.32;0.908;1.321;0.039;0.083;0.132;0.195;0.168
16861;0.276;0.259;0.247;0.261;0.232;0.337;0.325;0.906;1.35;0.039;0.081;0.134;0.193;0.171
16862;0.278;0.259;0.247;0.266;0.232;0.332;0.33;0.903;1.379;0.042;0.078;0.134;0.19;0.168
16863;0.281;0.261;0.244;0.264;0.234;0.334;0.33;0.898;1.406;0.039;0.081;0.139;0.188;0.164
16864;0.278;0.259;0.239;0.261;0.237;0.332;0.334;0.901;1.433;0.039;0.081;0.144;0.188;0.164
16865;0.278;0.259;0.242;0.261;0.237;0.33;0.337;0.906;1.458;0.042;0.081;0.151;0.186;0.161
16866;0.276;0.259;0.244;0.261;0.237;0.334;0.337;0.903;1.477;0.037;0.076;0.154;0.188;0.161
16867;0.276;0.259;0.247;0.264;0.239;0.332;0.337;0.898;1.501;0.042;0.076;0.159;0.186;0.159
16868;0.276;0.259;0.244;0.264;0.237;0.337;0.332;0.903;1.521;0.042;0.076;0.164;0.186;0.156
16869;0.276;0.261;0.242;0.259;0.239;0.337;0.327;0.916;1.548;0.044;0.073;0.173;0.181;0.154
16870;0.276;0.261;0.242;0.261;0.242;0.337;0.32;0.913;1.562;0.042;0.073;0.178;0.183;0.151
16871;0.276;0.256;0.242;0.259;0.244;0.339;0.32;0.918;1.584;0.042;0.073;0.186;0.178;0.151
16872;0.276;0.259;0.242;0.261;0.244;0.342;0.312;0.911;1.604;0.046;0.076;0.195;0.183;0.154
16873;0.273;0.256;0.242;0.261;0.244;0.342;0.315;0.908;1.624;0.042;0.071;0.208;0.183;0.149
16874;0.273;0.259;0.242;0.261;0.244;0.339;0.315;0.906;1.646;0.042;0.073;0.217;0.181;0.151
16875;0.276;0.254;0.247;0.264;0.247;0.342;0.317;0.906;1.663;0.042;0.071;0.227;0.181;0.146
16876;0.276;0.254;0.247;0.264;0.244;0.342;0.322;0.903;1.68;0.042;0.071;0.234;0.183;0.146
16877;0.278;0.256;0.249;0.264;0.244;0.339;0.322;0.903;1.699;0.044;0.071;0.239;0.178;0.144
16878;0.273;0.256;0.249;0.264;0.247;0.342;0.322;0.906;1.719;0.042;0.068;0.247;0.178;0.139
16879;0.276;0.254;0.251;0.266;0.242;0.339;0.327;0.918;1.736;0.046;0.068;0.249;0.183;0.142
16880;0.276;0.251;0.254;0.264;0.242;0.342;0.33;0.918;1.758;0.042;0.066;0.254;0.183;0.142
16881;0.276;0.251;0.251;0.266;0.242;0.339;0.327;0.923;1.777;0.044;0.066;0.259;0.186;0.142
16882;0.271;0.249;0.254;0.266;0.242;0.339;0.33;0.918;1.794;0.044;0.066;0.264;0.183;0.144
16883;0.273;0.251;0.256;0.266;0.244;0.339;0.352;0.908;1.816;0.046;0.066;0.271;0.186;0.139
16884;0.273;0.249;0.254;0.266;0.242;0.342;0.381;0.903;1.836;0.046;0.068;0.276;0.186;0.142
16885;0.273;0.247;0.254;0.264;0.237;0.342;0.396;0.908;1.855;0.046;0.066;0.283;0.186;0.139
16886;0.273;0.247;0.251;0.264;0.237;0.342;0.464;0.906;1.875;0.046;0.066;0.291;0.193;0.139
16887;0.271;0.247;0.247;0.264;0.232;0.339;0.505;0.901;1.892;0.046;0.063;0.3;0.193;0.137
16888;0.271;0.247;0.249;0.264;0.232;0.339;0.527;0.894;1.904;0.044;0.066;0.31;0.198;0.139
16889;0.271;0.244;0.249;0.261;0.229;0.339;0.549;0.906;1.919;0.046;0.063;0.322;0.2;0.137
16890;0.271;0.244;0.249;0.259;0.227;0.339;0.574;0.903;1.929;0.044;0.066;0.332;0.2;0.137
16891;0.269;0.244;0.249;0.261;0.229;0.339;0.549;0.901;1.934;0.044;0.063;0.347;0.205;0.139
16892;0.269;0.247;0.251;0.261;0.229;0.339;0.554;0.901;1.941;0.044;0.063;0.361;0.212;0.134
16893;0.273;0.244;0.249;0.261;0.232;0.339;0.566;0.901;1.953;0.046;0.063;0.374;0.212;0.137
16894;0.271;0.247;0.249;0.264;0.232;0.342;0.557;0.898;1.956;0.042;0.061;0.386;0.217;0.134
16895;0.273;0.247;0.251;0.264;0.232;0.342;0.574;0.903;1.965;0.044;0.061;0.393;0.222;0.134
16896;0.273;0.247;0.249;0.264;0.234;0.347;0.601;0.903;1.97;0.042;0.061;0.403;0.229;0.132
16897;0.273;0.244;0.249;0.264;0.237;0.347;0.593;0.906;1.975;0.042;0.059;0.408;0.234;0.134
16898;0.271;0.247;0.251;0.264;0.234;0.344;0.581;0.903;1.982;0.044;0.059;0.415;0.242;0.129
16899;0.273;0.249;0.247;0.266;0.232;0.342;0.593;0.908;1.99;0.042;0.061;0.417;0.244;0.132
16900;0.273;0.247;0.244;0.264;0.232;0.342;0.579;0.916;1.992;0.042;0.061;0.422;0.254;0.132
16901;0.273;0.249;0.244;0.266;0.227;0.339;0.562;0.916;1.99;0.042;0.059;0.43;0.261;0.132
16902;0.273;0.251;0.244;0.266;0.227;0.339;0.559;0.913;1.99;0.042;0.061;0.432;0.261;0.129
16903;0.273;0.249;0.247;0.266;0.232;0.339;0.557;0.918;1.985;0.039;0.059;0.432;0.269;0.127
16904;0.271;0.251;0.249;0.266;0.229;0.339;0.54;0.918;1.982;0.042;0.059;0.442;0.276;0.129
16905;0.271;0.251;0.247;0.266;0.232;0.339;0.547;0.918;1.975;0.039;0.061;0.447;0.281;0.127
16906;0.273;0.254;0.247;0.266;0.229;0.337;0.557;0.918;1.96;0.039;0.061;0.452;0.286;0.127
16907;0.276;0.251;0.249;0.266;0.227;0.334;0.542;0.918;1.951;0.042;0.061;0.452;0.293;0.129
16908;0.273;0.251;0.249;0.266;0.227;0.339;0.549;0.911;1.936;0.042;0.061;0.454;0.298;0.127
16909;0.278;0.251;0.247;0.264;0.227;0.339;0.557;0.911;1.924;0.039;0.061;0.454;0.3;0.125
16910;0.281;0.251;0.249;0.264;0.232;0.339;0.571;0.916;1.912;0.039;0.061;0.454;0.31;0.127
16911;0.281;0.249;0.249;0.264;0.232;0.342;0.574;0.916;1.912;0.039;0.063;0.454;0.317;0.127
16912;0.281;0.251;0.256;0.266;0.232;0.339;0.596;0.908;1.904;0.039;0.061;0.452;0.322;0.127
16913;0.278;0.249;0.261;0.266;0.232;0.344;0.596;0.908;1.907;0.039;0.061;0.447;0.327;0.125
16914;0.281;0.249;0.264;0.266;0.232;0.342;0.601;0.911;1.907;0.039;0.059;0.447;0.334;0.122
16915;0.278;0.249;0.269;0.266;0.229;0.344;0.608;0.918;1.912;0.039;0.063;0.442;0.342;0.125
16916;0.281;0.247;0.269;0.266;0.229;0.344;0.596;0.92;1.914;0.039;0.061;0.439;0.344;0.122
16917;0.283;0.247;0.278;0.271;0.229;0.342;0.583;0.93;1.919;0.039;0.063;0.439;0.352;0.122
16918;0.281;0.249;0.288;0.271;0.229;0.342;0.588;0.933;1.924;0.039;0.061;0.435;0.356;0.12
16919;0.278;0.247;0.298;0.271;0.229;0.344;0.581;0.933;1.931;0.037;0.059;0.432;0.366;0.117
16920;0.283;0.247;0.352;0.271;0.232;0.339;0.576;0.933;1.931;0.044;0.061;0.43;0.369;0.12
16921;0.281;0.247;0.386;0.273;0.232;0.344;0.583;0.935;1.931;0.039;0.059;0.427;0.376;0.122
16922;0.281;0.251;0.437;0.273;0.232;0.344;0.583;0.933;1.931;0.044;0.061;0.427;0.376;0.117
16923;0.281;0.249;0.449;0.276;0.237;0.347;0.581;0.933;1.926;0.044;0.061;0.417;0.383;0.117
16924;0.286;0.249;0.388;0.278;0.237;0.347;0.579;0.933;1.919;0.042;0.059;0.413;0.388;0.12
16925;0.283;0.251;0.405;0.278;0.239;0.349;0.583;0.933;1.909;0.042;0.059;0.4;0.393;0.12
16926;0.283;0.251;0.413;0.276;0.242;0.349;0.579;0.925;1.892;0.042;0.061;0.393;0.398;0.12
16927;0.283;0.251;0.325;0.278;0.242;0.349;0.576;0.923;1.882;0.044;0.061;0.383;0.4;0.12
16928;0.281;0.251;0.386;0.276;0.239;0.347;0.583;0.916;1.863;0.039;0.051;0.374;0.403;0.115
16929;0.278;0.254;0.461;0.273;0.239;0.352;0.576;0.911;1.843;0.042;0.056;0.364;0.408;0.117
16930;0.278;0.251;0.413;0.271;0.237;0.352;0.576;0.908;1.821;0.039;0.056;0.359;0.41;0.117
16931;0.276;0.251;0.425;0.271;0.234;0.349;0.576;0.901;1.799;0.042;0.054;0.352;0.415;0.12
16932;0.278;0.251;0.386;0.271;0.232;0.352;0.579;0.898;1.777;0.039;0.051;0.349;0.42;0.117
16933;0.276;0.251;0.371;0.264;0.232;0.349;0.574;0.896;1.758;0.039;0.054;0.344;0.422;0.12
16934;0.273;0.251;0.413;0.264;0.232;0.347;0.576;0.898;1.733;0.037;0.054;0.342;0.427;0.12
16935;0.276;0.249;0.391;0.261;0.234;0.347;0.579;0.906;1.707;0.039;0.051;0.342;0.427;0.115
16936;0.276;0.251;0.322;0.261;0.234;0.342;0.571;0.92;1.685;0.037;0.054;0.342;0.43;0.115
16937;0.276;0.249;0.359;0.259;0.237;0.342;0.569;0.918;1.66;0.037;0.049;0.344;0.435;0.117
16938;0.278;0.249;0.388;0.259;0.234;0.339;0.564;0.913;1.641;0.037;0.051;0.344;0.437;0.115
16939;0.283;0.249;0.359;0.254;0.234;0.342;0.554;0.911;1.619;0.039;0.051;0.347;0.439;0.117
16940;0.286;0.247;0.369;0.254;0.237;0.342;0.557;0.911;1.599;0.037;0.051;0.347;0.444;0.115
16941;0.283;0.251;0.366;0.254;0.237;0.342;0.554;0.911;1.58;0.037;0.051;0.352;0.447;0.117
16942;0.286;0.249;0.347;0.254;0.237;0.342;0.547;0.911;1.562;0.037;0.054;0.359;0.447;0.115
16943;0.286;0.249;0.327;0.254;0.239;0.344;0.552;0.908;1.548;0.037;0.054;0.366;0.449;0.115
16944;0.288;0.249;0.342;0.254;0.242;0.344;0.549;0.901;1.531;0.039;0.059;0.376;0.454;0.115
16945;0.288;0.247;0.364;0.254;0.244;0.342;0.547;0.906;1.514;0.039;0.056;0.386;0.454;0.117
16946;0.288;0.247;0.415;0.251;0.242;0.339;0.542;0.916;1.494;0.039;0.059;0.396;0.454;0.115
16947;0.288;0.249;0.352;0.254;0.242;0.339;0.544;0.92;1.479;0.042;0.059;0.408;0.457;0.115
16948;0.288;0.247;0.342;0.254;0.239;0.339;0.547;0.925;1.46;0.042;0.061;0.415;0.457;0.112
16949;0.288;0.249;0.349;0.256;0.242;0.342;0.542;0.93;1.448;0.042;0.063;0.425;0.461;0.115
16950;0.288;0.247;0.337;0.259;0.242;0.342;0.544;0.928;1.431;0.044;0.061;0.43;0.457;0.112
16951;0.286;0.247;0.342;0.256;0.239;0.344;0.547;0.923;1.418;0.046;0.063;0.432;0.459;0.115
16952;0.288;0.247;0.364;0.259;0.239;0.344;0.542;0.908;1.406;0.046;0.063;0.435;0.457;0.115
16953;0.288;0.247;0.349;0.256;0.242;0.344;0.542;0.906;1.389;0.044;0.061;0.439;0.459;0.115
16954;0.291;0.249;0.342;0.259;0.242;0.344;0.537;0.908;1.382;0.046;0.063;0.442;0.459;0.117
16955;0.288;0.247;0.332;0.259;0.242;0.342;0.532;0.911;1.375;0.049;0.063;0.439;0.459;0.115
16956;0.291;0.244;0.315;0.259;0.239;0.342;0.527;0.908;1.367;0.051;0.066;0.442;0.457;0.117
16957;0.291;0.247;0.32;0.259;0.239;0.337;0.522;0.913;1.36;0.049;0.063;0.447;0.457;0.112
16958;0.291;0.247;0.334;0.259;0.239;0.337;0.518;0.916;1.353;0.049;0.063;0.442;0.454;0.112
16959;0.293;0.244;0.344;0.259;0.237;0.334;0.515;0.918;1.35;0.051;0.066;0.444;0.452;0.11
16960;0.293;0.244;0.352;0.259;0.237;0.342;0.518;0.916;1.35;0.054;0.066;0.435;0.457;0.117
16961;0.291;0.244;0.374;0.259;0.234;0.337;0.515;0.911;1.345;0.051;0.063;0.422;0.454;0.112
16962;0.288;0.244;0.371;0.259;0.234;0.334;0.52;0.906;1.348;0.049;0.063;0.413;0.449;0.11
16963;0.288;0.242;0.388;0.259;0.237;0.334;0.525;0.906;1.345;0.049;0.063;0.403;0.449;0.112
16964;0.291;0.244;0.398;0.256;0.237;0.334;0.527;0.898;1.35;0.049;0.063;0.396;0.449;0.115
16965;0.291;0.244;0.4;0.256;0.237;0.332;0.527;0.901;1.353;0.049;0.063;0.383;0.447;0.112
16966;0.288;0.244;0.4;0.254;0.237;0.332;0.532;0.898;1.36;0.054;0.063;0.371;0.444;0.112
16967;0.291;0.244;0.452;0.254;0.234;0.332;0.53;0.906;1.362;0.051;0.061;0.361;0.444;0.115
16968;0.291;0.244;0.4;0.254;0.234;0.334;0.527;0.911;1.37;0.049;0.061;0.349;0.444;0.112
16969;0.293;0.244;0.52;0.254;0.229;0.334;0.525;0.906;1.377;0.049;0.059;0.337;0.439;0.11
16970;0.293;0.242;0.508;0.251;0.229;0.337;0.518;0.903;1.389;0.049;0.061;0.327;0.437;0.112
16971;0.295;0.242;0.427;0.251;0.232;0.337;0.515;0.906;1.396;0.049;0.059;0.317;0.435;0.107
16972;0.298;0.242;0.41;0.251;0.232;0.339;0.513;0.906;1.406;0.051;0.059;0.308;0.439;0.11
16973;0.298;0.242;0.464;0.251;0.234;0.339;0.51;0.903;1.411;0.046;0.056;0.303;0.435;0.11
16974;0.298;0.244;0.464;0.251;0.237;0.339;0.505;0.906;1.418;0.046;0.056;0.295;0.437;0.11
16975;0.298;0.242;0.439;0.249;0.239;0.342;0.503;0.906;1.428;0.046;0.054;0.293;0.432;0.107
16976;0.298;0.244;0.53;0.254;0.239;0.344;0.5;0.911;1.438;0.046;0.054;0.288;0.437;0.11
16977;0.298;0.239;0.496;0.251;0.239;0.339;0.498;0.906;1.45;0.044;0.054;0.288;0.432;0.107
16978;0.298;0.242;0.41;0.256;0.239;0.342;0.496;0.913;1.458;0.042;0.051;0.288;0.435;0.107
16979;0.298;0.244;0.483;0.256;0.239;0.344;0.493;0.913;1.472;0.044;0.054;0.293;0.432;0.11
16980;0.298;0.242;0.457;0.256;0.242;0.339;0.493;0.913;1.482;0.046;0.051;0.291;0.432;0.107
16981;0.298;0.242;0.505;0.256;0.244;0.342;0.508;0.908;1.499;0.046;0.051;0.293;0.432;0.11
16982;0.298;0.242;0.535;0.254;0.247;0.337;0.513;0.911;1.511;0.046;0.049;0.288;0.43;0.11
16983;0.298;0.244;0.464;0.254;0.249;0.337;0.52;0.913;1.526;0.046;0.049;0.291;0.43;0.107
16984;0.295;0.242;0.579;0.251;0.247;0.334;0.525;0.913;1.543;0.044;0.046;0.288;0.43;0.105
16985;0.298;0.239;0.449;0.254;0.251;0.337;0.522;0.908;1.567;0.046;0.049;0.283;0.427;0.107
16986;0.298;0.242;0.417;0.254;0.247;0.332;0.515;0.906;1.589;0.046;0.049;0.286;0.427;0.11
16987;0.3;0.237;0.315;0.249;0.247;0.334;0.515;0.898;1.604;0.044;0.046;0.278;0.43;0.11
16988;0.305;0.239;0.356;0.251;0.247;0.337;0.518;0.903;1.626;0.046;0.049;0.281;0.425;0.103
16989;0.303;0.242;0.337;0.251;0.244;0.337;0.51;0.898;1.638;0.044;0.046;0.278;0.42;0.103
16990;0.303;0.239;0.312;0.251;0.247;0.339;0.52;0.898;1.66;0.042;0.054;0.281;0.425;0.105
16991;0.305;0.237;0.334;0.254;0.242;0.339;0.527;0.906;1.672;0.042;0.054;0.278;0.425;0.107
16992;0.303;0.232;0.413;0.256;0.239;0.342;0.532;0.906;1.687;0.042;0.054;0.276;0.422;0.107
16993;0.305;0.232;0.347;0.256;0.247;0.339;0.535;0.906;1.707;0.044;0.059;0.276;0.422;0.107
16994;0.303;0.234;0.32;0.256;0.244;0.337;0.532;0.906;1.721;0.037;0.059;0.273;0.42;0.105
16995;0.303;0.234;0.396;0.256;0.247;0.334;0.527;0.901;1.738;0.039;0.063;0.273;0.42;0.107
16996;0.3;0.232;0.359;0.254;0.244;0.337;0.525;0.891;1.753;0.039;0.071;0.273;0.417;0.105
16997;0.303;0.232;0.444;0.254;0.249;0.334;0.527;0.886;1.768;0.039;0.073;0.273;0.417;0.103
16998;0.3;0.234;0.435;0.256;0.251;0.334;0.527;0.896;1.78;0.044;0.078;0.273;0.417;0.105
16999;0.3;0.232;0.391;0.254;0.251;0.332;0.522;0.896;1.787;0.039;0.083;0.271;0.413;0.105
17000;0.298;0.234;0.527;0.254;0.254;0.332;0.527;0.889;1.794;0.037;0.081;0.271;0.415;0.105
17001;0.295;0.232;0.459;0.251;0.256;0.334;0.527;0.894;1.804;0.037;0.088;0.269;0.413;0.103
17002;0.295;0.229;0.339;0.254;0.259;0.334;0.522;0.901;1.814;0.039;0.093;0.278;0.413;0.107
17003;0.295;0.234;0.542;0.256;0.256;0.337;0.527;0.898;1.821;0.037;0.098;0.283;0.41;0.107
17004;0.291;0.234;0.657;0.259;0.256;0.337;0.52;0.901;1.826;0.037;0.095;0.291;0.413;0.107
17005;0.293;0.234;0.52;0.261;0.256;0.337;0.518;0.913;1.833;0.034;0.1;0.298;0.405;0.1
17006;0.293;0.237;0.53;0.259;0.254;0.337;0.51;0.918;1.838;0.037;0.103;0.315;0.405;0.105
17007;0.291;0.237;0.647;0.259;0.256;0.342;0.51;0.906;1.846;0.037;0.105;0.327;0.4;0.103
17008;0.293;0.239;0.737;0.259;0.251;0.339;0.503;0.898;1.848;0.037;0.105;0.347;0.398;0.1
17009;0.293;0.239;0.769;0.259;0.251;0.339;0.498;0.898;1.853;0.034;0.107;0.366;0.403;0.105
17010;0.295;0.237;0.901;0.256;0.254;0.339;0.498;0.891;1.853;0.037;0.105;0.383;0.398;0.107
17011;0.298;0.239;0.835;0.256;0.251;0.339;0.498;0.889;1.855;0.034;0.107;0.405;0.396;0.107
17012;0.303;0.239;0.913;0.256;0.251;0.339;0.5;0.894;1.853;0.037;0.107;0.425;0.398;0.107
17013;0.305;0.242;0.896;0.256;0.247;0.339;0.503;0.901;1.855;0.037;0.105;0.444;0.391;0.105
17014;0.305;0.239;1.011;0.256;0.247;0.337;0.508;0.889;1.855;0.034;0.105;0.464;0.393;0.105
17015;0.308;0.239;0.957;0.256;0.247;0.339;0.51;0.891;1.858;0.037;0.107;0.483;0.386;0.105
17016;0.308;0.239;1.069;0.251;0.244;0.339;0.513;0.901;1.858;0.034;0.105;0.496;0.388;0.107
17017;0.31;0.237;0.901;0.254;0.244;0.339;0.515;0.894;1.855;0.034;0.103;0.513;0.391;0.107
17018;0.312;0.237;1.194;0.251;0.247;0.342;0.522;0.889;1.855;0.037;0.103;0.522;0.391;0.107
17019;0.31;0.239;1.587;0.251;0.247;0.337;0.527;0.896;1.853;0.032;0.1;0.535;0.388;0.11
17020;0.31;0.237;0.869;0.251;0.249;0.339;0.532;0.891;1.853;0.034;0.098;0.54;0.391;0.11
17021;0.308;0.239;1.135;0.249;0.247;0.337;0.537;0.881;1.848;0.034;0.095;0.549;0.391;0.11
17022;0.305;0.237;0.845;0.249;0.249;0.337;0.54;0.876;1.848;0.034;0.09;0.549;0.391;0.112
17023;0.3;0.237;0.596;0.247;0.251;0.339;0.53;0.886;1.838;0.034;0.09;0.557;0.393;0.107
17024;0.298;0.237;0.83;0.247;0.254;0.334;0.527;0.889;1.836;0.037;0.088;0.557;0.393;0.11
17025;0.295;0.234;1.096;0.247;0.254;0.334;0.52;0.879;1.829;0.039;0.09;0.559;0.396;0.11
17026;0.295;0.237;1.079;0.247;0.254;0.334;0.513;0.889;1.816;0.034;0.083;0.557;0.393;0.11
17027;0.295;0.237;0.964;0.249;0.254;0.332;0.513;0.889;1.809;0.039;0.085;0.559;0.398;0.11
17028;0.295;0.234;0.803;0.247;0.256;0.334;0.513;0.886;1.794;0.039;0.085;0.559;0.393;0.11
17029;0.291;0.234;0.801;0.249;0.254;0.334;0.513;0.886;1.78;0.037;0.085;0.557;0.398;0.11
17030;0.295;0.234;0.732;0.251;0.256;0.337;0.515;0.886;1.763;0.037;0.088;0.559;0.398;0.11
17031;0.295;0.234;0.364;0.254;0.256;0.334;0.52;0.891;1.746;0.039;0.093;0.557;0.396;0.107
17032;0.298;0.237;0.764;0.254;0.256;0.334;0.52;0.891;1.729;0.037;0.093;0.557;0.396;0.107
17033;0.295;0.237;0.662;0.254;0.259;0.332;0.518;0.889;1.714;0.039;0.098;0.554;0.396;0.105
17034;0.3;0.237;0.569;0.259;0.256;0.33;0.518;0.894;1.694;0.037;0.098;0.549;0.393;0.105
17035;0.303;0.239;0.686;0.256;0.256;0.332;0.515;0.898;1.68;0.039;0.103;0.552;0.396;0.107
17036;0.3;0.237;0.745;0.256;0.256;0.332;0.515;0.911;1.663;0.037;0.1;0.544;0.393;0.103
17037;0.303;0.237;0.774;0.256;0.254;0.332;0.513;0.913;1.648;0.042;0.105;0.542;0.393;0.105
17038;0.303;0.239;0.579;0.256;0.256;0.327;0.513;0.906;1.633;0.039;0.105;0.542;0.396;0.103
17039;0.303;0.239;0.713;0.259;0.256;0.33;0.513;0.911;1.621;0.042;0.107;0.542;0.388;0.105
17040;0.3;0.239;0.72;0.259;0.256;0.33;0.508;0.911;1.609;0.042;0.107;0.542;0.388;0.1
17041;0.303;0.242;0.703;0.259;0.256;0.327;0.5;0.903;1.594;0.042;0.105;0.542;0.388;0.107
17042;0.303;0.242;0.576;0.264;0.259;0.327;0.496;0.898;1.582;0.039;0.103;0.547;0.388;0.103
17043;0.303;0.242;0.63;0.261;0.261;0.33;0.486;0.894;1.567;0.039;0.103;0.547;0.388;0.107
17044;0.3;0.242;0.757;0.264;0.261;0.332;0.483;0.894;1.555;0.039;0.1;0.549;0.383;0.103
17045;0.3;0.239;0.784;0.266;0.264;0.33;0.483;0.898;1.538;0.037;0.098;0.554;0.386;0.103
17046;0.303;0.239;0.532;0.266;0.264;0.334;0.486;0.898;1.523;0.042;0.098;0.559;0.383;0.103
17047;0.3;0.239;0.574;0.266;0.264;0.334;0.496;0.901;1.506;0.039;0.098;0.564;0.378;0.1
17048;0.298;0.237;0.732;0.269;0.266;0.332;0.5;0.901;1.489;0.034;0.095;0.566;0.381;0.1
17049;0.3;0.237;0.601;0.269;0.269;0.332;0.508;0.898;1.467;0.042;0.098;0.574;0.378;0.1
17050;0.3;0.239;0.745;0.266;0.269;0.334;0.518;0.896;1.448;0.042;0.095;0.576;0.374;0.098
17051;0.303;0.237;0.752;0.266;0.266;0.334;0.52;0.896;1.406;0.042;0.093;0.583;0.374;0.1
17052;0.303;0.237;0.742;0.264;0.269;0.334;0.522;0.901;1.348;0.039;0.093;0.588;0.374;0.098
17053;0.303;0.234;0.603;0.264;0.269;0.337;0.525;0.906;1.377;0.039;0.093;0.596;0.371;0.098
17054;0.298;0.234;0.759;0.264;0.266;0.339;0.525;0.901;1.36;0.039;0.09;0.598;0.369;0.095
17055;0.298;0.237;0.728;0.264;0.269;0.337;0.522;0.898;1.357;0.037;0.093;0.608;0.371;0.098
17056;0.295;0.234;0.657;0.264;0.266;0.339;0.522;0.901;1.34;0.039;0.093;0.615;0.366;0.1
17057;0.295;0.232;0.483;0.266;0.271;0.337;0.518;0.903;1.328;0.042;0.093;0.615;0.369;0.098
17058;0.293;0.232;0.41;0.264;0.266;0.334;0.515;0.894;1.311;0.037;0.093;0.623;0.366;0.098
17059;0.291;0.229;0.378;0.264;0.266;0.332;0.513;0.896;1.289;0.034;0.085;0.623;0.366;0.093
17060;0.291;0.229;0.452;0.259;0.264;0.33;0.508;0.903;1.257;0.039;0.093;0.63;0.364;0.098
17061;0.291;0.232;0.476;0.261;0.261;0.33;0.5;0.901;1.252;0.037;0.093;0.635;0.364;0.098
17062;0.288;0.232;0.52;0.259;0.259;0.325;0.493;0.898;1.233;0.039;0.09;0.635;0.356;0.09
17063;0.283;0.234;0.452;0.264;0.256;0.322;0.491;0.901;1.213;0.034;0.093;0.637;0.366;0.095
17064;0.286;0.232;0.483;0.261;0.259;0.325;0.486;0.911;1.191;0.037;0.09;0.637;0.359;0.093
17065;0.283;0.237;0.461;0.261;0.254;0.322;0.488;0.906;1.172;0.037;0.093;0.64;0.352;0.088
17066;0.286;0.234;0.452;0.261;0.256;0.322;0.486;0.903;1.174;0.042;0.095;0.642;0.354;0.088
17067;0.288;0.237;0.43;0.259;0.259;0.322;0.491;0.903;1.165;0.037;0.093;0.64;0.356;0.095
17068;0.288;0.239;0.518;0.259;0.256;0.322;0.491;0.901;1.14;0.039;0.098;0.642;0.352;0.09
17069;0.288;0.239;0.527;0.259;0.259;0.325;0.498;0.896;1.135;0.037;0.098;0.64;0.352;0.093
17070;0.288;0.239;0.532;0.259;0.259;0.327;0.496;0.898;1.121;0.039;0.1;0.642;0.347;0.09
17071;0.288;0.239;0.447;0.261;0.264;0.332;0.5;0.908;1.104;0.039;0.1;0.642;0.352;0.093
17072;0.291;0.239;0.562;0.264;0.261;0.332;0.51;0.916;1.091;0.039;0.1;0.64;0.352;0.095
17073;0.288;0.239;0.396;0.261;0.261;0.332;0.51;0.911;1.079;0.037;0.103;0.642;0.349;0.095
17074;0.288;0.242;0.461;0.261;0.266;0.332;0.513;0.903;1.064;0.042;0.103;0.642;0.352;0.093
17075;0.288;0.244;0.381;0.261;0.266;0.332;0.518;0.901;1.047;0.039;0.1;0.645;0.349;0.095
17076;0.288;0.239;0.515;0.259;0.264;0.332;0.513;0.898;1.03;0.039;0.103;0.649;0.347;0.09
17077;0.286;0.239;0.601;0.259;0.264;0.332;0.513;0.896;1.016;0.039;0.103;0.657;0.349;0.093
17078;0.286;0.239;0.547;0.259;0.261;0.327;0.513;0.896;0.996;0.037;0.1;0.657;0.344;0.09
17079;0.286;0.239;0.513;0.259;0.261;0.332;0.508;0.894;0.981;0.039;0.1;0.667;0.344;0.09
17080;0.286;0.237;0.61;0.261;0.259;0.33;0.503;0.891;0.964;0.042;0.1;0.674;0.347;0.093
17081;0.286;0.239;0.474;0.261;0.256;0.33;0.505;0.894;0.95;0.042;0.1;0.681;0.342;0.09
17082;0.283;0.237;0.457;0.261;0.254;0.327;0.508;0.894;0.933;0.039;0.1;0.691;0.344;0.09
17083;0.283;0.239;0.53;0.261;0.254;0.332;0.505;0.891;0.92;0.039;0.1;0.698;0.344;0.093
17084;0.283;0.237;0.43;0.264;0.254;0.327;0.51;0.891;0.901;0.042;0.098;0.706;0.347;0.093
17085;0.281;0.237;0.596;0.264;0.254;0.327;0.508;0.889;0.886;0.042;0.098;0.713;0.344;0.093
17086;0.283;0.234;0.603;0.264;0.251;0.327;0.505;0.881;0.869;0.044;0.095;0.713;0.342;0.09
17087;0.278;0.234;0.432;0.264;0.256;0.327;0.505;0.881;0.852;0.042;0.093;0.715;0.342;0.09
17088;0.281;0.234;0.457;0.261;0.256;0.327;0.505;0.886;0.837;0.039;0.093;0.72;0.342;0.09
17089;0.276;0.229;0.417;0.261;0.259;0.325;0.503;0.889;0.828;0.042;0.093;0.72;0.339;0.088
17090;0.276;0.232;0.557;0.261;0.261;0.327;0.5;0.889;0.808;0.039;0.09;0.72;0.339;0.085
17091;0.273;0.227;0.483;0.259;0.256;0.325;0.505;0.898;0.801;0.042;0.09;0.723;0.342;0.09
17092;0.271;0.227;0.588;0.259;0.256;0.325;0.5;0.901;0.781;0.039;0.088;0.723;0.344;0.09
17093;0.271;0.227;0.454;0.256;0.254;0.325;0.498;0.901;0.769;0.039;0.088;0.723;0.347;0.09
17094;0.271;0.225;0.732;0.256;0.254;0.325;0.508;0.898;0.752;0.039;0.088;0.72;0.344;0.088
17095;0.269;0.225;0.4;0.254;0.254;0.325;0.513;0.898;0.74;0.042;0.085;0.713;0.347;0.088
17096;0.273;0.225;0.54;0.256;0.254;0.322;0.515;0.894;0.728;0.039;0.088;0.71;0.344;0.088
17097;0.276;0.227;0.459;0.256;0.254;0.322;0.522;0.891;0.71;0.039;0.083;0.696;0.347;0.083
17098;0.273;0.225;0.62;0.256;0.251;0.327;0.532;0.894;0.701;0.039;0.085;0.691;0.344;0.083
17099;0.276;0.225;0.635;0.259;0.254;0.325;0.535;0.903;0.688;0.042;0.088;0.684;0.349;0.085
17100;0.273;0.227;0.603;0.261;0.251;0.325;0.54;0.898;0.676;0.042;0.09;0.674;0.347;0.088
17101;0.276;0.227;0.764;0.261;0.251;0.325;0.537;0.898;0.662;0.042;0.093;0.662;0.347;0.085
17102;0.276;0.229;0.525;0.261;0.251;0.325;0.537;0.903;0.652;0.042;0.09;0.654;0.349;0.083
17103;0.273;0.229;0.933;0.266;0.249;0.322;0.532;0.903;0.642;0.042;0.095;0.647;0.349;0.09
17104;0.276;0.227;2.688;0.261;0.249;0.322;0.53;0.898;0.627;0.042;0.095;0.635;0.347;0.083
17105;0.276;0.227;4.998;0.264;0.249;0.322;0.527;0.889;0.618;0.044;0.1;0.63;0.347;0.085
17106;0.273;0.229;3.457;0.264;0.247;0.32;0.522;0.886;0.608;0.042;0.103;0.62;0.347;0.083
17107;0.271;0.232;4.998;0.264;0.249;0.32;0.518;0.881;0.596;0.042;0.107;0.613;0.347;0.083
17108;0.269;0.234;4.998;0.261;0.247;0.32;0.51;0.886;0.588;0.042;0.112;0.605;0.344;0.085
17109;0.269;0.234;4.998;0.264;0.249;0.32;0.508;0.889;0.581;0.042;0.115;0.598;0.337;0.078
17110;0.269;0.234;4.998;0.261;0.249;0.32;0.503;0.896;0.566;0.044;0.122;0.596;0.342;0.085
17111;0.269;0.234;4.998;0.261;0.249;0.322;0.5;0.894;0.559;0.044;0.132;0.593;0.342;0.085
17112;0.269;0.237;4.998;0.261;0.249;0.322;0.505;0.901;0.552;0.044;0.137;0.591;0.337;0.083
17113;0.271;0.237;4.998;0.261;0.249;0.322;0.51;0.903;0.544;0.044;0.146;0.588;0.337;0.083
17114;0.271;0.237;4.998;0.261;0.249;0.32;0.513;0.898;0.535;0.042;0.154;0.591;0.332;0.081
17115;0.271;0.237;4.998;0.261;0.247;0.32;0.52;0.896;0.527;0.042;0.159;0.591;0.332;0.081
17116;0.276;0.237;4.998;0.261;0.247;0.32;0.525;0.894;0.52;0.044;0.171;0.591;0.327;0.083
17117;0.273;0.234;4.998;0.261;0.247;0.322;0.525;0.896;0.513;0.044;0.171;0.591;0.327;0.081
17118;0.273;0.237;4.998;0.259;0.247;0.32;0.522;0.894;0.505;0.046;0.178;0.593;0.33;0.081
17119;0.278;0.234;4.998;0.259;0.247;0.317;0.525;0.898;0.496;0.044;0.183;0.596;0.325;0.081
17120;0.273;0.234;4.998;0.256;0.244;0.317;0.525;0.896;0.488;0.042;0.188;0.596;0.325;0.078
17121;0.276;0.234;4.998;0.259;0.244;0.315;0.52;0.891;0.483;0.039;0.188;0.593;0.32;0.078
17122;0.276;0.232;4.998;0.261;0.244;0.32;0.522;0.889;0.479;0.042;0.193;0.601;0.32;0.081
17123;0.271;0.232;4.998;0.261;0.242;0.317;0.518;0.891;0.474;0.044;0.198;0.601;0.317;0.081
17124;0.273;0.232;4.998;0.261;0.237;0.317;0.518;0.891;0.469;0.042;0.198;0.603;0.312;0.081
17125;0.271;0.229;4.998;0.259;0.234;0.317;0.518;0.896;0.464;0.042;0.203;0.605;0.312;0.081
17126;0.271;0.227;4.998;0.261;0.234;0.315;0.518;0.891;0.464;0.042;0.208;0.605;0.312;0.081
17127;0.269;0.225;4.998;0.259;0.229;0.312;0.515;0.891;0.464;0.042;0.212;0.61;0.305;0.078
17128;0.271;0.225;4.998;0.256;0.229;0.312;0.513;0.886;0.469;0.044;0.217;0.613;0.31;0.083
17129;0.271;0.225;4.998;0.256;0.227;0.312;0.513;0.889;0.466;0.039;0.22;0.608;0.305;0.081
17130;0.271;0.225;4.998;0.251;0.229;0.31;0.51;0.886;0.466;0.039;0.222;0.601;0.3;0.078
17131;0.271;0.222;4.998;0.254;0.227;0.31;0.513;0.881;0.469;0.042;0.227;0.601;0.305;0.078
17132;0.269;0.222;4.998;0.249;0.229;0.312;0.515;0.876;0.471;0.042;0.232;0.596;0.3;0.083
17133;0.269;0.222;4.998;0.249;0.232;0.31;0.515;0.876;0.469;0.039;0.234;0.591;0.298;0.083
17134;0.264;0.225;4.998;0.251;0.234;0.31;0.522;0.874;0.474;0.039;0.239;0.588;0.3;0.081
17135;0.266;0.227;4.998;0.251;0.234;0.31;0.525;0.869;0.474;0.044;0.244;0.581;0.298;0.083
17136;0.266;0.225;4.998;0.251;0.237;0.317;0.527;0.872;0.474;0.042;0.247;0.576;0.298;0.081
17137;0.264;0.227;4.998;0.249;0.234;0.312;0.522;0.876;0.469;0.037;0.244;0.566;0.293;0.081
17138;0.266;0.227;4.998;0.249;0.234;0.317;0.52;0.881;0.471;0.039;0.244;0.559;0.293;0.083
17139;0.266;0.225;4.998;0.254;0.234;0.317;0.518;0.876;0.471;0.039;0.244;0.549;0.298;0.083
17140;0.266;0.227;4.998;0.256;0.234;0.317;0.51;0.881;0.476;0.037;0.244;0.54;0.293;0.081
17141;0.266;0.229;4.998;0.256;0.234;0.315;0.503;0.874;0.474;0.034;0.242;0.53;0.293;0.081
17142;0.266;0.227;4.998;0.256;0.229;0.312;0.496;0.867;0.474;0.034;0.239;0.518;0.295;0.085
17143;0.269;0.229;4.998;0.254;0.232;0.31;0.496;0.869;0.479;0.037;0.239;0.51;0.295;0.083
17144;0.271;0.229;4.998;0.251;0.237;0.308;0.491;0.881;0.486;0.034;0.234;0.498;0.298;0.083
17145;0.276;0.232;4.998;0.254;0.237;0.303;0.491;0.874;0.491;0.037;0.232;0.486;0.298;0.083
17146;0.278;0.229;4.998;0.256;0.239;0.305;0.493;0.872;0.496;0.029;0.225;0.479;0.298;0.083
17147;0.276;0.229;4.998;0.256;0.242;0.305;0.493;0.874;0.51;0.037;0.222;0.471;0.298;0.088
17148;0.278;0.227;4.998;0.254;0.244;0.305;0.496;0.876;0.513;0.032;0.217;0.459;0.295;0.083
17149;0.278;0.229;4.998;0.256;0.244;0.31;0.493;0.869;0.527;0.034;0.215;0.454;0.303;0.083
17150;0.278;0.227;4.998;0.254;0.244;0.31;0.5;0.872;0.54;0.037;0.212;0.447;0.303;0.085
17151;0.278;0.227;4.998;0.254;0.244;0.312;0.503;0.884;0.544;0.037;0.205;0.437;0.303;0.083
17152;0.281;0.229;4.998;0.256;0.244;0.315;0.51;0.876;0.554;0.034;0.203;0.432;0.303;0.083
17153;0.278;0.227;4.998;0.256;0.244;0.315;0.508;0.867;0.562;0.039;0.203;0.427;0.3;0.085
17154;0.273;0.225;4.998;0.259;0.242;0.315;0.51;0.876;0.566;0.034;0.2;0.422;0.308;0.081
17155;0.276;0.227;4.998;0.256;0.239;0.317;0.508;0.879;0.571;0.037;0.195;0.415;0.308;0.088
17156;0.276;0.225;4.998;0.259;0.242;0.317;0.508;0.879;0.574;0.034;0.195;0.41;0.305;0.085
17157;0.276;0.225;4.998;0.259;0.242;0.315;0.503;0.881;0.576;0.037;0.195;0.408;0.308;0.083
17158;0.273;0.227;4.998;0.256;0.239;0.312;0.498;0.881;0.579;0.034;0.195;0.403;0.305;0.083
17159;0.273;0.225;4.998;0.256;0.239;0.312;0.496;0.876;0.579;0.037;0.193;0.4;0.308;0.088
17160;0.273;0.225;4.998;0.256;0.239;0.312;0.493;0.879;0.576;0.034;0.195;0.393;0.305;0.085
17161;0.271;0.227;4.998;0.254;0.239;0.31;0.496;0.879;0.579;0.037;0.198;0.398;0.31;0.085
17162;0.271;0.222;4.998;0.254;0.244;0.308;0.496;0.879;0.576;0.032;0.198;0.393;0.308;0.085
17163;0.269;0.222;4.998;0.249;0.242;0.305;0.498;0.874;0.574;0.032;0.203;0.393;0.31;0.083
17164;0.271;0.222;4.998;0.251;0.239;0.305;0.498;0.872;0.574;0.034;0.205;0.391;0.308;0.085
17165;0.269;0.222;4.998;0.251;0.242;0.308;0.5;0.876;0.566;0.032;0.21;0.388;0.312;0.085
17166;0.271;0.225;4.998;0.254;0.237;0.31;0.505;0.884;0.564;0.034;0.21;0.388;0.31;0.085
17167;0.271;0.222;4.998;0.254;0.237;0.31;0.508;0.884;0.564;0.032;0.212;0.388;0.315;0.088
17168;0.273;0.222;4.998;0.254;0.237;0.312;0.51;0.884;0.562;0.034;0.212;0.383;0.312;0.085
17169;0.273;0.227;4.998;0.259;0.237;0.312;0.51;0.884;0.562;0.032;0.217;0.383;0.315;0.085
17170;0.273;0.227;4.998;0.256;0.237;0.31;0.508;0.881;0.559;0.032;0.215;0.386;0.315;0.088
17171;0.271;0.227;4.998;0.256;0.237;0.312;0.508;0.876;0.559;0.034;0.212;0.383;0.315;0.085
17172;0.273;0.227;4.998;0.259;0.239;0.315;0.505;0.876;0.554;0.034;0.212;0.386;0.317;0.085
17173;0.273;0.229;4.998;0.259;0.237;0.32;0.503;0.876;0.554;0.032;0.21;0.383;0.322;0.088
17174;0.273;0.229;4.998;0.261;0.239;0.317;0.498;0.881;0.554;0.037;0.21;0.388;0.32;0.088
17175;0.273;0.232;4.998;0.259;0.237;0.32;0.5;0.874;0.554;0.037;0.208;0.383;0.32;0.085
17176;0.273;0.229;4.998;0.259;0.237;0.322;0.508;0.879;0.552;0.037;0.205;0.383;0.325;0.088
17177;0.271;0.232;4.998;0.259;0.237;0.322;0.518;0.876;0.547;0.034;0.205;0.381;0.325;0.088
17178;0.273;0.232;4.998;0.259;0.234;0.322;0.532;0.879;0.549;0.032;0.203;0.378;0.325;0.088
17179;0.278;0.234;4.998;0.261;0.234;0.325;0.54;0.876;0.549;0.037;0.205;0.378;0.325;0.088
17180;0.273;0.237;4.998;0.261;0.232;0.322;0.547;0.874;0.549;0.034;0.208;0.376;0.33;0.088
17181;0.276;0.234;4.998;0.261;0.232;0.32;0.557;0.874;0.549;0.034;0.21;0.374;0.327;0.088
17182;0.276;0.234;4.998;0.261;0.232;0.32;0.559;0.874;0.549;0.034;0.21;0.369;0.327;0.09
17183;0.276;0.234;4.998;0.259;0.234;0.322;0.559;0.876;0.549;0.034;0.212;0.369;0.325;0.085
17184;0.276;0.237;4.998;0.259;0.234;0.32;0.557;0.881;0.552;0.034;0.217;0.364;0.325;0.09
17185;0.273;0.237;4.998;0.259;0.239;0.322;0.554;0.886;0.549;0.037;0.222;0.361;0.325;0.09
17186;0.271;0.239;4.998;0.259;0.239;0.32;0.554;0.889;0.552;0.039;0.225;0.356;0.322;0.088
17187;0.273;0.237;4.998;0.261;0.234;0.317;0.559;0.894;0.552;0.037;0.227;0.354;0.32;0.088
17188;0.271;0.237;3.525;0.259;0.237;0.315;0.564;0.894;0.549;0.042;0.232;0.352;0.317;0.088
17189;0.271;0.237;1.777;0.259;0.239;0.317;0.562;0.889;0.554;0.039;0.237;0.349;0.317;0.09
17190;0.271;0.237;0.999;0.254;0.239;0.317;0.557;0.889;0.547;0.039;0.239;0.347;0.315;0.09
17191;0.269;0.237;0.615;0.254;0.242;0.315;0.552;0.889;0.544;0.039;0.244;0.344;0.315;0.09
17192;0.266;0.237;0.53;0.251;0.239;0.317;0.547;0.886;0.544;0.039;0.249;0.344;0.315;0.09
17193;0.266;0.237;0.413;0.251;0.234;0.317;0.544;0.884;0.542;0.039;0.256;0.344;0.312;0.09
17194;0.266;0.237;0.361;0.249;0.232;0.315;0.54;0.881;0.544;0.044;0.261;0.342;0.31;0.09
17195;0.266;0.239;0.305;0.247;0.229;0.315;0.542;0.884;0.535;0.039;0.264;0.342;0.31;0.09
17196;0.266;0.237;0.273;0.249;0.229;0.317;0.54;0.881;0.537;0.044;0.269;0.344;0.308;0.088
17197;0.271;0.234;0.3;0.247;0.225;0.32;0.542;0.879;0.532;0.042;0.273;0.347;0.308;0.09
17198;0.264;0.234;0.41;0.247;0.222;0.317;0.544;0.872;0.53;0.042;0.276;0.347;0.308;0.09
17199;0.269;0.232;0.403;0.247;0.225;0.317;0.552;0.869;0.527;0.042;0.278;0.352;0.303;0.093
17200;0.266;0.234;0.3;0.247;0.225;0.32;0.552;0.864;0.522;0.039;0.278;0.359;0.305;0.093
17201;0.266;0.234;0.293;0.247;0.222;0.322;0.552;0.862;0.52;0.039;0.281;0.364;0.3;0.09
17202;0.264;0.232;0.288;0.247;0.227;0.32;0.544;0.864;0.522;0.042;0.283;0.376;0.303;0.095
17203;0.266;0.232;0.295;0.244;0.225;0.322;0.544;0.867;0.515;0.039;0.278;0.378;0.298;0.093
17204;0.264;0.229;0.273;0.244;0.229;0.322;0.542;0.864;0.513;0.042;0.276;0.386;0.298;0.093
17205;0.266;0.229;0.259;0.247;0.225;0.32;0.537;0.862;0.515;0.044;0.276;0.396;0.295;0.093
17206;0.266;0.227;0.269;0.247;0.225;0.32;0.54;0.867;0.513;0.044;0.278;0.396;0.291;0.093
17207;0.266;0.229;0.288;0.247;0.229;0.32;0.54;0.867;0.508;0.044;0.276;0.4;0.291;0.093
17208;0.269;0.229;0.271;0.244;0.232;0.322;0.542;0.872;0.505;0.042;0.271;0.4;0.288;0.093
17209;0.271;0.229;0.273;0.249;0.232;0.322;0.542;0.869;0.505;0.042;0.271;0.4;0.286;0.095
17210;0.269;0.227;0.261;0.247;0.234;0.322;0.544;0.869;0.505;0.042;0.273;0.4;0.286;0.095
17211;0.271;0.229;0.251;0.247;0.234;0.32;0.54;0.867;0.503;0.042;0.271;0.398;0.278;0.095
17212;0.269;0.229;0.266;0.247;0.234;0.325;0.54;0.862;0.503;0.046;0.273;0.393;0.276;0.09
17213;0.269;0.227;0.242;0.244;0.237;0.32;0.537;0.869;0.498;0.042;0.273;0.391;0.278;0.095
17214;0.271;0.232;0.234;0.247;0.234;0.325;0.537;0.872;0.5;0.042;0.278;0.383;0.273;0.095
17215;0.269;0.229;0.234;0.244;0.234;0.327;0.537;0.867;0.503;0.042;0.281;0.381;0.273;0.093
17216;0.264;0.232;0.225;0.242;0.232;0.325;0.535;0.867;0.5;0.039;0.286;0.371;0.269;0.09
17217;0.264;0.232;0.22;0.242;0.232;0.327;0.527;0.874;0.5;0.042;0.288;0.369;0.266;0.093
17218;0.261;0.234;0.21;0.244;0.229;0.327;0.527;0.879;0.5;0.042;0.298;0.359;0.271;0.095
17219;0.261;0.234;0.205;0.244;0.222;0.327;0.522;0.869;0.5;0.039;0.303;0.352;0.266;0.095
17220;0.259;0.234;0.2;0.244;0.22;0.327;0.522;0.862;0.5;0.042;0.312;0.347;0.261;0.09
17221;0.256;0.234;0.203;0.244;0.217;0.327;0.518;0.867;0.503;0.042;0.322;0.342;0.264;0.093
17222;0.259;0.237;0.198;0.244;0.215;0.327;0.518;0.862;0.5;0.039;0.332;0.334;0.264;0.095
17223;0.259;0.237;0.195;0.244;0.215;0.325;0.515;0.859;0.5;0.039;0.342;0.325;0.264;0.095
17224;0.259;0.237;0.198;0.244;0.215;0.325;0.513;0.872;0.5;0.039;0.354;0.325;0.261;0.095
17225;0.259;0.237;0.195;0.244;0.217;0.325;0.515;0.869;0.498;0.042;0.366;0.32;0.261;0.095
17226;0.256;0.237;0.19;0.247;0.222;0.322;0.515;0.862;0.493;0.039;0.374;0.312;0.259;0.093
17227;0.256;0.237;0.193;0.244;0.225;0.325;0.518;0.859;0.496;0.042;0.386;0.308;0.261;0.095
17228;0.259;0.237;0.193;0.244;0.227;0.322;0.52;0.864;0.491;0.039;0.393;0.3;0.256;0.093
17229;0.259;0.232;0.198;0.247;0.232;0.32;0.518;0.864;0.488;0.039;0.4;0.293;0.259;0.095
17230;0.259;0.234;0.198;0.242;0.237;0.32;0.518;0.864;0.483;0.039;0.41;0.286;0.254;0.095
17231;0.254;0.234;0.198;0.244;0.234;0.32;0.515;0.867;0.483;0.039;0.417;0.283;0.259;0.093
17232;0.256;0.232;0.198;0.244;0.232;0.32;0.513;0.869;0.479;0.037;0.425;0.278;0.254;0.09
17233;0.256;0.232;0.203;0.242;0.227;0.32;0.505;0.864;0.479;0.039;0.435;0.271;0.254;0.09
17234;0.254;0.232;0.205;0.239;0.222;0.317;0.505;0.867;0.474;0.039;0.439;0.266;0.254;0.09
17235;0.254;0.229;0.205;0.232;0.222;0.32;0.508;0.867;0.469;0.037;0.444;0.256;0.254;0.093
17236;0.254;0.229;0.205;0.232;0.22;0.322;0.51;0.869;0.469;0.039;0.449;0.251;0.256;0.09
17237;0.254;0.227;0.205;0.234;0.22;0.322;0.513;0.867;0.466;0.039;0.454;0.249;0.254;0.088
17238;0.251;0.232;0.208;0.232;0.22;0.325;0.513;0.874;0.461;0.037;0.457;0.244;0.256;0.09
17239;0.254;0.232;0.208;0.232;0.222;0.325;0.515;0.879;0.461;0.039;0.459;0.242;0.256;0.088
17240;0.254;0.227;0.205;0.232;0.22;0.327;0.518;0.886;0.454;0.039;0.454;0.232;0.251;0.085
17241;0.254;0.232;0.205;0.232;0.22;0.327;0.522;0.889;0.454;0.037;0.452;0.229;0.256;0.088
17242;0.254;0.229;0.205;0.229;0.22;0.327;0.52;0.886;0.452;0.039;0.452;0.225;0.256;0.088
17243;0.254;0.229;0.203;0.232;0.22;0.33;0.518;0.889;0.449;0.039;0.452;0.222;0.256;0.088
17244;0.254;0.232;0.203;0.232;0.222;0.33;0.515;0.879;0.444;0.039;0.449;0.22;0.256;0.088
17245;0.254;0.229;0.205;0.234;0.22;0.325;0.51;0.881;0.442;0.037;0.447;0.215;0.259;0.085
17246;0.254;0.234;0.203;0.237;0.217;0.322;0.503;0.886;0.442;0.039;0.444;0.215;0.259;0.085
17247;0.254;0.227;0.2;0.234;0.217;0.322;0.498;0.886;0.435;0.039;0.447;0.21;0.261;0.083
17248;0.254;0.229;0.198;0.237;0.212;0.32;0.491;0.886;0.437;0.039;0.444;0.208;0.259;0.083
17249;0.251;0.229;0.198;0.237;0.212;0.32;0.488;0.886;0.43;0.039;0.442;0.203;0.266;0.085
17250;0.251;0.229;0.198;0.239;0.212;0.317;0.486;0.889;0.425;0.039;0.442;0.205;0.264;0.083
17251;0.251;0.229;0.195;0.242;0.212;0.32;0.486;0.884;0.42;0.039;0.435;0.2;0.264;0.083
17252;0.251;0.229;0.193;0.242;0.212;0.317;0.491;0.886;0.42;0.039;0.435;0.2;0.269;0.083
17253;0.251;0.227;0.195;0.244;0.212;0.322;0.493;0.886;0.415;0.039;0.43;0.198;0.269;0.083
17254;0.254;0.229;0.19;0.244;0.217;0.322;0.496;0.881;0.413;0.042;0.427;0.198;0.269;0.083
17255;0.251;0.229;0.19;0.244;0.22;0.32;0.496;0.881;0.405;0.039;0.422;0.19;0.271;0.081
17256;0.251;0.227;0.19;0.244;0.225;0.32;0.496;0.879;0.403;0.039;0.413;0.193;0.273;0.081
17257;0.251;0.229;0.195;0.242;0.222;0.32;0.498;0.884;0.398;0.042;0.41;0.19;0.271;0.081
17258;0.251;0.229;0.195;0.244;0.225;0.317;0.496;0.881;0.398;0.042;0.408;0.195;0.276;0.081
17259;0.251;0.229;0.195;0.244;0.222;0.315;0.498;0.884;0.386;0.039;0.396;0.188;0.276;0.078
17260;0.251;0.229;0.198;0.247;0.222;0.315;0.498;0.884;0.386;0.044;0.391;0.188;0.276;0.078
17261;0.249;0.227;0.198;0.242;0.22;0.31;0.498;0.881;0.381;0.042;0.386;0.188;0.278;0.081
17262;0.249;0.229;0.195;0.244;0.217;0.31;0.5;0.884;0.378;0.039;0.381;0.188;0.281;0.081
17263;0.249;0.227;0.198;0.242;0.215;0.31;0.498;0.886;0.374;0.039;0.374;0.186;0.281;0.078
17264;0.247;0.227;0.193;0.244;0.212;0.31;0.498;0.886;0.371;0.039;0.371;0.183;0.286;0.085
17265;0.244;0.225;0.188;0.242;0.21;0.31;0.498;0.891;0.369;0.042;0.366;0.186;0.281;0.078
17266;0.244;0.225;0.193;0.244;0.21;0.315;0.493;0.891;0.364;0.042;0.359;0.178;0.281;0.078
17267;0.244;0.227;0.19;0.244;0.212;0.317;0.493;0.896;0.361;0.042;0.356;0.181;0.281;0.078
17268;0.244;0.227;0.195;0.239;0.215;0.325;0.493;0.891;0.356;0.039;0.352;0.183;0.278;0.078
17269;0.247;0.229;0.193;0.239;0.22;0.325;0.496;0.901;0.352;0.042;0.349;0.181;0.278;0.078
17270;0.244;0.227;0.193;0.239;0.22;0.327;0.498;0.896;0.354;0.044;0.349;0.181;0.278;0.078
17271;0.247;0.227;0.193;0.234;0.222;0.33;0.5;0.901;0.347;0.039;0.342;0.178;0.278;0.078
17272;0.247;0.227;0.195;0.234;0.227;0.33;0.5;0.898;0.347;0.044;0.342;0.178;0.278;0.078
17273;0.249;0.229;0.198;0.234;0.227;0.332;0.503;0.891;0.347;0.044;0.342;0.178;0.276;0.076
17274;0.251;0.232;0.198;0.232;0.225;0.33;0.508;0.898;0.342;0.039;0.339;0.176;0.281;0.078
17275;0.254;0.234;0.198;0.229;0.225;0.33;0.51;0.896;0.339;0.044;0.337;0.173;0.271;0.076
17276;0.251;0.232;0.195;0.229;0.225;0.322;0.518;0.896;0.337;0.042;0.337;0.176;0.276;0.076
17277;0.251;0.232;0.193;0.229;0.222;0.322;0.522;0.894;0.334;0.042;0.334;0.173;0.273;0.081
17278;0.251;0.229;0.198;0.234;0.22;0.317;0.525;0.889;0.334;0.042;0.337;0.171;0.266;0.071
17279;0.247;0.229;0.195;0.232;0.212;0.315;0.527;0.889;0.33;0.042;0.334;0.173;0.273;0.078
17280;0.249;0.229;0.2;0.234;0.208;0.315;0.525;0.891;0.33;0.042;0.334;0.171;0.269;0.078
17281;0.247;0.229;0.2;0.237;0.203;0.312;0.52;0.886;0.327;0.044;0.334;0.173;0.266;0.071
17282;0.249;0.227;0.198;0.237;0.198;0.31;0.518;0.886;0.325;0.042;0.33;0.176;0.264;0.078
17283;0.247;0.227;0.2;0.237;0.2;0.31;0.51;0.886;0.32;0.039;0.327;0.173;0.261;0.073
17284;0.247;0.229;0.2;0.242;0.198;0.312;0.5;0.886;0.32;0.042;0.33;0.178;0.261;0.073
17285;0.247;0.227;0.198;0.242;0.203;0.322;0.5;0.884;0.315;0.042;0.325;0.178;0.259;0.073
17286;0.247;0.225;0.2;0.242;0.203;0.364;0.496;0.886;0.317;0.039;0.322;0.181;0.256;0.073
17287;0.247;0.225;0.203;0.244;0.205;0.405;0.491;0.886;0.312;0.042;0.315;0.181;0.251;0.073
17288;0.247;0.225;0.2;0.247;0.21;0.466;0.491;0.886;0.31;0.044;0.312;0.183;0.254;0.076
17289;0.244;0.227;0.203;0.247;0.212;0.488;0.488;0.884;0.308;0.042;0.308;0.178;0.249;0.071
17290;0.247;0.227;0.2;0.247;0.22;0.5;0.486;0.886;0.308;0.042;0.305;0.186;0.247;0.073
17291;0.244;0.225;0.198;0.247;0.222;0.527;0.483;0.889;0.305;0.042;0.3;0.186;0.247;0.073
17292;0.242;0.222;0.2;0.244;0.222;0.505;0.483;0.889;0.303;0.039;0.298;0.19;0.247;0.078
17293;0.242;0.222;0.203;0.244;0.222;0.518;0.483;0.886;0.3;0.042;0.293;0.193;0.244;0.076
17294;0.239;0.225;0.205;0.244;0.222;0.52;0.486;0.889;0.3;0.039;0.288;0.195;0.244;0.073
17295;0.237;0.222;0.203;0.242;0.222;0.503;0.491;0.886;0.298;0.042;0.288;0.198;0.244;0.073
17296;0.234;0.22;0.2;0.244;0.215;0.532;0.496;0.881;0.298;0.042;0.281;0.2;0.239;0.071
17297;0.234;0.222;0.2;0.239;0.215;0.518;0.496;0.881;0.293;0.037;0.276;0.205;0.239;0.071
17298;0.234;0.225;0.198;0.237;0.21;0.53;0.503;0.886;0.293;0.042;0.276;0.215;0.239;0.073
17299;0.234;0.222;0.198;0.234;0.21;0.542;0.51;0.881;0.291;0.037;0.273;0.22;0.234;0.071
17300;0.234;0.225;0.198;0.237;0.208;0.518;0.51;0.884;0.291;0.042;0.269;0.225;0.237;0.073
17301;0.232;0.222;0.193;0.239;0.208;0.513;0.515;0.886;0.286;0.042;0.269;0.229;0.237;0.073
17302;0.237;0.222;0.193;0.239;0.208;0.52;0.518;0.889;0.283;0.037;0.261;0.232;0.237;0.076
17303;0.237;0.222;0.186;0.244;0.205;0.498;0.518;0.884;0.281;0.042;0.259;0.239;0.234;0.076
17304;0.239;0.222;0.186;0.244;0.205;0.505;0.52;0.881;0.281;0.042;0.256;0.244;0.232;0.076
17305;0.239;0.225;0.183;0.244;0.203;0.498;0.52;0.874;0.278;0.039;0.254;0.251;0.227;0.076
17306;0.239;0.222;0.186;0.247;0.203;0.481;0.522;0.876;0.278;0.042;0.249;0.256;0.227;0.073
17307;0.242;0.225;0.181;0.247;0.2;0.496;0.525;0.872;0.273;0.042;0.249;0.264;0.227;0.076
17308;0.239;0.225;0.178;0.247;0.2;0.483;0.525;0.874;0.276;0.042;0.244;0.269;0.225;0.076
17309;0.239;0.222;0.181;0.249;0.2;0.496;0.522;0.872;0.271;0.042;0.239;0.271;0.222;0.076
17310;0.242;0.22;0.183;0.247;0.198;0.496;0.518;0.869;0.273;0.042;0.237;0.276;0.222;0.076
17311;0.237;0.222;0.178;0.244;0.2;0.481;0.515;0.864;0.273;0.044;0.237;0.283;0.217;0.076
17312;0.239;0.222;0.181;0.242;0.2;0.5;0.518;0.867;0.271;0.046;0.234;0.288;0.217;0.078
17313;0.237;0.22;0.183;0.239;0.2;0.483;0.513;0.874;0.271;0.044;0.229;0.291;0.22;0.076
17314;0.242;0.22;0.183;0.239;0.203;0.493;0.518;0.874;0.269;0.042;0.225;0.291;0.212;0.073
17315;0.239;0.217;0.183;0.239;0.205;0.496;0.513;0.874;0.266;0.042;0.222;0.295;0.208;0.076
17316;0.242;0.217;0.188;0.237;0.208;0.493;0.508;0.867;0.266;0.042;0.217;0.298;0.21;0.078
17317;0.242;0.217;0.19;0.239;0.208;0.513;0.505;0.869;0.269;0.044;0.215;0.303;0.208;0.078
17318;0.244;0.217;0.195;0.242;0.21;0.513;0.503;0.862;0.269;0.042;0.212;0.31;0.208;0.078
17319;0.242;0.215;0.195;0.239;0.212;0.518;0.5;0.864;0.269;0.042;0.212;0.315;0.208;0.081
17320;0.244;0.217;0.195;0.242;0.21;0.518;0.498;0.864;0.266;0.042;0.208;0.317;0.2;0.073
17321;0.242;0.217;0.198;0.244;0.212;0.513;0.5;0.862;0.269;0.042;0.205;0.32;0.198;0.078
17322;0.239;0.217;0.195;0.247;0.208;0.508;0.498;0.859;0.269;0.044;0.198;0.322;0.2;0.078
17323;0.239;0.217;0.198;0.247;0.21;0.505;0.5;0.867;0.269;0.039;0.195;0.33;0.198;0.081
17324;0.239;0.217;0.195;0.247;0.205;0.513;0.503;0.869;0.269;0.044;0.195;0.332;0.195;0.081
17325;0.237;0.215;0.195;0.244;0.203;0.51;0.508;0.867;0.269;0.044;0.19;0.334;0.19;0.073
17326;0.237;0.217;0.193;0.244;0.203;0.513;0.51;0.862;0.269;0.042;0.19;0.334;0.193;0.081
17327;0.237;0.222;0.19;0.244;0.2;0.513;0.515;0.862;0.271;0.042;0.188;0.339;0.193;0.081
17328;0.234;0.22;0.19;0.244;0.198;0.503;0.515;0.867;0.269;0.039;0.183;0.339;0.188;0.078
17329;0.237;0.22;0.188;0.244;0.195;0.503;0.52;0.862;0.273;0.039;0.183;0.342;0.19;0.081
17330;0.234;0.22;0.19;0.242;0.198;0.508;0.518;0.862;0.273;0.044;0.183;0.344;0.188;0.081
17331;0.239;0.22;0.19;0.244;0.195;0.508;0.513;0.862;0.276;0.039;0.181;0.344;0.19;0.081
17332;0.239;0.22;0.19;0.242;0.195;0.51;0.505;0.859;0.273;0.044;0.176;0.347;0.19;0.081
17333;0.239;0.222;0.19;0.239;0.198;0.503;0.503;0.869;0.276;0.042;0.173;0.347;0.188;0.083
17334;0.237;0.22;0.193;0.242;0.198;0.505;0.498;0.872;0.276;0.042;0.171;0.342;0.19;0.081
17335;0.239;0.222;0.193;0.239;0.198;0.505;0.493;0.872;0.273;0.039;0.166;0.344;0.19;0.083
17336;0.239;0.222;0.193;0.239;0.198;0.498;0.488;0.869;0.276;0.042;0.164;0.347;0.186;0.078
17337;0.237;0.22;0.193;0.239;0.198;0.505;0.486;0.869;0.278;0.042;0.164;0.344;0.19;0.081
17338;0.237;0.222;0.19;0.239;0.198;0.503;0.483;0.872;0.278;0.042;0.164;0.344;0.19;0.081
17339;0.234;0.222;0.19;0.237;0.203;0.496;0.483;0.874;0.276;0.039;0.159;0.344;0.188;0.078
17340;0.234;0.217;0.19;0.239;0.2;0.5;0.486;0.867;0.278;0.039;0.154;0.342;0.193;0.081
17341;0.237;0.22;0.19;0.242;0.2;0.5;0.488;0.874;0.278;0.039;0.156;0.344;0.19;0.081
17342;0.237;0.22;0.195;0.237;0.205;0.498;0.491;0.872;0.281;0.042;0.154;0.344;0.193;0.081
17343;0.237;0.217;0.195;0.234;0.205;0.503;0.493;0.867;0.278;0.039;0.149;0.344;0.188;0.078
17344;0.237;0.22;0.2;0.234;0.205;0.503;0.493;0.862;0.276;0.039;0.146;0.347;0.193;0.081
17345;0.239;0.217;0.195;0.232;0.205;0.508;0.493;0.872;0.281;0.039;0.146;0.349;0.188;0.078
17346;0.237;0.217;0.2;0.234;0.2;0.498;0.496;0.874;0.281;0.042;0.144;0.349;0.19;0.078
17347;0.239;0.215;0.198;0.232;0.203;0.51;0.498;0.869;0.283;0.037;0.144;0.352;0.19;0.081
17348;0.239;0.215;0.193;0.232;0.203;0.5;0.496;0.874;0.281;0.042;0.139;0.352;0.188;0.078
17349;0.239;0.215;0.19;0.234;0.203;0.498;0.493;0.876;0.281;0.039;0.139;0.354;0.186;0.073
17350;0.237;0.215;0.198;0.237;0.198;0.505;0.491;0.872;0.281;0.039;0.137;0.356;0.193;0.081
17351;0.234;0.212;0.198;0.234;0.2;0.505;0.486;0.869;0.281;0.037;0.134;0.361;0.193;0.078
17352;0.237;0.212;0.195;0.232;0.203;0.508;0.486;0.872;0.276;0.032;0.129;0.361;0.188;0.073
17353;0.237;0.212;0.195;0.234;0.2;0.508;0.488;0.876;0.278;0.037;0.132;0.369;0.19;0.076
17354;0.234;0.212;0.193;0.234;0.203;0.503;0.488;0.874;0.276;0.037;0.127;0.371;0.186;0.076
17355;0.234;0.208;0.198;0.239;0.205;0.508;0.488;0.874;0.276;0.037;0.127;0.378;0.193;0.078
17356;0.234;0.212;0.195;0.237;0.205;0.503;0.491;0.874;0.276;0.037;0.125;0.381;0.186;0.073
17357;0.234;0.208;0.2;0.239;0.205;0.5;0.488;0.872;0.278;0.037;0.122;0.388;0.193;0.078
17358;0.234;0.208;0.195;0.234;0.208;0.503;0.488;0.867;0.273;0.034;0.12;0.391;0.188;0.073
17359;0.237;0.205;0.198;0.242;0.205;0.503;0.491;0.872;0.273;0.034;0.117;0.396;0.193;0.073
17360;0.237;0.205;0.2;0.242;0.208;0.51;0.493;0.869;0.271;0.032;0.112;0.4;0.19;0.073
17361;0.237;0.205;0.195;0.244;0.205;0.505;0.496;0.864;0.271;0.037;0.112;0.41;0.195;0.073
17362;0.237;0.205;0.198;0.242;0.205;0.513;0.493;0.864;0.269;0.037;0.112;0.413;0.195;0.073
17363;0.237;0.205;0.193;0.244;0.203;0.513;0.488;0.864;0.269;0.032;0.11;0.42;0.193;0.076
17364;0.237;0.2;0.193;0.244;0.203;0.513;0.483;0.862;0.266;0.037;0.112;0.427;0.193;0.071
17365;0.234;0.205;0.198;0.244;0.2;0.513;0.476;0.862;0.264;0.034;0.105;0.43;0.193;0.073
17366;0.234;0.205;0.195;0.242;0.203;0.522;0.476;0.864;0.264;0.032;0.103;0.435;0.195;0.073
17367;0.234;0.205;0.198;0.247;0.2;0.522;0.474;0.869;0.261;0.034;0.103;0.444;0.195;0.076
17368;0.234;0.203;0.2;0.247;0.2;0.525;0.479;0.864;0.261;0.037;0.103;0.449;0.198;0.071
17369;0.232;0.203;0.198;0.247;0.203;0.525;0.481;0.869;0.256;0.034;0.098;0.452;0.195;0.073
17370;0.234;0.203;0.198;0.247;0.203;0.525;0.483;0.867;0.256;0.032;0.098;0.454;0.193;0.071
17371;0.232;0.205;0.195;0.244;0.205;0.52;0.483;0.869;0.254;0.034;0.098;0.459;0.195;0.071
17372;0.237;0.203;0.198;0.244;0.21;0.525;0.491;0.872;0.256;0.037;0.098;0.466;0.198;0.073
17373;0.237;0.205;0.2;0.242;0.21;0.522;0.491;0.872;0.254;0.037;0.095;0.469;0.2;0.076
17374;0.242;0.205;0.203;0.242;0.21;0.52;0.488;0.864;0.259;0.034;0.098;0.471;0.198;0.073
17375;0.244;0.205;0.203;0.239;0.21;0.518;0.493;0.872;0.254;0.039;0.093;0.476;0.195;0.073
17376;0.244;0.205;0.203;0.237;0.208;0.515;0.493;0.867;0.251;0.034;0.093;0.474;0.198;0.068
17377;0.247;0.208;0.203;0.237;0.208;0.518;0.491;0.867;0.249;0.037;0.09;0.479;0.203;0.076
17378;0.244;0.208;0.203;0.234;0.208;0.513;0.491;0.867;0.254;0.037;0.09;0.481;0.203;0.073
17379;0.247;0.205;0.203;0.234;0.208;0.51;0.491;0.862;0.254;0.039;0.09;0.483;0.2;0.071
17380;0.247;0.208;0.205;0.232;0.208;0.518;0.491;0.867;0.249;0.037;0.088;0.483;0.205;0.073
17381;0.251;0.21;0.208;0.237;0.208;0.518;0.493;0.869;0.251;0.039;0.088;0.488;0.205;0.073
17382;0.247;0.21;0.203;0.239;0.208;0.52;0.496;0.872;0.249;0.034;0.083;0.483;0.208;0.073
17383;0.249;0.21;0.205;0.239;0.21;0.522;0.498;0.869;0.251;0.034;0.085;0.486;0.208;0.076
17384;0.247;0.212;0.205;0.242;0.208;0.522;0.5;0.862;0.251;0.039;0.085;0.486;0.21;0.073
17385;0.244;0.212;0.203;0.244;0.208;0.527;0.5;0.862;0.249;0.037;0.081;0.486;0.21;0.073
17386;0.244;0.212;0.195;0.244;0.21;0.525;0.5;0.864;0.249;0.039;0.081;0.483;0.212;0.076
17387;0.244;0.212;0.2;0.247;0.208;0.527;0.503;0.864;0.249;0.039;0.081;0.481;0.22;0.078
17388;0.242;0.212;0.203;0.247;0.205;0.53;0.503;0.869;0.247;0.037;0.081;0.479;0.215;0.068
17389;0.239;0.215;0.203;0.247;0.203;0.525;0.503;0.867;0.247;0.037;0.078;0.479;0.217;0.073
17390;0.242;0.212;0.208;0.249;0.203;0.527;0.505;0.864;0.247;0.037;0.076;0.476;0.222;0.073
17391;0.242;0.212;0.205;0.249;0.203;0.527;0.508;0.872;0.244;0.037;0.076;0.474;0.222;0.073
17392;0.237;0.21;0.205;0.251;0.205;0.53;0.51;0.869;0.242;0.034;0.073;0.474;0.225;0.073
17393;0.234;0.21;0.208;0.249;0.208;0.527;0.51;0.869;0.247;0.039;0.076;0.476;0.22;0.073
17394;0.237;0.212;0.208;0.247;0.205;0.532;0.508;0.869;0.242;0.039;0.073;0.474;0.225;0.071
17395;0.234;0.215;0.212;0.244;0.208;0.535;0.513;0.864;0.244;0.037;0.073;0.471;0.227;0.073
17396;0.237;0.21;0.215;0.242;0.21;0.537;0.51;0.869;0.242;0.042;0.071;0.469;0.227;0.071
17397;0.239;0.21;0.217;0.242;0.21;0.535;0.513;0.872;0.242;0.039;0.073;0.469;0.229;0.071
17398;0.237;0.208;0.212;0.237;0.21;0.54;0.515;0.869;0.244;0.042;0.071;0.471;0.229;0.071
17399;0.242;0.208;0.215;0.237;0.21;0.537;0.515;0.867;0.244;0.039;0.071;0.469;0.229;0.073
17400;0.242;0.205;0.217;0.239;0.208;0.542;0.515;0.864;0.239;0.037;0.071;0.469;0.229;0.071
17401;0.244;0.208;0.212;0.239;0.21;0.542;0.52;0.867;0.239;0.039;0.068;0.471;0.229;0.071
17402;0.244;0.208;0.22;0.237;0.208;0.542;0.52;0.864;0.242;0.039;0.071;0.474;0.229;0.073
17403;0.244;0.208;0.217;0.239;0.208;0.544;0.522;0.864;0.242;0.042;0.068;0.474;0.229;0.073
17404;0.247;0.205;0.215;0.234;0.205;0.54;0.525;0.867;0.239;0.037;0.066;0.474;0.229;0.068
17405;0.251;0.205;0.212;0.239;0.203;0.542;0.525;0.864;0.239;0.039;0.068;0.476;0.229;0.071
17406;0.247;0.2;0.215;0.237;0.2;0.544;0.525;0.862;0.237;0.039;0.066;0.474;0.225;0.068
17407;0.249;0.205;0.217;0.239;0.2;0.542;0.525;0.857;0.237;0.042;0.066;0.476;0.227;0.068
17408;0.249;0.205;0.22;0.239;0.198;0.542;0.525;0.859;0.237;0.039;0.066;0.479;0.227;0.073
17409;0.247;0.203;0.225;0.239;0.198;0.54;0.522;0.867;0.237;0.042;0.066;0.479;0.229;0.071
17410;0.247;0.205;0.232;0.239;0.198;0.54;0.525;0.857;0.237;0.042;0.066;0.481;0.225;0.071
17411;0.242;0.205;0.242;0.242;0.198;0.542;0.527;0.852;0.234;0.042;0.066;0.481;0.225;0.068
17412;0.244;0.205;0.269;0.239;0.195;0.544;0.522;0.857;0.234;0.042;0.061;0.481;0.222;0.068
17413;0.242;0.203;0.283;0.244;0.2;0.547;0.52;0.864;0.232;0.039;0.061;0.486;0.225;0.071
17414;0.244;0.205;0.31;0.244;0.198;0.547;0.52;0.857;0.229;0.039;0.061;0.488;0.222;0.063
17415;0.244;0.205;0.356;0.247;0.195;0.549;0.513;0.857;0.232;0.039;0.061;0.493;0.22;0.066
17416;0.244;0.205;0.378;0.247;0.195;0.544;0.508;0.857;0.229;0.042;0.063;0.503;0.217;0.071
17417;0.239;0.205;0.396;0.247;0.193;0.549;0.503;0.857;0.232;0.039;0.066;0.508;0.22;0.068
17418;0.244;0.208;0.332;0.247;0.193;0.547;0.505;0.852;0.232;0.039;0.061;0.518;0.217;0.066
17419;0.247;0.208;0.432;0.249;0.195;0.549;0.505;0.857;0.229;0.034;0.063;0.522;0.217;0.063
17420;0.247;0.208;0.42;0.247;0.198;0.552;0.508;0.854;0.232;0.039;0.066;0.535;0.215;0.066
17421;0.247;0.21;0.386;0.247;0.198;0.547;0.508;0.852;0.227;0.037;0.061;0.542;0.212;0.061
17422;0.249;0.208;0.378;0.247;0.2;0.549;0.51;0.852;0.229;0.037;0.061;0.549;0.212;0.066
17423;0.249;0.208;0.371;0.244;0.2;0.547;0.513;0.857;0.229;0.034;0.063;0.562;0.21;0.063
17424;0.249;0.208;0.439;0.244;0.203;0.544;0.515;0.862;0.232;0.037;0.063;0.569;0.21;0.061
17425;0.247;0.21;0.415;0.244;0.205;0.54;0.515;0.862;0.232;0.037;0.061;0.576;0.208;0.061
17426;0.249;0.21;0.488;0.239;0.208;0.535;0.515;0.859;0.232;0.037;0.061;0.583;0.203;0.059
17427;0.249;0.21;0.535;0.239;0.205;0.532;0.515;0.859;0.229;0.034;0.059;0.593;0.205;0.061
17428;0.249;0.208;0.498;0.242;0.205;0.53;0.518;0.859;0.232;0.034;0.061;0.601;0.205;0.063
17429;0.251;0.208;0.537;0.242;0.208;0.525;0.515;0.859;0.229;0.037;0.059;0.608;0.198;0.059
17430;0.251;0.205;0.605;0.239;0.208;0.522;0.513;0.864;0.232;0.037;0.059;0.613;0.2;0.061
17431;0.251;0.205;0.576;0.239;0.21;0.525;0.51;0.857;0.234;0.034;0.061;0.62;0.195;0.059
17432;0.249;0.203;0.674;0.237;0.21;0.52;0.51;0.852;0.234;0.039;0.061;0.63;0.195;0.059
17433;0.251;0.203;0.698;0.237;0.21;0.522;0.503;0.852;0.234;0.042;0.063;0.637;0.193;0.059
17434;0.254;0.2;0.73;0.239;0.21;0.52;0.503;0.857;0.234;0.037;0.066;0.642;0.19;0.056
17435;0.249;0.203;0.557;0.239;0.208;0.525;0.503;0.854;0.234;0.037;0.073;0.649;0.19;0.059
17436;0.251;0.2;0.701;0.242;0.21;0.525;0.5;0.859;0.234;0.039;0.073;0.657;0.188;0.059
17437;0.251;0.2;0.442;0.237;0.208;0.527;0.496;0.864;0.237;0.037;0.081;0.664;0.181;0.056
17438;0.249;0.198;0.498;0.232;0.21;0.53;0.493;0.864;0.237;0.039;0.088;0.671;0.183;0.059
17439;0.251;0.195;0.444;0.232;0.21;0.532;0.491;0.862;0.234;0.037;0.093;0.681;0.181;0.059
17440;0.249;0.193;0.491;0.229;0.21;0.532;0.488;0.857;0.234;0.039;0.1;0.684;0.176;0.059
17441;0.254;0.193;0.388;0.227;0.212;0.532;0.491;0.854;0.234;0.042;0.11;0.693;0.176;0.056
17442;0.251;0.193;0.378;0.225;0.215;0.535;0.491;0.854;0.237;0.042;0.122;0.701;0.171;0.056
17443;0.251;0.195;0.325;0.227;0.215;0.532;0.486;0.854;0.237;0.039;0.127;0.706;0.171;0.056
17444;0.254;0.193;0.349;0.227;0.22;0.532;0.483;0.852;0.234;0.042;0.139;0.713;0.166;0.056
17445;0.254;0.195;0.278;0.229;0.22;0.532;0.483;0.859;0.237;0.044;0.149;0.72;0.166;0.054
17446;0.254;0.195;0.288;0.229;0.217;0.535;0.483;0.859;0.234;0.042;0.159;0.725;0.168;0.054
17447;0.254;0.195;0.361;0.229;0.217;0.532;0.479;0.862;0.234;0.044;0.168;0.732;0.159;0.056
17448;0.251;0.198;0.293;0.232;0.22;0.532;0.479;0.857;0.234;0.042;0.176;0.74;0.156;0.056
17449;0.251;0.198;0.334;0.234;0.215;0.532;0.481;0.857;0.232;0.042;0.188;0.74;0.159;0.054
17450;0.251;0.195;0.432;0.232;0.215;0.532;0.481;0.859;0.234;0.044;0.2;0.747;0.156;0.056
17451;0.251;0.198;0.447;0.234;0.215;0.532;0.486;0.857;0.229;0.044;0.205;0.745;0.154;0.059
17452;0.254;0.195;0.764;0.232;0.212;0.532;0.488;0.859;0.234;0.049;0.22;0.752;0.151;0.054
17453;0.249;0.195;1.011;0.234;0.21;0.527;0.491;0.862;0.234;0.044;0.227;0.754;0.159;0.059
17454;0.249;0.195;0.73;0.234;0.205;0.53;0.488;0.859;0.229;0.042;0.234;0.754;0.149;0.054
17455;0.249;0.198;1.101;0.234;0.205;0.532;0.496;0.864;0.229;0.042;0.242;0.759;0.149;0.051
17456;0.247;0.198;2.798;0.234;0.205;0.532;0.496;0.867;0.229;0.042;0.247;0.762;0.149;0.054
17457;0.247;0.193;4.998;0.232;0.205;0.532;0.496;0.864;0.229;0.042;0.251;0.762;0.156;0.059
17458;0.244;0.193;4.998;0.229;0.203;0.535;0.493;0.859;0.225;0.042;0.256;0.767;0.149;0.054
17459;0.247;0.193;4.998;0.225;0.205;0.532;0.486;0.867;0.227;0.046;0.264;0.771;0.146;0.051
17460;0.249;0.193;2.053;0.227;0.203;0.532;0.476;0.862;0.225;0.044;0.266;0.774;0.154;0.059
17461;0.249;0.193;1.079;0.229;0.21;0.535;0.476;0.862;0.225;0.044;0.266;0.776;0.151;0.054
17462;0.254;0.195;0.632;0.232;0.21;0.537;0.476;0.859;0.22;0.042;0.269;0.776;0.149;0.056
17463;0.249;0.19;0.422;0.232;0.212;0.54;0.474;0.869;0.217;0.044;0.273;0.784;0.146;0.054
17464;0.249;0.193;4.998;0.229;0.217;0.54;0.471;0.867;0.22;0.042;0.273;0.789;0.151;0.056
17465;0.247;0.195;4.998;0.232;0.22;0.54;0.469;0.857;0.217;0.044;0.273;0.793;0.149;0.054
17466;0.247;0.193;4.998;0.234;0.217;0.54;0.464;0.862;0.215;0.039;0.273;0.796;0.151;0.054
17467;0.249;0.193;4.998;0.232;0.215;0.537;0.466;0.862;0.215;0.044;0.276;0.803;0.149;0.056
17468;0.249;0.193;4.998;0.234;0.22;0.532;0.466;0.862;0.212;0.042;0.278;0.803;0.149;0.054
17469;0.244;0.19;4.998;0.232;0.215;0.535;0.466;0.857;0.212;0.044;0.278;0.806;0.151;0.056
17470;0.247;0.19;4.998;0.227;0.22;0.535;0.471;0.857;0.212;0.049;0.278;0.811;0.151;0.059
17471;0.247;0.19;4.998;0.227;0.217;0.532;0.471;0.852;0.21;0.044;0.278;0.806;0.149;0.054
17472;0.247;0.188;4.998;0.227;0.22;0.53;0.471;0.854;0.21;0.042;0.276;0.806;0.154;0.056
17473;0.249;0.19;4.998;0.225;0.22;0.53;0.474;0.857;0.205;0.042;0.276;0.806;0.151;0.056
17474;0.249;0.19;4.998;0.227;0.222;0.53;0.474;0.862;0.21;0.044;0.278;0.803;0.149;0.056
17475;0.249;0.188;4.998;0.225;0.222;0.527;0.471;0.857;0.208;0.044;0.276;0.798;0.149;0.056
17476;0.249;0.188;4.998;0.22;0.225;0.532;0.469;0.852;0.208;0.046;0.273;0.796;0.149;0.054
17477;0.251;0.19;4.998;0.222;0.222;0.532;0.469;0.859;0.205;0.044;0.273;0.798;0.149;0.059
17478;0.251;0.188;4.998;0.22;0.22;0.527;0.466;0.859;0.2;0.042;0.269;0.793;0.146;0.056
17479;0.251;0.193;4.998;0.22;0.22;0.532;0.466;0.857;0.2;0.042;0.269;0.793;0.149;0.059
17480;0.251;0.19;4.998;0.22;0.22;0.535;0.471;0.862;0.203;0.044;0.271;0.793;0.144;0.061
17481;0.251;0.19;4.998;0.225;0.217;0.532;0.471;0.864;0.2;0.042;0.269;0.789;0.144;0.063
17482;0.249;0.188;4.998;0.222;0.217;0.535;0.474;0.859;0.2;0.044;0.266;0.786;0.142;0.059
17483;0.251;0.188;4.998;0.22;0.217;0.535;0.479;0.857;0.195;0.042;0.264;0.786;0.142;0.061
17484;0.249;0.188;4.998;0.222;0.217;0.535;0.481;0.867;0.198;0.046;0.264;0.784;0.144;0.059
17485;0.249;0.186;4.998;0.222;0.217;0.537;0.479;0.867;0.195;0.044;0.264;0.776;0.137;0.059
17486;0.249;0.188;4.998;0.225;0.217;0.535;0.479;0.862;0.193;0.039;0.259;0.774;0.137;0.059
17487;0.247;0.188;4.998;0.225;0.22;0.535;0.481;0.859;0.195;0.044;0.259;0.769;0.134;0.061
17488;0.247;0.188;4.998;0.225;0.22;0.535;0.476;0.864;0.193;0.044;0.256;0.769;0.137;0.061
17489;0.244;0.188;4.998;0.225;0.225;0.535;0.476;0.857;0.19;0.044;0.256;0.767;0.132;0.059
17490;0.247;0.188;4.998;0.22;0.22;0.535;0.469;0.857;0.193;0.044;0.259;0.759;0.132;0.059
17491;0.247;0.19;4.998;0.212;0.22;0.535;0.466;0.862;0.19;0.042;0.259;0.754;0.134;0.061
17492;0.247;0.19;4.998;0.215;0.22;0.535;0.464;0.862;0.19;0.046;0.261;0.754;0.132;0.059
17493;0.249;0.19;4.998;0.215;0.22;0.535;0.461;0.852;0.188;0.046;0.261;0.75;0.129;0.059
17494;0.249;0.19;4.998;0.215;0.22;0.532;0.464;0.852;0.186;0.049;0.261;0.745;0.129;0.061
17495;0.249;0.193;4.998;0.217;0.217;0.53;0.464;0.862;0.188;0.046;0.261;0.747;0.129;0.061
17496;0.251;0.188;4.998;0.217;0.217;0.53;0.466;0.854;0.186;0.046;0.261;0.745;0.129;0.061
17497;0.247;0.19;4.998;0.222;0.217;0.527;0.471;0.854;0.188;0.046;0.261;0.745;0.129;0.063
17498;0.249;0.193;4.998;0.225;0.22;0.53;0.474;0.85;0.183;0.049;0.256;0.742;0.125;0.056
17499;0.249;0.193;4.998;0.222;0.22;0.527;0.479;0.847;0.183;0.049;0.256;0.742;0.132;0.059
17500;0.249;0.19;4.998;0.227;0.217;0.527;0.483;0.842;0.186;0.049;0.256;0.745;0.132;0.061
17501;0.247;0.193;4.998;0.232;0.222;0.53;0.483;0.847;0.186;0.051;0.251;0.745;0.134;0.061
17502;0.249;0.195;4.998;0.232;0.227;0.53;0.479;0.85;0.186;0.054;0.249;0.745;0.129;0.059
17503;0.247;0.193;4.998;0.229;0.227;0.53;0.483;0.85;0.186;0.054;0.249;0.752;0.132;0.059
17504;0.247;0.19;4.998;0.229;0.232;0.532;0.479;0.847;0.186;0.051;0.244;0.752;0.129;0.059
17505;0.249;0.195;4.998;0.232;0.232;0.532;0.479;0.852;0.181;0.051;0.239;0.757;0.129;0.054
17506;0.247;0.193;4.998;0.227;0.234;0.532;0.476;0.854;0.183;0.054;0.237;0.759;0.134;0.059
17507;0.251;0.195;4.998;0.227;0.232;0.53;0.476;0.852;0.181;0.049;0.229;0.764;0.134;0.059
17508;0.251;0.195;4.998;0.227;0.227;0.527;0.479;0.85;0.183;0.054;0.227;0.769;0.134;0.059
17509;0.251;0.193;4.998;0.225;0.222;0.52;0.479;0.847;0.183;0.049;0.222;0.771;0.134;0.059
17510;0.251;0.193;4.998;0.225;0.225;0.518;0.476;0.85;0.181;0.049;0.217;0.774;0.139;0.056
17511;0.251;0.195;4.998;0.227;0.222;0.513;0.476;0.852;0.181;0.051;0.215;0.779;0.137;0.059
17512;0.251;0.19;4.998;0.225;0.22;0.51;0.474;0.852;0.186;0.054;0.215;0.786;0.139;0.059
17513;0.251;0.193;4.998;0.227;0.22;0.505;0.471;0.85;0.181;0.051;0.208;0.786;0.146;0.063
17514;0.249;0.195;4.998;0.227;0.222;0.505;0.469;0.847;0.183;0.051;0.2;0.786;0.142;0.056
17515;0.249;0.193;4.998;0.227;0.225;0.503;0.471;0.847;0.183;0.049;0.198;0.786;0.146;0.059
17516;0.251;0.193;4.998;0.225;0.225;0.5;0.471;0.847;0.181;0.046;0.195;0.784;0.144;0.059
17517;0.251;0.195;4.998;0.222;0.225;0.503;0.469;0.845;0.181;0.046;0.193;0.786;0.144;0.054
17518;0.254;0.193;4.998;0.222;0.227;0.505;0.466;0.847;0.183;0.046;0.188;0.784;0.144;0.059
17519;0.251;0.193;4.998;0.217;0.225;0.508;0.466;0.847;0.181;0.049;0.186;0.784;0.146;0.056
17520;0.251;0.195;4.998;0.22;0.225;0.508;0.466;0.847;0.181;0.044;0.183;0.779;0.142;0.056
17521;0.249;0.193;4.998;0.22;0.225;0.505;0.469;0.85;0.183;0.049;0.178;0.779;0.146;0.056
17522;0.251;0.195;4.998;0.222;0.222;0.505;0.471;0.847;0.183;0.044;0.178;0.774;0.149;0.059
17523;0.251;0.195;4.998;0.22;0.225;0.505;0.471;0.845;0.181;0.046;0.173;0.774;0.142;0.059
17524;0.247;0.195;4.998;0.222;0.227;0.505;0.469;0.845;0.181;0.044;0.168;0.769;0.149;0.059
17525;0.251;0.193;4.998;0.225;0.227;0.505;0.471;0.842;0.181;0.046;0.166;0.764;0.149;0.056
17526;0.249;0.195;4.998;0.222;0.227;0.508;0.474;0.835;0.188;0.049;0.166;0.767;0.149;0.056
17527;0.247;0.193;4.998;0.227;0.229;0.508;0.474;0.84;0.176;0.046;0.159;0.759;0.149;0.054
17528;0.247;0.193;4.998;0.225;0.229;0.51;0.476;0.847;0.183;0.046;0.161;0.764;0.149;0.054
17529;0.249;0.193;4.998;0.225;0.232;0.505;0.471;0.852;0.183;0.049;0.159;0.762;0.146;0.056
17530;0.247;0.193;4.998;0.222;0.232;0.503;0.474;0.847;0.181;0.044;0.154;0.762;0.146;0.056
17531;0.249;0.19;4.998;0.22;0.234;0.503;0.471;0.845;0.178;0.046;0.154;0.764;0.146;0.056
17532;0.249;0.193;4.998;0.22;0.234;0.5;0.469;0.847;0.178;0.044;0.151;0.764;0.146;0.051
17533;0.251;0.19;4.998;0.222;0.237;0.5;0.464;0.845;0.178;0.044;0.149;0.769;0.142;0.054
17534;0.251;0.19;4.998;0.222;0.237;0.498;0.464;0.842;0.181;0.044;0.146;0.764;0.144;0.054
17535;0.249;0.193;4.998;0.225;0.239;0.496;0.459;0.842;0.178;0.044;0.146;0.769;0.142;0.054
17536;0.254;0.19;4.998;0.225;0.237;0.496;0.459;0.842;0.178;0.046;0.146;0.769;0.144;0.056
17537;0.251;0.19;4.998;0.225;0.239;0.493;0.461;0.84;0.178;0.046;0.144;0.771;0.144;0.054
17538;0.254;0.19;4.998;0.227;0.237;0.491;0.461;0.845;0.176;0.042;0.144;0.771;0.139;0.051
17539;0.254;0.19;4.998;0.229;0.237;0.488;0.464;0.847;0.176;0.044;0.146;0.771;0.137;0.054
17540;0.256;0.186;4.998;0.232;0.237;0.488;0.464;0.842;0.176;0.039;0.144;0.774;0.139;0.054
17541;0.254;0.188;4.998;0.229;0.237;0.488;0.469;0.847;0.176;0.042;0.142;0.774;0.142;0.054
17542;0.254;0.186;4.998;0.229;0.234;0.491;0.469;0.847;0.173;0.042;0.142;0.771;0.139;0.056
17543;0.256;0.186;4.998;0.232;0.232;0.491;0.471;0.847;0.173;0.039;0.144;0.774;0.134;0.054
17544;0.254;0.188;4.998;0.229;0.234;0.493;0.469;0.847;0.171;0.039;0.144;0.774;0.132;0.054
17545;0.254;0.188;4.998;0.227;0.237;0.491;0.469;0.842;0.166;0.039;0.142;0.771;0.137;0.054
17546;0.254;0.188;4.998;0.227;0.237;0.493;0.469;0.842;0.166;0.042;0.142;0.771;0.132;0.054
17547;0.254;0.19;4.998;0.227;0.237;0.493;0.469;0.845;0.166;0.039;0.142;0.771;0.134;0.054
17548;0.249;0.193;4.998;0.227;0.239;0.493;0.469;0.842;0.164;0.039;0.139;0.774;0.134;0.054
17549;0.249;0.195;4.998;0.227;0.237;0.493;0.469;0.84;0.164;0.039;0.137;0.771;0.127;0.051
17550;0.249;0.193;4.998;0.227;0.237;0.493;0.471;0.837;0.166;0.042;0.137;0.774;0.129;0.051
17551;0.249;0.195;4.998;0.229;0.237;0.491;0.469;0.837;0.164;0.042;0.137;0.774;0.129;0.056
17552;0.247;0.193;4.998;0.229;0.237;0.488;0.471;0.837;0.161;0.037;0.134;0.776;0.132;0.051
17553;0.247;0.195;4.998;0.229;0.237;0.488;0.471;0.84;0.159;0.039;0.132;0.779;0.127;0.051
17554;0.247;0.195;4.998;0.229;0.239;0.491;0.466;0.84;0.161;0.037;0.129;0.784;0.127;0.051
17555;0.247;0.198;4.998;0.229;0.242;0.496;0.459;0.84;0.164;0.039;0.132;0.789;0.125;0.051
17556;0.244;0.198;4.998;0.229;0.237;0.5;0.457;0.845;0.161;0.037;0.127;0.791;0.127;0.049
17557;0.247;0.195;4.998;0.227;0.234;0.505;0.449;0.84;0.161;0.037;0.129;0.796;0.129;0.051
17558;0.247;0.198;4.998;0.227;0.234;0.508;0.447;0.84;0.161;0.039;0.125;0.803;0.129;0.049
17559;0.247;0.198;4.998;0.227;0.234;0.51;0.444;0.837;0.156;0.037;0.125;0.806;0.129;0.049
17560;0.247;0.198;4.998;0.227;0.232;0.513;0.442;0.842;0.159;0.039;0.122;0.813;0.129;0.051
17561;0.249;0.198;4.998;0.229;0.229;0.513;0.444;0.84;0.161;0.039;0.122;0.818;0.132;0.049
17562;0.247;0.198;4.998;0.225;0.227;0.515;0.439;0.84;0.156;0.037;0.12;0.828;0.129;0.046
17563;0.247;0.198;4.998;0.227;0.227;0.513;0.439;0.842;0.156;0.037;0.12;0.83;0.134;0.051
17564;0.247;0.198;4.998;0.225;0.225;0.508;0.442;0.845;0.154;0.039;0.115;0.84;0.134;0.051
17565;0.247;0.198;4.998;0.225;0.225;0.508;0.444;0.837;0.151;0.042;0.115;0.847;0.139;0.046
17566;0.247;0.195;4.998;0.222;0.225;0.505;0.449;0.837;0.151;0.039;0.115;0.854;0.142;0.051
17567;0.247;0.193;4.998;0.22;0.222;0.505;0.447;0.845;0.151;0.042;0.115;0.867;0.142;0.049
17568;0.247;0.195;4.998;0.22;0.225;0.508;0.452;0.842;0.151;0.042;0.112;0.879;0.142;0.049
17569;0.247;0.193;4.998;0.22;0.225;0.508;0.454;0.842;0.149;0.039;0.107;0.894;0.142;0.044
17570;0.249;0.193;4.998;0.217;0.225;0.51;0.459;0.842;0.149;0.039;0.105;0.908;0.146;0.046
17571;0.247;0.19;4.998;0.217;0.227;0.508;0.459;0.842;0.146;0.039;0.105;0.93;0.151;0.046
17572;0.249;0.193;4.998;0.217;0.225;0.508;0.461;0.835;0.151;0.042;0.107;0.95;0.154;0.051
17573;0.249;0.188;4.998;0.217;0.229;0.508;0.461;0.837;0.149;0.042;0.103;0.969;0.159;0.049
17574;0.247;0.19;4.998;0.217;0.227;0.513;0.461;0.84;0.149;0.044;0.1;0.994;0.159;0.046
17575;0.249;0.19;4.998;0.217;0.229;0.51;0.459;0.833;0.149;0.042;0.1;1.016;0.164;0.046
17576;0.249;0.19;4.998;0.215;0.229;0.513;0.454;0.833;0.144;0.042;0.098;1.042;0.164;0.046
17577;0.251;0.19;4.998;0.217;0.229;0.513;0.452;0.837;0.144;0.039;0.095;1.069;0.166;0.049
17578;0.249;0.188;4.998;0.217;0.229;0.513;0.449;0.837;0.144;0.044;0.093;1.094;0.173;0.049
17579;0.249;0.19;4.998;0.217;0.227;0.515;0.449;0.835;0.146;0.044;0.095;1.123;0.171;0.044
17580;0.249;0.19;4.998;0.217;0.227;0.513;0.447;0.833;0.146;0.042;0.093;1.147;0.173;0.046
17581;0.244;0.19;4.998;0.215;0.227;0.51;0.447;0.837;0.144;0.044;0.09;1.177;0.178;0.046
17582;0.244;0.188;4.998;0.217;0.225;0.51;0.449;0.833;0.144;0.042;0.085;1.201;0.178;0.049
17583;0.242;0.193;4.998;0.217;0.229;0.51;0.452;0.828;0.144;0.042;0.085;1.228;0.181;0.049
17584;0.242;0.193;4.998;0.217;0.232;0.508;0.454;0.83;0.144;0.039;0.083;1.252;0.181;0.046
17585;0.242;0.193;4.998;0.217;0.232;0.51;0.457;0.837;0.139;0.039;0.085;1.282;0.178;0.046
17586;0.239;0.19;4.998;0.22;0.237;0.508;0.457;0.837;0.139;0.039;0.083;1.306;0.183;0.044
17587;0.239;0.193;4.998;0.217;0.234;0.505;0.454;0.84;0.137;0.039;0.081;1.333;0.19;0.046
17588;0.242;0.19;4.998;0.215;0.234;0.508;0.454;0.845;0.142;0.042;0.085;1.362;0.186;0.049
17589;0.239;0.193;4.998;0.212;0.234;0.505;0.454;0.845;0.139;0.039;0.076;1.379;0.186;0.046
17590;0.242;0.193;4.998;0.215;0.234;0.505;0.452;0.842;0.142;0.037;0.078;1.406;0.188;0.046
17591;0.244;0.195;4.998;0.217;0.234;0.505;0.449;0.837;0.144;0.039;0.076;1.428;0.183;0.046
17592;0.242;0.195;4.998;0.217;0.232;0.5;0.447;0.84;0.146;0.039;0.078;1.45;0.186;0.044
17593;0.242;0.193;4.998;0.217;0.232;0.498;0.444;0.842;0.146;0.037;0.076;1.472;0.183;0.044
17594;0.244;0.195;4.998;0.217;0.234;0.5;0.444;0.845;0.144;0.034;0.073;1.489;0.183;0.044
17595;0.244;0.195;4.998;0.22;0.232;0.5;0.444;0.845;0.146;0.037;0.073;1.509;0.186;0.046
17596;0.242;0.198;4.998;0.22;0.232;0.5;0.447;0.847;0.144;0.037;0.076;1.526;0.176;0.044
17597;0.242;0.198;4.998;0.22;0.229;0.5;0.447;0.85;0.139;0.037;0.076;1.545;0.178;0.046
17598;0.242;0.195;4.998;0.22;0.227;0.498;0.452;0.847;0.144;0.037;0.073;1.555;0.173;0.044
17599;0.239;0.195;4.998;0.217;0.229;0.496;0.454;0.85;0.144;0.037;0.073;1.57;0.173;0.044
17600;0.239;0.198;4.998;0.217;0.229;0.496;0.459;0.845;0.144;0.037;0.073;1.577;0.171;0.044
17601;0.239;0.198;4.998;0.217;0.229;0.493;0.457;0.847;0.139;0.034;0.073;1.587;0.171;0.044
17602;0.239;0.198;4.998;0.217;0.229;0.496;0.461;0.845;0.142;0.037;0.073;1.594;0.171;0.046
17603;0.239;0.198;4.998;0.217;0.229;0.493;0.459;0.84;0.146;0.039;0.073;1.599;0.168;0.049
17604;0.242;0.198;4.998;0.217;0.234;0.496;0.461;0.837;0.144;0.037;0.073;1.599;0.166;0.046
17605;0.242;0.198;4.998;0.22;0.232;0.496;0.459;0.837;0.139;0.034;0.071;1.597;0.161;0.044
17606;0.242;0.198;4.998;0.217;0.232;0.493;0.454;0.835;0.142;0.034;0.071;1.594;0.156;0.044
17607;0.242;0.2;4.998;0.217;0.234;0.493;0.452;0.83;0.142;0.034;0.068;1.587;0.151;0.044
17608;0.242;0.2;4.998;0.22;0.234;0.491;0.452;0.833;0.139;0.034;0.068;1.58;0.156;0.046
17609;0.239;0.198;4.998;0.22;0.237;0.488;0.454;0.835;0.139;0.034;0.066;1.562;0.151;0.046
17610;0.239;0.2;4.998;0.22;0.232;0.486;0.457;0.833;0.139;0.034;0.068;1.545;0.146;0.039
17611;0.239;0.198;3.24;0.22;0.232;0.483;0.461;0.833;0.142;0.034;0.068;1.523;0.146;0.046
17612;0.239;0.2;1.648;0.22;0.232;0.483;0.466;0.837;0.137;0.032;0.068;1.497;0.144;0.046
17613;0.239;0.198;0.908;0.217;0.232;0.483;0.469;0.837;0.137;0.032;0.068;1.47;0.142;0.049
17614;0.242;0.2;0.564;0.22;0.229;0.479;0.474;0.837;0.139;0.034;0.066;1.44;0.137;0.044
17615;0.239;0.2;0.417;0.22;0.232;0.476;0.474;0.835;0.137;0.032;0.066;1.414;0.132;0.044
17616;0.239;0.2;0.515;0.217;0.232;0.476;0.479;0.833;0.134;0.034;0.066;1.382;0.129;0.046
17617;0.239;0.2;0.542;0.217;0.232;0.471;0.483;0.833;0.132;0.034;0.066;1.348;0.127;0.044
17618;0.242;0.198;0.361;0.22;0.232;0.471;0.486;0.837;0.134;0.037;0.068;1.318;0.127;0.046
17619;0.242;0.2;0.3;0.217;0.227;0.469;0.486;0.833;0.132;0.034;0.066;1.289;0.12;0.044
17620;0.242;0.203;0.347;0.215;0.227;0.469;0.488;0.835;0.134;0.037;0.066;1.255;0.125;0.046
17621;0.247;0.2;0.557;0.215;0.227;0.466;0.488;0.835;0.129;0.034;0.066;1.226;0.115;0.044
17622;0.244;0.203;1.406;0.212;0.225;0.469;0.488;0.837;0.129;0.034;0.061;1.194;0.117;0.049
17623;0.247;0.2;1.34;0.215;0.227;0.466;0.486;0.835;0.129;0.039;0.068;1.169;0.107;0.042
17624;0.244;0.203;1.26;0.21;0.225;0.471;0.488;0.835;0.132;0.039;0.066;1.135;0.105;0.044
17625;0.247;0.203;1.431;0.21;0.225;0.474;0.486;0.837;0.132;0.039;0.063;1.111;0.107;0.044
17626;0.244;0.205;1.311;0.21;0.22;0.476;0.488;0.835;0.129;0.037;0.063;1.079;0.103;0.044
17627;0.244;0.205;0.94;0.208;0.22;0.476;0.491;0.835;0.134;0.039;0.066;1.057;0.105;0.046
17628;0.242;0.205;0.359;0.208;0.217;0.476;0.493;0.84;0.132;0.039;0.063;1.028;0.098;0.046
17629;0.242;0.208;0.259;0.205;0.217;0.476;0.496;0.837;0.132;0.042;0.066;1.003;0.095;0.046
17630;0.242;0.205;0.278;0.208;0.215;0.479;0.5;0.84;0.132;0.037;0.063;0.979;0.095;0.044
17631;0.242;0.205;0.327;0.208;0.212;0.479;0.496;0.837;0.129;0.039;0.063;0.957;0.095;0.046
17632;0.242;0.205;0.225;0.21;0.21;0.479;0.493;0.84;0.129;0.042;0.061;0.93;0.09;0.046
17633;0.239;0.208;0.237;0.212;0.208;0.481;0.496;0.84;0.134;0.037;0.063;0.908;0.09;0.042
17634;0.242;0.208;0.249;0.21;0.205;0.479;0.496;0.84;0.132;0.039;0.061;0.886;0.09;0.046
17635;0.242;0.208;0.283;0.212;0.203;0.476;0.496;0.837;0.132;0.037;0.061;0.867;0.083;0.044
17636;0.244;0.21;0.244;0.212;0.198;0.474;0.498;0.84;0.134;0.039;0.061;0.845;0.088;0.051
17637;0.242;0.208;0.239;0.21;0.198;0.471;0.493;0.835;0.132;0.037;0.061;0.823;0.083;0.044
17638;0.242;0.21;0.249;0.215;0.198;0.471;0.491;0.84;0.134;0.034;0.061;0.803;0.083;0.046
17639;0.242;0.208;0.217;0.215;0.195;0.469;0.496;0.837;0.134;0.034;0.061;0.786;0.081;0.044
17640;0.242;0.208;0.247;0.215;0.19;0.466;0.496;0.835;0.132;0.034;0.059;0.764;0.076;0.046
17641;0.244;0.208;0.317;0.217;0.19;0.464;0.496;0.845;0.134;0.037;0.061;0.75;0.078;0.044
17642;0.242;0.205;0.251;0.215;0.193;0.469;0.5;0.842;0.137;0.037;0.066;0.732;0.073;0.044
17643;0.242;0.205;0.244;0.217;0.195;0.474;0.5;0.835;0.134;0.032;0.061;0.71;0.073;0.046
17644;0.242;0.208;0.227;0.215;0.193;0.476;0.498;0.84;0.137;0.034;0.063;0.696;0.071;0.046
17645;0.242;0.205;0.222;0.217;0.198;0.481;0.498;0.842;0.139;0.034;0.066;0.679;0.073;0.046
17646;0.242;0.208;0.229;0.215;0.2;0.483;0.496;0.847;0.137;0.029;0.066;0.662;0.071;0.046
17647;0.244;0.205;0.222;0.217;0.203;0.488;0.493;0.845;0.139;0.034;0.063;0.647;0.068;0.046
17648;0.242;0.205;0.232;0.22;0.205;0.493;0.491;0.847;0.142;0.032;0.066;0.63;0.071;0.049
17649;0.242;0.205;0.229;0.222;0.205;0.496;0.488;0.85;0.144;0.032;0.066;0.615;0.066;0.044
17650;0.244;0.208;0.222;0.225;0.205;0.503;0.486;0.845;0.144;0.032;0.063;0.601;0.073;0.051
17651;0.242;0.208;0.217;0.225;0.208;0.505;0.488;0.842;0.146;0.034;0.063;0.588;0.066;0.046
17652;0.242;0.208;0.208;0.225;0.208;0.508;0.486;0.84;0.149;0.032;0.063;0.574;0.061;0.049
17653;0.237;0.205;0.212;0.227;0.205;0.505;0.491;0.84;0.149;0.034;0.063;0.562;0.066;0.049
17654;0.239;0.208;0.217;0.229;0.205;0.508;0.493;0.84;0.149;0.029;0.061;0.547;0.066;0.049
17655;0.237;0.208;0.217;0.225;0.205;0.508;0.496;0.835;0.151;0.034;0.066;0.542;0.063;0.046
17656;0.234;0.208;0.217;0.222;0.2;0.503;0.5;0.835;0.151;0.034;0.063;0.53;0.063;0.049
17657;0.234;0.21;0.22;0.222;0.198;0.503;0.5;0.835;0.154;0.032;0.059;0.52;0.061;0.051
17658;0.234;0.205;0.22;0.217;0.195;0.503;0.5;0.837;0.151;0.034;0.063;0.51;0.059;0.049
17659;0.232;0.208;0.217;0.215;0.19;0.5;0.5;0.84;0.154;0.034;0.061;0.505;0.063;0.049
17660;0.229;0.208;0.22;0.217;0.19;0.496;0.498;0.84;0.156;0.034;0.059;0.498;0.061;0.049
17661;0.234;0.212;0.222;0.215;0.19;0.498;0.498;0.84;0.156;0.032;0.059;0.491;0.066;0.054
17662;0.232;0.21;0.225;0.215;0.193;0.496;0.493;0.842;0.156;0.034;0.063;0.488;0.059;0.051
17663;0.232;0.208;0.22;0.215;0.19;0.491;0.488;0.84;0.161;0.037;0.063;0.486;0.066;0.051
17664;0.229;0.208;0.215;0.215;0.19;0.488;0.483;0.84;0.159;0.034;0.061;0.479;0.056;0.049
17665;0.234;0.208;0.22;0.215;0.193;0.483;0.481;0.837;0.159;0.034;0.063;0.476;0.059;0.051
17666;0.234;0.208;0.217;0.215;0.19;0.483;0.479;0.837;0.161;0.039;0.063;0.481;0.059;0.054
17667;0.232;0.205;0.215;0.22;0.19;0.483;0.479;0.84;0.161;0.037;0.066;0.479;0.061;0.051
17668;0.232;0.205;0.215;0.217;0.19;0.486;0.479;0.842;0.161;0.037;0.063;0.481;0.056;0.054
17669;0.232;0.205;0.225;0.217;0.188;0.491;0.481;0.847;0.159;0.034;0.063;0.483;0.061;0.051
17670;0.232;0.203;0.22;0.215;0.186;0.493;0.483;0.845;0.161;0.037;0.063;0.483;0.059;0.051
17671;0.232;0.203;0.217;0.217;0.183;0.496;0.488;0.847;0.161;0.032;0.063;0.486;0.061;0.054
17672;0.234;0.2;0.215;0.215;0.181;0.496;0.493;0.847;0.161;0.037;0.063;0.488;0.059;0.051
17673;0.234;0.203;0.217;0.215;0.181;0.496;0.496;0.85;0.161;0.032;0.063;0.491;0.061;0.056
17674;0.237;0.203;0.215;0.217;0.181;0.496;0.5;0.847;0.159;0.034;0.061;0.491;0.059;0.051
17675;0.234;0.2;0.212;0.217;0.181;0.496;0.498;0.845;0.161;0.037;0.066;0.496;0.063;0.049
17676;0.234;0.203;0.21;0.22;0.181;0.493;0.498;0.847;0.161;0.034;0.066;0.5;0.063;0.054
17677;0.234;0.203;0.21;0.22;0.19;0.491;0.491;0.847;0.164;0.037;0.068;0.5;0.061;0.054
17678;0.237;0.203;0.208;0.22;0.229;0.491;0.491;0.847;0.164;0.034;0.071;0.508;0.061;0.051
17679;0.237;0.2;0.208;0.222;0.273;0.486;0.488;0.842;0.159;0.037;0.068;0.508;0.061;0.054
17680;0.234;0.203;0.205;0.22;0.303;0.483;0.483;0.84;0.159;0.032;0.066;0.513;0.061;0.054
17681;0.234;0.203;0.208;0.222;0.337;0.481;0.479;0.84;0.159;0.034;0.068;0.515;0.061;0.049
17682;0.234;0.205;0.205;0.22;0.359;0.479;0.476;0.84;0.164;0.037;0.071;0.52;0.061;0.056
17683;0.232;0.205;0.21;0.22;0.376;0.476;0.471;0.84;0.159;0.037;0.066;0.522;0.059;0.054
17684;0.229;0.205;0.203;0.22;0.376;0.481;0.471;0.842;0.159;0.034;0.068;0.525;0.059;0.054
17685;0.227;0.205;0.208;0.22;0.371;0.483;0.469;0.842;0.159;0.037;0.068;0.527;0.059;0.054
17686;0.227;0.208;0.208;0.22;0.364;0.486;0.469;0.837;0.156;0.034;0.068;0.532;0.061;0.054
17687;0.225;0.21;0.205;0.222;0.378;0.486;0.471;0.842;0.156;0.037;0.066;0.535;0.061;0.054
17688;0.227;0.212;0.205;0.22;0.381;0.488;0.476;0.84;0.154;0.034;0.068;0.54;0.063;0.054
17689;0.227;0.21;0.2;0.222;0.378;0.488;0.476;0.837;0.156;0.034;0.071;0.544;0.061;0.056
17690;0.225;0.21;0.2;0.222;0.388;0.488;0.483;0.837;0.154;0.034;0.071;0.547;0.056;0.054
17691;0.229;0.21;0.203;0.225;0.403;0.488;0.488;0.837;0.154;0.037;0.073;0.554;0.061;0.059
17692;0.229;0.212;0.205;0.225;0.396;0.488;0.491;0.837;0.154;0.034;0.071;0.557;0.061;0.051
17693;0.229;0.21;0.208;0.225;0.398;0.491;0.496;0.833;0.154;0.034;0.068;0.562;0.063;0.056
17694;0.229;0.21;0.208;0.222;0.393;0.491;0.496;0.835;0.151;0.032;0.066;0.566;0.056;0.054
17695;0.227;0.212;0.212;0.22;0.391;0.491;0.496;0.83;0.154;0.037;0.071;0.574;0.061;0.056
17696;0.225;0.212;0.21;0.222;0.393;0.491;0.493;0.828;0.151;0.039;0.071;0.579;0.061;0.059
17697;0.225;0.21;0.21;0.22;0.391;0.491;0.488;0.833;0.154;0.037;0.071;0.586;0.063;0.059
17698;0.225;0.21;0.212;0.22;0.388;0.491;0.486;0.835;0.151;0.037;0.071;0.588;0.061;0.056
17699;0.225;0.21;0.205;0.217;0.391;0.493;0.483;0.835;0.151;0.034;0.068;0.596;0.066;0.059
17700;0.222;0.212;0.205;0.215;0.388;0.488;0.479;0.835;0.149;0.032;0.071;0.601;0.066;0.059
17701;0.225;0.208;0.2;0.215;0.386;0.486;0.481;0.835;0.149;0.032;0.071;0.608;0.063;0.059
17702;0.225;0.212;0.2;0.215;0.388;0.486;0.479;0.833;0.151;0.034;0.068;0.615;0.066;0.059
17703;0.227;0.208;0.203;0.215;0.383;0.483;0.481;0.833;0.149;0.034;0.071;0.62;0.066;0.061
17704;0.229;0.21;0.195;0.217;0.383;0.481;0.479;0.835;0.146;0.037;0.071;0.625;0.066;0.059
17705;0.229;0.208;0.193;0.215;0.383;0.481;0.481;0.835;0.149;0.037;0.073;0.632;0.066;0.061
17706;0.227;0.21;0.203;0.215;0.393;0.481;0.479;0.833;0.144;0.034;0.071;0.635;0.061;0.059
17707;0.229;0.21;0.203;0.215;0.4;0.481;0.483;0.83;0.149;0.037;0.073;0.647;0.071;0.061
17708;0.229;0.212;0.208;0.215;0.398;0.481;0.481;0.828;0.149;0.034;0.078;0.652;0.061;0.059
17709;0.232;0.212;0.203;0.215;0.391;0.483;0.483;0.83;0.146;0.034;0.078;0.657;0.066;0.061
17710;0.227;0.21;0.203;0.217;0.388;0.486;0.481;0.828;0.144;0.034;0.078;0.662;0.066;0.063
17711;0.227;0.21;0.205;0.21;0.383;0.488;0.483;0.828;0.144;0.032;0.076;0.669;0.066;0.063
17712;0.225;0.21;0.205;0.212;0.391;0.488;0.483;0.83;0.142;0.029;0.076;0.674;0.063;0.063
17713;0.225;0.208;0.208;0.21;0.381;0.491;0.479;0.83;0.144;0.029;0.078;0.681;0.061;0.059
17714;0.225;0.205;0.208;0.21;0.383;0.491;0.479;0.833;0.144;0.032;0.078;0.691;0.061;0.061
17715;0.227;0.203;0.208;0.21;0.388;0.488;0.476;0.835;0.144;0.034;0.081;0.698;0.063;0.063
17716;0.225;0.203;0.205;0.21;0.383;0.491;0.476;0.835;0.142;0.032;0.078;0.708;0.061;0.066
17717;0.225;0.2;0.205;0.212;0.386;0.486;0.479;0.835;0.144;0.029;0.078;0.71;0.059;0.066
17718;0.225;0.2;0.2;0.21;0.383;0.483;0.479;0.833;0.144;0.034;0.078;0.72;0.059;0.063
17719;0.225;0.203;0.2;0.215;0.396;0.479;0.481;0.835;0.144;0.034;0.081;0.73;0.063;0.068
17720;0.222;0.2;0.2;0.217;0.393;0.479;0.479;0.835;0.139;0.032;0.081;0.735;0.056;0.066
17721;0.227;0.205;0.2;0.217;0.381;0.479;0.481;0.83;0.142;0.029;0.081;0.74;0.054;0.063
17722;0.225;0.203;0.203;0.22;0.388;0.479;0.486;0.833;0.142;0.032;0.083;0.747;0.056;0.068
17723;0.222;0.205;0.198;0.22;0.386;0.476;0.493;0.835;0.142;0.032;0.081;0.752;0.054;0.068
17724;0.225;0.205;0.203;0.22;0.388;0.479;0.496;0.837;0.139;0.029;0.083;0.754;0.056;0.068
17725;0.222;0.203;0.2;0.222;0.381;0.481;0.498;0.837;0.142;0.032;0.083;0.762;0.054;0.068
17726;0.222;0.205;0.205;0.225;0.386;0.479;0.496;0.837;0.139;0.029;0.085;0.762;0.054;0.066
17727;0.225;0.203;0.208;0.225;0.386;0.481;0.493;0.837;0.142;0.029;0.088;0.767;0.051;0.068
17728;0.22;0.205;0.208;0.225;0.386;0.483;0.491;0.84;0.142;0.034;0.088;0.769;0.054;0.071
17729;0.222;0.205;0.203;0.222;0.381;0.481;0.493;0.84;0.139;0.029;0.088;0.769;0.051;0.068
17730;0.22;0.208;0.203;0.222;0.386;0.481;0.486;0.835;0.139;0.027;0.085;0.774;0.046;0.066
17731;0.222;0.21;0.205;0.222;0.388;0.479;0.483;0.833;0.137;0.029;0.085;0.771;0.044;0.066
17732;0.222;0.21;0.205;0.222;0.383;0.476;0.479;0.835;0.142;0.032;0.093;0.776;0.051;0.071
17733;0.222;0.212;0.203;0.222;0.393;0.474;0.479;0.84;0.137;0.027;0.09;0.774;0.046;0.066
17734;0.227;0.212;0.21;0.222;0.393;0.471;0.471;0.84;0.137;0.027;0.085;0.776;0.046;0.063
17735;0.229;0.212;0.212;0.225;0.396;0.471;0.471;0.837;0.137;0.032;0.09;0.779;0.046;0.068
17736;0.229;0.217;0.21;0.227;0.398;0.469;0.471;0.84;0.134;0.029;0.09;0.781;0.044;0.071
17737;0.229;0.215;0.215;0.227;0.4;0.466;0.474;0.84;0.134;0.029;0.088;0.779;0.046;0.071
17738;0.227;0.217;0.215;0.227;0.4;0.466;0.476;0.835;0.132;0.027;0.085;0.779;0.044;0.068
17739;0.229;0.215;0.21;0.232;0.4;0.464;0.481;0.83;0.134;0.029;0.09;0.781;0.049;0.068
17740;0.225;0.217;0.208;0.227;0.396;0.464;0.483;0.828;0.134;0.029;0.088;0.781;0.039;0.066
17741;0.227;0.217;0.208;0.227;0.396;0.464;0.483;0.828;0.134;0.029;0.088;0.781;0.042;0.068
17742;0.222;0.217;0.208;0.225;0.393;0.466;0.483;0.833;0.137;0.027;0.085;0.786;0.046;0.068
17743;0.225;0.215;0.205;0.225;0.393;0.461;0.486;0.833;0.137;0.027;0.085;0.781;0.042;0.068
17744;0.225;0.217;0.21;0.225;0.393;0.464;0.486;0.833;0.137;0.029;0.085;0.789;0.039;0.066
17745;0.222;0.215;0.205;0.227;0.393;0.469;0.483;0.83;0.137;0.024;0.088;0.786;0.039;0.068
17746;0.22;0.212;0.205;0.227;0.398;0.469;0.486;0.83;0.134;0.027;0.085;0.791;0.042;0.068
17747;0.22;0.212;0.203;0.227;0.393;0.469;0.483;0.828;0.137;0.027;0.088;0.793;0.039;0.066
17748;0.215;0.215;0.203;0.227;0.391;0.474;0.481;0.825;0.134;0.027;0.085;0.796;0.042;0.066
17749;0.215;0.21;0.208;0.225;0.388;0.479;0.479;0.83;0.134;0.027;0.088;0.798;0.037;0.063
17750;0.217;0.208;0.205;0.222;0.388;0.479;0.474;0.83;0.137;0.029;0.09;0.803;0.042;0.066
17751;0.217;0.208;0.21;0.222;0.386;0.481;0.474;0.837;0.137;0.032;0.085;0.803;0.037;0.061
17752;0.22;0.205;0.212;0.225;0.388;0.488;0.476;0.84;0.132;0.029;0.085;0.806;0.037;0.063
17753;0.217;0.203;0.208;0.222;0.386;0.488;0.476;0.837;0.134;0.029;0.088;0.811;0.042;0.063
17754;0.215;0.2;0.212;0.22;0.383;0.493;0.476;0.835;0.132;0.029;0.085;0.813;0.034;0.061
17755;0.217;0.198;0.212;0.217;0.378;0.496;0.479;0.835;0.134;0.032;0.088;0.82;0.037;0.061
17756;0.217;0.195;0.22;0.215;0.381;0.5;0.481;0.835;0.129;0.032;0.085;0.82;0.037;0.061
17757;0.217;0.195;0.22;0.217;0.381;0.5;0.486;0.835;0.132;0.029;0.088;0.828;0.034;0.061
17758;0.215;0.193;0.22;0.22;0.381;0.498;0.486;0.835;0.132;0.034;0.085;0.833;0.037;0.059
17759;0.217;0.193;0.217;0.222;0.381;0.498;0.491;0.835;0.129;0.032;0.088;0.84;0.037;0.056
17760;0.215;0.193;0.212;0.222;0.381;0.498;0.496;0.835;0.127;0.029;0.088;0.842;0.034;0.059
17761;0.217;0.193;0.212;0.22;0.383;0.498;0.493;0.83;0.129;0.032;0.09;0.852;0.037;0.059
17762;0.215;0.195;0.215;0.222;0.383;0.498;0.496;0.825;0.127;0.034;0.088;0.859;0.037;0.059
17763;0.217;0.198;0.215;0.22;0.386;0.498;0.493;0.825;0.127;0.029;0.088;0.862;0.039;0.059
17764;0.217;0.198;0.215;0.222;0.388;0.498;0.493;0.828;0.129;0.029;0.09;0.872;0.034;0.059
17765;0.215;0.2;0.212;0.225;0.393;0.496;0.488;0.83;0.127;0.029;0.09;0.879;0.037;0.056
17766;0.212;0.198;0.215;0.22;0.386;0.493;0.491;0.828;0.125;0.029;0.093;0.889;0.034;0.054
17767;0.215;0.2;0.217;0.222;0.386;0.493;0.483;0.83;0.127;0.029;0.09;0.901;0.037;0.059
17768;0.217;0.203;0.22;0.217;0.391;0.493;0.481;0.828;0.125;0.029;0.095;0.911;0.039;0.059
17769;0.215;0.203;0.222;0.215;0.388;0.491;0.479;0.825;0.125;0.029;0.098;0.92;0.037;0.054
17770;0.217;0.205;0.222;0.215;0.391;0.493;0.476;0.825;0.125;0.032;0.098;0.93;0.039;0.054
17771;0.215;0.208;0.217;0.215;0.393;0.496;0.476;0.828;0.122;0.029;0.1;0.942;0.037;0.054
17772;0.217;0.205;0.222;0.215;0.391;0.498;0.474;0.835;0.125;0.029;0.098;0.95;0.037;0.051
17773;0.215;0.21;0.22;0.215;0.396;0.493;0.476;0.833;0.122;0.029;0.1;0.957;0.037;0.054
17774;0.212;0.21;0.227;0.215;0.393;0.5;0.476;0.828;0.12;0.029;0.1;0.967;0.039;0.051
17775;0.217;0.21;0.227;0.217;0.396;0.5;0.479;0.828;0.122;0.029;0.103;0.974;0.042;0.056
17776;0.217;0.21;0.227;0.217;0.4;0.5;0.479;0.825;0.12;0.029;0.105;0.979;0.039;0.054
17777;0.217;0.208;0.239;0.22;0.398;0.503;0.481;0.823;0.117;0.027;0.105;0.981;0.042;0.056
17778;0.215;0.208;0.227;0.217;0.398;0.5;0.479;0.83;0.117;0.027;0.103;0.986;0.039;0.054
17779;0.215;0.205;0.232;0.215;0.398;0.505;0.479;0.833;0.117;0.029;0.105;0.989;0.042;0.051
17780;0.212;0.203;0.229;0.217;0.398;0.5;0.476;0.83;0.117;0.029;0.107;0.989;0.042;0.051
17781;0.212;0.2;0.229;0.217;0.4;0.5;0.476;0.833;0.122;0.034;0.115;0.996;0.044;0.051
17782;0.212;0.2;0.229;0.21;0.4;0.5;0.474;0.833;0.115;0.029;0.112;0.989;0.039;0.049
17783;0.215;0.198;0.239;0.212;0.403;0.498;0.469;0.83;0.117;0.029;0.112;0.989;0.044;0.051
17784;0.212;0.195;0.242;0.212;0.405;0.498;0.466;0.83;0.115;0.029;0.115;0.986;0.039;0.049
17785;0.212;0.19;0.229;0.215;0.403;0.5;0.461;0.83;0.117;0.029;0.117;0.986;0.044;0.051
17786;0.212;0.193;0.229;0.215;0.405;0.5;0.459;0.828;0.117;0.029;0.12;0.984;0.046;0.049
17787;0.21;0.188;0.234;0.215;0.405;0.5;0.459;0.825;0.112;0.024;0.117;0.972;0.044;0.051
17788;0.21;0.188;0.229;0.217;0.408;0.505;0.464;0.828;0.115;0.029;0.12;0.972;0.049;0.046
17789;0.21;0.186;0.234;0.217;0.408;0.505;0.464;0.825;0.112;0.027;0.125;0.964;0.042;0.046
17790;0.21;0.186;0.232;0.22;0.405;0.508;0.466;0.825;0.115;0.029;0.127;0.959;0.046;0.049
17791;0.212;0.183;0.232;0.22;0.41;0.505;0.466;0.82;0.112;0.029;0.127;0.95;0.044;0.049
17792;0.21;0.183;0.234;0.22;0.41;0.505;0.471;0.823;0.112;0.029;0.127;0.945;0.044;0.046
17793;0.21;0.186;0.234;0.22;0.413;0.503;0.474;0.82;0.115;0.029;0.127;0.938;0.049;0.051
17794;0.205;0.188;0.232;0.22;0.413;0.5;0.479;0.818;0.115;0.032;0.132;0.928;0.046;0.046
17795;0.205;0.188;0.229;0.217;0.413;0.503;0.479;0.818;0.115;0.029;0.132;0.923;0.049;0.049
17796;0.205;0.186;0.227;0.217;0.415;0.503;0.479;0.818;0.115;0.029;0.134;0.913;0.049;0.049
17797;0.205;0.186;0.225;0.217;0.415;0.503;0.476;0.818;0.115;0.027;0.132;0.906;0.046;0.054
17798;0.203;0.186;0.222;0.217;0.415;0.503;0.471;0.82;0.117;0.032;0.137;0.903;0.051;0.051
17799;0.208;0.188;0.229;0.222;0.42;0.5;0.469;0.823;0.115;0.029;0.134;0.894;0.049;0.051
17800;0.208;0.19;0.237;0.22;0.417;0.5;0.466;0.82;0.115;0.032;0.137;0.889;0.049;0.049
17801;0.205;0.193;0.227;0.222;0.42;0.498;0.464;0.823;0.115;0.029;0.137;0.881;0.054;0.051
17802;0.208;0.193;0.237;0.222;0.422;0.498;0.459;0.823;0.115;0.029;0.137;0.876;0.049;0.051
17803;0.205;0.195;0.239;0.22;0.422;0.498;0.459;0.828;0.115;0.029;0.139;0.869;0.056;0.051
17804;0.21;0.198;0.249;0.222;0.425;0.498;0.459;0.825;0.115;0.029;0.137;0.864;0.051;0.051
17805;0.208;0.198;0.234;0.227;0.422;0.498;0.459;0.825;0.117;0.032;0.139;0.859;0.054;0.051
17806;0.208;0.195;0.242;0.225;0.422;0.498;0.457;0.823;0.112;0.034;0.142;0.854;0.054;0.054
17807;0.205;0.198;0.239;0.222;0.42;0.498;0.457;0.828;0.115;0.029;0.139;0.85;0.054;0.056
17808;0.21;0.198;0.242;0.222;0.415;0.491;0.457;0.825;0.112;0.027;0.142;0.847;0.056;0.056
17809;0.205;0.198;0.261;0.222;0.415;0.491;0.457;0.825;0.112;0.029;0.139;0.84;0.051;0.054
17810;0.205;0.198;0.256;0.225;0.415;0.488;0.459;0.823;0.112;0.032;0.139;0.84;0.056;0.056
17811;0.205;0.2;0.251;0.222;0.415;0.486;0.459;0.825;0.112;0.029;0.139;0.833;0.054;0.056
17812;0.205;0.198;0.273;0.227;0.413;0.483;0.459;0.823;0.11;0.029;0.139;0.833;0.056;0.056
17813;0.203;0.2;0.273;0.225;0.413;0.483;0.457;0.823;0.11;0.029;0.139;0.83;0.054;0.059
17814;0.2;0.2;0.269;0.225;0.413;0.479;0.459;0.823;0.112;0.027;0.137;0.825;0.056;0.059
17815;0.203;0.203;0.3;0.225;0.415;0.479;0.457;0.818;0.112;0.027;0.137;0.825;0.051;0.056
17816;0.2;0.2;0.303;0.225;0.413;0.483;0.457;0.823;0.112;0.027;0.137;0.823;0.056;0.063
17817;0.203;0.203;0.283;0.225;0.415;0.481;0.457;0.823;0.11;0.029;0.137;0.823;0.054;0.063
17818;0.2;0.2;0.273;0.225;0.417;0.479;0.459;0.82;0.112;0.027;0.134;0.82;0.056;0.063
17819;0.2;0.198;0.261;0.222;0.417;0.481;0.459;0.818;0.112;0.029;0.134;0.82;0.051;0.061
17820;0.2;0.195;0.264;0.22;0.415;0.479;0.459;0.82;0.112;0.029;0.134;0.82;0.054;0.066
17821;0.198;0.195;0.251;0.217;0.417;0.479;0.461;0.82;0.115;0.027;0.134;0.815;0.051;0.061
17822;0.198;0.193;0.261;0.215;0.413;0.476;0.457;0.818;0.112;0.024;0.134;0.818;0.054;0.066
17823;0.195;0.193;0.264;0.215;0.413;0.481;0.457;0.82;0.112;0.029;0.132;0.815;0.054;0.063
17824;0.193;0.19;0.266;0.217;0.41;0.483;0.457;0.82;0.115;0.024;0.132;0.818;0.049;0.066
17825;0.193;0.188;0.276;0.215;0.408;0.486;0.452;0.823;0.115;0.027;0.129;0.818;0.051;0.066
17826;0.195;0.188;0.298;0.215;0.405;0.486;0.452;0.828;0.117;0.029;0.132;0.818;0.054;0.068
17827;0.195;0.186;0.334;0.215;0.405;0.486;0.452;0.828;0.115;0.024;0.127;0.82;0.051;0.071
17828;0.198;0.186;0.33;0.22;0.403;0.488;0.452;0.825;0.115;0.024;0.125;0.818;0.054;0.068
17829;0.2;0.183;0.298;0.217;0.405;0.488;0.449;0.825;0.117;0.027;0.127;0.818;0.051;0.068
17830;0.2;0.186;0.347;0.22;0.405;0.491;0.452;0.825;0.117;0.027;0.125;0.818;0.051;0.071
17831;0.203;0.183;0.337;0.217;0.408;0.491;0.452;0.823;0.117;0.024;0.125;0.818;0.046;0.076
17832;0.203;0.188;0.408;0.22;0.403;0.491;0.454;0.823;0.117;0.027;0.125;0.82;0.049;0.073
17833;0.205;0.186;0.342;0.215;0.403;0.491;0.459;0.825;0.117;0.022;0.122;0.818;0.049;0.076
17834;0.205;0.183;0.291;0.215;0.4;0.486;0.457;0.823;0.117;0.024;0.125;0.815;0.049;0.076
17835;0.205;0.183;0.283;0.212;0.4;0.483;0.459;0.825;0.12;0.024;0.122;0.813;0.054;0.081
17836;0.205;0.181;0.288;0.212;0.4;0.476;0.459;0.825;0.12;0.027;0.122;0.811;0.049;0.076
17837;0.205;0.183;0.271;0.212;0.403;0.476;0.461;0.828;0.12;0.024;0.125;0.806;0.051;0.085
17838;0.205;0.183;0.264;0.212;0.403;0.476;0.459;0.825;0.12;0.027;0.122;0.803;0.051;0.083
17839;0.203;0.186;0.278;0.215;0.403;0.471;0.459;0.825;0.122;0.024;0.125;0.796;0.051;0.083
17840;0.203;0.183;0.273;0.215;0.403;0.474;0.457;0.825;0.12;0.029;0.122;0.789;0.051;0.088
17841;0.205;0.183;0.3;0.215;0.405;0.474;0.454;0.823;0.12;0.024;0.12;0.781;0.049;0.085
17842;0.203;0.181;0.31;0.215;0.403;0.479;0.454;0.823;0.12;0.024;0.122;0.774;0.051;0.085
17843;0.208;0.183;0.349;0.215;0.405;0.481;0.452;0.823;0.117;0.027;0.12;0.764;0.059;0.095
17844;0.208;0.181;0.327;0.215;0.403;0.483;0.452;0.83;0.12;0.024;0.122;0.754;0.054;0.093
17845;0.208;0.183;0.352;0.215;0.403;0.491;0.452;0.825;0.117;0.027;0.12;0.747;0.049;0.09
17846;0.21;0.183;0.361;0.215;0.403;0.493;0.452;0.823;0.117;0.027;0.12;0.74;0.051;0.093
17847;0.212;0.183;0.337;0.215;0.403;0.496;0.452;0.82;0.117;0.027;0.122;0.728;0.051;0.09
17848;0.21;0.181;0.33;0.215;0.405;0.5;0.454;0.823;0.12;0.027;0.12;0.718;0.054;0.095
17849;0.212;0.178;0.344;0.215;0.405;0.5;0.457;0.823;0.117;0.029;0.12;0.706;0.051;0.095
17850;0.212;0.178;0.332;0.215;0.403;0.496;0.459;0.825;0.117;0.027;0.117;0.693;0.054;0.098
17851;0.212;0.176;0.334;0.212;0.403;0.496;0.461;0.823;0.117;0.024;0.12;0.681;0.049;0.098
17852;0.205;0.176;0.322;0.215;0.4;0.496;0.461;0.823;0.12;0.027;0.117;0.669;0.054;0.098
17853;0.208;0.176;0.308;0.215;0.4;0.496;0.459;0.82;0.12;0.027;0.12;0.654;0.051;0.103
17854;0.205;0.173;0.283;0.217;0.4;0.493;0.459;0.823;0.117;0.027;0.117;0.642;0.051;0.103
17855;0.205;0.173;0.273;0.217;0.4;0.496;0.457;0.823;0.12;0.029;0.122;0.625;0.051;0.103
17856;0.203;0.173;0.264;0.217;0.403;0.493;0.457;0.823;0.117;0.029;0.12;0.613;0.054;0.107
17857;0.203;0.173;0.271;0.22;0.405;0.496;0.457;0.82;0.12;0.027;0.122;0.598;0.051;0.103
17858;0.205;0.171;0.259;0.217;0.405;0.493;0.457;0.823;0.122;0.029;0.12;0.579;0.054;0.105
17859;0.205;0.173;0.247;0.217;0.408;0.496;0.457;0.823;0.12;0.027;0.12;0.564;0.046;0.107
17860;0.208;0.171;0.232;0.22;0.41;0.498;0.457;0.823;0.12;0.027;0.125;0.549;0.051;0.107
17861;0.21;0.173;0.229;0.22;0.408;0.496;0.457;0.82;0.117;0.027;0.122;0.54;0.049;0.107
17862;0.21;0.173;0.242;0.215;0.403;0.498;0.452;0.82;0.12;0.024;0.122;0.522;0.051;0.107
17863;0.212;0.168;0.237;0.217;0.408;0.496;0.454;0.823;0.12;0.024;0.125;0.513;0.051;0.112
17864;0.212;0.171;0.237;0.217;0.408;0.5;0.454;0.82;0.12;0.027;0.125;0.5;0.051;0.112
17865;0.212;0.168;0.239;0.217;0.408;0.5;0.454;0.82;0.12;0.024;0.127;0.493;0.054;0.112
17866;0.215;0.171;0.229;0.217;0.408;0.498;0.457;0.82;0.122;0.022;0.127;0.481;0.051;0.115
17867;0.212;0.168;0.237;0.217;0.41;0.496;0.459;0.818;0.122;0.027;0.127;0.471;0.051;0.115
17868;0.212;0.171;0.229;0.215;0.41;0.5;0.459;0.815;0.115;0.024;0.129;0.464;0.054;0.12
17869;0.212;0.168;0.222;0.215;0.413;0.498;0.457;0.815;0.12;0.027;0.129;0.457;0.049;0.117
17870;0.215;0.168;0.229;0.212;0.41;0.503;0.457;0.815;0.12;0.024;0.132;0.447;0.051;0.12
17871;0.212;0.171;0.242;0.212;0.413;0.5;0.457;0.818;0.12;0.027;0.134;0.444;0.046;0.122
17872;0.215;0.166;0.244;0.215;0.413;0.503;0.454;0.82;0.12;0.024;0.137;0.439;0.051;0.122
17873;0.217;0.168;0.234;0.217;0.41;0.503;0.454;0.82;0.12;0.027;0.139;0.435;0.049;0.122
17874;0.217;0.168;0.247;0.217;0.408;0.505;0.454;0.818;0.122;0.027;0.144;0.43;0.051;0.125
17875;0.22;0.171;0.249;0.22;0.408;0.503;0.452;0.82;0.117;0.029;0.144;0.427;0.051;0.125
17876;0.22;0.166;0.239;0.215;0.405;0.503;0.454;0.818;0.117;0.027;0.142;0.425;0.049;0.127
17877;0.22;0.166;0.237;0.215;0.403;0.503;0.454;0.818;0.12;0.027;0.144;0.422;0.049;0.129
17878;0.22;0.166;0.22;0.215;0.4;0.503;0.457;0.818;0.12;0.029;0.146;0.422;0.049;0.129
17879;0.22;0.166;0.225;0.22;0.398;0.503;0.459;0.82;0.117;0.027;0.144;0.42;0.051;0.132
17880;0.22;0.168;0.22;0.217;0.398;0.5;0.457;0.82;0.117;0.027;0.144;0.417;0.044;0.127
17881;0.217;0.168;0.22;0.215;0.396;0.5;0.459;0.823;0.117;0.027;0.146;0.42;0.051;0.129
17882;0.217;0.166;0.222;0.215;0.393;0.503;0.459;0.823;0.117;0.027;0.144;0.417;0.049;0.132
17883;0.215;0.168;0.217;0.212;0.388;0.505;0.457;0.823;0.117;0.029;0.144;0.417;0.051;0.134
17884;0.215;0.166;0.251;0.212;0.383;0.505;0.449;0.825;0.115;0.029;0.144;0.42;0.049;0.132
17885;0.212;0.166;0.254;0.21;0.381;0.508;0.447;0.825;0.117;0.027;0.142;0.42;0.049;0.134
17886;0.215;0.166;0.264;0.212;0.381;0.51;0.444;0.828;0.117;0.027;0.142;0.42;0.049;0.134
17887;0.212;0.166;0.229;0.212;0.378;0.508;0.439;0.828;0.117;0.029;0.142;0.425;0.046;0.134
17888;0.215;0.166;0.254;0.21;0.383;0.51;0.439;0.823;0.117;0.029;0.139;0.422;0.054;0.137
17889;0.215;0.166;0.278;0.212;0.381;0.508;0.437;0.82;0.12;0.024;0.137;0.427;0.049;0.139
17890;0.217;0.166;0.291;0.21;0.381;0.513;0.435;0.82;0.117;0.027;0.134;0.432;0.049;0.137
17891;0.22;0.164;0.288;0.21;0.383;0.513;0.437;0.82;0.115;0.027;0.134;0.435;0.049;0.137
17892;0.222;0.166;0.266;0.208;0.383;0.51;0.435;0.815;0.12;0.029;0.129;0.437;0.049;0.142
17893;0.22;0.164;0.281;0.21;0.386;0.505;0.437;0.82;0.115;0.027;0.127;0.439;0.051;0.139
17894;0.22;0.164;0.271;0.205;0.381;0.505;0.437;0.823;0.115;0.027;0.129;0.439;0.046;0.139
17895;0.22;0.164;0.247;0.205;0.383;0.503;0.437;0.82;0.115;0.029;0.127;0.442;0.049;0.144
17896;0.222;0.164;0.247;0.208;0.383;0.503;0.437;0.82;0.12;0.027;0.127;0.447;0.049;0.142
17897;0.225;0.166;0.254;0.205;0.388;0.498;0.437;0.82;0.117;0.029;0.122;0.444;0.051;0.146
17898;0.222;0.166;0.237;0.21;0.386;0.498;0.435;0.818;0.115;0.027;0.125;0.447;0.049;0.142
17899;0.222;0.166;0.276;0.212;0.388;0.498;0.432;0.818;0.117;0.027;0.125;0.447;0.046;0.142
17900;0.225;0.168;0.344;0.208;0.388;0.498;0.432;0.823;0.112;0.029;0.127;0.449;0.049;0.142
17901;0.227;0.166;0.369;0.203;0.388;0.498;0.43;0.825;0.112;0.027;0.127;0.449;0.051;0.149
17902;0.227;0.168;0.339;0.205;0.386;0.498;0.432;0.823;0.11;0.024;0.127;0.444;0.054;0.149
17903;0.227;0.166;0.376;0.203;0.386;0.5;0.432;0.82;0.11;0.027;0.127;0.447;0.051;0.144
17904;0.229;0.166;0.461;0.203;0.388;0.498;0.432;0.82;0.112;0.029;0.129;0.444;0.051;0.146
17905;0.232;0.168;0.476;0.203;0.388;0.498;0.432;0.823;0.11;0.029;0.134;0.444;0.051;0.146
17906;0.234;0.168;0.486;0.198;0.391;0.5;0.43;0.818;0.107;0.029;0.137;0.444;0.051;0.149
17907;0.232;0.164;0.659;0.195;0.391;0.498;0.425;0.818;0.107;0.024;0.139;0.439;0.051;0.149
17908;0.232;0.166;0.742;0.193;0.396;0.498;0.422;0.823;0.107;0.027;0.142;0.442;0.049;0.146
17909;0.232;0.166;0.889;0.195;0.393;0.493;0.422;0.825;0.107;0.024;0.146;0.442;0.054;0.146
17910;0.229;0.164;0.879;0.193;0.393;0.493;0.42;0.82;0.105;0.027;0.151;0.437;0.054;0.151
17911;0.229;0.166;0.911;0.195;0.396;0.493;0.42;0.82;0.107;0.024;0.154;0.435;0.054;0.151
17912;0.229;0.166;0.933;0.19;0.393;0.491;0.422;0.82;0.105;0.027;0.161;0.435;0.051;0.146
17913;0.227;0.166;0.925;0.19;0.396;0.488;0.425;0.815;0.105;0.027;0.164;0.435;0.051;0.151
17914;0.225;0.166;0.557;0.188;0.393;0.483;0.425;0.811;0.105;0.029;0.166;0.427;0.056;0.149
17915;0.225;0.164;0.554;0.188;0.393;0.481;0.427;0.813;0.105;0.024;0.176;0.43;0.054;0.146
17916;0.222;0.164;0.557;0.186;0.391;0.481;0.43;0.811;0.107;0.027;0.181;0.425;0.054;0.149
17917;0.222;0.164;0.557;0.186;0.393;0.483;0.43;0.808;0.105;0.024;0.186;0.425;0.054;0.144
17918;0.225;0.166;0.574;0.183;0.391;0.481;0.435;0.808;0.103;0.024;0.186;0.42;0.056;0.146
17919;0.225;0.161;0.579;0.181;0.391;0.483;0.435;0.806;0.105;0.029;0.195;0.422;0.056;0.146
17920;0.225;0.159;0.579;0.178;0.388;0.481;0.435;0.806;0.103;0.022;0.2;0.417;0.051;0.139
17921;0.227;0.159;0.579;0.178;0.388;0.483;0.435;0.811;0.103;0.024;0.205;0.417;0.056;0.146
17922;0.227;0.159;0.569;0.181;0.386;0.481;0.435;0.808;0.1;0.027;0.208;0.413;0.054;0.144
17923;0.225;0.159;0.574;0.181;0.386;0.481;0.435;0.811;0.103;0.027;0.215;0.415;0.059;0.146
17924;0.225;0.156;0.583;0.176;0.388;0.481;0.432;0.806;0.103;0.029;0.217;0.415;0.054;0.146
17925;0.227;0.156;4.998;0.176;0.386;0.479;0.43;0.806;0.103;0.029;0.222;0.413;0.059;0.144
17926;0.225;0.156;4.998;0.171;0.386;0.481;0.427;0.806;0.103;0.029;0.227;0.413;0.056;0.144
17927;0.227;0.159;4.998;0.168;0.386;0.481;0.427;0.806;0.1;0.029;0.232;0.413;0.059;0.144
17928;0.227;0.156;4.998;0.166;0.386;0.479;0.425;0.806;0.103;0.029;0.234;0.413;0.059;0.144
17929;0.227;0.161;4.998;0.171;0.381;0.481;0.425;0.806;0.1;0.024;0.239;0.41;0.059;0.142
17930;0.227;0.159;4.998;0.166;0.381;0.483;0.422;0.806;0.1;0.027;0.242;0.41;0.059;0.142
17931;0.227;0.156;4.998;0.166;0.378;0.488;0.422;0.811;0.1;0.029;0.244;0.413;0.063;0.142
17932;0.227;0.154;4.998;0.164;0.376;0.486;0.417;0.808;0.095;0.027;0.251;0.413;0.059;0.144
17933;0.227;0.156;4.998;0.164;0.374;0.486;0.415;0.813;0.098;0.027;0.254;0.41;0.059;0.142
17934;0.227;0.154;4.998;0.168;0.374;0.486;0.413;0.813;0.098;0.022;0.256;0.413;0.061;0.137
17935;0.227;0.154;4.998;0.168;0.381;0.486;0.415;0.811;0.095;0.024;0.264;0.413;0.061;0.139
17936;0.227;0.151;4.998;0.173;0.381;0.483;0.417;0.808;0.098;0.027;0.269;0.417;0.066;0.137
17937;0.227;0.151;4.998;0.171;0.383;0.483;0.422;0.811;0.098;0.027;0.271;0.413;0.063;0.144
17938;0.227;0.151;4.998;0.173;0.388;0.483;0.427;0.811;0.098;0.029;0.281;0.415;0.061;0.137
17939;0.227;0.151;4.998;0.178;0.386;0.481;0.427;0.811;0.098;0.027;0.281;0.413;0.061;0.134
17940;0.227;0.154;4.998;0.181;0.393;0.479;0.432;0.811;0.095;0.027;0.293;0.417;0.061;0.134
17941;0.225;0.151;4.998;0.183;0.396;0.476;0.432;0.813;0.095;0.027;0.295;0.413;0.066;0.134
17942;0.225;0.154;4.497;0.186;0.4;0.479;0.432;0.813;0.098;0.024;0.303;0.417;0.063;0.134
17943;0.225;0.156;2.234;0.188;0.4;0.479;0.43;0.813;0.095;0.024;0.308;0.413;0.066;0.134
17944;0.225;0.156;1.152;0.193;0.403;0.476;0.427;0.811;0.093;0.024;0.315;0.413;0.066;0.132
17945;0.222;0.156;0.647;0.193;0.403;0.476;0.427;0.806;0.098;0.027;0.325;0.415;0.068;0.132
17946;0.222;0.154;0.41;0.198;0.405;0.476;0.427;0.808;0.093;0.029;0.332;0.413;0.068;0.132
17947;0.217;0.154;0.308;0.2;0.403;0.474;0.427;0.806;0.093;0.027;0.342;0.413;0.071;0.129
17948;0.22;0.151;0.251;0.198;0.408;0.476;0.427;0.803;0.093;0.029;0.349;0.413;0.068;0.129
17949;0.22;0.154;0.234;0.2;0.405;0.476;0.43;0.806;0.093;0.027;0.354;0.408;0.071;0.134
17950;0.217;0.151;0.225;0.2;0.405;0.476;0.427;0.806;0.093;0.027;0.364;0.41;0.068;0.127
17951;0.22;0.151;0.22;0.198;0.403;0.469;0.427;0.808;0.095;0.029;0.371;0.405;0.071;0.127
17952;0.222;0.151;0.22;0.2;0.403;0.471;0.422;0.808;0.095;0.027;0.378;0.408;0.073;0.129
17953;0.222;0.151;0.222;0.203;0.403;0.474;0.427;0.806;0.095;0.029;0.386;0.405;0.076;0.129
17954;0.222;0.151;0.22;0.2;0.405;0.469;0.425;0.806;0.093;0.032;0.391;0.403;0.076;0.129
17955;0.225;0.154;0.217;0.195;0.405;0.469;0.42;0.803;0.098;0.032;0.398;0.405;0.073;0.127
17956;0.222;0.151;0.225;0.2;0.403;0.469;0.417;0.806;0.095;0.029;0.398;0.403;0.078;0.127
17957;0.222;0.151;0.232;0.203;0.403;0.469;0.42;0.806;0.095;0.032;0.405;0.403;0.081;0.127
17958;0.22;0.151;0.229;0.2;0.403;0.474;0.422;0.806;0.098;0.027;0.408;0.403;0.078;0.122
17959;0.222;0.151;0.232;0.2;0.4;0.474;0.422;0.808;0.098;0.034;0.408;0.403;0.076;0.122
17960;0.22;0.149;0.232;0.198;0.403;0.474;0.43;0.811;0.095;0.029;0.408;0.405;0.081;0.125
17961;0.217;0.149;0.706;0.198;0.4;0.476;0.435;0.811;0.098;0.032;0.41;0.408;0.081;0.12
17962;0.22;0.149;0.635;0.195;0.403;0.479;0.444;0.808;0.098;0.029;0.41;0.408;0.083;0.125
17963;0.217;0.149;0.61;0.195;0.4;0.481;0.447;0.808;0.098;0.032;0.408;0.41;0.085;0.125
17964;0.217;0.146;0.713;0.195;0.403;0.483;0.447;0.813;0.1;0.032;0.408;0.41;0.085;0.12
17965;0.217;0.146;0.527;0.195;0.405;0.486;0.449;0.815;0.098;0.029;0.405;0.415;0.088;0.12
17966;0.22;0.149;0.481;0.198;0.408;0.488;0.444;0.808;0.1;0.034;0.41;0.417;0.088;0.122
17967;0.217;0.149;0.459;0.198;0.41;0.488;0.444;0.813;0.1;0.032;0.41;0.42;0.085;0.117
17968;0.22;0.149;0.452;0.198;0.413;0.488;0.439;0.813;0.1;0.039;0.413;0.422;0.09;0.122
17969;0.217;0.149;0.452;0.195;0.415;0.493;0.435;0.813;0.1;0.034;0.413;0.422;0.088;0.117
17970;0.22;0.149;0.449;0.195;0.415;0.493;0.427;0.811;0.103;0.037;0.417;0.43;0.093;0.117
17971;0.22;0.149;0.447;0.19;0.417;0.493;0.425;0.811;0.1;0.034;0.42;0.43;0.088;0.117
17972;0.22;0.151;0.457;0.188;0.417;0.493;0.417;0.811;0.105;0.039;0.427;0.439;0.09;0.115
17973;0.222;0.151;0.454;0.188;0.417;0.488;0.413;0.808;0.105;0.039;0.437;0.444;0.093;0.112
17974;0.217;0.151;0.457;0.188;0.417;0.488;0.413;0.803;0.105;0.039;0.444;0.454;0.098;0.115
17975;0.22;0.149;0.461;0.19;0.417;0.483;0.413;0.803;0.103;0.037;0.449;0.457;0.09;0.112
17976;0.217;0.151;0.466;0.188;0.415;0.483;0.415;0.806;0.105;0.037;0.461;0.466;0.095;0.11
17977;0.217;0.151;0.471;0.188;0.415;0.483;0.417;0.808;0.105;0.039;0.471;0.474;0.093;0.115
17978;0.22;0.151;0.469;0.19;0.413;0.479;0.42;0.808;0.103;0.037;0.483;0.481;0.095;0.11
17979;0.215;0.151;0.476;0.19;0.413;0.476;0.425;0.808;0.105;0.037;0.496;0.488;0.095;0.107
17980;0.217;0.154;0.479;0.19;0.41;0.479;0.425;0.808;0.105;0.034;0.51;0.498;0.103;0.105
17981;0.217;0.156;0.483;0.188;0.41;0.474;0.43;0.806;0.105;0.034;0.525;0.508;0.095;0.107
17982;0.217;0.154;0.444;0.188;0.408;0.474;0.43;0.801;0.107;0.034;0.54;0.518;0.1;0.107
17983;0.215;0.154;0.493;0.19;0.408;0.471;0.432;0.801;0.105;0.034;0.549;0.522;0.1;0.103
17984;0.215;0.159;0.505;0.188;0.41;0.476;0.43;0.803;0.105;0.034;0.566;0.535;0.103;0.1
17985;0.215;0.156;0.508;0.19;0.41;0.474;0.432;0.803;0.105;0.034;0.581;0.542;0.103;0.103
17986;0.212;0.154;0.518;0.188;0.41;0.476;0.43;0.808;0.11;0.037;0.593;0.549;0.105;0.1
17987;0.212;0.159;0.522;0.186;0.405;0.476;0.43;0.806;0.105;0.034;0.605;0.559;0.105;0.103
17988;0.217;0.156;0.525;0.188;0.405;0.476;0.432;0.806;0.107;0.034;0.62;0.566;0.103;0.098
17989;0.215;0.154;0.525;0.186;0.403;0.476;0.43;0.808;0.107;0.034;0.63;0.574;0.107;0.1
17990;0.217;0.156;0.52;0.188;0.4;0.474;0.432;0.808;0.11;0.034;0.645;0.583;0.11;0.098
17991;0.215;0.156;0.52;0.186;0.398;0.474;0.435;0.808;0.11;0.034;0.652;0.591;0.107;0.095
17992;0.217;0.156;0.549;0.183;0.391;0.476;0.437;0.803;0.105;0.032;0.657;0.598;0.11;0.098
17993;0.217;0.156;4.998;0.183;0.388;0.474;0.439;0.806;0.11;0.034;0.664;0.605;0.107;0.093
17994;0.217;0.156;4.998;0.181;0.386;0.474;0.442;0.808;0.107;0.032;0.674;0.613;0.115;0.095
17995;0.215;0.156;4.998;0.181;0.383;0.474;0.442;0.808;0.107;0.039;0.681;0.623;0.11;0.09
17996;0.217;0.159;4.998;0.186;0.383;0.471;0.442;0.808;0.107;0.032;0.684;0.63;0.117;0.093
17997;0.217;0.159;4.998;0.181;0.381;0.471;0.439;0.808;0.105;0.032;0.691;0.635;0.115;0.093
17998;0.217;0.156;4.998;0.183;0.381;0.469;0.439;0.811;0.107;0.037;0.698;0.647;0.115;0.088
17999;0.22;0.159;4.998;0.186;0.381;0.469;0.437;0.808;0.107;0.034;0.701;0.654;0.122;0.09
18000;0.22;0.159;4.998;0.186;0.383;0.469;0.435;0.806;0.107;0.034;0.701;0.664;0.112;0.085
18001;0.217;0.156;4.998;0.188;0.383;0.469;0.43;0.808;0.105;0.029;0.701;0.669;0.117;0.088
18002;0.22;0.159;4.998;0.188;0.386;0.471;0.43;0.808;0.107;0.032;0.708;0.679;0.115;0.083
18003;0.22;0.159;4.998;0.188;0.388;0.469;0.425;0.808;0.107;0.032;0.706;0.688;0.12;0.085
18004;0.217;0.156;4.998;0.188;0.391;0.471;0.427;0.806;0.105;0.032;0.708;0.696;0.115;0.083
18005;0.217;0.156;4.998;0.188;0.391;0.474;0.425;0.806;0.107;0.034;0.708;0.706;0.12;0.081
18006;0.217;0.156;4.998;0.19;0.391;0.476;0.427;0.806;0.105;0.032;0.706;0.715;0.117;0.083
18007;0.22;0.159;4.146;0.193;0.391;0.479;0.427;0.806;0.11;0.032;0.706;0.723;0.117;0.083
18008;0.215;0.159;2.087;0.198;0.388;0.476;0.432;0.806;0.105;0.032;0.701;0.735;0.12;0.083
18009;0.217;0.156;1.038;0.198;0.388;0.479;0.437;0.808;0.11;0.034;0.696;0.74;0.115;0.083
18010;0.215;0.159;0.557;0.198;0.388;0.479;0.437;0.813;0.105;0.032;0.691;0.75;0.117;0.081
18011;0.215;0.159;0.352;0.2;0.391;0.476;0.439;0.813;0.105;0.032;0.684;0.759;0.112;0.083
18012;0.217;0.159;0.256;0.2;0.388;0.474;0.439;0.808;0.105;0.034;0.676;0.764;0.115;0.081
18013;0.217;0.159;0.232;0.203;0.391;0.476;0.437;0.808;0.105;0.037;0.669;0.774;0.112;0.078
18014;0.215;0.161;0.215;0.2;0.391;0.474;0.435;0.811;0.107;0.037;0.664;0.786;0.115;0.078
18015;0.217;0.161;0.215;0.2;0.391;0.474;0.427;0.806;0.105;0.032;0.652;0.789;0.112;0.078
18016;0.217;0.159;0.198;0.2;0.391;0.471;0.427;0.808;0.105;0.034;0.642;0.798;0.112;0.078
18017;0.217;0.159;0.186;0.203;0.393;0.466;0.425;0.811;0.105;0.037;0.632;0.806;0.115;0.076
18018;0.212;0.156;0.19;0.198;0.393;0.466;0.425;0.811;0.105;0.037;0.62;0.811;0.107;0.078
18019;0.215;0.156;0.203;0.195;0.391;0.464;0.427;0.808;0.105;0.034;0.61;0.818;0.11;0.078
18020;0.215;0.151;0.269;0.198;0.393;0.466;0.427;0.803;0.105;0.032;0.596;0.823;0.11;0.076
18021;0.217;0.149;1.062;0.195;0.391;0.464;0.427;0.803;0.103;0.034;0.583;0.825;0.105;0.078
18022;0.215;0.149;4.38;0.195;0.391;0.461;0.43;0.803;0.103;0.037;0.571;0.833;0.107;0.076
18023;0.215;0.149;2.1;0.195;0.391;0.466;0.432;0.801;0.103;0.037;0.557;0.835;0.112;0.081
18024;0.215;0.149;1.052;0.19;0.393;0.464;0.435;0.803;0.103;0.034;0.542;0.837;0.103;0.076
18025;0.215;0.151;0.662;0.19;0.391;0.464;0.439;0.803;0.1;0.037;0.53;0.842;0.1;0.076
18026;0.212;0.149;0.474;0.188;0.391;0.466;0.439;0.806;0.103;0.037;0.518;0.845;0.103;0.078
18027;0.212;0.149;0.708;0.19;0.391;0.461;0.437;0.801;0.098;0.034;0.5;0.842;0.098;0.076
18028;0.212;0.149;0.591;0.188;0.391;0.464;0.437;0.801;0.1;0.034;0.491;0.85;0.1;0.073
18029;0.212;0.149;1.021;0.188;0.391;0.464;0.432;0.803;0.095;0.032;0.471;0.845;0.095;0.073
18030;0.21;0.151;4.998;0.188;0.391;0.457;0.43;0.806;0.105;0.044;0.466;0.854;0.098;0.076
18031;0.21;0.151;4.998;0.188;0.388;0.457;0.43;0.806;0.095;0.034;0.449;0.85;0.093;0.073
18032;0.212;0.151;4.998;0.188;0.391;0.457;0.43;0.803;0.098;0.039;0.435;0.85;0.093;0.076
18033;0.212;0.151;4.998;0.188;0.388;0.457;0.425;0.801;0.1;0.039;0.422;0.85;0.09;0.076
18034;0.212;0.151;4.998;0.188;0.391;0.457;0.427;0.806;0.098;0.039;0.408;0.847;0.093;0.076
18035;0.215;0.154;4.998;0.188;0.391;0.459;0.427;0.803;0.095;0.039;0.398;0.85;0.09;0.073
18036;0.217;0.151;4.998;0.19;0.388;0.457;0.43;0.806;0.098;0.039;0.388;0.847;0.093;0.078
18037;0.217;0.154;4.998;0.19;0.393;0.457;0.432;0.803;0.095;0.039;0.378;0.85;0.088;0.073
18038;0.22;0.154;4.998;0.188;0.391;0.459;0.439;0.803;0.095;0.039;0.369;0.845;0.088;0.073
18039;0.22;0.156;4.998;0.188;0.393;0.457;0.442;0.801;0.09;0.037;0.361;0.845;0.085;0.073
18040;0.22;0.156;4.998;0.188;0.396;0.457;0.444;0.798;0.095;0.042;0.356;0.842;0.085;0.073
18041;0.215;0.159;4.998;0.188;0.4;0.457;0.449;0.796;0.098;0.039;0.352;0.842;0.088;0.073
18042;0.215;0.156;4.998;0.186;0.403;0.454;0.449;0.796;0.095;0.037;0.344;0.837;0.085;0.073
18043;0.217;0.156;4.998;0.186;0.405;0.454;0.447;0.796;0.095;0.039;0.339;0.835;0.083;0.073
18044;0.215;0.156;4.998;0.186;0.405;0.454;0.447;0.793;0.095;0.044;0.337;0.835;0.085;0.073
18045;0.215;0.156;4.998;0.181;0.403;0.452;0.447;0.796;0.095;0.044;0.337;0.83;0.081;0.073
18046;0.212;0.156;4.998;0.178;0.4;0.454;0.444;0.798;0.093;0.042;0.332;0.825;0.085;0.073
18047;0.212;0.159;3.601;0.181;0.398;0.452;0.439;0.796;0.095;0.042;0.332;0.82;0.078;0.071
18048;0.212;0.156;2.363;0.178;0.393;0.449;0.442;0.793;0.093;0.039;0.332;0.813;0.081;0.073
18049;0.212;0.159;4.998;0.176;0.396;0.452;0.444;0.793;0.093;0.042;0.334;0.813;0.081;0.081
18050;0.212;0.159;4.998;0.178;0.393;0.447;0.439;0.796;0.095;0.039;0.337;0.806;0.076;0.073
18051;0.21;0.156;4.998;0.176;0.388;0.449;0.439;0.796;0.095;0.042;0.342;0.803;0.078;0.073
18052;0.215;0.159;4.998;0.176;0.388;0.449;0.437;0.796;0.098;0.044;0.349;0.796;0.078;0.078
18053;0.21;0.161;3.347;0.178;0.383;0.452;0.437;0.801;0.09;0.042;0.349;0.791;0.078;0.078
18054;0.21;0.159;1.66;0.178;0.383;0.454;0.435;0.801;0.095;0.039;0.354;0.779;0.076;0.076
18055;0.21;0.159;0.869;0.183;0.383;0.454;0.439;0.801;0.095;0.039;0.359;0.771;0.076;0.076
18056;0.21;0.161;0.508;0.181;0.383;0.457;0.444;0.803;0.093;0.044;0.364;0.764;0.076;0.078
18057;0.208;0.159;0.354;0.181;0.388;0.461;0.442;0.806;0.093;0.042;0.364;0.754;0.073;0.078
18058;0.21;0.159;0.308;0.183;0.386;0.461;0.444;0.806;0.093;0.039;0.369;0.742;0.073;0.078
18059;0.21;0.159;0.259;0.186;0.388;0.464;0.447;0.806;0.09;0.039;0.371;0.735;0.073;0.078
18060;0.21;0.159;0.203;0.188;0.391;0.464;0.447;0.803;0.093;0.039;0.378;0.725;0.073;0.081
18061;0.21;0.161;0.183;0.195;0.391;0.466;0.452;0.803;0.093;0.042;0.383;0.713;0.076;0.083
18062;0.21;0.161;0.181;0.195;0.391;0.464;0.457;0.803;0.09;0.039;0.383;0.706;0.071;0.078
18063;0.208;0.164;0.176;0.195;0.388;0.466;0.457;0.803;0.09;0.042;0.388;0.693;0.071;0.083
18064;0.208;0.161;0.176;0.203;0.388;0.466;0.457;0.803;0.088;0.042;0.391;0.684;0.071;0.081
18065;0.208;0.161;0.178;0.205;0.391;0.464;0.454;0.806;0.093;0.042;0.396;0.671;0.068;0.083
18066;0.205;0.164;0.173;0.205;0.386;0.461;0.452;0.803;0.093;0.037;0.398;0.657;0.071;0.081
18067;0.208;0.164;0.168;0.208;0.383;0.461;0.449;0.806;0.093;0.042;0.4;0.649;0.076;0.083
18068;0.208;0.166;0.164;0.203;0.381;0.459;0.447;0.806;0.095;0.039;0.403;0.637;0.068;0.083
18069;0.205;0.164;0.164;0.203;0.381;0.457;0.449;0.808;0.09;0.039;0.403;0.623;0.068;0.085
18070;0.208;0.168;0.164;0.208;0.378;0.454;0.447;0.803;0.093;0.037;0.4;0.613;0.071;0.088
18071;0.208;0.166;0.161;0.203;0.381;0.454;0.447;0.803;0.09;0.037;0.4;0.601;0.071;0.088
18072;0.208;0.164;0.159;0.203;0.381;0.454;0.442;0.798;0.093;0.037;0.4;0.591;0.068;0.085
18073;0.208;0.168;0.161;0.203;0.381;0.452;0.439;0.796;0.095;0.039;0.398;0.579;0.073;0.088
18074;0.208;0.166;0.161;0.203;0.378;0.454;0.444;0.801;0.09;0.034;0.388;0.564;0.071;0.085
18075;0.21;0.164;0.164;0.2;0.378;0.454;0.444;0.801;0.093;0.032;0.386;0.554;0.071;0.088
18076;0.208;0.166;0.161;0.198;0.376;0.457;0.447;0.801;0.093;0.037;0.378;0.544;0.071;0.088
18077;0.21;0.164;0.166;0.198;0.374;0.457;0.452;0.803;0.093;0.034;0.374;0.535;0.068;0.088
18078;0.21;0.166;0.168;0.198;0.369;0.457;0.457;0.801;0.095;0.034;0.371;0.522;0.073;0.093
18079;0.21;0.168;0.164;0.198;0.369;0.459;0.459;0.801;0.095;0.034;0.366;0.51;0.068;0.088
18080;0.208;0.166;0.166;0.198;0.366;0.457;0.464;0.801;0.095;0.034;0.356;0.5;0.073;0.09
18081;0.208;0.164;0.164;0.198;0.366;0.457;0.466;0.806;0.093;0.037;0.354;0.488;0.073;0.093
18082;0.205;0.166;0.164;0.195;0.364;0.457;0.464;0.803;0.09;0.034;0.349;0.479;0.073;0.093
18083;0.208;0.166;0.166;0.193;0.361;0.457;0.464;0.803;0.09;0.034;0.344;0.466;0.073;0.088
18084;0.205;0.166;0.161;0.195;0.359;0.461;0.464;0.803;0.093;0.034;0.337;0.457;0.078;0.095
18085;0.203;0.166;0.164;0.19;0.364;0.459;0.461;0.803;0.093;0.037;0.332;0.447;0.076;0.093
18086;0.203;0.166;0.159;0.19;0.364;0.461;0.459;0.803;0.09;0.032;0.322;0.435;0.076;0.09
18087;0.203;0.166;0.161;0.188;0.366;0.466;0.457;0.803;0.093;0.037;0.32;0.425;0.081;0.09
18088;0.198;0.166;0.161;0.188;0.369;0.466;0.454;0.803;0.09;0.034;0.315;0.417;0.076;0.093
18089;0.2;0.168;0.161;0.186;0.369;0.469;0.447;0.803;0.09;0.034;0.31;0.41;0.081;0.093
18090;0.2;0.166;0.164;0.183;0.369;0.471;0.447;0.803;0.09;0.034;0.303;0.4;0.078;0.09
18091;0.203;0.166;0.171;0.186;0.369;0.474;0.447;0.808;0.09;0.032;0.298;0.398;0.078;0.093
18092;0.203;0.166;0.171;0.181;0.366;0.474;0.444;0.808;0.09;0.037;0.288;0.393;0.078;0.095
18093;0.203;0.164;0.166;0.186;0.361;0.474;0.447;0.811;0.09;0.037;0.283;0.388;0.083;0.095
18094;0.205;0.166;0.166;0.188;0.359;0.474;0.452;0.811;0.09;0.029;0.276;0.383;0.076;0.093
18095;0.208;0.168;0.168;0.186;0.356;0.471;0.459;0.811;0.093;0.034;0.271;0.383;0.083;0.093
18096;0.208;0.166;0.166;0.188;0.352;0.471;0.464;0.811;0.093;0.037;0.264;0.386;0.078;0.095
18097;0.21;0.166;0.164;0.186;0.352;0.471;0.469;0.811;0.093;0.032;0.254;0.388;0.085;0.093
18098;0.21;0.168;0.164;0.19;0.347;0.471;0.471;0.811;0.093;0.034;0.247;0.388;0.081;0.093
18099;0.21;0.168;0.164;0.188;0.344;0.469;0.471;0.808;0.09;0.032;0.239;0.388;0.083;0.095
18100;0.212;0.168;0.166;0.19;0.344;0.466;0.476;0.808;0.095;0.034;0.237;0.398;0.083;0.095
18101;0.215;0.171;0.166;0.188;0.339;0.464;0.476;0.808;0.09;0.034;0.227;0.4;0.081;0.093
18102;0.215;0.168;0.166;0.188;0.339;0.464;0.476;0.811;0.088;0.032;0.222;0.41;0.085;0.093
18103;0.215;0.168;0.173;0.188;0.344;0.461;0.476;0.808;0.088;0.032;0.217;0.415;0.083;0.095
18104;0.215;0.168;0.173;0.19;0.342;0.461;0.476;0.811;0.09;0.037;0.212;0.427;0.085;0.095
18105;0.215;0.171;0.173;0.188;0.339;0.461;0.469;0.808;0.09;0.039;0.208;0.442;0.085;0.095
18106;0.212;0.173;0.173;0.186;0.342;0.459;0.466;0.813;0.088;0.034;0.198;0.449;0.085;0.095
18107;0.212;0.171;0.176;0.188;0.342;0.459;0.464;0.813;0.088;0.034;0.193;0.459;0.085;0.095
18108;0.21;0.171;0.176;0.188;0.337;0.461;0.459;0.813;0.088;0.034;0.186;0.471;0.088;0.095
18109;0.212;0.171;0.176;0.188;0.337;0.464;0.457;0.806;0.085;0.032;0.181;0.483;0.085;0.093
18110;0.21;0.171;0.173;0.188;0.337;0.464;0.452;0.808;0.085;0.034;0.176;0.496;0.085;0.095
18111;0.208;0.171;0.173;0.19;0.334;0.466;0.452;0.811;0.081;0.032;0.168;0.508;0.093;0.098
18112;0.208;0.173;0.171;0.19;0.337;0.466;0.449;0.808;0.083;0.034;0.166;0.525;0.088;0.098
18113;0.208;0.173;0.168;0.193;0.334;0.466;0.442;0.808;0.083;0.034;0.161;0.54;0.088;0.098
18114;0.205;0.173;0.166;0.193;0.332;0.466;0.447;0.806;0.085;0.034;0.156;0.554;0.093;0.098
18115;0.208;0.171;0.168;0.193;0.334;0.466;0.449;0.806;0.085;0.034;0.151;0.564;0.088;0.095
18116;0.205;0.173;0.166;0.195;0.33;0.464;0.449;0.806;0.085;0.034;0.151;0.579;0.09;0.095
18117;0.205;0.171;0.161;0.195;0.33;0.469;0.454;0.806;0.085;0.037;0.146;0.593;0.09;0.095
18118;0.203;0.171;0.161;0.198;0.332;0.464;0.454;0.808;0.081;0.034;0.139;0.603;0.088;0.098
18119;0.2;0.173;0.164;0.195;0.334;0.464;0.459;0.803;0.083;0.034;0.137;0.615;0.093;0.095
18120;0.205;0.171;0.161;0.198;0.334;0.466;0.464;0.806;0.088;0.034;0.134;0.625;0.093;0.098
18121;0.203;0.176;0.164;0.198;0.334;0.464;0.461;0.806;0.085;0.029;0.129;0.632;0.093;0.095
18122;0.203;0.173;0.164;0.198;0.337;0.466;0.461;0.806;0.085;0.029;0.127;0.642;0.093;0.095
18123;0.203;0.173;0.161;0.2;0.339;0.466;0.464;0.808;0.083;0.029;0.125;0.649;0.098;0.095
18124;0.203;0.176;0.168;0.198;0.339;0.464;0.461;0.806;0.083;0.034;0.122;0.657;0.098;0.1
18125;0.203;0.176;0.168;0.198;0.339;0.461;0.461;0.813;0.085;0.032;0.122;0.657;0.095;0.098
18126;0.205;0.173;0.176;0.2;0.342;0.466;0.464;0.811;0.085;0.032;0.117;0.662;0.093;0.098
18127;0.205;0.173;0.176;0.2;0.344;0.464;0.461;0.811;0.083;0.032;0.115;0.664;0.095;0.1
18128;0.205;0.171;0.186;0.198;0.344;0.464;0.459;0.811;0.083;0.029;0.112;0.664;0.093;0.1
18129;0.205;0.173;0.183;0.203;0.347;0.464;0.454;0.811;0.081;0.032;0.112;0.667;0.095;0.095
18130;0.205;0.171;0.188;0.203;0.347;0.464;0.454;0.811;0.083;0.029;0.112;0.667;0.095;0.098
18131;0.205;0.171;0.193;0.205;0.344;0.464;0.449;0.813;0.083;0.032;0.11;0.664;0.095;0.095
18132;0.203;0.171;0.195;0.21;0.344;0.464;0.444;0.813;0.083;0.029;0.11;0.662;0.095;0.098
18133;0.205;0.173;0.193;0.21;0.344;0.464;0.437;0.811;0.081;0.032;0.105;0.657;0.095;0.1
18134;0.205;0.173;0.183;0.212;0.342;0.464;0.437;0.813;0.081;0.032;0.105;0.649;0.095;0.095
18135;0.203;0.173;0.188;0.21;0.342;0.461;0.435;0.813;0.081;0.032;0.105;0.642;0.093;0.098
18136;0.203;0.173;0.193;0.212;0.339;0.464;0.432;0.815;0.078;0.032;0.103;0.635;0.095;0.098
18137;0.203;0.173;0.198;0.212;0.334;0.464;0.435;0.813;0.081;0.034;0.105;0.627;0.095;0.095
18138;0.2;0.176;0.193;0.21;0.334;0.461;0.432;0.811;0.078;0.034;0.105;0.618;0.09;0.093
18139;0.203;0.178;0.198;0.215;0.334;0.461;0.435;0.808;0.081;0.032;0.103;0.61;0.098;0.095
18140;0.198;0.178;0.195;0.212;0.334;0.459;0.439;0.813;0.081;0.032;0.103;0.601;0.09;0.093
18141;0.198;0.178;0.2;0.21;0.332;0.459;0.442;0.811;0.081;0.032;0.1;0.588;0.09;0.095
18142;0.2;0.181;0.19;0.21;0.332;0.461;0.442;0.811;0.088;0.029;0.103;0.579;0.098;0.098
18143;0.203;0.181;0.193;0.21;0.33;0.457;0.442;0.813;0.088;0.032;0.105;0.566;0.093;0.095
18144;0.203;0.178;0.195;0.21;0.33;0.461;0.444;0.813;0.09;0.034;0.103;0.554;0.098;0.095
18145;0.205;0.176;0.198;0.21;0.33;0.459;0.439;0.808;0.088;0.034;0.103;0.54;0.095;0.095
18146;0.208;0.176;0.2;0.208;0.33;0.459;0.439;0.811;0.088;0.034;0.103;0.522;0.095;0.095
18147;0.21;0.173;0.195;0.208;0.33;0.459;0.439;0.811;0.093;0.034;0.105;0.513;0.093;0.095
18148;0.21;0.173;0.19;0.208;0.33;0.457;0.437;0.811;0.085;0.037;0.1;0.491;0.093;0.093
18149;0.212;0.173;0.193;0.208;0.332;0.457;0.432;0.811;0.085;0.037;0.105;0.479;0.093;0.093
18150;0.21;0.171;0.19;0.203;0.332;0.459;0.43;0.811;0.081;0.034;0.103;0.459;0.09;0.093
18151;0.21;0.171;0.2;0.2;0.327;0.459;0.43;0.811;0.088;0.034;0.107;0.444;0.095;0.095
18152;0.208;0.173;0.195;0.198;0.327;0.459;0.43;0.811;0.09;0.037;0.107;0.43;0.093;0.095
18153;0.208;0.173;0.19;0.198;0.325;0.459;0.432;0.811;0.088;0.037;0.11;0.415;0.09;0.093
18154;0.205;0.173;0.193;0.195;0.322;0.457;0.439;0.813;0.088;0.037;0.107;0.4;0.093;0.095
18155;0.203;0.176;0.19;0.193;0.322;0.452;0.437;0.808;0.088;0.034;0.112;0.386;0.093;0.098
18156;0.2;0.176;0.19;0.193;0.32;0.452;0.435;0.808;0.085;0.037;0.11;0.371;0.093;0.095
18157;0.203;0.173;0.198;0.19;0.32;0.449;0.437;0.808;0.088;0.037;0.112;0.356;0.095;0.095
18158;0.203;0.173;0.188;0.186;0.32;0.449;0.439;0.808;0.088;0.037;0.112;0.342;0.09;0.095
18159;0.203;0.173;0.188;0.183;0.322;0.449;0.442;0.806;0.09;0.037;0.117;0.33;0.098;0.095
18160;0.203;0.171;0.193;0.183;0.322;0.452;0.442;0.808;0.085;0.034;0.115;0.315;0.093;0.095
18161;0.205;0.176;0.188;0.188;0.322;0.449;0.444;0.808;0.09;0.037;0.12;0.305;0.095;0.093
18162;0.205;0.176;0.195;0.186;0.322;0.449;0.444;0.806;0.083;0.034;0.12;0.293;0.093;0.098
18163;0.205;0.176;0.195;0.181;0.322;0.449;0.444;0.803;0.083;0.034;0.122;0.283;0.093;0.098
18164;0.205;0.178;0.198;0.173;0.322;0.449;0.444;0.806;0.081;0.034;0.127;0.273;0.09;0.093
18165;0.205;0.181;0.2;0.168;0.327;0.449;0.444;0.803;0.081;0.037;0.129;0.266;0.098;0.093
18166;0.205;0.181;0.193;0.168;0.327;0.452;0.447;0.803;0.081;0.032;0.127;0.254;0.093;0.095
18167;0.205;0.186;0.186;0.168;0.327;0.452;0.444;0.803;0.078;0.037;0.127;0.249;0.095;0.095
18168;0.205;0.188;0.2;0.173;0.325;0.452;0.442;0.806;0.076;0.034;0.127;0.239;0.09;0.093
18169;0.205;0.19;0.198;0.168;0.325;0.454;0.439;0.806;0.076;0.034;0.127;0.229;0.095;0.093
18170;0.205;0.19;0.215;0.176;0.33;0.454;0.437;0.806;0.076;0.032;0.125;0.222;0.09;0.093
18171;0.205;0.195;0.234;0.178;0.33;0.457;0.435;0.808;0.073;0.034;0.125;0.212;0.093;0.095
18172;0.205;0.198;0.242;0.181;0.332;0.457;0.437;0.808;0.073;0.032;0.127;0.208;0.088;0.093
18173;0.205;0.198;0.271;0.19;0.332;0.452;0.437;0.806;0.071;0.032;0.122;0.2;0.09;0.093
18174;0.205;0.195;0.249;0.198;0.332;0.457;0.439;0.806;0.068;0.032;0.122;0.195;0.09;0.093
18175;0.205;0.195;0.227;0.198;0.332;0.454;0.435;0.808;0.066;0.034;0.125;0.193;0.095;0.095
18176;0.205;0.193;0.283;0.198;0.334;0.457;0.437;0.806;0.068;0.032;0.122;0.186;0.088;0.095
18177;0.205;0.19;0.308;0.2;0.334;0.459;0.437;0.806;0.063;0.029;0.12;0.178;0.088;0.095
18178;0.203;0.193;0.339;0.198;0.332;0.461;0.437;0.808;0.063;0.029;0.12;0.173;0.083;0.098
18179;0.2;0.19;0.312;0.2;0.337;0.464;0.437;0.806;0.063;0.032;0.12;0.171;0.093;0.098
18180;0.203;0.193;0.327;0.2;0.332;0.464;0.435;0.808;0.061;0.032;0.117;0.164;0.088;0.095
18181;0.198;0.19;0.396;0.2;0.337;0.466;0.432;0.808;0.061;0.029;0.117;0.161;0.085;0.093
18182;0.195;0.186;0.405;0.198;0.337;0.469;0.432;0.803;0.061;0.032;0.117;0.156;0.088;0.095
18183;0.195;0.183;0.388;0.19;0.334;0.469;0.432;0.803;0.059;0.029;0.117;0.151;0.085;0.098
18184;0.193;0.181;0.393;0.195;0.334;0.471;0.432;0.803;0.056;0.024;0.117;0.146;0.088;0.095
18185;0.19;0.178;0.457;0.2;0.334;0.469;0.435;0.808;0.061;0.027;0.112;0.146;0.085;0.095
18186;0.19;0.173;0.366;0.2;0.337;0.471;0.437;0.811;0.056;0.024;0.115;0.142;0.083;0.095
18187;0.188;0.171;0.269;0.205;0.337;0.471;0.439;0.808;0.051;0.027;0.115;0.142;0.083;0.095
18188;0.19;0.166;0.22;0.21;0.337;0.471;0.439;0.808;0.054;0.024;0.115;0.137;0.083;0.098
18189;0.193;0.164;0.22;0.212;0.339;0.469;0.439;0.806;0.056;0.027;0.112;0.134;0.083;0.093
18190;0.19;0.164;0.198;0.21;0.337;0.471;0.444;0.806;0.056;0.027;0.112;0.134;0.085;0.095
18191;0.19;0.161;0.193;0.212;0.337;0.471;0.447;0.803;0.056;0.024;0.115;0.132;0.083;0.095
18192;0.19;0.161;0.188;0.215;0.334;0.469;0.447;0.806;0.059;0.027;0.112;0.127;0.085;0.098
18193;0.188;0.161;0.183;0.217;0.332;0.469;0.449;0.808;0.061;0.027;0.115;0.129;0.083;0.093
18194;0.188;0.161;0.183;0.217;0.33;0.471;0.449;0.808;0.061;0.024;0.115;0.122;0.083;0.095
18195;0.188;0.164;0.178;0.222;0.325;0.471;0.444;0.808;0.061;0.027;0.112;0.12;0.083;0.09
18196;0.188;0.166;0.183;0.217;0.327;0.471;0.439;0.811;0.085;0.034;0.12;0.127;0.083;0.095
18197;0.188;0.168;0.188;0.217;0.325;0.476;0.435;0.811;0.093;0.024;0.115;0.12;0.083;0.093
18198;0.19;0.173;0.195;0.217;0.327;0.474;0.435;0.808;0.122;0.029;0.117;0.122;0.083;0.095
18199;0.188;0.173;0.198;0.215;0.327;0.476;0.435;0.808;0.129;0.027;0.117;0.12;0.083;0.093
18200;0.193;0.176;0.198;0.215;0.327;0.474;0.435;0.811;0.127;0.024;0.12;0.117;0.078;0.093
18201;0.19;0.181;0.203;0.212;0.33;0.476;0.432;0.806;0.12;0.029;0.12;0.117;0.085;0.09
18202;0.188;0.178;0.195;0.203;0.33;0.474;0.43;0.808;0.115;0.027;0.12;0.117;0.081;0.09
18203;0.19;0.181;0.212;0.195;0.33;0.471;0.43;0.811;0.117;0.027;0.12;0.115;0.078;0.088
18204;0.193;0.183;0.212;0.195;0.327;0.469;0.427;0.808;0.112;0.024;0.125;0.115;0.081;0.088
18205;0.193;0.188;0.217;0.195;0.325;0.469;0.425;0.806;0.11;0.027;0.122;0.115;0.081;0.085
18206;0.193;0.19;0.22;0.19;0.325;0.466;0.427;0.806;0.117;0.027;0.127;0.115;0.083;0.088
18207;0.19;0.193;0.229;0.186;0.322;0.466;0.427;0.806;0.122;0.024;0.129;0.112;0.081;0.088
18208;0.19;0.193;0.229;0.183;0.32;0.466;0.432;0.803;0.125;0.027;0.129;0.112;0.083;0.088
18209;0.19;0.19;0.234;0.178;0.315;0.464;0.432;0.803;0.12;0.024;0.129;0.112;0.083;0.085
18210;0.19;0.19;0.259;0.183;0.315;0.464;0.435;0.806;0.12;0.029;0.134;0.11;0.083;0.085
18211;0.19;0.19;0.283;0.183;0.317;0.466;0.437;0.801;0.117;0.024;0.134;0.107;0.081;0.083
18212;0.193;0.19;0.295;0.188;0.315;0.469;0.439;0.801;0.12;0.029;0.137;0.11;0.083;0.081
18213;0.19;0.188;0.269;0.183;0.32;0.466;0.442;0.798;0.12;0.027;0.134;0.107;0.085;0.083
18214;0.188;0.186;0.295;0.183;0.325;0.469;0.444;0.803;0.144;0.027;0.139;0.107;0.085;0.081
18215;0.188;0.186;0.281;0.181;0.322;0.466;0.449;0.801;0.149;0.029;0.139;0.107;0.085;0.083
18216;0.188;0.183;0.281;0.181;0.33;0.469;0.449;0.801;0.154;0.024;0.142;0.107;0.085;0.081
18217;0.188;0.183;0.254;0.178;0.33;0.469;0.449;0.801;0.156;0.027;0.146;0.107;0.085;0.081
18218;0.186;0.178;0.244;0.181;0.33;0.471;0.447;0.803;0.159;0.029;0.146;0.105;0.09;0.078
18219;0.188;0.178;0.259;0.181;0.332;0.466;0.447;0.801;0.161;0.029;0.146;0.105;0.09;0.081
18220;0.186;0.173;0.254;0.176;0.33;0.469;0.442;0.798;0.159;0.029;0.151;0.105;0.088;0.078
18221;0.186;0.173;0.227;0.171;0.327;0.471;0.439;0.796;0.159;0.027;0.154;0.105;0.085;0.076
18222;0.188;0.173;0.237;0.171;0.327;0.474;0.439;0.798;0.159;0.029;0.154;0.103;0.09;0.078
18223;0.186;0.173;0.242;0.173;0.327;0.474;0.437;0.801;0.166;0.037;0.159;0.107;0.09;0.076
18224;0.186;0.168;0.249;0.183;0.322;0.474;0.437;0.798;0.161;0.029;0.156;0.107;0.09;0.076
18225;0.186;0.166;0.276;0.254;0.322;0.476;0.437;0.796;0.159;0.029;0.161;0.107;0.095;0.073
18226;0.188;0.164;0.261;0.298;0.325;0.474;0.437;0.798;0.161;0.029;0.161;0.105;0.093;0.076
18227;0.186;0.164;0.269;0.356;0.325;0.474;0.437;0.796;0.159;0.029;0.166;0.103;0.098;0.073
18228;0.188;0.161;0.261;0.398;0.325;0.471;0.43;0.796;0.164;0.032;0.166;0.107;0.095;0.071
18229;0.186;0.161;0.288;0.422;0.33;0.474;0.432;0.796;0.159;0.029;0.166;0.103;0.103;0.078
18230;0.188;0.161;0.266;0.439;0.334;0.471;0.427;0.796;0.156;0.032;0.168;0.105;0.098;0.071
18231;0.19;0.161;0.264;0.435;0.332;0.471;0.425;0.798;0.161;0.032;0.168;0.103;0.098;0.073
18232;0.186;0.159;0.249;0.437;0.337;0.469;0.422;0.798;0.156;0.034;0.168;0.1;0.1;0.068
18233;0.188;0.161;0.276;0.437;0.339;0.469;0.425;0.801;0.156;0.034;0.173;0.103;0.095;0.071
18234;0.188;0.161;0.264;0.43;0.339;0.469;0.425;0.798;0.154;0.034;0.171;0.1;0.1;0.068
18235;0.188;0.166;0.269;0.439;0.337;0.469;0.425;0.796;0.154;0.037;0.176;0.1;0.1;0.071
18236;0.19;0.168;0.288;0.447;0.337;0.466;0.425;0.793;0.154;0.034;0.181;0.103;0.1;0.068
18237;0.19;0.171;0.291;0.435;0.337;0.466;0.427;0.796;0.151;0.034;0.178;0.103;0.1;0.068
18238;0.193;0.176;0.254;0.442;0.339;0.466;0.432;0.796;0.154;0.039;0.181;0.098;0.103;0.066
18239;0.193;0.178;0.276;0.439;0.342;0.466;0.43;0.796;0.151;0.037;0.186;0.1;0.103;0.068
18240;0.193;0.181;0.234;0.43;0.347;0.466;0.435;0.793;0.151;0.042;0.186;0.103;0.105;0.068
18241;0.193;0.183;0.239;0.413;0.349;0.464;0.432;0.796;0.149;0.037;0.188;0.1;0.105;0.068
18242;0.19;0.186;0.203;0.405;0.352;0.464;0.437;0.801;0.151;0.042;0.19;0.103;0.105;0.068
18243;0.19;0.186;0.203;0.398;0.354;0.461;0.435;0.803;0.149;0.044;0.19;0.1;0.107;0.066
18244;0.19;0.186;0.198;0.393;0.354;0.459;0.432;0.801;0.149;0.044;0.195;0.098;0.105;0.063
18245;0.188;0.186;0.205;0.381;0.354;0.457;0.432;0.801;0.151;0.049;0.195;0.103;0.107;0.063
18246;0.188;0.19;0.2;0.381;0.354;0.457;0.43;0.801;0.149;0.046;0.198;0.1;0.107;0.063
18247;0.186;0.19;0.215;0.376;0.352;0.457;0.432;0.801;0.146;0.049;0.2;0.1;0.107;0.066
18248;0.186;0.19;0.222;0.381;0.349;0.459;0.43;0.798;0.146;0.049;0.205;0.1;0.103;0.063
18249;0.186;0.19;0.217;0.374;0.347;0.454;0.432;0.798;0.146;0.054;0.208;0.103;0.107;0.063
18250;0.186;0.193;0.19;0.371;0.347;0.454;0.43;0.801;0.146;0.054;0.21;0.103;0.105;0.063
18251;0.183;0.193;0.193;0.376;0.347;0.454;0.43;0.801;0.144;0.054;0.212;0.103;0.105;0.061
18252;0.183;0.193;0.2;0.378;0.347;0.454;0.427;0.801;0.146;0.056;0.217;0.103;0.105;0.061
18253;0.183;0.195;0.215;0.388;0.349;0.457;0.422;0.803;0.146;0.061;0.222;0.105;0.107;0.061
18254;0.186;0.193;0.2;0.393;0.352;0.454;0.425;0.803;0.144;0.059;0.227;0.105;0.107;0.066
18255;0.183;0.193;0.195;0.398;0.354;0.457;0.417;0.803;0.144;0.061;0.232;0.105;0.107;0.056
18256;0.186;0.186;0.19;0.398;0.354;0.457;0.42;0.801;0.146;0.063;0.242;0.105;0.105;0.061
18257;0.186;0.188;0.186;0.4;0.356;0.452;0.42;0.803;0.149;0.063;0.247;0.107;0.1;0.059
18258;0.183;0.186;0.193;0.408;0.359;0.457;0.42;0.803;0.146;0.063;0.256;0.107;0.103;0.061
18259;0.183;0.183;0.193;0.405;0.359;0.454;0.42;0.796;0.149;0.061;0.261;0.107;0.103;0.061
18260;0.181;0.178;0.203;0.408;0.361;0.457;0.417;0.796;0.144;0.059;0.269;0.107;0.103;0.061
18261;0.186;0.176;0.205;0.408;0.359;0.454;0.415;0.798;0.146;0.059;0.278;0.11;0.103;0.061
18262;0.186;0.173;0.198;0.4;0.361;0.454;0.415;0.796;0.146;0.056;0.288;0.11;0.1;0.061
18263;0.186;0.173;0.2;0.383;0.364;0.459;0.417;0.793;0.144;0.054;0.298;0.115;0.1;0.059
18264;0.188;0.168;0.195;0.371;0.361;0.459;0.413;0.796;0.149;0.054;0.308;0.11;0.1;0.059
18265;0.19;0.171;0.195;0.371;0.359;0.459;0.413;0.798;0.149;0.059;0.32;0.12;0.095;0.061
18266;0.19;0.168;0.186;0.364;0.359;0.459;0.417;0.793;0.146;0.054;0.33;0.117;0.095;0.061
18267;0.19;0.168;0.188;0.361;0.361;0.461;0.415;0.793;0.144;0.054;0.339;0.115;0.093;0.059
18268;0.19;0.168;0.188;0.374;0.361;0.457;0.42;0.793;0.146;0.054;0.352;0.117;0.1;0.063
18269;0.193;0.168;0.186;0.371;0.366;0.459;0.42;0.791;0.149;0.054;0.364;0.117;0.093;0.056
18270;0.193;0.166;0.19;0.366;0.369;0.459;0.42;0.789;0.149;0.054;0.376;0.122;0.09;0.059
18271;0.193;0.168;0.193;0.374;0.369;0.459;0.42;0.791;0.146;0.054;0.386;0.12;0.095;0.059
18272;0.195;0.168;0.19;0.374;0.374;0.457;0.42;0.791;0.146;0.054;0.398;0.122;0.088;0.059
18273;0.193;0.166;0.188;0.376;0.374;0.457;0.42;0.793;0.146;0.051;0.408;0.125;0.088;0.061
18274;0.195;0.166;0.193;0.371;0.371;0.457;0.417;0.791;0.149;0.051;0.422;0.125;0.085;0.059
18275;0.193;0.166;0.19;0.374;0.371;0.457;0.415;0.796;0.146;0.051;0.435;0.125;0.085;0.059
18276;0.19;0.166;0.198;0.366;0.369;0.457;0.41;0.796;0.146;0.049;0.447;0.122;0.078;0.054
18277;0.19;0.166;0.193;0.361;0.371;0.457;0.408;0.798;0.149;0.054;0.461;0.125;0.081;0.056
18278;0.19;0.168;0.203;0.369;0.369;0.457;0.4;0.793;0.149;0.049;0.474;0.125;0.081;0.059
18279;0.188;0.171;0.227;0.371;0.371;0.459;0.4;0.793;0.144;0.049;0.483;0.122;0.081;0.059
18280;0.19;0.171;0.217;0.374;0.366;0.457;0.398;0.793;0.149;0.049;0.498;0.125;0.078;0.061
18281;0.19;0.173;0.208;0.371;0.371;0.459;0.4;0.791;0.151;0.051;0.508;0.127;0.083;0.061
18282;0.193;0.173;0.244;0.376;0.366;0.459;0.403;0.793;0.151;0.051;0.52;0.127;0.078;0.059
18283;0.193;0.171;0.269;0.376;0.369;0.459;0.405;0.791;0.151;0.049;0.53;0.127;0.076;0.059
18284;0.193;0.173;0.352;0.371;0.369;0.457;0.41;0.791;0.151;0.051;0.537;0.125;0.076;0.061
18285;0.193;0.173;0.496;0.378;0.366;0.457;0.413;0.793;0.151;0.051;0.547;0.125;0.073;0.059
18286;0.195;0.173;0.498;0.383;0.371;0.459;0.415;0.796;0.154;0.049;0.554;0.122;0.073;0.059
18287;0.195;0.173;0.549;0.381;0.369;0.461;0.42;0.793;0.151;0.051;0.562;0.125;0.068;0.059
18288;0.195;0.171;0.474;0.378;0.366;0.461;0.417;0.793;0.151;0.054;0.569;0.125;0.073;0.063
18289;0.195;0.171;0.425;0.383;0.369;0.461;0.417;0.791;0.156;0.054;0.574;0.127;0.068;0.061
18290;0.195;0.171;0.454;0.381;0.369;0.464;0.415;0.791;0.154;0.051;0.579;0.127;0.066;0.059
18291;0.193;0.168;0.371;0.381;0.369;0.464;0.413;0.793;0.156;0.054;0.583;0.129;0.068;0.063
18292;0.193;0.168;0.378;0.388;0.369;0.466;0.413;0.793;0.154;0.054;0.591;0.129;0.068;0.061
18293;0.195;0.168;0.312;0.383;0.369;0.469;0.41;0.793;0.156;0.059;0.596;0.132;0.061;0.061
18294;0.195;0.168;0.317;0.386;0.371;0.466;0.413;0.791;0.156;0.056;0.603;0.134;0.063;0.061
18295;0.195;0.166;0.254;0.391;0.371;0.466;0.415;0.789;0.156;0.059;0.613;0.137;0.063;0.066
18296;0.193;0.166;0.249;0.388;0.371;0.464;0.417;0.791;0.156;0.061;0.623;0.139;0.063;0.061
18297;0.193;0.161;0.229;0.393;0.371;0.464;0.417;0.796;0.161;0.063;0.632;0.146;0.059;0.061
18298;0.195;0.161;0.215;0.391;0.371;0.469;0.417;0.796;0.156;0.061;0.645;0.151;0.061;0.066
18299;0.193;0.161;0.21;0.391;0.369;0.466;0.417;0.796;0.156;0.059;0.657;0.156;0.056;0.063
18300;0.195;0.161;0.198;0.396;0.374;0.466;0.417;0.796;0.159;0.061;0.679;0.166;0.061;0.061
18301;0.198;0.156;0.2;0.386;0.374;0.466;0.42;0.798;0.156;0.061;0.696;0.173;0.059;0.059
18302;0.198;0.159;0.203;0.383;0.376;0.464;0.422;0.796;0.156;0.059;0.715;0.181;0.056;0.061
18303;0.2;0.159;0.2;0.388;0.378;0.466;0.42;0.796;0.156;0.063;0.737;0.193;0.054;0.061
18304;0.2;0.156;0.19;0.381;0.383;0.466;0.417;0.796;0.154;0.059;0.762;0.2;0.054;0.066
18305;0.2;0.156;0.195;0.378;0.383;0.466;0.413;0.796;0.154;0.063;0.784;0.208;0.054;0.063
18306;0.2;0.154;0.19;0.376;0.383;0.466;0.41;0.796;0.154;0.061;0.815;0.217;0.049;0.061
18307;0.198;0.156;0.2;0.378;0.388;0.464;0.41;0.796;0.154;0.063;0.842;0.229;0.051;0.063
18308;0.195;0.156;0.203;0.378;0.386;0.466;0.413;0.793;0.154;0.061;0.876;0.237;0.051;0.063
18309;0.198;0.156;0.208;0.374;0.388;0.464;0.41;0.796;0.154;0.061;0.906;0.247;0.049;0.066
18310;0.2;0.159;0.208;0.381;0.391;0.461;0.413;0.796;0.151;0.061;0.94;0.259;0.046;0.061
18311;0.195;0.159;0.208;0.378;0.391;0.464;0.41;0.796;0.154;0.063;0.974;0.269;0.051;0.063
18312;0.193;0.159;0.203;0.378;0.391;0.461;0.408;0.789;0.151;0.063;1.008;0.278;0.051;0.066
18313;0.19;0.159;0.208;0.386;0.388;0.461;0.41;0.791;0.154;0.061;1.045;0.288;0.049;0.068
18314;0.19;0.159;0.212;0.383;0.391;0.461;0.408;0.791;0.154;0.061;1.079;0.298;0.049;0.068
18315;0.19;0.159;0.212;0.386;0.388;0.459;0.408;0.789;0.151;0.059;1.116;0.308;0.049;0.063
18316;0.19;0.159;0.22;0.388;0.391;0.464;0.408;0.789;0.149;0.061;1.145;0.32;0.049;0.063
18317;0.19;0.161;0.22;0.393;0.393;0.464;0.408;0.789;0.149;0.059;1.177;0.325;0.042;0.066
18318;0.19;0.161;0.247;0.393;0.391;0.459;0.405;0.791;0.151;0.061;1.213;0.337;0.046;0.066
18319;0.193;0.164;0.261;0.396;0.396;0.461;0.408;0.793;0.149;0.061;1.243;0.344;0.049;0.068
18320;0.19;0.164;0.254;0.4;0.396;0.464;0.408;0.791;0.149;0.059;1.272;0.356;0.046;0.063
18321;0.19;0.166;0.261;0.398;0.398;0.461;0.41;0.789;0.149;0.059;1.299;0.364;0.044;0.066
18322;0.19;0.164;0.261;0.393;0.4;0.466;0.41;0.791;0.149;0.059;1.331;0.376;0.044;0.068
18323;0.19;0.168;0.269;0.398;0.4;0.464;0.41;0.791;0.149;0.066;1.357;0.386;0.049;0.071
18324;0.193;0.166;0.288;0.393;0.403;0.464;0.413;0.793;0.149;0.059;1.377;0.391;0.046;0.071
18325;0.193;0.168;0.33;0.391;0.405;0.464;0.417;0.793;0.149;0.061;1.399;0.4;0.049;0.068
18326;0.193;0.166;0.33;0.386;0.408;0.466;0.415;0.793;0.149;0.061;1.421;0.41;0.042;0.068
18327;0.193;0.166;0.298;0.386;0.408;0.461;0.417;0.798;0.146;0.059;1.44;0.417;0.049;0.068
18328;0.193;0.166;0.308;0.378;0.408;0.459;0.42;0.796;0.146;0.061;1.458;0.425;0.042;0.068
18329;0.193;0.166;0.298;0.378;0.408;0.459;0.42;0.793;0.146;0.059;1.472;0.435;0.044;0.071
18330;0.19;0.166;0.349;0.376;0.408;0.459;0.42;0.791;0.146;0.061;1.487;0.444;0.042;0.071
18331;0.19;0.164;0.337;0.374;0.408;0.459;0.42;0.791;0.144;0.061;1.497;0.449;0.044;0.071
18332;0.193;0.164;0.352;0.369;0.408;0.459;0.42;0.791;0.146;0.061;1.506;0.459;0.046;0.071
18333;0.195;0.161;0.383;0.371;0.408;0.457;0.42;0.793;0.146;0.061;1.519;0.464;0.046;0.071
18334;0.195;0.161;0.518;0.366;0.41;0.459;0.417;0.791;0.144;0.061;1.523;0.469;0.044;0.071
18335;0.195;0.159;0.667;0.364;0.408;0.454;0.417;0.789;0.142;0.061;1.531;0.474;0.044;0.071
18336;0.198;0.156;0.43;0.364;0.405;0.452;0.415;0.789;0.144;0.061;1.536;0.479;0.044;0.071
18337;0.198;0.159;0.352;0.369;0.405;0.454;0.415;0.791;0.142;0.063;1.543;0.486;0.049;0.073
18338;0.198;0.156;0.278;0.369;0.405;0.449;0.413;0.789;0.144;0.059;1.545;0.488;0.042;0.071
18339;0.2;0.156;0.254;0.371;0.405;0.449;0.413;0.793;0.139;0.059;1.55;0.491;0.042;0.068
18340;0.2;0.154;0.229;0.378;0.405;0.447;0.408;0.791;0.144;0.061;1.553;0.496;0.046;0.073
18341;0.203;0.154;0.208;0.376;0.403;0.447;0.405;0.791;0.142;0.059;1.555;0.498;0.044;0.068
18342;0.203;0.154;0.217;0.376;0.403;0.447;0.405;0.789;0.144;0.061;1.56;0.498;0.044;0.073
18343;0.2;0.156;0.251;0.376;0.4;0.447;0.405;0.791;0.142;0.059;1.555;0.498;0.039;0.076
18344;0.2;0.156;0.393;0.378;0.4;0.447;0.403;0.789;0.139;0.061;1.555;0.5;0.042;0.071
18345;0.203;0.156;0.544;0.378;0.398;0.449;0.405;0.791;0.144;0.059;1.553;0.5;0.042;0.071
18346;0.203;0.156;0.686;0.383;0.396;0.452;0.405;0.791;0.139;0.054;1.548;0.493;0.044;0.071
18347;0.2;0.154;0.583;0.383;0.398;0.449;0.41;0.789;0.142;0.059;1.548;0.498;0.044;0.073
18348;0.203;0.154;0.789;0.383;0.396;0.449;0.413;0.789;0.142;0.059;1.543;0.496;0.046;0.076
18349;0.203;0.156;0.754;0.386;0.391;0.454;0.417;0.786;0.139;0.056;1.538;0.493;0.044;0.071
18350;0.2;0.156;0.53;0.386;0.396;0.449;0.417;0.786;0.142;0.059;1.533;0.491;0.044;0.073
18351;0.195;0.156;0.701;0.386;0.393;0.447;0.417;0.791;0.142;0.056;1.526;0.488;0.042;0.073
18352;0.195;0.156;0.684;0.386;0.393;0.447;0.417;0.786;0.144;0.056;1.521;0.488;0.044;0.073
18353;0.193;0.156;0.571;0.381;0.393;0.444;0.42;0.786;0.144;0.056;1.516;0.486;0.044;0.071
18354;0.195;0.156;0.439;0.381;0.393;0.442;0.417;0.786;0.144;0.056;1.509;0.481;0.042;0.073
18355;0.19;0.154;0.486;0.378;0.388;0.444;0.41;0.786;0.146;0.056;1.506;0.483;0.042;0.073
18356;0.19;0.156;0.425;0.378;0.386;0.439;0.405;0.784;0.146;0.059;1.504;0.481;0.042;0.076
18357;0.19;0.154;0.43;0.381;0.391;0.439;0.403;0.786;0.146;0.054;1.499;0.479;0.046;0.073
18358;0.188;0.154;0.532;0.381;0.391;0.439;0.398;0.784;0.149;0.056;1.499;0.479;0.042;0.073
18359;0.19;0.154;0.425;0.381;0.388;0.439;0.396;0.784;0.151;0.056;1.504;0.481;0.044;0.071
18360;0.193;0.154;0.491;0.381;0.388;0.442;0.391;0.784;0.151;0.059;1.504;0.481;0.044;0.073
18361;0.193;0.154;0.466;0.381;0.388;0.442;0.396;0.784;0.149;0.056;1.501;0.481;0.044;0.073
18362;0.195;0.151;0.547;0.383;0.388;0.444;0.393;0.781;0.151;0.049;1.504;0.476;0.042;0.073
18363;0.198;0.151;0.496;0.388;0.388;0.449;0.393;0.784;0.154;0.059;1.511;0.479;0.044;0.073
18364;0.198;0.149;0.5;0.393;0.386;0.447;0.391;0.784;0.156;0.056;1.516;0.479;0.042;0.076
18365;0.2;0.149;0.571;0.396;0.383;0.444;0.393;0.779;0.156;0.054;1.521;0.479;0.044;0.068
18366;0.203;0.146;0.625;0.398;0.386;0.444;0.396;0.781;0.159;0.059;1.531;0.476;0.042;0.073
18367;0.203;0.144;0.52;0.398;0.383;0.447;0.4;0.786;0.156;0.059;1.538;0.479;0.046;0.071
18368;0.203;0.139;0.459;0.398;0.383;0.442;0.4;0.781;0.159;0.056;1.545;0.476;0.042;0.071
18369;0.208;0.144;0.371;0.4;0.381;0.442;0.408;0.784;0.161;0.061;1.553;0.481;0.044;0.073
18370;0.205;0.142;0.51;0.393;0.381;0.439;0.413;0.784;0.164;0.059;1.562;0.476;0.044;0.078
18371;0.205;0.139;0.564;0.391;0.378;0.439;0.413;0.779;0.164;0.061;1.57;0.474;0.042;0.073
18372;0.205;0.142;0.747;0.391;0.383;0.442;0.413;0.776;0.166;0.059;1.575;0.471;0.042;0.071
18373;0.205;0.144;0.598;0.388;0.381;0.439;0.413;0.776;0.168;0.061;1.582;0.471;0.044;0.073
18374;0.208;0.139;0.566;0.388;0.378;0.442;0.41;0.779;0.166;0.056;1.587;0.466;0.042;0.073
18375;0.205;0.142;0.471;0.383;0.376;0.444;0.408;0.779;0.171;0.061;1.592;0.464;0.042;0.073
18376;0.198;0.142;0.537;0.386;0.376;0.444;0.408;0.781;0.168;0.063;1.597;0.459;0.039;0.076
18377;0.2;0.142;0.461;0.388;0.376;0.444;0.405;0.781;0.171;0.063;1.599;0.454;0.037;0.073
18378;0.198;0.142;0.464;0.386;0.374;0.444;0.4;0.781;0.171;0.061;1.602;0.449;0.042;0.073
18379;0.2;0.149;0.366;0.383;0.374;0.444;0.398;0.781;0.176;0.066;1.602;0.442;0.042;0.076
18380;0.203;0.146;0.439;0.383;0.376;0.444;0.4;0.781;0.171;0.063;1.602;0.439;0.042;0.071
18381;0.2;0.144;0.405;0.381;0.371;0.447;0.398;0.779;0.173;0.066;1.604;0.432;0.039;0.071
18382;0.198;0.142;0.432;0.378;0.374;0.449;0.4;0.776;0.176;0.063;1.604;0.425;0.042;0.073
18383;0.198;0.146;0.437;0.374;0.376;0.449;0.403;0.776;0.173;0.063;1.599;0.42;0.042;0.076
18384;0.2;0.144;0.398;0.374;0.374;0.454;0.4;0.776;0.178;0.063;1.602;0.413;0.039;0.076
18385;0.2;0.149;0.344;0.369;0.376;0.449;0.4;0.776;0.176;0.068;1.602;0.41;0.044;0.081
18386;0.203;0.146;0.459;0.369;0.376;0.452;0.403;0.776;0.176;0.063;1.594;0.4;0.042;0.078
18387;0.205;0.146;0.476;0.366;0.374;0.452;0.403;0.779;0.178;0.066;1.594;0.396;0.044;0.078
18388;0.205;0.146;0.586;0.369;0.371;0.452;0.403;0.776;0.176;0.066;1.592;0.388;0.044;0.078
18389;0.205;0.144;0.552;0.366;0.371;0.452;0.4;0.774;0.176;0.068;1.582;0.381;0.042;0.076
18390;0.208;0.144;0.62;0.366;0.371;0.454;0.4;0.776;0.178;0.068;1.582;0.376;0.039;0.078
18391;0.21;0.144;0.576;0.364;0.371;0.457;0.398;0.774;0.178;0.068;1.577;0.371;0.042;0.078
18392;0.208;0.144;0.52;0.366;0.366;0.457;0.393;0.776;0.176;0.066;1.57;0.364;0.044;0.078
18393;0.21;0.142;0.581;0.364;0.366;0.457;0.391;0.774;0.181;0.068;1.57;0.361;0.044;0.081
18394;0.21;0.144;0.588;0.366;0.366;0.457;0.393;0.776;0.176;0.063;1.565;0.354;0.042;0.081
18395;0.212;0.142;0.518;0.371;0.369;0.459;0.393;0.779;0.178;0.066;1.562;0.354;0.042;0.076
18396;0.212;0.142;0.496;0.369;0.371;0.457;0.391;0.781;0.178;0.066;1.558;0.347;0.044;0.081
18397;0.212;0.139;0.637;0.371;0.369;0.454;0.393;0.779;0.176;0.063;1.553;0.342;0.046;0.081
18398;0.215;0.142;0.413;0.371;0.371;0.452;0.4;0.776;0.176;0.066;1.55;0.339;0.042;0.081
18399;0.215;0.142;0.454;0.369;0.374;0.454;0.403;0.776;0.178;0.068;1.553;0.339;0.042;0.083
18400;0.215;0.142;0.461;0.369;0.374;0.454;0.405;0.776;0.173;0.063;1.545;0.332;0.044;0.081
18401;0.215;0.142;0.435;0.366;0.374;0.452;0.408;0.779;0.176;0.066;1.543;0.327;0.042;0.081
18402;0.215;0.142;0.471;0.374;0.371;0.454;0.41;0.779;0.173;0.066;1.545;0.327;0.044;0.081
18403;0.217;0.142;0.464;0.371;0.374;0.452;0.41;0.776;0.176;0.068;1.543;0.33;0.046;0.083
18404;0.215;0.142;0.359;0.374;0.374;0.454;0.41;0.776;0.171;0.063;1.541;0.322;0.046;0.081
18405;0.215;0.142;0.315;0.371;0.371;0.452;0.408;0.776;0.168;0.066;1.541;0.322;0.044;0.083
18406;0.22;0.142;0.354;0.371;0.366;0.449;0.403;0.774;0.171;0.066;1.541;0.317;0.046;0.085
18407;0.212;0.142;0.444;0.376;0.364;0.452;0.403;0.776;0.166;0.068;1.543;0.32;0.046;0.083
18408;0.212;0.142;0.4;0.376;0.361;0.449;0.398;0.774;0.166;0.066;1.543;0.315;0.046;0.083
18409;0.21;0.142;0.383;0.376;0.359;0.449;0.398;0.774;0.168;0.066;1.548;0.315;0.049;0.085
18410;0.212;0.142;0.359;0.378;0.359;0.447;0.398;0.776;0.168;0.066;1.55;0.312;0.046;0.085
18411;0.208;0.142;0.354;0.376;0.361;0.452;0.398;0.774;0.166;0.063;1.553;0.308;0.049;0.081
18412;0.21;0.144;0.356;0.378;0.361;0.452;0.4;0.774;0.166;0.063;1.555;0.308;0.046;0.085
18413;0.21;0.142;0.422;0.371;0.359;0.454;0.403;0.776;0.166;0.063;1.562;0.308;0.051;0.083
18414;0.21;0.144;0.42;0.374;0.361;0.454;0.408;0.774;0.166;0.066;1.57;0.308;0.049;0.085
18415;0.21;0.144;0.444;0.374;0.359;0.452;0.405;0.774;0.164;0.063;1.575;0.305;0.049;0.085
18416;0.21;0.144;0.452;0.371;0.366;0.452;0.4;0.771;0.164;0.066;1.577;0.305;0.054;0.085
18417;0.21;0.142;0.503;0.369;0.364;0.449;0.4;0.774;0.164;0.063;1.577;0.298;0.049;0.085
18418;0.21;0.139;0.447;0.366;0.364;0.447;0.396;0.771;0.164;0.063;1.582;0.298;0.051;0.085
18419;0.21;0.139;0.41;0.366;0.366;0.449;0.393;0.769;0.161;0.063;1.584;0.295;0.051;0.083
18420;0.21;0.139;0.469;0.366;0.366;0.447;0.391;0.771;0.161;0.063;1.582;0.288;0.051;0.085
18421;0.208;0.137;0.581;0.366;0.364;0.447;0.391;0.774;0.161;0.061;1.582;0.288;0.051;0.085
18422;0.21;0.137;0.417;0.369;0.361;0.447;0.391;0.774;0.161;0.059;1.584;0.283;0.056;0.09
18423;0.21;0.137;0.415;0.364;0.364;0.442;0.388;0.776;0.161;0.059;1.584;0.283;0.054;0.088
18424;0.21;0.134;0.5;0.366;0.369;0.442;0.391;0.776;0.156;0.059;1.58;0.281;0.051;0.088
18425;0.21;0.134;0.491;0.366;0.366;0.442;0.391;0.776;0.159;0.059;1.577;0.278;0.056;0.085
18426;0.21;0.132;0.466;0.366;0.366;0.439;0.393;0.774;0.159;0.059;1.572;0.278;0.056;0.088
18427;0.212;0.134;0.63;0.366;0.369;0.439;0.396;0.771;0.156;0.059;1.57;0.276;0.056;0.088
18428;0.212;0.134;0.251;0.369;0.369;0.439;0.396;0.774;0.159;0.063;1.562;0.271;0.061;0.088
18429;0.21;0.132;0.251;0.371;0.369;0.439;0.396;0.774;0.159;0.059;1.555;0.269;0.061;0.085
18430;0.208;0.132;0.352;0.369;0.364;0.439;0.396;0.781;0.161;0.059;1.545;0.271;0.059;0.088
18431;0.208;0.132;0.32;0.371;0.361;0.442;0.4;0.781;0.161;0.061;1.538;0.269;0.059;0.085
18432;0.208;0.132;0.308;0.376;0.364;0.442;0.398;0.779;0.161;0.061;1.531;0.269;0.056;0.083
18433;0.208;0.132;0.332;0.378;0.361;0.442;0.398;0.784;0.159;0.063;1.521;0.266;0.061;0.083
18434;0.205;0.132;0.403;0.378;0.364;0.442;0.398;0.784;0.156;0.066;1.511;0.266;0.063;0.081
18435;0.205;0.129;0.31;0.378;0.364;0.442;0.398;0.779;0.156;0.061;1.499;0.261;0.063;0.085
18436;0.205;0.132;0.303;0.376;0.364;0.439;0.4;0.779;0.161;0.073;1.489;0.264;0.063;0.085
18437;0.205;0.132;0.3;0.376;0.366;0.439;0.403;0.779;0.159;0.073;1.479;0.261;0.066;0.083
18438;0.203;0.127;0.334;0.374;0.369;0.439;0.403;0.781;0.159;0.076;1.465;0.264;0.068;0.085
18439;0.205;0.127;0.366;0.371;0.374;0.442;0.403;0.784;0.161;0.083;1.45;0.264;0.066;0.081
18440;0.205;0.127;0.327;0.371;0.374;0.439;0.403;0.784;0.156;0.083;1.438;0.261;0.068;0.083
18441;0.208;0.129;0.31;0.369;0.376;0.439;0.405;0.781;0.161;0.088;1.423;0.261;0.071;0.083
18442;0.21;0.129;0.332;0.364;0.376;0.439;0.408;0.781;0.159;0.09;1.411;0.261;0.076;0.083
18443;0.208;0.129;0.286;0.364;0.374;0.439;0.41;0.781;0.159;0.093;1.394;0.259;0.073;0.083
18444;0.208;0.129;0.303;0.361;0.371;0.442;0.41;0.784;0.159;0.095;1.379;0.261;0.071;0.083
18445;0.205;0.132;0.327;0.361;0.374;0.439;0.41;0.781;0.156;0.098;1.362;0.261;0.073;0.076
18446;0.203;0.129;0.339;0.361;0.369;0.442;0.415;0.781;0.161;0.1;1.348;0.261;0.073;0.081
18447;0.203;0.132;0.273;0.364;0.371;0.439;0.415;0.784;0.164;0.105;1.331;0.261;0.076;0.081
18448;0.203;0.132;0.347;0.359;0.371;0.442;0.413;0.779;0.159;0.103;1.311;0.261;0.076;0.081
18449;0.198;0.129;0.383;0.359;0.374;0.439;0.41;0.779;0.159;0.103;1.289;0.259;0.081;0.078
18450;0.2;0.129;0.479;0.359;0.371;0.442;0.408;0.779;0.161;0.107;1.274;0.259;0.078;0.078
18451;0.198;0.132;0.374;0.356;0.371;0.442;0.403;0.779;0.159;0.11;1.26;0.259;0.081;0.081
18452;0.198;0.132;0.349;0.361;0.374;0.442;0.398;0.779;0.156;0.112;1.238;0.259;0.081;0.078
18453;0.198;0.134;0.378;0.359;0.376;0.439;0.398;0.779;0.156;0.117;1.223;0.261;0.078;0.076
18454;0.198;0.129;0.413;0.356;0.371;0.439;0.396;0.779;0.159;0.122;1.211;0.261;0.085;0.081
18455;0.198;0.132;0.391;0.359;0.371;0.439;0.396;0.779;0.156;0.122;1.189;0.261;0.078;0.076
18456;0.198;0.129;0.295;0.356;0.371;0.439;0.398;0.779;0.156;0.127;1.177;0.261;0.083;0.078
18457;0.198;0.132;0.591;0.356;0.369;0.437;0.4;0.776;0.159;0.129;1.165;0.261;0.083;0.073
18458;0.195;0.132;0.52;0.359;0.369;0.439;0.405;0.779;0.156;0.127;1.152;0.261;0.085;0.073
18459;0.195;0.132;0.474;0.356;0.364;0.437;0.405;0.779;0.156;0.129;1.143;0.261;0.085;0.073
18460;0.198;0.132;0.415;0.359;0.366;0.439;0.41;0.776;0.151;0.125;1.135;0.261;0.083;0.073
18461;0.193;0.132;0.505;0.359;0.366;0.439;0.413;0.774;0.156;0.125;1.13;0.261;0.088;0.073
18462;0.193;0.129;0.452;0.359;0.361;0.437;0.417;0.774;0.154;0.125;1.128;0.264;0.085;0.071
18463;0.195;0.132;0.527;0.359;0.354;0.437;0.415;0.771;0.154;0.125;1.125;0.266;0.085;0.076
18464;0.195;0.134;0.737;0.356;0.352;0.439;0.42;0.774;0.149;0.12;1.125;0.264;0.088;0.071
18465;0.195;0.134;0.74;0.352;0.347;0.437;0.417;0.774;0.154;0.117;1.13;0.266;0.085;0.068
18466;0.198;0.137;0.808;0.349;0.347;0.439;0.415;0.771;0.156;0.12;1.138;0.271;0.088;0.066
18467;0.195;0.137;0.825;0.352;0.344;0.439;0.413;0.771;0.156;0.115;1.14;0.269;0.088;0.068
18468;0.195;0.132;0.938;0.347;0.339;0.437;0.413;0.771;0.154;0.11;1.145;0.271;0.085;0.063
18469;0.193;0.137;0.874;0.347;0.337;0.437;0.415;0.771;0.151;0.112;1.15;0.273;0.093;0.068
18470;0.195;0.134;0.869;0.347;0.334;0.437;0.415;0.771;0.149;0.11;1.155;0.273;0.09;0.063
18471;0.193;0.132;0.864;0.347;0.332;0.437;0.417;0.771;0.149;0.103;1.157;0.273;0.085;0.066
18472;0.193;0.134;3.152;0.349;0.334;0.435;0.42;0.771;0.144;0.103;1.162;0.271;0.09;0.066
18473;0.19;0.134;4.998;0.349;0.337;0.432;0.425;0.771;0.146;0.103;1.167;0.276;0.088;0.063
18474;0.19;0.132;3.018;0.352;0.337;0.435;0.425;0.771;0.146;0.098;1.169;0.276;0.09;0.066
18475;0.188;0.129;1.379;0.354;0.334;0.435;0.425;0.771;0.144;0.1;1.172;0.273;0.088;0.061
18476;0.188;0.129;0.764;0.356;0.334;0.432;0.425;0.769;0.144;0.098;1.174;0.276;0.093;0.063
18477;0.188;0.129;0.618;0.354;0.332;0.43;0.427;0.769;0.139;0.098;1.174;0.276;0.09;0.059
18478;0.186;0.129;0.469;0.354;0.332;0.43;0.427;0.769;0.142;0.098;1.177;0.278;0.095;0.066
18479;0.19;0.132;0.393;0.352;0.33;0.427;0.422;0.771;0.139;0.093;1.174;0.276;0.088;0.059
18480;0.186;0.132;0.461;0.349;0.327;0.427;0.425;0.774;0.142;0.093;1.177;0.278;0.093;0.061
18481;0.188;0.134;0.339;0.349;0.325;0.427;0.425;0.771;0.139;0.095;1.182;0.276;0.09;0.059
18482;0.188;0.134;0.469;0.347;0.32;0.422;0.422;0.774;0.139;0.093;1.182;0.278;0.09;0.061
18483;0.19;0.137;0.464;0.344;0.322;0.422;0.422;0.771;0.139;0.093;1.184;0.278;0.093;0.061
18484;0.186;0.134;1.56;0.342;0.317;0.422;0.422;0.771;0.132;0.09;1.187;0.278;0.09;0.056
18485;0.188;0.134;4.998;0.339;0.32;0.425;0.425;0.771;0.137;0.09;1.191;0.281;0.09;0.056
18486;0.19;0.137;4.998;0.344;0.317;0.425;0.422;0.774;0.134;0.088;1.196;0.283;0.093;0.059
18487;0.188;0.137;4.998;0.339;0.317;0.422;0.42;0.769;0.137;0.088;1.199;0.281;0.095;0.059
18488;0.188;0.134;4.998;0.339;0.317;0.425;0.42;0.771;0.134;0.088;1.206;0.281;0.095;0.059
18489;0.188;0.137;4.998;0.339;0.315;0.425;0.415;0.769;0.134;0.085;1.216;0.283;0.093;0.056
18490;0.19;0.137;4.998;0.337;0.312;0.425;0.415;0.771;0.132;0.085;1.221;0.283;0.09;0.056
18491;0.19;0.134;4.998;0.342;0.31;0.427;0.415;0.774;0.132;0.085;1.23;0.288;0.09;0.056
18492;0.19;0.137;4.998;0.344;0.308;0.427;0.415;0.774;0.132;0.085;1.238;0.286;0.095;0.056
18493;0.19;0.139;4.998;0.342;0.305;0.427;0.413;0.771;0.134;0.085;1.248;0.288;0.098;0.056
18494;0.19;0.137;4.998;0.342;0.308;0.427;0.415;0.767;0.134;0.083;1.257;0.291;0.093;0.054
18495;0.193;0.137;4.998;0.342;0.31;0.43;0.41;0.767;0.134;0.088;1.27;0.293;0.095;0.054
18496;0.195;0.137;4.998;0.342;0.31;0.427;0.413;0.769;0.134;0.085;1.279;0.291;0.093;0.056
18497;0.193;0.139;4.998;0.342;0.312;0.425;0.417;0.771;0.129;0.083;1.284;0.291;0.098;0.054
18498;0.198;0.139;4.998;0.347;0.312;0.425;0.417;0.769;0.134;0.083;1.299;0.293;0.098;0.054
18499;0.198;0.137;4.998;0.349;0.315;0.427;0.422;0.767;0.134;0.083;1.306;0.295;0.093;0.054
18500;0.195;0.139;4.998;0.347;0.315;0.43;0.422;0.767;0.134;0.088;1.316;0.3;0.098;0.054
18501;0.195;0.137;4.998;0.349;0.315;0.427;0.42;0.767;0.137;0.088;1.323;0.3;0.098;0.054
18502;0.195;0.137;4.998;0.347;0.312;0.427;0.422;0.767;0.134;0.088;1.328;0.3;0.095;0.054
18503;0.195;0.137;4.998;0.344;0.315;0.427;0.422;0.764;0.134;0.09;1.335;0.303;0.095;0.051
18504;0.195;0.137;4.998;0.344;0.312;0.427;0.42;0.764;0.134;0.088;1.343;0.303;0.098;0.051
18505;0.195;0.137;4.998;0.344;0.315;0.427;0.42;0.764;0.137;0.098;1.343;0.305;0.098;0.051
18506;0.19;0.137;4.998;0.344;0.317;0.425;0.417;0.764;0.137;0.093;1.348;0.303;0.095;0.056
18507;0.193;0.137;4.998;0.342;0.315;0.425;0.415;0.762;0.137;0.098;1.343;0.308;0.095;0.051
18508;0.19;0.139;4.998;0.344;0.317;0.425;0.413;0.767;0.137;0.098;1.345;0.305;0.095;0.051
18509;0.19;0.137;4.998;0.342;0.315;0.425;0.413;0.767;0.142;0.103;1.34;0.308;0.1;0.051
18510;0.193;0.139;4.998;0.342;0.317;0.425;0.41;0.767;0.139;0.105;1.333;0.312;0.098;0.051
18511;0.19;0.137;4.998;0.344;0.315;0.425;0.41;0.764;0.142;0.105;1.328;0.312;0.098;0.054
18512;0.193;0.137;4.998;0.339;0.312;0.422;0.41;0.764;0.142;0.107;1.318;0.312;0.098;0.051
18513;0.193;0.137;4.998;0.342;0.317;0.425;0.41;0.764;0.142;0.107;1.309;0.315;0.103;0.054
18514;0.193;0.137;4.998;0.342;0.312;0.425;0.415;0.764;0.144;0.11;1.294;0.317;0.1;0.051
18515;0.193;0.137;4.998;0.342;0.308;0.427;0.417;0.764;0.144;0.107;1.279;0.32;0.098;0.051
18516;0.195;0.134;4.197;0.344;0.305;0.427;0.42;0.762;0.144;0.107;1.265;0.322;0.1;0.051
18517;0.195;0.134;2.461;0.347;0.303;0.427;0.422;0.764;0.146;0.105;1.245;0.322;0.1;0.051
18518;0.195;0.134;1.738;0.349;0.303;0.43;0.422;0.767;0.144;0.103;1.228;0.325;0.098;0.051
18519;0.195;0.134;1.147;0.349;0.3;0.427;0.422;0.767;0.144;0.105;1.208;0.325;0.1;0.051
18520;0.193;0.134;0.83;0.347;0.3;0.43;0.42;0.764;0.144;0.103;1.194;0.33;0.093;0.046
18521;0.195;0.137;1.475;0.344;0.3;0.432;0.42;0.764;0.146;0.105;1.174;0.332;0.098;0.051
18522;0.198;0.134;4.998;0.339;0.298;0.43;0.422;0.767;0.142;0.103;1.155;0.332;0.1;0.049
18523;0.198;0.134;4.998;0.342;0.3;0.43;0.422;0.764;0.146;0.105;1.143;0.337;0.1;0.049
18524;0.195;0.134;4.998;0.337;0.3;0.43;0.42;0.767;0.146;0.1;1.128;0.342;0.105;0.051
18525;0.195;0.134;4.998;0.334;0.305;0.43;0.417;0.767;0.146;0.103;1.113;0.342;0.103;0.054
18526;0.198;0.137;2.927;0.332;0.308;0.427;0.417;0.762;0.144;0.1;1.099;0.342;0.1;0.051
18527;0.2;0.137;1.763;0.332;0.31;0.427;0.415;0.759;0.146;0.103;1.084;0.347;0.1;0.049
18528;0.198;0.137;3.171;0.334;0.31;0.425;0.415;0.759;0.144;0.1;1.074;0.349;0.105;0.051
18529;0.2;0.139;4.89;0.332;0.308;0.425;0.413;0.762;0.146;0.103;1.064;0.349;0.103;0.049
18530;0.198;0.137;4.998;0.334;0.308;0.425;0.417;0.759;0.146;0.098;1.052;0.354;0.103;0.054
18531;0.2;0.137;2.561;0.334;0.308;0.427;0.417;0.759;0.146;0.1;1.042;0.354;0.103;0.051
18532;0.198;0.139;4.998;0.334;0.308;0.425;0.422;0.759;0.149;0.1;1.033;0.359;0.105;0.054
18533;0.195;0.137;2.8;0.334;0.308;0.427;0.422;0.762;0.146;0.098;1.018;0.361;0.1;0.051
18534;0.195;0.134;4.998;0.334;0.3;0.43;0.425;0.762;0.146;0.098;1.008;0.359;0.1;0.046
18535;0.195;0.134;4.998;0.334;0.308;0.435;0.43;0.764;0.146;0.098;0.996;0.361;0.103;0.054
18536;0.198;0.134;4.998;0.332;0.305;0.437;0.43;0.767;0.146;0.098;0.981;0.361;0.105;0.049
18537;0.195;0.134;4.998;0.327;0.31;0.439;0.432;0.764;0.149;0.098;0.972;0.366;0.1;0.054
18538;0.195;0.134;4.998;0.327;0.31;0.439;0.427;0.764;0.146;0.095;0.957;0.364;0.105;0.054
18539;0.198;0.134;4.998;0.327;0.312;0.442;0.427;0.762;0.142;0.093;0.945;0.366;0.103;0.051
18540;0.195;0.134;4.998;0.327;0.317;0.442;0.427;0.762;0.146;0.093;0.935;0.369;0.1;0.051
18541;0.198;0.134;4.998;0.327;0.317;0.442;0.425;0.762;0.144;0.088;0.92;0.366;0.103;0.054
18542;0.195;0.132;4.998;0.327;0.322;0.442;0.422;0.762;0.146;0.093;0.906;0.366;0.103;0.054
18543;0.195;0.134;4.998;0.327;0.325;0.439;0.42;0.762;0.142;0.085;0.894;0.364;0.098;0.051
18544;0.195;0.132;4.998;0.33;0.325;0.442;0.42;0.762;0.146;0.088;0.881;0.366;0.103;0.056
18545;0.193;0.134;4.998;0.327;0.322;0.442;0.417;0.764;0.144;0.083;0.864;0.361;0.1;0.054
18546;0.195;0.134;4.998;0.327;0.32;0.439;0.417;0.762;0.146;0.083;0.852;0.359;0.098;0.054
18547;0.19;0.132;4.998;0.327;0.322;0.439;0.417;0.762;0.144;0.083;0.837;0.359;0.1;0.054
18548;0.195;0.132;4.998;0.327;0.317;0.439;0.417;0.764;0.144;0.081;0.823;0.356;0.1;0.051
18549;0.19;0.132;4.998;0.325;0.317;0.439;0.415;0.762;0.144;0.078;0.808;0.354;0.098;0.054
18550;0.193;0.134;4.998;0.325;0.315;0.439;0.42;0.762;0.144;0.078;0.796;0.349;0.1;0.056
18551;0.19;0.134;4.998;0.322;0.31;0.439;0.417;0.764;0.146;0.076;0.781;0.349;0.1;0.054
18552;0.193;0.137;4.998;0.325;0.312;0.437;0.42;0.764;0.146;0.078;0.767;0.344;0.1;0.056
18553;0.188;0.134;4.998;0.325;0.308;0.437;0.422;0.764;0.146;0.078;0.754;0.347;0.098;0.059
18554;0.19;0.137;4.998;0.327;0.31;0.437;0.425;0.764;0.146;0.073;0.74;0.339;0.098;0.056
18555;0.19;0.139;2.698;0.325;0.31;0.435;0.425;0.762;0.149;0.076;0.728;0.337;0.095;0.054
18556;0.188;0.139;1.375;0.327;0.308;0.432;0.427;0.764;0.146;0.071;0.713;0.33;0.098;0.059
18557;0.19;0.137;1.172;0.325;0.31;0.432;0.427;0.764;0.149;0.076;0.701;0.332;0.093;0.056
18558;0.193;0.142;0.552;0.32;0.312;0.427;0.43;0.764;0.151;0.073;0.688;0.327;0.1;0.056
18559;0.19;0.142;0.657;0.32;0.31;0.43;0.43;0.764;0.149;0.071;0.674;0.322;0.098;0.059
18560;0.195;0.142;0.557;0.317;0.308;0.427;0.43;0.764;0.149;0.071;0.662;0.315;0.093;0.054
18561;0.195;0.144;0.671;0.315;0.308;0.427;0.427;0.764;0.156;0.076;0.654;0.315;0.098;0.056
18562;0.198;0.142;0.898;0.312;0.308;0.425;0.43;0.764;0.154;0.071;0.642;0.308;0.1;0.056
18563;0.198;0.142;1.038;0.31;0.308;0.427;0.425;0.762;0.156;0.066;0.63;0.305;0.093;0.056
18564;0.198;0.144;1.052;0.31;0.308;0.43;0.425;0.764;0.164;0.068;0.62;0.3;0.095;0.056
18565;0.2;0.142;0.85;0.31;0.305;0.432;0.422;0.762;0.168;0.068;0.608;0.295;0.09;0.056
18566;0.198;0.144;0.967;0.312;0.308;0.435;0.422;0.762;0.168;0.068;0.601;0.293;0.095;0.059
18567;0.198;0.146;1.13;0.317;0.31;0.435;0.425;0.764;0.166;0.068;0.591;0.286;0.093;0.059
18568;0.198;0.144;1.262;0.317;0.31;0.435;0.427;0.764;0.171;0.063;0.579;0.283;0.095;0.056
18569;0.198;0.144;1.028;0.32;0.308;0.432;0.427;0.767;0.168;0.066;0.569;0.281;0.095;0.056
18570;0.198;0.144;0.82;0.325;0.312;0.435;0.427;0.764;0.173;0.066;0.562;0.278;0.095;0.059
18571;0.195;0.144;0.84;0.327;0.312;0.435;0.43;0.764;0.178;0.068;0.552;0.273;0.093;0.059
18572;0.195;0.144;1.018;0.33;0.31;0.432;0.43;0.764;0.186;0.068;0.542;0.273;0.098;0.061
18573;0.195;0.142;1.179;0.332;0.305;0.432;0.427;0.769;0.188;0.071;0.532;0.273;0.098;0.061
18574;0.195;0.142;4.998;0.33;0.305;0.43;0.425;0.767;0.195;0.068;0.525;0.269;0.095;0.059
18575;0.193;0.139;4.998;0.327;0.305;0.432;0.422;0.767;0.2;0.063;0.513;0.261;0.093;0.061
18576;0.195;0.137;4.998;0.325;0.303;0.43;0.422;0.767;0.205;0.068;0.505;0.264;0.098;0.061
18577;0.195;0.142;4.998;0.325;0.305;0.43;0.422;0.764;0.205;0.068;0.498;0.264;0.098;0.063
18578;0.193;0.139;4.998;0.325;0.303;0.43;0.42;0.764;0.21;0.068;0.491;0.259;0.1;0.061
18579;0.19;0.137;4.998;0.325;0.303;0.43;0.415;0.764;0.21;0.066;0.479;0.256;0.098;0.061
18580;0.193;0.139;4.998;0.327;0.3;0.43;0.413;0.764;0.21;0.063;0.471;0.254;0.103;0.063
18581;0.193;0.137;4.998;0.327;0.3;0.43;0.417;0.767;0.212;0.066;0.461;0.251;0.1;0.063
18582;0.193;0.134;4.998;0.327;0.303;0.427;0.417;0.767;0.215;0.066;0.454;0.249;0.103;0.061
18583;0.19;0.137;4.863;0.33;0.303;0.427;0.417;0.767;0.217;0.063;0.444;0.251;0.103;0.061
18584;0.193;0.134;2.354;0.33;0.3;0.425;0.422;0.769;0.217;0.063;0.437;0.249;0.095;0.059
18585;0.193;0.134;1.204;0.33;0.3;0.425;0.425;0.767;0.22;0.063;0.427;0.247;0.103;0.061
18586;0.19;0.132;0.764;0.332;0.308;0.422;0.427;0.764;0.217;0.063;0.413;0.244;0.103;0.059
18587;0.19;0.132;0.527;0.332;0.308;0.42;0.43;0.764;0.22;0.059;0.408;0.244;0.105;0.061
18588;0.193;0.132;0.471;0.332;0.305;0.42;0.43;0.764;0.22;0.059;0.393;0.239;0.103;0.063
18589;0.19;0.132;0.442;0.332;0.308;0.422;0.432;0.769;0.217;0.056;0.388;0.239;0.105;0.061
18590;0.193;0.134;0.41;0.337;0.312;0.417;0.435;0.769;0.222;0.056;0.378;0.239;0.105;0.061
18591;0.19;0.134;0.396;0.337;0.315;0.422;0.432;0.771;0.217;0.056;0.366;0.239;0.105;0.061
18592;0.188;0.134;0.393;0.334;0.315;0.42;0.43;0.771;0.22;0.051;0.359;0.234;0.105;0.061
18593;0.19;0.137;0.33;0.334;0.32;0.425;0.425;0.774;0.222;0.056;0.354;0.234;0.103;0.061
18594;0.19;0.139;0.339;0.337;0.325;0.425;0.42;0.771;0.22;0.054;0.342;0.234;0.107;0.059
18595;0.188;0.139;0.332;0.337;0.325;0.422;0.415;0.774;0.222;0.054;0.334;0.234;0.105;0.061
18596;0.188;0.137;0.349;0.337;0.325;0.42;0.413;0.771;0.217;0.049;0.322;0.232;0.11;0.059
18597;0.188;0.139;0.322;0.334;0.325;0.422;0.408;0.774;0.217;0.054;0.32;0.234;0.107;0.061
18598;0.186;0.142;0.337;0.334;0.325;0.422;0.408;0.774;0.22;0.049;0.305;0.229;0.11;0.061
18599;0.188;0.139;0.322;0.334;0.322;0.425;0.405;0.771;0.222;0.054;0.3;0.232;0.107;0.063
18600;0.186;0.139;0.322;0.33;0.32;0.425;0.408;0.774;0.22;0.054;0.295;0.232;0.11;0.061
18601;0.188;0.142;0.31;0.33;0.32;0.425;0.41;0.774;0.22;0.054;0.286;0.229;0.107;0.059
18602;0.19;0.142;0.315;0.327;0.317;0.425;0.413;0.774;0.222;0.059;0.281;0.229;0.107;0.061
18603;0.19;0.139;0.315;0.33;0.317;0.427;0.415;0.776;0.217;0.056;0.269;0.227;0.107;0.059
18604;0.19;0.139;0.312;0.325;0.312;0.427;0.415;0.771;0.222;0.059;0.261;0.229;0.11;0.061
18605;0.19;0.137;0.317;0.33;0.312;0.43;0.417;0.771;0.22;0.059;0.256;0.232;0.11;0.059
18606;0.19;0.137;0.312;0.327;0.31;0.43;0.417;0.771;0.222;0.063;0.254;0.234;0.11;0.063
18607;0.19;0.134;0.305;0.33;0.308;0.432;0.417;0.774;0.217;0.063;0.242;0.232;0.11;0.061
18608;0.19;0.132;0.31;0.332;0.31;0.432;0.417;0.771;0.217;0.061;0.237;0.232;0.11;0.059
18609;0.186;0.129;0.31;0.332;0.31;0.432;0.417;0.769;0.222;0.059;0.232;0.234;0.112;0.059
18610;0.186;0.129;0.305;0.334;0.308;0.435;0.417;0.769;0.217;0.056;0.222;0.232;0.107;0.061
18611;0.186;0.132;0.3;0.337;0.305;0.432;0.417;0.771;0.22;0.059;0.22;0.232;0.11;0.061
18612;0.186;0.129;0.305;0.337;0.303;0.435;0.42;0.769;0.22;0.056;0.215;0.234;0.112;0.061
18613;0.186;0.132;0.312;0.337;0.303;0.432;0.42;0.769;0.217;0.054;0.21;0.237;0.107;0.059
18614;0.186;0.134;0.295;0.339;0.305;0.432;0.422;0.769;0.222;0.056;0.205;0.234;0.112;0.061
18615;0.186;0.132;0.3;0.339;0.305;0.435;0.422;0.774;0.222;0.056;0.2;0.237;0.115;0.061
18616;0.186;0.132;0.303;0.337;0.31;0.43;0.422;0.771;0.222;0.051;0.198;0.239;0.11;0.059
18617;0.183;0.134;0.312;0.334;0.31;0.435;0.422;0.769;0.22;0.051;0.193;0.239;0.11;0.063
18618;0.186;0.134;0.315;0.334;0.315;0.437;0.422;0.771;0.222;0.049;0.193;0.244;0.11;0.059
18619;0.186;0.137;0.303;0.337;0.312;0.435;0.422;0.769;0.222;0.049;0.188;0.244;0.11;0.056
18620;0.183;0.137;0.312;0.334;0.315;0.435;0.42;0.769;0.225;0.049;0.188;0.244;0.105;0.056
18621;0.186;0.139;0.308;0.337;0.317;0.437;0.42;0.771;0.225;0.054;0.188;0.247;0.11;0.061
18622;0.183;0.139;0.317;0.342;0.315;0.435;0.417;0.769;0.225;0.051;0.183;0.249;0.11;0.059
18623;0.183;0.142;0.317;0.342;0.315;0.437;0.417;0.767;0.22;0.049;0.181;0.247;0.112;0.059
18624;0.186;0.142;0.305;0.347;0.315;0.435;0.413;0.769;0.22;0.049;0.183;0.251;0.107;0.059
18625;0.183;0.144;0.3;0.347;0.315;0.437;0.417;0.764;0.22;0.049;0.183;0.251;0.11;0.056
18626;0.183;0.144;0.305;0.347;0.315;0.437;0.415;0.764;0.22;0.051;0.183;0.254;0.11;0.059
18627;0.183;0.144;0.308;0.347;0.317;0.437;0.415;0.769;0.215;0.051;0.186;0.256;0.107;0.061
18628;0.183;0.146;0.293;0.344;0.317;0.439;0.417;0.767;0.212;0.049;0.183;0.259;0.105;0.059
18629;0.183;0.146;0.281;0.339;0.315;0.439;0.417;0.767;0.21;0.049;0.181;0.261;0.11;0.054
18630;0.183;0.146;0.271;0.337;0.32;0.439;0.417;0.767;0.212;0.049;0.186;0.264;0.11;0.056
18631;0.186;0.149;0.273;0.334;0.32;0.442;0.42;0.767;0.21;0.051;0.188;0.264;0.11;0.056
18632;0.186;0.151;0.276;0.332;0.32;0.442;0.417;0.767;0.208;0.049;0.19;0.264;0.107;0.056
18633;0.188;0.151;0.278;0.332;0.325;0.444;0.42;0.767;0.205;0.049;0.193;0.266;0.11;0.056
18634;0.186;0.151;0.281;0.332;0.327;0.442;0.417;0.767;0.208;0.054;0.19;0.271;0.107;0.051
18635;0.188;0.149;0.273;0.33;0.327;0.442;0.415;0.769;0.205;0.049;0.193;0.273;0.11;0.056
18636;0.186;0.146;0.286;0.332;0.33;0.439;0.413;0.767;0.203;0.049;0.195;0.273;0.107;0.054
18637;0.186;0.149;0.281;0.33;0.332;0.442;0.413;0.769;0.2;0.049;0.195;0.276;0.105;0.054
18638;0.186;0.149;0.291;0.33;0.332;0.442;0.41;0.767;0.2;0.049;0.198;0.278;0.115;0.059
18639;0.188;0.149;0.278;0.332;0.332;0.439;0.41;0.767;0.198;0.049;0.195;0.276;0.11;0.054
18640;0.186;0.149;0.281;0.33;0.332;0.437;0.408;0.764;0.198;0.051;0.198;0.281;0.107;0.054
18641;0.186;0.146;0.283;0.327;0.33;0.435;0.408;0.767;0.193;0.051;0.195;0.281;0.107;0.056
18642;0.186;0.146;0.291;0.33;0.325;0.435;0.405;0.767;0.19;0.049;0.198;0.283;0.11;0.054
18643;0.186;0.149;0.291;0.332;0.325;0.435;0.408;0.767;0.188;0.049;0.195;0.278;0.105;0.054
18644;0.183;0.146;0.288;0.334;0.325;0.432;0.408;0.769;0.186;0.046;0.193;0.278;0.107;0.051
18645;0.183;0.149;0.286;0.337;0.327;0.43;0.408;0.764;0.188;0.051;0.193;0.281;0.11;0.056
18646;0.181;0.146;0.281;0.334;0.327;0.432;0.413;0.764;0.183;0.049;0.19;0.281;0.107;0.054
18647;0.181;0.144;0.295;0.337;0.33;0.43;0.415;0.764;0.186;0.049;0.193;0.278;0.107;0.054
18648;0.178;0.142;0.293;0.337;0.33;0.43;0.415;0.762;0.186;0.054;0.193;0.283;0.105;0.051
18649;0.176;0.137;0.308;0.337;0.33;0.432;0.413;0.762;0.183;0.054;0.19;0.278;0.107;0.054
18650;0.176;0.137;0.305;0.334;0.334;0.432;0.413;0.762;0.183;0.051;0.193;0.276;0.11;0.054
18651;0.173;0.134;0.303;0.337;0.337;0.43;0.41;0.762;0.183;0.049;0.188;0.273;0.107;0.051
18652;0.173;0.129;0.295;0.334;0.334;0.43;0.413;0.764;0.188;0.051;0.19;0.273;0.11;0.054
18653;0.173;0.129;0.305;0.332;0.337;0.432;0.415;0.764;0.188;0.051;0.186;0.269;0.107;0.051
18654;0.171;0.129;0.305;0.33;0.339;0.427;0.413;0.764;0.188;0.051;0.188;0.266;0.112;0.054
18655;0.171;0.125;0.305;0.327;0.337;0.43;0.413;0.767;0.193;0.051;0.188;0.264;0.107;0.049
18656;0.178;0.125;0.303;0.325;0.337;0.425;0.413;0.767;0.193;0.051;0.19;0.259;0.107;0.049
18657;0.176;0.125;0.305;0.322;0.339;0.425;0.413;0.764;0.198;0.054;0.19;0.254;0.11;0.051
18658;0.178;0.125;0.305;0.32;0.334;0.427;0.415;0.767;0.198;0.056;0.193;0.251;0.107;0.051
18659;0.178;0.125;0.312;0.32;0.334;0.425;0.417;0.767;0.198;0.054;0.193;0.249;0.11;0.046
18660;0.181;0.125;0.308;0.32;0.334;0.427;0.417;0.767;0.205;0.054;0.193;0.244;0.112;0.049
18661;0.181;0.125;0.31;0.32;0.334;0.425;0.417;0.767;0.208;0.056;0.198;0.242;0.112;0.051
18662;0.181;0.127;0.305;0.322;0.337;0.427;0.417;0.767;0.21;0.051;0.198;0.234;0.112;0.049
18663;0.181;0.122;0.312;0.32;0.339;0.43;0.415;0.767;0.215;0.051;0.2;0.227;0.112;0.049
18664;0.181;0.127;0.315;0.32;0.342;0.427;0.41;0.767;0.222;0.054;0.205;0.229;0.112;0.049
18665;0.183;0.129;0.317;0.32;0.339;0.43;0.408;0.767;0.225;0.059;0.21;0.227;0.115;0.049
18666;0.181;0.132;0.308;0.32;0.342;0.43;0.405;0.769;0.225;0.054;0.21;0.222;0.11;0.046
18667;0.181;0.132;0.308;0.32;0.339;0.43;0.4;0.771;0.227;0.051;0.212;0.217;0.112;0.049
18668;0.181;0.134;0.308;0.32;0.344;0.43;0.4;0.771;0.229;0.056;0.217;0.215;0.115;0.049
18669;0.178;0.134;0.315;0.327;0.342;0.43;0.398;0.774;0.232;0.056;0.22;0.21;0.11;0.046
18670;0.183;0.132;0.312;0.332;0.342;0.427;0.398;0.774;0.237;0.056;0.222;0.21;0.115;0.046
18671;0.181;0.132;0.312;0.332;0.342;0.427;0.398;0.776;0.234;0.054;0.222;0.203;0.12;0.051
18672;0.181;0.129;0.312;0.332;0.339;0.427;0.403;0.774;0.237;0.054;0.227;0.203;0.115;0.044
18673;0.183;0.132;0.317;0.332;0.337;0.427;0.408;0.771;0.239;0.054;0.227;0.203;0.115;0.044
18674;0.183;0.134;0.315;0.334;0.337;0.427;0.408;0.776;0.239;0.054;0.232;0.198;0.117;0.044
18675;0.178;0.134;0.312;0.337;0.339;0.425;0.41;0.771;0.239;0.051;0.232;0.195;0.115;0.044
18676;0.178;0.132;0.312;0.339;0.342;0.425;0.415;0.774;0.242;0.054;0.234;0.195;0.117;0.046
18677;0.176;0.132;0.312;0.342;0.337;0.425;0.415;0.774;0.242;0.054;0.234;0.195;0.12;0.046
18678;0.171;0.132;0.32;0.344;0.339;0.427;0.415;0.776;0.244;0.054;0.239;0.198;0.12;0.046
18679;0.171;0.125;0.315;0.344;0.339;0.427;0.415;0.779;0.247;0.054;0.242;0.193;0.125;0.046
18680;0.171;0.127;0.315;0.344;0.339;0.425;0.415;0.776;0.244;0.051;0.239;0.188;0.12;0.046
18681;0.168;0.122;0.315;0.347;0.337;0.422;0.415;0.774;0.247;0.054;0.242;0.19;0.12;0.046
18682;0.171;0.127;0.31;0.349;0.334;0.427;0.413;0.774;0.244;0.054;0.239;0.188;0.12;0.044
18683;0.171;0.129;0.31;0.349;0.334;0.427;0.41;0.771;0.249;0.054;0.242;0.186;0.122;0.044
18684;0.168;0.125;0.312;0.347;0.334;0.425;0.408;0.771;0.249;0.051;0.242;0.188;0.12;0.044
18685;0.168;0.122;0.308;0.347;0.33;0.425;0.405;0.774;0.251;0.054;0.247;0.188;0.122;0.042
18686;0.171;0.122;0.308;0.344;0.33;0.425;0.4;0.774;0.251;0.054;0.249;0.186;0.12;0.042
18687;0.171;0.122;0.305;0.349;0.327;0.425;0.405;0.774;0.251;0.056;0.251;0.188;0.122;0.039
18688;0.168;0.122;0.308;0.347;0.327;0.425;0.403;0.774;0.251;0.054;0.254;0.188;0.122;0.044
18689;0.168;0.125;0.308;0.349;0.325;0.422;0.4;0.774;0.249;0.056;0.256;0.188;0.122;0.042
18690;0.173;0.122;0.303;0.349;0.327;0.425;0.398;0.774;0.247;0.051;0.259;0.188;0.125;0.044
18691;0.173;0.127;0.295;0.354;0.327;0.425;0.396;0.771;0.251;0.056;0.269;0.188;0.125;0.044
18692;0.171;0.127;0.3;0.352;0.327;0.422;0.4;0.771;0.251;0.054;0.273;0.19;0.122;0.042
18693;0.173;0.127;0.303;0.354;0.325;0.422;0.398;0.771;0.251;0.059;0.278;0.19;0.127;0.046
18694;0.171;0.125;0.303;0.354;0.33;0.425;0.403;0.771;0.251;0.059;0.283;0.19;0.122;0.044
18695;0.173;0.127;0.3;0.352;0.33;0.425;0.403;0.771;0.249;0.054;0.291;0.188;0.125;0.044
18696;0.176;0.127;0.305;0.354;0.332;0.425;0.403;0.771;0.247;0.051;0.298;0.188;0.125;0.042
18697;0.176;0.127;0.308;0.349;0.334;0.425;0.405;0.769;0.249;0.056;0.308;0.19;0.127;0.044
18698;0.176;0.127;0.303;0.352;0.337;0.422;0.408;0.771;0.247;0.054;0.312;0.19;0.125;0.044
18699;0.176;0.132;0.303;0.352;0.342;0.422;0.408;0.769;0.249;0.056;0.32;0.19;0.125;0.037
18700;0.181;0.132;0.308;0.349;0.342;0.425;0.408;0.764;0.249;0.059;0.327;0.19;0.125;0.042
18701;0.181;0.134;0.308;0.349;0.342;0.422;0.408;0.767;0.256;0.061;0.339;0.193;0.129;0.042
18702;0.178;0.137;0.308;0.349;0.344;0.422;0.408;0.764;0.254;0.056;0.344;0.19;0.125;0.039
18703;0.178;0.137;0.305;0.347;0.339;0.42;0.408;0.769;0.256;0.059;0.354;0.193;0.125;0.044
18704;0.176;0.139;0.305;0.347;0.344;0.42;0.41;0.769;0.259;0.056;0.361;0.193;0.122;0.039
18705;0.173;0.139;0.303;0.347;0.342;0.42;0.408;0.764;0.261;0.059;0.369;0.193;0.129;0.042
18706;0.171;0.139;0.3;0.342;0.342;0.417;0.41;0.767;0.264;0.059;0.378;0.195;0.127;0.039
18707;0.171;0.139;0.305;0.347;0.339;0.417;0.41;0.767;0.264;0.056;0.388;0.193;0.127;0.042
18708;0.168;0.137;0.303;0.344;0.339;0.417;0.408;0.767;0.266;0.056;0.393;0.193;0.125;0.042
18709;0.166;0.137;0.305;0.344;0.337;0.417;0.41;0.764;0.269;0.061;0.4;0.195;0.129;0.039
18710;0.166;0.132;0.308;0.342;0.339;0.417;0.408;0.764;0.266;0.054;0.4;0.193;0.125;0.039
18711;0.166;0.132;0.315;0.342;0.337;0.413;0.41;0.764;0.269;0.054;0.405;0.193;0.129;0.039
18712;0.166;0.132;0.308;0.339;0.334;0.413;0.405;0.764;0.271;0.061;0.41;0.195;0.129;0.039
18713;0.166;0.127;0.317;0.339;0.337;0.413;0.405;0.764;0.269;0.056;0.413;0.195;0.125;0.037
18714;0.168;0.132;0.315;0.339;0.337;0.413;0.408;0.764;0.271;0.054;0.415;0.195;0.129;0.042
18715;0.168;0.132;0.317;0.339;0.337;0.413;0.403;0.762;0.269;0.054;0.417;0.195;0.127;0.037
18716;0.171;0.127;0.315;0.337;0.339;0.41;0.403;0.759;0.266;0.056;0.417;0.198;0.129;0.039
18717;0.173;0.129;0.315;0.334;0.342;0.41;0.4;0.762;0.271;0.059;0.422;0.198;0.129;0.039
18718;0.171;0.129;0.315;0.332;0.342;0.41;0.403;0.757;0.273;0.059;0.425;0.203;0.132;0.039
18719;0.173;0.129;0.312;0.332;0.342;0.41;0.4;0.762;0.273;0.059;0.425;0.198;0.129;0.039
18720;0.173;0.132;0.317;0.332;0.339;0.41;0.4;0.762;0.278;0.061;0.43;0.2;0.132;0.039
18721;0.176;0.134;0.322;0.33;0.342;0.415;0.4;0.759;0.273;0.054;0.435;0.198;0.129;0.039
18722;0.173;0.134;0.32;0.334;0.342;0.413;0.398;0.757;0.281;0.059;0.442;0.203;0.132;0.039
18723;0.171;0.137;0.322;0.332;0.342;0.413;0.398;0.757;0.281;0.061;0.444;0.203;0.132;0.039
18724;0.171;0.134;0.327;0.334;0.339;0.417;0.396;0.759;0.278;0.056;0.452;0.203;0.132;0.039
18725;0.171;0.137;0.327;0.334;0.339;0.417;0.396;0.759;0.283;0.059;0.461;0.203;0.129;0.039
18726;0.173;0.134;0.332;0.334;0.339;0.415;0.398;0.759;0.283;0.056;0.466;0.2;0.132;0.037
18727;0.168;0.139;0.332;0.337;0.342;0.417;0.396;0.757;0.278;0.054;0.476;0.203;0.129;0.037
18728;0.168;0.137;0.334;0.339;0.337;0.42;0.398;0.762;0.278;0.056;0.488;0.203;0.132;0.039
18729;0.168;0.137;0.339;0.337;0.342;0.42;0.398;0.762;0.278;0.056;0.5;0.203;0.129;0.037
18730;0.171;0.142;0.339;0.337;0.339;0.42;0.398;0.762;0.278;0.059;0.508;0.205;0.137;0.039
18731;0.171;0.142;0.344;0.337;0.339;0.42;0.398;0.759;0.273;0.056;0.518;0.203;0.129;0.039
18732;0.173;0.142;0.342;0.339;0.339;0.417;0.398;0.757;0.269;0.056;0.527;0.205;0.132;0.039
18733;0.173;0.142;0.354;0.339;0.342;0.42;0.398;0.759;0.269;0.056;0.54;0.205;0.139;0.042
18734;0.176;0.139;0.364;0.342;0.342;0.42;0.398;0.759;0.264;0.054;0.544;0.203;0.132;0.034
18735;0.173;0.144;0.366;0.344;0.344;0.42;0.396;0.757;0.264;0.061;0.554;0.205;0.134;0.039
18736;0.173;0.139;0.356;0.344;0.347;0.417;0.393;0.759;0.259;0.056;0.562;0.203;0.134;0.037
18737;0.173;0.139;0.354;0.347;0.349;0.42;0.391;0.759;0.256;0.056;0.571;0.205;0.134;0.037
18738;0.171;0.134;0.378;0.344;0.352;0.422;0.391;0.759;0.256;0.059;0.576;0.205;0.137;0.039
18739;0.171;0.132;0.378;0.347;0.354;0.422;0.386;0.757;0.256;0.056;0.583;0.205;0.132;0.037
18740;0.171;0.129;0.376;0.349;0.359;0.42;0.386;0.757;0.251;0.054;0.588;0.203;0.139;0.037
18741;0.173;0.127;0.364;0.344;0.364;0.422;0.383;0.757;0.251;0.059;0.591;0.205;0.137;0.037
18742;0.173;0.125;0.339;0.344;0.364;0.425;0.381;0.759;0.244;0.054;0.596;0.203;0.137;0.037
18743;0.171;0.125;0.322;0.342;0.364;0.422;0.378;0.759;0.244;0.056;0.598;0.205;0.137;0.034
18744;0.171;0.125;0.317;0.342;0.361;0.422;0.381;0.762;0.244;0.054;0.598;0.205;0.139;0.034
18745;0.173;0.125;0.315;0.342;0.364;0.425;0.378;0.759;0.244;0.056;0.601;0.203;0.139;0.037
18746;0.171;0.122;0.31;0.339;0.364;0.425;0.378;0.757;0.244;0.056;0.601;0.205;0.142;0.037
18747;0.173;0.122;0.31;0.339;0.364;0.422;0.381;0.757;0.244;0.059;0.603;0.203;0.144;0.037
18748;0.171;0.122;0.315;0.339;0.361;0.422;0.381;0.754;0.239;0.054;0.601;0.205;0.139;0.037
18749;0.173;0.125;0.315;0.339;0.361;0.422;0.381;0.754;0.237;0.054;0.598;0.2;0.142;0.037
18750;0.173;0.12;0.312;0.337;0.356;0.417;0.381;0.752;0.242;0.054;0.596;0.203;0.142;0.037
18751;0.176;0.12;0.31;0.337;0.354;0.42;0.381;0.757;0.237;0.054;0.596;0.2;0.144;0.034
18752;0.173;0.117;0.31;0.334;0.352;0.42;0.386;0.757;0.234;0.051;0.591;0.203;0.142;0.034
18753;0.173;0.12;0.3;0.334;0.352;0.415;0.388;0.759;0.237;0.051;0.591;0.205;0.139;0.034
18754;0.173;0.12;0.3;0.334;0.349;0.417;0.391;0.759;0.234;0.051;0.586;0.205;0.144;0.037
18755;0.176;0.12;0.305;0.332;0.347;0.417;0.391;0.757;0.234;0.051;0.583;0.203;0.146;0.037
18756;0.176;0.122;0.298;0.332;0.347;0.415;0.393;0.754;0.234;0.054;0.581;0.205;0.144;0.034
18757;0.173;0.122;0.295;0.334;0.344;0.417;0.393;0.757;0.232;0.051;0.576;0.208;0.146;0.037
18758;0.176;0.125;0.298;0.334;0.342;0.415;0.391;0.754;0.229;0.051;0.576;0.205;0.144;0.037
18759;0.176;0.125;0.298;0.339;0.342;0.415;0.388;0.754;0.229;0.049;0.574;0.208;0.146;0.034
18760;0.173;0.122;0.298;0.339;0.344;0.417;0.388;0.757;0.225;0.049;0.569;0.208;0.142;0.034
18761;0.173;0.127;0.293;0.342;0.347;0.415;0.386;0.754;0.225;0.049;0.569;0.208;0.146;0.037
18762;0.173;0.127;0.291;0.342;0.347;0.42;0.383;0.754;0.222;0.044;0.564;0.208;0.142;0.034
18763;0.173;0.129;0.293;0.344;0.347;0.422;0.381;0.754;0.225;0.051;0.569;0.21;0.144;0.037
18764;0.176;0.127;0.288;0.347;0.347;0.422;0.381;0.754;0.22;0.051;0.566;0.21;0.142;0.034
18765;0.171;0.125;0.291;0.344;0.349;0.422;0.378;0.754;0.217;0.046;0.564;0.208;0.142;0.032
18766;0.173;0.125;0.295;0.344;0.352;0.425;0.381;0.754;0.215;0.049;0.562;0.21;0.142;0.034
18767;0.173;0.125;0.295;0.347;0.354;0.425;0.378;0.754;0.212;0.049;0.564;0.205;0.144;0.037
18768;0.173;0.122;0.303;0.342;0.354;0.425;0.378;0.754;0.212;0.049;0.562;0.208;0.142;0.037
18769;0.173;0.125;0.303;0.342;0.356;0.427;0.378;0.754;0.208;0.051;0.562;0.208;0.144;0.037
18770;0.171;0.125;0.3;0.339;0.359;0.425;0.381;0.752;0.203;0.046;0.559;0.205;0.142;0.037
18771;0.171;0.125;0.308;0.337;0.359;0.427;0.381;0.757;0.205;0.051;0.559;0.21;0.146;0.039
18772;0.171;0.127;0.31;0.337;0.359;0.427;0.378;0.754;0.203;0.051;0.557;0.205;0.142;0.037
18773;0.168;0.125;0.325;0.334;0.356;0.425;0.378;0.754;0.203;0.054;0.554;0.205;0.144;0.037
18774;0.168;0.122;0.356;0.337;0.356;0.425;0.376;0.754;0.203;0.051;0.554;0.208;0.139;0.034
18775;0.171;0.122;0.369;0.342;0.356;0.427;0.376;0.754;0.198;0.051;0.549;0.203;0.139;0.034
18776;0.171;0.12;0.366;0.342;0.356;0.425;0.374;0.754;0.198;0.054;0.547;0.203;0.139;0.037
18777;0.171;0.122;0.381;0.344;0.356;0.427;0.371;0.752;0.195;0.054;0.542;0.2;0.137;0.034
18778;0.171;0.122;0.364;0.347;0.354;0.425;0.374;0.752;0.195;0.054;0.54;0.2;0.139;0.034
18779;0.173;0.125;0.364;0.349;0.356;0.425;0.371;0.754;0.193;0.054;0.535;0.198;0.137;0.037
18780;0.176;0.122;0.425;0.344;0.354;0.425;0.374;0.752;0.195;0.056;0.532;0.2;0.132;0.032
18781;0.173;0.122;0.547;0.349;0.354;0.425;0.374;0.752;0.193;0.054;0.527;0.198;0.137;0.037
18782;0.173;0.12;0.583;0.344;0.352;0.422;0.374;0.75;0.195;0.056;0.527;0.198;0.137;0.037
18783;0.176;0.122;0.793;0.344;0.349;0.422;0.381;0.752;0.195;0.056;0.52;0.198;0.137;0.034
18784;0.176;0.125;1.089;0.344;0.347;0.422;0.381;0.752;0.195;0.056;0.515;0.198;0.132;0.037
18785;0.176;0.125;1.038;0.339;0.342;0.422;0.383;0.752;0.195;0.056;0.51;0.195;0.137;0.034
18786;0.176;0.125;0.967;0.344;0.344;0.42;0.381;0.752;0.198;0.061;0.505;0.195;0.134;0.034
18787;0.176;0.127;0.781;0.342;0.339;0.42;0.386;0.752;0.198;0.063;0.503;0.195;0.132;0.037
18788;0.176;0.125;1.077;0.344;0.339;0.42;0.388;0.752;0.195;0.066;0.496;0.193;0.132;0.034
18789;0.176;0.125;2.974;0.347;0.342;0.42;0.386;0.754;0.198;0.066;0.488;0.195;0.127;0.034
18790;0.173;0.125;1.382;0.347;0.344;0.422;0.388;0.752;0.2;0.071;0.481;0.198;0.132;0.037
18791;0.173;0.125;0.967;0.344;0.342;0.422;0.381;0.752;0.2;0.073;0.476;0.195;0.127;0.039
18792;0.176;0.127;0.991;0.347;0.347;0.422;0.381;0.752;0.198;0.078;0.469;0.193;0.132;0.034
18793;0.173;0.125;0.908;0.352;0.349;0.422;0.378;0.752;0.2;0.076;0.461;0.195;0.129;0.039
18794;0.173;0.125;4.998;0.352;0.347;0.422;0.378;0.752;0.203;0.078;0.452;0.195;0.129;0.037
18795;0.176;0.125;4.998;0.354;0.342;0.422;0.376;0.752;0.205;0.083;0.447;0.195;0.127;0.037
18796;0.173;0.122;4.998;0.352;0.342;0.417;0.376;0.754;0.205;0.085;0.439;0.195;0.125;0.037
18797;0.178;0.125;4.998;0.352;0.342;0.42;0.378;0.754;0.208;0.085;0.43;0.195;0.127;0.039
18798;0.178;0.122;4.998;0.349;0.339;0.42;0.376;0.752;0.208;0.09;0.425;0.2;0.129;0.037
18799;0.176;0.125;4.998;0.349;0.342;0.417;0.376;0.754;0.21;0.093;0.417;0.198;0.125;0.039
18800;0.178;0.122;4.998;0.344;0.337;0.417;0.378;0.752;0.212;0.095;0.41;0.198;0.129;0.039
18801;0.178;0.122;4.998;0.347;0.337;0.42;0.378;0.75;0.21;0.095;0.403;0.198;0.127;0.037
18802;0.176;0.122;4.998;0.349;0.337;0.42;0.383;0.752;0.217;0.105;0.4;0.203;0.127;0.039
18803;0.176;0.122;4.998;0.347;0.337;0.42;0.386;0.752;0.215;0.1;0.391;0.2;0.129;0.039
18804;0.178;0.12;4.998;0.347;0.342;0.42;0.386;0.752;0.217;0.1;0.383;0.2;0.127;0.042
18805;0.176;0.122;4.998;0.347;0.342;0.422;0.383;0.752;0.217;0.103;0.378;0.203;0.127;0.039
18806;0.176;0.12;4.998;0.347;0.342;0.42;0.383;0.752;0.217;0.105;0.376;0.205;0.127;0.037
18807;0.176;0.12;4.998;0.347;0.344;0.42;0.383;0.752;0.217;0.105;0.371;0.205;0.127;0.039
18808;0.176;0.12;4.998;0.344;0.344;0.422;0.386;0.752;0.22;0.105;0.366;0.208;0.132;0.042
18809;0.173;0.12;4.998;0.344;0.344;0.42;0.383;0.752;0.222;0.105;0.361;0.21;0.127;0.039
18810;0.173;0.117;4.998;0.344;0.347;0.417;0.383;0.752;0.222;0.105;0.361;0.21;0.127;0.037
18811;0.176;0.12;4.998;0.342;0.347;0.417;0.383;0.754;0.222;0.107;0.356;0.21;0.127;0.039
18812;0.176;0.117;4.998;0.342;0.347;0.413;0.381;0.75;0.225;0.11;0.352;0.215;0.125;0.039
18813;0.176;0.117;4.998;0.342;0.342;0.413;0.381;0.752;0.225;0.107;0.352;0.215;0.127;0.039
18814;0.178;0.122;4.998;0.339;0.342;0.41;0.378;0.752;0.225;0.11;0.352;0.217;0.125;0.039
18815;0.178;0.12;4.998;0.339;0.339;0.41;0.378;0.75;0.225;0.112;0.352;0.22;0.127;0.037
18816;0.176;0.122;4.998;0.342;0.339;0.41;0.381;0.75;0.22;0.115;0.352;0.22;0.129;0.039
18817;0.173;0.122;4.998;0.342;0.339;0.408;0.381;0.75;0.225;0.115;0.349;0.225;0.127;0.039
18818;0.176;0.122;4.998;0.342;0.339;0.413;0.386;0.747;0.225;0.117;0.352;0.225;0.127;0.042
18819;0.176;0.12;4.998;0.342;0.334;0.41;0.386;0.752;0.222;0.117;0.354;0.225;0.127;0.037
18820;0.176;0.122;4.998;0.344;0.332;0.408;0.386;0.752;0.22;0.115;0.352;0.225;0.125;0.037
18821;0.178;0.127;4.998;0.344;0.33;0.413;0.386;0.75;0.22;0.117;0.352;0.225;0.129;0.039
18822;0.178;0.125;4.998;0.342;0.327;0.415;0.386;0.75;0.22;0.122;0.354;0.225;0.127;0.039
18823;0.178;0.122;4.998;0.342;0.322;0.413;0.388;0.752;0.22;0.122;0.352;0.229;0.129;0.039
18824;0.178;0.122;4.998;0.342;0.322;0.417;0.391;0.75;0.22;0.122;0.352;0.227;0.132;0.039
18825;0.178;0.125;4.998;0.342;0.32;0.417;0.386;0.75;0.22;0.127;0.352;0.232;0.129;0.039
18826;0.173;0.122;4.998;0.337;0.32;0.415;0.388;0.75;0.217;0.132;0.354;0.229;0.129;0.039
18827;0.176;0.12;4.998;0.339;0.317;0.413;0.386;0.747;0.217;0.134;0.352;0.232;0.132;0.042
18828;0.176;0.12;4.998;0.334;0.317;0.415;0.386;0.75;0.212;0.137;0.352;0.232;0.134;0.039
18829;0.176;0.12;4.998;0.332;0.32;0.415;0.383;0.75;0.212;0.139;0.349;0.229;0.134;0.039
18830;0.176;0.12;4.998;0.337;0.322;0.415;0.383;0.752;0.212;0.144;0.349;0.232;0.134;0.039
18831;0.176;0.12;4.998;0.332;0.327;0.413;0.386;0.752;0.212;0.146;0.347;0.232;0.134;0.039
18832;0.173;0.115;4.998;0.33;0.327;0.41;0.386;0.75;0.21;0.154;0.347;0.229;0.132;0.037
18833;0.176;0.117;4.998;0.327;0.33;0.41;0.383;0.747;0.21;0.164;0.344;0.229;0.134;0.042
18834;0.176;0.112;4.998;0.327;0.332;0.413;0.388;0.745;0.208;0.164;0.342;0.232;0.139;0.042
18835;0.178;0.112;4.998;0.327;0.334;0.408;0.386;0.745;0.21;0.173;0.344;0.232;0.137;0.039
18836;0.176;0.11;4.998;0.322;0.334;0.413;0.388;0.745;0.205;0.178;0.342;0.229;0.139;0.037
18837;0.176;0.11;4.998;0.322;0.334;0.413;0.391;0.75;0.203;0.186;0.339;0.227;0.139;0.042
18838;0.178;0.11;4.998;0.322;0.332;0.415;0.388;0.747;0.205;0.193;0.339;0.227;0.139;0.037
18839;0.173;0.11;4.998;0.322;0.332;0.415;0.388;0.747;0.203;0.203;0.339;0.227;0.142;0.037
18840;0.176;0.11;4.998;0.322;0.327;0.413;0.388;0.747;0.203;0.21;0.337;0.229;0.142;0.037
18841;0.176;0.112;4.998;0.322;0.325;0.413;0.386;0.75;0.2;0.212;0.334;0.229;0.144;0.039
18842;0.173;0.112;4.998;0.325;0.325;0.413;0.381;0.747;0.2;0.22;0.334;0.229;0.142;0.042
18843;0.173;0.11;4.998;0.33;0.327;0.413;0.381;0.745;0.2;0.229;0.332;0.229;0.144;0.037
18844;0.173;0.11;4.998;0.33;0.33;0.415;0.376;0.745;0.198;0.234;0.332;0.229;0.144;0.039
18845;0.173;0.112;4.998;0.332;0.33;0.413;0.378;0.745;0.195;0.237;0.327;0.229;0.146;0.042
18846;0.173;0.11;4.998;0.332;0.33;0.413;0.374;0.742;0.193;0.239;0.33;0.227;0.146;0.039
18847;0.173;0.115;4.998;0.332;0.332;0.41;0.376;0.745;0.198;0.247;0.33;0.232;0.149;0.039
18848;0.173;0.11;4.998;0.334;0.334;0.41;0.374;0.742;0.193;0.244;0.327;0.229;0.149;0.037
18849;0.171;0.112;4.998;0.332;0.334;0.413;0.374;0.742;0.193;0.249;0.33;0.229;0.146;0.037
18850;0.173;0.112;4.998;0.332;0.334;0.415;0.378;0.742;0.195;0.251;0.33;0.232;0.146;0.037
18851;0.173;0.112;4.998;0.334;0.334;0.417;0.376;0.745;0.193;0.251;0.33;0.232;0.151;0.039
18852;0.173;0.112;4.998;0.332;0.332;0.42;0.378;0.742;0.193;0.254;0.332;0.229;0.151;0.039
18853;0.173;0.115;4.998;0.332;0.332;0.422;0.381;0.742;0.188;0.256;0.334;0.229;0.156;0.039
18854;0.173;0.115;4.998;0.332;0.33;0.422;0.381;0.74;0.193;0.261;0.334;0.229;0.151;0.037
18855;0.178;0.12;4.998;0.334;0.33;0.425;0.383;0.742;0.19;0.266;0.337;0.229;0.156;0.037
18856;0.178;0.12;4.998;0.332;0.332;0.425;0.383;0.74;0.193;0.269;0.342;0.229;0.154;0.037
18857;0.178;0.112;4.998;0.332;0.33;0.422;0.383;0.74;0.193;0.273;0.347;0.232;0.151;0.039
18858;0.181;0.12;4.998;0.334;0.33;0.427;0.381;0.745;0.195;0.283;0.344;0.229;0.151;0.037
18859;0.181;0.117;4.998;0.334;0.33;0.425;0.378;0.742;0.198;0.286;0.356;0.234;0.151;0.037
18860;0.183;0.12;4.998;0.337;0.33;0.422;0.381;0.742;0.2;0.293;0.361;0.234;0.151;0.037
18861;0.183;0.12;4.998;0.337;0.33;0.422;0.376;0.742;0.203;0.295;0.364;0.237;0.156;0.039
18862;0.183;0.12;4.998;0.339;0.33;0.417;0.374;0.745;0.21;0.295;0.369;0.232;0.156;0.039
18863;0.183;0.12;4.998;0.339;0.325;0.42;0.374;0.742;0.215;0.295;0.374;0.234;0.151;0.037
18864;0.181;0.12;4.998;0.342;0.325;0.42;0.374;0.74;0.222;0.295;0.381;0.234;0.151;0.039
18865;0.186;0.12;4.998;0.342;0.325;0.415;0.376;0.742;0.232;0.291;0.388;0.237;0.151;0.037
18866;0.183;0.12;4.998;0.342;0.325;0.417;0.374;0.742;0.232;0.288;0.393;0.237;0.154;0.039
18867;0.183;0.12;4.998;0.342;0.325;0.42;0.374;0.742;0.251;0.278;0.398;0.234;0.151;0.037
18868;0.183;0.122;4.998;0.344;0.325;0.422;0.378;0.745;0.264;0.273;0.405;0.239;0.149;0.037
18869;0.186;0.12;4.998;0.342;0.322;0.425;0.378;0.745;0.276;0.266;0.413;0.239;0.154;0.037
18870;0.181;0.122;4.998;0.342;0.325;0.425;0.381;0.742;0.293;0.259;0.42;0.242;0.149;0.037
18871;0.183;0.122;4.998;0.339;0.322;0.427;0.381;0.745;0.3;0.249;0.425;0.239;0.149;0.037
18872;0.181;0.122;4.998;0.344;0.322;0.425;0.381;0.742;0.312;0.244;0.43;0.242;0.146;0.034
18873;0.183;0.12;4.998;0.344;0.325;0.427;0.383;0.742;0.317;0.239;0.437;0.239;0.151;0.039
18874;0.181;0.12;4.998;0.347;0.32;0.425;0.381;0.745;0.325;0.229;0.444;0.242;0.144;0.037
18875;0.183;0.12;4.998;0.347;0.32;0.427;0.378;0.747;0.325;0.227;0.452;0.239;0.151;0.037
18876;0.183;0.117;4.998;0.344;0.317;0.425;0.376;0.75;0.33;0.225;0.459;0.244;0.146;0.037
18877;0.183;0.122;4.998;0.347;0.317;0.427;0.371;0.75;0.327;0.22;0.466;0.244;0.146;0.037
18878;0.181;0.12;4.998;0.342;0.317;0.425;0.371;0.75;0.332;0.215;0.474;0.244;0.149;0.037
18879;0.181;0.117;4.998;0.344;0.317;0.425;0.369;0.75;0.327;0.215;0.483;0.244;0.144;0.037
18880;0.181;0.12;4.998;0.344;0.315;0.422;0.366;0.75;0.327;0.21;0.491;0.244;0.144;0.034
18881;0.181;0.12;4.998;0.344;0.317;0.422;0.369;0.75;0.325;0.21;0.498;0.244;0.146;0.037
18882;0.181;0.12;4.998;0.342;0.32;0.422;0.369;0.75;0.322;0.205;0.505;0.242;0.137;0.034
18883;0.178;0.12;4.998;0.342;0.32;0.422;0.369;0.747;0.317;0.203;0.51;0.244;0.139;0.037
18884;0.181;0.122;4.998;0.344;0.32;0.42;0.371;0.75;0.32;0.203;0.52;0.244;0.139;0.039
18885;0.181;0.117;4.998;0.344;0.317;0.422;0.371;0.752;0.317;0.2;0.522;0.247;0.134;0.037
18886;0.178;0.117;4.998;0.344;0.32;0.422;0.371;0.752;0.312;0.203;0.532;0.247;0.134;0.034
18887;0.178;0.115;4.998;0.342;0.32;0.425;0.374;0.75;0.31;0.2;0.535;0.247;0.134;0.037
18888;0.176;0.115;4.998;0.344;0.32;0.42;0.376;0.75;0.312;0.2;0.544;0.251;0.134;0.039
18889;0.178;0.115;4.998;0.342;0.32;0.422;0.376;0.747;0.303;0.198;0.544;0.247;0.132;0.034
18890;0.178;0.11;4.998;0.339;0.317;0.42;0.376;0.75;0.298;0.198;0.552;0.251;0.127;0.037
18891;0.181;0.11;4.998;0.339;0.317;0.42;0.374;0.752;0.293;0.2;0.554;0.249;0.127;0.034
18892;0.178;0.107;4.998;0.334;0.315;0.42;0.371;0.747;0.286;0.205;0.557;0.249;0.127;0.037
18893;0.176;0.11;4.998;0.33;0.315;0.417;0.376;0.75;0.281;0.208;0.559;0.254;0.129;0.037
18894;0.176;0.11;4.998;0.332;0.317;0.415;0.371;0.747;0.273;0.21;0.557;0.251;0.125;0.037
18895;0.173;0.11;4.998;0.327;0.317;0.413;0.371;0.747;0.271;0.222;0.562;0.254;0.122;0.037
18896;0.173;0.112;4.998;0.325;0.317;0.413;0.374;0.75;0.266;0.232;0.559;0.254;0.122;0.037
18897;0.173;0.112;4.998;0.325;0.317;0.41;0.374;0.752;0.261;0.249;0.557;0.251;0.12;0.037
18898;0.176;0.11;4.998;0.327;0.317;0.41;0.376;0.754;0.251;0.269;0.557;0.256;0.12;0.039
18899;0.178;0.112;4.998;0.327;0.315;0.408;0.381;0.752;0.249;0.295;0.554;0.254;0.117;0.034
18900;0.178;0.112;4.998;0.33;0.315;0.405;0.381;0.752;0.244;0.325;0.552;0.256;0.115;0.034
18901;0.176;0.117;4.998;0.33;0.312;0.405;0.383;0.752;0.242;0.361;0.549;0.259;0.115;0.037
18902;0.178;0.115;4.998;0.327;0.308;0.405;0.383;0.75;0.234;0.4;0.544;0.259;0.115;0.039
18903;0.178;0.117;4.998;0.327;0.308;0.4;0.381;0.752;0.232;0.439;0.537;0.261;0.112;0.037
18904;0.176;0.117;4.998;0.325;0.305;0.403;0.378;0.754;0.227;0.483;0.535;0.266;0.11;0.034
18905;0.178;0.117;4.998;0.327;0.305;0.405;0.381;0.754;0.271;0.515;0.527;0.264;0.107;0.034
18906;0.176;0.12;4.998;0.325;0.3;0.405;0.378;0.754;0.266;0.549;0.52;0.266;0.105;0.034
18907;0.178;0.122;4.998;0.322;0.3;0.408;0.376;0.752;0.264;0.581;0.513;0.264;0.107;0.037
18908;0.181;0.122;4.998;0.322;0.3;0.405;0.376;0.754;0.256;0.62;0.503;0.271;0.107;0.034
18909;0.178;0.127;4.998;0.32;0.3;0.41;0.376;0.754;0.251;0.647;0.496;0.271;0.107;0.034
18910;0.176;0.127;4.998;0.317;0.303;0.41;0.378;0.754;0.244;0.679;0.486;0.271;0.1;0.027
18911;0.178;0.127;4.998;0.315;0.305;0.41;0.381;0.754;0.237;0.708;0.476;0.273;0.1;0.034
18912;0.178;0.127;4.998;0.317;0.305;0.41;0.378;0.759;0.232;0.735;0.469;0.276;0.105;0.034
18913;0.181;0.127;4.998;0.315;0.305;0.41;0.381;0.752;0.232;0.764;0.461;0.278;0.1;0.034
18914;0.181;0.127;4.998;0.317;0.31;0.413;0.381;0.757;0.222;0.789;0.449;0.276;0.11;0.042
18915;0.181;0.127;4.998;0.315;0.31;0.413;0.381;0.754;0.242;0.813;0.442;0.278;0.098;0.032
18916;0.181;0.127;4.998;0.317;0.31;0.408;0.383;0.754;0.239;0.837;0.437;0.283;0.098;0.034
18917;0.181;0.127;4.998;0.317;0.312;0.405;0.383;0.757;0.237;0.864;0.427;0.283;0.105;0.037
18918;0.181;0.127;4.998;0.32;0.31;0.405;0.383;0.757;0.234;0.891;0.417;0.283;0.1;0.034
18919;0.181;0.125;4.998;0.32;0.31;0.403;0.386;0.757;0.229;0.916;0.415;0.283;0.1;0.037
18920;0.178;0.125;4.998;0.32;0.31;0.4;0.381;0.752;0.229;0.947;0.408;0.288;0.095;0.029
18921;0.181;0.12;4.998;0.32;0.31;0.403;0.383;0.754;0.225;0.974;0.4;0.288;0.1;0.037
18922;0.181;0.12;4.998;0.317;0.31;0.405;0.381;0.754;0.222;1.008;0.396;0.291;0.098;0.034
18923;0.181;0.12;4.998;0.32;0.31;0.405;0.383;0.757;0.22;1.045;0.391;0.293;0.103;0.034
18924;0.181;0.122;4.998;0.317;0.305;0.403;0.383;0.752;0.215;1.074;0.383;0.291;0.098;0.032
18925;0.181;0.122;4.998;0.317;0.305;0.403;0.383;0.754;0.217;1.108;0.381;0.295;0.098;0.034
18926;0.181;0.12;4.998;0.32;0.305;0.403;0.381;0.752;0.215;1.135;0.371;0.293;0.098;0.034
18927;0.181;0.12;4.998;0.32;0.305;0.403;0.386;0.752;0.21;1.162;0.369;0.293;0.095;0.034
18928;0.178;0.117;4.998;0.317;0.303;0.403;0.383;0.75;0.215;1.189;0.364;0.295;0.098;0.034
18929;0.181;0.117;4.998;0.32;0.3;0.403;0.386;0.75;0.212;1.208;0.359;0.293;0.098;0.032
18930;0.181;0.117;4.998;0.315;0.3;0.403;0.383;0.747;0.212;1.23;0.352;0.293;0.098;0.034
18931;0.181;0.115;4.998;0.317;0.305;0.4;0.383;0.75;0.222;1.25;0.349;0.295;0.098;0.034
18932;0.181;0.117;4.998;0.315;0.303;0.403;0.383;0.75;0.225;1.265;0.339;0.293;0.1;0.034
18933;0.178;0.117;4.998;0.315;0.3;0.403;0.381;0.75;0.237;1.282;0.334;0.295;0.1;0.034
18934;0.178;0.112;4.998;0.312;0.303;0.403;0.383;0.747;0.247;1.294;0.327;0.293;0.1;0.034
18935;0.181;0.11;4.998;0.31;0.305;0.403;0.383;0.747;0.254;1.306;0.322;0.293;0.1;0.032
18936;0.176;0.11;4.998;0.315;0.308;0.403;0.383;0.75;0.266;1.313;0.315;0.293;0.1;0.034
18937;0.178;0.11;4.998;0.317;0.305;0.403;0.383;0.747;0.278;1.316;0.31;0.293;0.105;0.034
18938;0.178;0.112;4.998;0.317;0.308;0.4;0.383;0.745;0.291;1.316;0.305;0.293;0.1;0.037
18939;0.178;0.112;4.998;0.32;0.312;0.405;0.386;0.75;0.303;1.316;0.295;0.293;0.103;0.029
18940;0.173;0.112;4.998;0.317;0.312;0.403;0.383;0.747;0.31;1.313;0.293;0.293;0.103;0.032
18941;0.176;0.112;4.998;0.32;0.31;0.403;0.386;0.745;0.317;1.313;0.283;0.291;0.103;0.032
18942;0.173;0.115;4.998;0.322;0.31;0.405;0.383;0.747;0.325;1.311;0.278;0.293;0.107;0.034
18943;0.173;0.115;4.998;0.325;0.308;0.405;0.381;0.747;0.33;1.311;0.271;0.291;0.107;0.037
18944;0.173;0.115;4.998;0.325;0.31;0.405;0.383;0.745;0.334;1.309;0.264;0.286;0.107;0.037
18945;0.173;0.12;4.998;0.322;0.31;0.403;0.383;0.742;0.339;1.311;0.264;0.288;0.107;0.029
18946;0.173;0.117;4.998;0.322;0.308;0.405;0.383;0.742;0.344;1.316;0.256;0.291;0.107;0.034
18947;0.173;0.12;4.998;0.322;0.305;0.405;0.381;0.74;0.347;1.321;0.249;0.288;0.112;0.034
18948;0.178;0.12;4.998;0.322;0.305;0.4;0.383;0.737;0.349;1.328;0.244;0.286;0.117;0.037
18949;0.173;0.12;4.998;0.327;0.305;0.403;0.381;0.74;0.352;1.338;0.239;0.288;0.112;0.032
18950;0.173;0.117;4.998;0.327;0.303;0.403;0.383;0.74;0.356;1.353;0.234;0.288;0.117;0.037
18951;0.173;0.12;4.998;0.327;0.305;0.405;0.383;0.737;0.356;1.362;0.229;0.286;0.117;0.037
18952;0.173;0.12;4.998;0.325;0.303;0.405;0.386;0.737;0.361;1.379;0.222;0.286;0.12;0.037
18953;0.176;0.12;4.998;0.325;0.303;0.405;0.388;0.74;0.361;1.392;0.217;0.288;0.117;0.034
18954;0.176;0.122;4.998;0.33;0.303;0.408;0.388;0.737;0.369;1.411;0.212;0.286;0.12;0.034
18955;0.176;0.122;4.998;0.33;0.303;0.405;0.391;0.737;0.371;1.423;0.208;0.288;0.12;0.032
18956;0.178;0.125;4.998;0.33;0.3;0.408;0.388;0.735;0.376;1.438;0.205;0.291;0.125;0.032
18957;0.176;0.125;4.998;0.33;0.305;0.403;0.388;0.735;0.386;1.453;0.2;0.291;0.122;0.037
18958;0.176;0.127;4.998;0.327;0.303;0.405;0.391;0.735;0.396;1.47;0.195;0.295;0.127;0.037
18959;0.173;0.125;4.998;0.327;0.305;0.4;0.388;0.732;0.403;1.477;0.19;0.295;0.127;0.039
18960;0.173;0.127;4.998;0.327;0.305;0.4;0.388;0.732;0.413;1.489;0.183;0.298;0.129;0.034
18961;0.176;0.129;4.998;0.33;0.308;0.403;0.386;0.737;0.422;1.501;0.178;0.298;0.132;0.034
18962;0.178;0.127;4.998;0.327;0.308;0.4;0.386;0.735;0.435;1.509;0.171;0.303;0.129;0.037
18963;0.178;0.181;4.998;0.327;0.31;0.403;0.383;0.735;0.452;1.521;0.171;0.305;0.137;0.032
18964;0.176;0.203;4.998;0.32;0.31;0.403;0.381;0.735;0.459;1.523;0.166;0.305;0.134;0.034
18965;0.178;0.251;4.998;0.32;0.31;0.403;0.381;0.735;0.474;1.536;0.161;0.31;0.134;0.032
18966;0.178;0.269;4.998;0.317;0.31;0.405;0.378;0.732;0.483;1.543;0.156;0.31;0.137;0.032
18967;0.178;0.271;4.998;0.315;0.308;0.405;0.378;0.735;0.496;1.553;0.154;0.312;0.144;0.034
18968;0.178;0.261;4.998;0.312;0.308;0.408;0.378;0.735;0.505;1.562;0.151;0.317;0.142;0.037
18969;0.178;0.271;4.998;0.312;0.308;0.408;0.378;0.735;0.51;1.565;0.144;0.317;0.142;0.037
18970;0.178;0.239;2.981;0.312;0.31;0.408;0.381;0.735;0.522;1.572;0.142;0.322;0.139;0.029
18971;0.178;0.278;2.371;0.31;0.31;0.405;0.378;0.737;0.525;1.572;0.137;0.325;0.144;0.037
18972;0.178;0.244;4.253;0.312;0.308;0.41;0.381;0.742;0.527;1.577;0.137;0.325;0.149;0.037
18973;0.178;0.271;4.998;0.312;0.308;0.408;0.381;0.74;0.535;1.575;0.134;0.327;0.149;0.034
18974;0.176;0.254;4.998;0.315;0.308;0.405;0.381;0.74;0.535;1.57;0.129;0.327;0.151;0.039
18975;0.176;0.269;4.998;0.32;0.31;0.405;0.381;0.737;0.54;1.56;0.129;0.33;0.149;0.029
18976;0.176;0.242;4.998;0.317;0.308;0.405;0.383;0.74;0.544;1.545;0.127;0.33;0.151;0.039
18977;0.173;0.283;4.998;0.32;0.31;0.405;0.381;0.74;0.544;1.526;0.125;0.332;0.154;0.032
18978;0.171;0.225;4.998;0.32;0.31;0.405;0.383;0.737;0.547;1.509;0.125;0.33;0.151;0.037
18979;0.173;0.283;4.998;0.322;0.308;0.405;0.381;0.74;0.549;1.487;0.122;0.332;0.156;0.037
18980;0.173;0.234;4.998;0.32;0.308;0.403;0.383;0.737;0.547;1.46;0.115;0.327;0.154;0.034
18981;0.171;0.271;4.998;0.32;0.31;0.405;0.386;0.737;0.549;1.44;0.122;0.33;0.156;0.034
18982;0.171;0.232;4.998;0.322;0.31;0.405;0.386;0.74;0.552;1.421;0.12;0.33;0.154;0.034
18983;0.171;0.271;4.998;0.32;0.312;0.405;0.386;0.737;0.552;1.401;0.12;0.33;0.159;0.034
18984;0.171;0.239;4.998;0.32;0.31;0.405;0.383;0.735;0.549;1.382;0.117;0.327;0.156;0.032
18985;0.173;0.271;4.998;0.32;0.31;0.408;0.383;0.737;0.544;1.365;0.115;0.322;0.156;0.034
18986;0.171;0.234;4.998;0.32;0.308;0.408;0.381;0.74;0.544;1.36;0.12;0.325;0.159;0.037
18987;0.173;0.273;4.998;0.32;0.31;0.405;0.383;0.74;0.542;1.35;0.12;0.325;0.159;0.034
18988;0.176;0.242;4.998;0.317;0.308;0.403;0.383;0.737;0.532;1.34;0.117;0.322;0.156;0.037
18989;0.176;0.259;4.998;0.322;0.308;0.403;0.383;0.74;0.53;1.343;0.117;0.32;0.159;0.034
18990;0.173;0.269;4.998;0.317;0.305;0.405;0.381;0.742;0.52;1.345;0.12;0.317;0.161;0.037
18991;0.176;0.273;4.998;0.317;0.305;0.403;0.378;0.737;0.515;1.348;0.122;0.317;0.161;0.034
18992;0.176;0.271;4.998;0.315;0.303;0.403;0.381;0.737;0.508;1.355;0.122;0.317;0.159;0.034
18993;0.178;0.269;4.998;0.317;0.303;0.403;0.381;0.74;0.498;1.367;0.125;0.315;0.159;0.034
18994;0.181;0.271;4.998;0.317;0.305;0.408;0.383;0.742;0.491;1.375;0.125;0.315;0.161;0.034
18995;0.181;0.283;4.998;0.317;0.3;0.408;0.381;0.74;0.488;1.396;0.132;0.317;0.161;0.037
18996;0.183;0.266;4.998;0.317;0.303;0.405;0.381;0.742;0.479;1.406;0.127;0.31;0.161;0.034
18997;0.183;0.281;4.998;0.317;0.3;0.403;0.383;0.74;0.469;1.423;0.129;0.312;0.156;0.034
18998;0.186;0.288;4.998;0.317;0.303;0.405;0.386;0.74;0.461;1.438;0.132;0.312;0.159;0.034
18999;0.183;0.251;4.998;0.32;0.298;0.403;0.386;0.74;0.452;1.448;0.129;0.308;0.156;0.037
19000;0.183;0.286;4.998;0.32;0.3;0.403;0.388;0.742;0.444;1.465;0.139;0.31;0.159;0.034
19001;0.181;0.256;4.998;0.32;0.303;0.403;0.391;0.742;0.437;1.477;0.142;0.308;0.159;0.037
19002;0.183;0.269;4.998;0.32;0.303;0.405;0.388;0.742;0.435;1.484;0.139;0.31;0.156;0.037
19003;0.181;0.256;4.998;0.317;0.303;0.403;0.388;0.74;0.425;1.492;0.144;0.308;0.164;0.037
19004;0.178;0.278;4.998;0.317;0.305;0.408;0.388;0.74;0.415;1.501;0.146;0.31;0.161;0.037
19005;0.178;0.242;4.998;0.312;0.3;0.408;0.388;0.74;0.41;1.506;0.146;0.312;0.159;0.037
19006;0.178;0.269;4.998;0.31;0.305;0.41;0.386;0.742;0.403;1.511;0.144;0.312;0.159;0.037
19007;0.173;0.251;4.998;0.312;0.305;0.41;0.388;0.745;0.396;1.511;0.146;0.315;0.159;0.037
19008;0.173;0.259;4.998;0.308;0.308;0.413;0.383;0.742;0.393;1.509;0.146;0.312;0.161;0.039
19009;0.173;0.266;4.941;0.308;0.305;0.415;0.383;0.74;0.383;1.506;0.142;0.315;0.154;0.039
19010;0.171;0.251;2.454;0.308;0.305;0.417;0.383;0.742;0.381;1.501;0.144;0.315;0.159;0.037
19011;0.173;0.266;1.299;0.31;0.305;0.42;0.381;0.74;0.374;1.489;0.139;0.315;0.159;0.037
19012;0.171;0.247;0.933;0.308;0.305;0.417;0.381;0.742;0.369;1.482;0.139;0.325;0.154;0.037
19013;0.171;0.266;0.869;0.308;0.305;0.422;0.378;0.74;0.364;1.465;0.137;0.322;0.156;0.039
19014;0.171;0.247;0.894;0.308;0.303;0.422;0.378;0.74;0.361;1.45;0.134;0.32;0.156;0.034
19015;0.171;0.266;4.702;0.308;0.303;0.417;0.378;0.74;0.356;1.433;0.132;0.325;0.154;0.037
19016;0.171;0.251;4.998;0.305;0.3;0.417;0.383;0.737;0.352;1.414;0.132;0.325;0.159;0.039
19017;0.168;0.254;4.998;0.3;0.298;0.415;0.383;0.742;0.342;1.394;0.122;0.325;0.154;0.039
19018;0.168;0.251;4.419;0.3;0.295;0.417;0.386;0.74;0.344;1.382;0.127;0.327;0.154;0.039
19019;0.171;0.261;2.227;0.298;0.295;0.413;0.391;0.74;0.337;1.357;0.122;0.325;0.156;0.042
19020;0.168;0.259;1.152;0.295;0.295;0.413;0.391;0.742;0.332;1.348;0.12;0.327;0.154;0.039
19021;0.168;0.256;0.676;0.298;0.293;0.413;0.391;0.737;0.327;1.331;0.12;0.327;0.159;0.037
19022;0.171;0.271;0.471;0.3;0.295;0.413;0.391;0.737;0.322;1.318;0.117;0.33;0.156;0.039
19023;0.173;0.259;0.369;0.3;0.295;0.413;0.391;0.74;0.32;1.306;0.117;0.327;0.156;0.042
19024;0.171;0.269;0.33;0.3;0.295;0.41;0.388;0.737;0.312;1.296;0.117;0.332;0.156;0.042
19025;0.176;0.266;0.288;0.298;0.298;0.413;0.386;0.737;0.308;1.287;0.112;0.327;0.156;0.039
19026;0.176;0.278;0.325;0.295;0.293;0.413;0.388;0.735;0.303;1.277;0.112;0.33;0.156;0.039
19027;0.178;0.261;0.283;0.295;0.298;0.413;0.388;0.74;0.303;1.272;0.11;0.325;0.156;0.039
19028;0.173;0.273;0.303;0.295;0.298;0.41;0.388;0.74;0.295;1.265;0.107;0.327;0.154;0.037
19029;0.176;0.254;0.286;0.293;0.298;0.408;0.393;0.737;0.293;1.257;0.11;0.327;0.156;0.039
19030;0.173;0.269;0.273;0.291;0.295;0.405;0.388;0.74;0.281;1.248;0.103;0.325;0.159;0.042
19031;0.173;0.266;0.286;0.288;0.295;0.403;0.386;0.74;0.281;1.245;0.105;0.327;0.159;0.042
19032;0.171;0.259;0.283;0.288;0.295;0.403;0.386;0.737;0.276;1.243;0.105;0.325;0.156;0.037
19033;0.173;0.278;0.276;0.288;0.298;0.4;0.388;0.74;0.276;1.24;0.107;0.325;0.156;0.039
19034;0.171;0.249;0.266;0.291;0.295;0.4;0.383;0.737;0.269;1.235;0.105;0.325;0.159;0.039
19035;0.176;0.271;0.256;0.291;0.295;0.4;0.383;0.735;0.269;1.235;0.107;0.327;0.159;0.039
19036;0.173;0.256;0.256;0.291;0.293;0.398;0.386;0.735;0.264;1.228;0.105;0.327;0.161;0.042
19037;0.171;0.271;0.259;0.298;0.291;0.398;0.381;0.737;0.261;1.233;0.107;0.327;0.161;0.044
19038;0.173;0.269;0.254;0.3;0.291;0.398;0.386;0.737;0.254;1.226;0.103;0.325;0.161;0.042
19039;0.173;0.273;0.254;0.303;0.291;0.398;0.388;0.737;0.251;1.228;0.103;0.325;0.164;0.039
19040;0.173;0.264;0.254;0.31;0.293;0.4;0.391;0.742;0.249;1.223;0.103;0.325;0.161;0.042
19041;0.173;0.276;0.256;0.31;0.293;0.405;0.393;0.74;0.247;1.223;0.1;0.325;0.164;0.039
19042;0.171;0.259;0.251;0.31;0.295;0.405;0.398;0.737;0.247;1.226;0.103;0.322;0.166;0.042
19043;0.171;0.271;0.249;0.31;0.295;0.405;0.4;0.74;0.244;1.228;0.1;0.322;0.166;0.042
19044;0.171;0.266;0.254;0.308;0.295;0.405;0.398;0.737;0.239;1.221;0.1;0.322;0.166;0.042
19045;0.171;0.264;0.249;0.308;0.298;0.405;0.398;0.74;0.237;1.221;0.098;0.32;0.168;0.042
19046;0.171;0.264;0.254;0.305;0.295;0.405;0.398;0.742;0.237;1.216;0.1;0.32;0.168;0.042
19047;0.171;0.264;0.251;0.305;0.293;0.405;0.396;0.745;0.237;1.211;0.098;0.32;0.171;0.044
19048;0.176;0.256;0.261;0.305;0.295;0.403;0.393;0.74;0.234;1.206;0.098;0.317;0.171;0.044
19049;0.173;0.261;0.251;0.305;0.295;0.403;0.391;0.742;0.232;1.199;0.09;0.317;0.166;0.037
19050;0.176;0.264;0.247;0.303;0.293;0.4;0.391;0.742;0.229;1.191;0.09;0.317;0.171;0.042
19051;0.176;0.261;0.251;0.303;0.293;0.4;0.388;0.745;0.229;1.177;0.088;0.315;0.173;0.042
19052;0.173;0.259;0.251;0.303;0.295;0.398;0.388;0.742;0.229;1.174;0.09;0.312;0.171;0.044
19053;0.178;0.259;0.251;0.303;0.295;0.396;0.391;0.745;0.225;1.157;0.088;0.315;0.176;0.042
19054;0.173;0.259;0.251;0.305;0.295;0.396;0.391;0.742;0.229;1.147;0.088;0.315;0.176;0.044
19055;0.176;0.259;0.251;0.305;0.298;0.398;0.391;0.745;0.225;1.138;0.085;0.312;0.176;0.044
19056;0.176;0.259;0.247;0.303;0.298;0.396;0.391;0.745;0.225;1.128;0.083;0.315;0.176;0.044
19057;0.173;0.269;0.249;0.303;0.298;0.396;0.391;0.745;0.222;1.118;0.083;0.31;0.183;0.049
19058;0.173;0.261;0.249;0.3;0.3;0.396;0.391;0.747;0.222;1.111;0.081;0.31;0.181;0.044
19059;0.171;0.273;0.244;0.3;0.3;0.396;0.388;0.745;0.22;1.101;0.078;0.308;0.178;0.042
19060;0.171;0.264;0.239;0.3;0.303;0.396;0.388;0.745;0.22;1.094;0.078;0.308;0.176;0.044
19061;0.168;0.271;0.237;0.3;0.305;0.396;0.386;0.747;0.215;1.084;0.081;0.31;0.181;0.044
19062;0.171;0.276;0.239;0.303;0.308;0.396;0.383;0.745;0.212;1.079;0.076;0.308;0.183;0.044
19063;0.171;0.273;0.234;0.3;0.308;0.396;0.383;0.745;0.212;1.072;0.078;0.308;0.181;0.044
19064;0.171;0.281;0.237;0.303;0.308;0.398;0.386;0.745;0.21;1.067;0.076;0.308;0.183;0.044
19065;0.171;0.281;0.229;0.303;0.308;0.4;0.383;0.745;0.208;1.062;0.076;0.305;0.181;0.044
19066;0.173;0.273;0.229;0.303;0.308;0.398;0.386;0.747;0.21;1.057;0.078;0.308;0.186;0.044
19067;0.171;0.283;0.229;0.303;0.31;0.398;0.388;0.745;0.208;1.06;0.078;0.308;0.183;0.042
19068;0.176;0.276;0.227;0.303;0.31;0.4;0.383;0.742;0.205;1.057;0.076;0.305;0.186;0.044
19069;0.173;0.276;0.225;0.303;0.31;0.398;0.383;0.747;0.203;1.057;0.078;0.305;0.186;0.046
19070;0.176;0.278;0.227;0.3;0.31;0.4;0.386;0.745;0.205;1.057;0.078;0.308;0.188;0.042
19071;0.173;0.273;0.229;0.3;0.31;0.4;0.383;0.745;0.203;1.064;0.078;0.305;0.186;0.044
19072;0.173;0.276;0.232;0.303;0.31;0.405;0.383;0.745;0.2;1.067;0.078;0.305;0.19;0.046
19073;0.173;0.271;0.237;0.3;0.31;0.405;0.386;0.745;0.203;1.072;0.081;0.305;0.19;0.042
19074;0.171;0.264;0.239;0.305;0.31;0.408;0.388;0.742;0.2;1.074;0.083;0.308;0.188;0.044
19075;0.171;0.264;0.244;0.308;0.312;0.408;0.388;0.742;0.203;1.077;0.083;0.305;0.19;0.044
19076;0.168;0.264;0.249;0.305;0.312;0.408;0.386;0.745;0.2;1.074;0.081;0.303;0.188;0.044
19077;0.171;0.259;0.254;0.305;0.31;0.405;0.388;0.742;0.2;1.074;0.081;0.303;0.19;0.042
19078;0.171;0.259;0.256;0.31;0.31;0.403;0.386;0.742;0.205;1.077;0.085;0.303;0.193;0.044
19079;0.171;0.251;0.259;0.31;0.31;0.405;0.386;0.745;0.198;1.074;0.081;0.3;0.195;0.046
19080;0.171;0.256;0.261;0.31;0.31;0.405;0.386;0.742;0.198;1.072;0.083;0.295;0.198;0.044
19081;0.171;0.251;0.261;0.308;0.31;0.405;0.386;0.742;0.195;1.072;0.081;0.293;0.195;0.046
19082;0.171;0.256;0.261;0.305;0.31;0.405;0.381;0.74;0.195;1.069;0.081;0.291;0.198;0.049
19083;0.168;0.256;0.259;0.303;0.31;0.405;0.381;0.74;0.195;1.072;0.078;0.288;0.2;0.046
19084;0.166;0.256;0.259;0.303;0.312;0.403;0.378;0.742;0.195;1.062;0.078;0.286;0.203;0.046
19085;0.168;0.261;0.256;0.303;0.31;0.403;0.376;0.745;0.195;1.064;0.078;0.283;0.198;0.046
19086;0.168;0.264;0.254;0.3;0.312;0.403;0.376;0.74;0.193;1.057;0.078;0.281;0.2;0.044
19087;0.166;0.264;0.251;0.303;0.31;0.403;0.374;0.74;0.193;1.055;0.076;0.278;0.2;0.046
19088;0.164;0.261;0.249;0.308;0.31;0.4;0.374;0.742;0.195;1.045;0.076;0.276;0.203;0.046
19089;0.166;0.261;0.247;0.31;0.312;0.403;0.369;0.742;0.195;1.042;0.073;0.273;0.2;0.046
19090;0.166;0.261;0.244;0.31;0.312;0.4;0.371;0.74;0.193;1.033;0.073;0.271;0.2;0.046
19091;0.168;0.264;0.244;0.315;0.31;0.4;0.369;0.737;0.19;1.028;0.071;0.266;0.203;0.046
19092;0.168;0.264;0.242;0.315;0.312;0.398;0.369;0.74;0.193;1.025;0.071;0.264;0.203;0.046
19093;0.168;0.264;0.244;0.315;0.312;0.398;0.369;0.737;0.193;1.023;0.071;0.264;0.2;0.046
19094;0.171;0.266;0.242;0.317;0.308;0.398;0.366;0.737;0.19;1.021;0.068;0.261;0.205;0.042
19095;0.173;0.264;0.239;0.312;0.31;0.398;0.369;0.74;0.19;1.018;0.071;0.259;0.205;0.046
19096;0.173;0.266;0.237;0.312;0.31;0.398;0.369;0.74;0.19;1.018;0.068;0.256;0.205;0.046
19097;0.171;0.264;0.242;0.308;0.31;0.398;0.371;0.737;0.188;1.013;0.066;0.254;0.205;0.044
19098;0.173;0.269;0.242;0.308;0.31;0.4;0.369;0.74;0.19;1.008;0.066;0.251;0.203;0.044
19099;0.173;0.271;0.247;0.308;0.312;0.4;0.371;0.742;0.19;1.001;0.066;0.251;0.205;0.046
19100;0.173;0.271;0.247;0.308;0.312;0.403;0.371;0.74;0.193;0.994;0.063;0.247;0.203;0.044
19101;0.168;0.273;0.249;0.305;0.312;0.405;0.374;0.74;0.19;0.981;0.063;0.242;0.198;0.044
19102;0.168;0.281;0.254;0.31;0.315;0.408;0.371;0.737;0.193;0.974;0.061;0.244;0.203;0.049
19103;0.166;0.273;0.256;0.308;0.312;0.408;0.374;0.737;0.193;0.962;0.063;0.239;0.203;0.046
19104;0.164;0.278;0.259;0.305;0.315;0.408;0.371;0.737;0.195;0.952;0.063;0.239;0.205;0.044
19105;0.159;0.273;0.261;0.303;0.317;0.405;0.369;0.735;0.193;0.938;0.063;0.237;0.2;0.046
19106;0.161;0.271;0.261;0.303;0.31;0.405;0.366;0.735;0.19;0.925;0.061;0.239;0.203;0.046
19107;0.161;0.273;0.266;0.303;0.31;0.403;0.364;0.737;0.19;0.911;0.059;0.234;0.205;0.049
19108;0.159;0.269;0.266;0.303;0.312;0.403;0.364;0.737;0.193;0.903;0.061;0.234;0.203;0.044
19109;0.156;0.271;0.271;0.308;0.31;0.4;0.361;0.737;0.193;0.891;0.059;0.232;0.2;0.046
19110;0.159;0.264;0.273;0.308;0.312;0.4;0.359;0.74;0.19;0.874;0.056;0.232;0.203;0.044
19111;0.159;0.266;0.269;0.308;0.315;0.4;0.361;0.74;0.188;0.862;0.056;0.227;0.2;0.046
19112;0.156;0.264;0.273;0.308;0.312;0.403;0.359;0.737;0.188;0.845;0.056;0.225;0.198;0.046
19113;0.156;0.264;0.276;0.312;0.312;0.4;0.361;0.735;0.188;0.83;0.056;0.225;0.198;0.039
19114;0.154;0.264;0.273;0.315;0.312;0.403;0.361;0.735;0.188;0.815;0.056;0.225;0.203;0.046
19115;0.154;0.264;0.276;0.315;0.315;0.403;0.361;0.735;0.186;0.798;0.056;0.225;0.2;0.046
19116;0.156;0.259;0.276;0.312;0.315;0.403;0.366;0.737;0.186;0.784;0.056;0.222;0.2;0.044
19117;0.159;0.266;0.271;0.312;0.315;0.405;0.366;0.732;0.188;0.767;0.054;0.22;0.2;0.046
19118;0.161;0.269;0.269;0.31;0.315;0.403;0.369;0.735;0.183;0.75;0.056;0.22;0.195;0.046
19119;0.161;0.269;0.269;0.31;0.315;0.403;0.369;0.737;0.188;0.735;0.056;0.22;0.198;0.044
19120;0.164;0.271;0.269;0.303;0.315;0.4;0.364;0.735;0.186;0.718;0.059;0.217;0.198;0.046
19121;0.166;0.273;0.269;0.3;0.31;0.4;0.366;0.737;0.186;0.698;0.056;0.215;0.195;0.049
19122;0.166;0.273;0.266;0.298;0.31;0.4;0.364;0.735;0.183;0.684;0.054;0.215;0.195;0.046
19123;0.168;0.273;0.264;0.298;0.305;0.4;0.361;0.735;0.186;0.667;0.054;0.215;0.198;0.046
19124;0.171;0.273;0.261;0.295;0.305;0.398;0.359;0.735;0.183;0.649;0.054;0.212;0.195;0.046
19125;0.168;0.276;0.261;0.295;0.303;0.396;0.359;0.732;0.188;0.635;0.054;0.215;0.195;0.046
19126;0.171;0.273;0.256;0.298;0.303;0.396;0.359;0.732;0.188;0.62;0.056;0.215;0.19;0.046
19127;0.171;0.276;0.256;0.3;0.3;0.393;0.361;0.73;0.19;0.601;0.054;0.212;0.193;0.046
19128;0.168;0.273;0.256;0.303;0.303;0.393;0.359;0.732;0.188;0.581;0.051;0.212;0.195;0.046
19129;0.168;0.276;0.256;0.303;0.303;0.396;0.364;0.732;0.188;0.562;0.051;0.212;0.188;0.044
19130;0.168;0.273;0.256;0.3;0.303;0.393;0.361;0.732;0.19;0.544;0.051;0.212;0.19;0.049
19131;0.168;0.271;0.256;0.303;0.305;0.396;0.359;0.732;0.19;0.527;0.051;0.212;0.193;0.046
19132;0.168;0.271;0.261;0.305;0.305;0.398;0.361;0.732;0.193;0.508;0.051;0.215;0.19;0.049
19133;0.168;0.266;0.259;0.308;0.305;0.396;0.361;0.735;0.193;0.491;0.049;0.215;0.19;0.051
19134;0.166;0.266;0.264;0.308;0.305;0.4;0.361;0.732;0.193;0.474;0.051;0.215;0.19;0.049
19135;0.164;0.266;0.266;0.31;0.305;0.398;0.361;0.73;0.19;0.457;0.049;0.212;0.188;0.046
19136;0.166;0.261;0.266;0.31;0.305;0.4;0.361;0.73;0.195;0.442;0.051;0.215;0.19;0.046
19137;0.164;0.264;0.264;0.31;0.308;0.4;0.361;0.732;0.193;0.425;0.049;0.217;0.188;0.049
19138;0.161;0.261;0.266;0.312;0.31;0.4;0.359;0.73;0.195;0.413;0.051;0.217;0.183;0.046
19139;0.161;0.259;0.269;0.315;0.31;0.398;0.361;0.732;0.195;0.393;0.049;0.215;0.188;0.049
19140;0.159;0.264;0.269;0.32;0.305;0.398;0.361;0.732;0.193;0.381;0.046;0.215;0.186;0.046
19141;0.159;0.256;0.271;0.32;0.305;0.396;0.361;0.732;0.195;0.369;0.046;0.217;0.188;0.044
19142;0.156;0.259;0.273;0.317;0.305;0.398;0.364;0.737;0.198;0.354;0.049;0.217;0.188;0.049
19143;0.154;0.259;0.276;0.312;0.303;0.398;0.364;0.735;0.195;0.339;0.046;0.212;0.183;0.046
19144;0.154;0.256;0.276;0.31;0.3;0.393;0.364;0.737;0.2;0.33;0.051;0.217;0.188;0.049
19145;0.151;0.259;0.281;0.308;0.298;0.393;0.361;0.735;0.203;0.32;0.051;0.217;0.19;0.049
19146;0.151;0.259;0.281;0.308;0.298;0.391;0.364;0.735;0.198;0.308;0.051;0.217;0.186;0.049
19147;0.151;0.259;0.278;0.308;0.298;0.393;0.361;0.735;0.2;0.295;0.054;0.217;0.183;0.051
19148;0.151;0.256;0.278;0.305;0.3;0.391;0.364;0.737;0.2;0.286;0.056;0.22;0.188;0.049
19149;0.151;0.256;0.283;0.303;0.298;0.391;0.361;0.74;0.2;0.273;0.056;0.217;0.186;0.049
19150;0.154;0.259;0.283;0.303;0.298;0.388;0.364;0.735;0.2;0.269;0.059;0.217;0.186;0.046
19151;0.151;0.259;0.286;0.308;0.298;0.388;0.364;0.735;0.205;0.261;0.059;0.215;0.186;0.051
19152;0.151;0.259;0.283;0.308;0.298;0.388;0.366;0.735;0.205;0.254;0.063;0.217;0.188;0.051
19153;0.154;0.256;0.286;0.308;0.298;0.388;0.366;0.735;0.205;0.244;0.066;0.217;0.188;0.046
19154;0.154;0.254;0.288;0.31;0.298;0.388;0.369;0.735;0.205;0.234;0.068;0.215;0.186;0.049
19155;0.154;0.261;0.291;0.312;0.3;0.388;0.371;0.732;0.205;0.227;0.068;0.215;0.188;0.049
19156;0.156;0.256;0.293;0.308;0.3;0.386;0.374;0.735;0.205;0.22;0.073;0.215;0.186;0.051
19157;0.159;0.259;0.295;0.305;0.3;0.386;0.374;0.735;0.205;0.212;0.076;0.212;0.188;0.051
19158;0.156;0.264;0.298;0.303;0.3;0.386;0.378;0.728;0.21;0.205;0.078;0.215;0.186;0.049
19159;0.161;0.259;0.3;0.303;0.303;0.386;0.376;0.732;0.21;0.203;0.083;0.212;0.186;0.049
19160;0.161;0.261;0.303;0.303;0.303;0.386;0.376;0.732;0.208;0.195;0.081;0.21;0.183;0.049
19161;0.164;0.259;0.303;0.303;0.3;0.388;0.371;0.728;0.208;0.19;0.085;0.212;0.188;0.049
19162;0.166;0.259;0.303;0.303;0.3;0.386;0.371;0.73;0.21;0.186;0.09;0.212;0.183;0.049
19163;0.168;0.261;0.303;0.303;0.3;0.388;0.371;0.732;0.21;0.181;0.093;0.212;0.188;0.046
19164;0.166;0.259;0.293;0.303;0.303;0.388;0.366;0.732;0.21;0.178;0.095;0.215;0.186;0.049
19165;0.166;0.264;0.295;0.303;0.303;0.388;0.366;0.73;0.21;0.171;0.095;0.21;0.186;0.049
19166;0.164;0.261;0.293;0.3;0.303;0.391;0.364;0.73;0.212;0.168;0.098;0.212;0.186;0.046
19167;0.164;0.261;0.288;0.303;0.3;0.388;0.361;0.73;0.215;0.166;0.1;0.21;0.188;0.049
19168;0.164;0.261;0.288;0.305;0.3;0.388;0.364;0.73;0.212;0.164;0.103;0.21;0.186;0.051
19169;0.161;0.259;0.283;0.305;0.303;0.391;0.366;0.73;0.212;0.156;0.103;0.21;0.186;0.049
19170;0.161;0.256;0.286;0.308;0.3;0.391;0.364;0.732;0.217;0.154;0.103;0.21;0.19;0.049
19171;0.154;0.259;0.288;0.308;0.298;0.391;0.366;0.73;0.215;0.151;0.105;0.205;0.188;0.049
19172;0.156;0.256;0.283;0.312;0.3;0.396;0.366;0.735;0.22;0.146;0.107;0.208;0.19;0.049
19173;0.156;0.259;0.283;0.315;0.298;0.396;0.364;0.732;0.22;0.144;0.107;0.21;0.188;0.046
19174;0.151;0.261;0.283;0.32;0.3;0.396;0.366;0.732;0.22;0.142;0.107;0.208;0.19;0.049
19175;0.151;0.256;0.283;0.32;0.298;0.393;0.364;0.732;0.22;0.137;0.107;0.208;0.193;0.046
19176;0.156;0.259;0.281;0.32;0.3;0.393;0.366;0.732;0.22;0.134;0.105;0.205;0.188;0.049
19177;0.159;0.256;0.278;0.325;0.3;0.393;0.361;0.735;0.225;0.134;0.107;0.205;0.188;0.049
19178;0.178;0.259;0.276;0.325;0.3;0.391;0.364;0.732;0.22;0.129;0.105;0.203;0.19;0.046
19179;0.229;0.261;0.278;0.327;0.303;0.391;0.361;0.73;0.222;0.127;0.107;0.205;0.19;0.046
19180;0.271;0.261;0.281;0.327;0.303;0.388;0.359;0.732;0.225;0.125;0.105;0.2;0.19;0.049
19181;0.342;0.261;0.281;0.327;0.305;0.388;0.361;0.732;0.222;0.122;0.105;0.203;0.188;0.049
19182;0.327;0.261;0.281;0.327;0.308;0.388;0.359;0.732;0.222;0.122;0.107;0.203;0.19;0.049
19183;0.332;0.259;0.278;0.327;0.308;0.386;0.361;0.73;0.225;0.12;0.107;0.2;0.188;0.046
19184;0.278;0.261;0.281;0.327;0.31;0.386;0.361;0.728;0.225;0.12;0.107;0.203;0.19;0.049
19185;0.31;0.261;0.281;0.332;0.308;0.381;0.361;0.728;0.225;0.117;0.105;0.203;0.195;0.051
19186;0.283;0.261;0.286;0.327;0.308;0.383;0.366;0.728;0.225;0.112;0.105;0.2;0.19;0.049
19187;0.271;0.256;0.283;0.33;0.305;0.381;0.364;0.725;0.225;0.112;0.107;0.205;0.188;0.049
19188;0.295;0.256;0.286;0.332;0.305;0.381;0.364;0.725;0.229;0.115;0.11;0.208;0.188;0.049
19189;0.259;0.254;0.288;0.332;0.303;0.381;0.366;0.725;0.225;0.107;0.105;0.205;0.188;0.046
19190;0.278;0.254;0.288;0.33;0.303;0.381;0.366;0.728;0.227;0.105;0.107;0.205;0.19;0.049
19191;0.3;0.254;0.291;0.332;0.3;0.381;0.366;0.725;0.229;0.107;0.105;0.205;0.188;0.049
19192;0.305;0.254;0.293;0.33;0.3;0.381;0.366;0.723;0.229;0.103;0.107;0.205;0.19;0.049
19193;0.266;0.251;0.293;0.33;0.3;0.381;0.366;0.723;0.229;0.103;0.107;0.208;0.19;0.046
19194;0.276;0.254;0.298;0.33;0.303;0.383;0.366;0.723;0.225;0.103;0.107;0.205;0.188;0.049
19195;0.298;0.251;0.3;0.33;0.303;0.383;0.364;0.725;0.229;0.1;0.11;0.205;0.19;0.049
19196;0.271;0.251;0.3;0.325;0.303;0.386;0.361;0.725;0.229;0.1;0.112;0.21;0.19;0.049
19197;0.3;0.249;0.3;0.32;0.303;0.386;0.359;0.723;0.229;0.098;0.11;0.208;0.193;0.046
19198;0.288;0.249;0.303;0.32;0.303;0.386;0.361;0.723;0.227;0.098;0.115;0.21;0.188;0.049
19199;0.305;0.249;0.303;0.315;0.303;0.388;0.361;0.723;0.227;0.095;0.12;0.212;0.193;0.049
19200;0.286;0.247;0.305;0.317;0.3;0.388;0.361;0.72;0.229;0.093;0.12;0.215;0.19;0.049
19201;0.278;0.247;0.305;0.312;0.298;0.388;0.364;0.723;0.227;0.093;0.122;0.212;0.19;0.046
19202;0.278;0.244;0.303;0.31;0.303;0.393;0.366;0.723;0.229;0.093;0.122;0.217;0.19;0.046
19203;0.264;0.247;0.3;0.31;0.3;0.391;0.366;0.72;0.227;0.093;0.125;0.217;0.19;0.046
19204;0.283;0.239;0.303;0.312;0.3;0.388;0.369;0.723;0.225;0.09;0.125;0.217;0.188;0.049
19205;0.281;0.244;0.3;0.312;0.295;0.388;0.369;0.72;0.225;0.088;0.127;0.22;0.193;0.051
19206;0.291;0.239;0.295;0.312;0.295;0.388;0.366;0.718;0.225;0.088;0.127;0.225;0.19;0.046
19207;0.269;0.244;0.295;0.31;0.295;0.391;0.361;0.718;0.222;0.085;0.127;0.222;0.195;0.046
19208;0.286;0.244;0.293;0.31;0.293;0.391;0.361;0.72;0.225;0.085;0.127;0.227;0.188;0.044
19209;0.283;0.242;0.291;0.31;0.291;0.388;0.359;0.718;0.222;0.083;0.127;0.227;0.19;0.046
19210;0.283;0.242;0.286;0.31;0.291;0.388;0.354;0.718;0.222;0.081;0.125;0.229;0.193;0.049
19211;0.264;0.237;0.286;0.308;0.291;0.386;0.354;0.715;0.222;0.083;0.122;0.234;0.195;0.049
19212;0.281;0.237;0.286;0.31;0.291;0.388;0.352;0.72;0.222;0.078;0.122;0.232;0.19;0.049
19213;0.283;0.239;0.288;0.31;0.291;0.391;0.356;0.718;0.22;0.078;0.122;0.237;0.19;0.049
19214;0.291;0.237;0.286;0.312;0.293;0.383;0.356;0.718;0.222;0.078;0.12;0.237;0.195;0.046
19215;0.286;0.237;0.286;0.312;0.293;0.388;0.356;0.718;0.22;0.076;0.12;0.242;0.19;0.049
19216;0.291;0.234;0.291;0.315;0.295;0.386;0.354;0.718;0.22;0.078;0.12;0.242;0.195;0.049
19217;0.276;0.237;0.291;0.312;0.295;0.386;0.356;0.718;0.22;0.073;0.117;0.244;0.193;0.046
19218;0.283;0.237;0.291;0.312;0.295;0.386;0.361;0.72;0.22;0.073;0.117;0.244;0.19;0.046
19219;0.283;0.239;0.295;0.315;0.295;0.388;0.359;0.718;0.22;0.073;0.12;0.247;0.193;0.049
19220;0.295;0.237;0.295;0.317;0.295;0.383;0.356;0.715;0.215;0.073;0.117;0.247;0.19;0.046
19221;0.291;0.244;0.3;0.315;0.295;0.388;0.359;0.715;0.217;0.073;0.12;0.251;0.193;0.049
19222;0.295;0.244;0.305;0.315;0.295;0.383;0.356;0.715;0.215;0.073;0.117;0.251;0.188;0.046
19223;0.298;0.247;0.31;0.315;0.295;0.381;0.354;0.715;0.217;0.073;0.12;0.256;0.19;0.046
19224;0.293;0.251;0.33;0.312;0.298;0.381;0.349;0.713;0.217;0.071;0.12;0.256;0.188;0.046
19225;0.298;0.251;0.312;0.312;0.295;0.381;0.352;0.715;0.217;0.073;0.122;0.256;0.19;0.046
19226;0.281;0.256;0.315;0.31;0.293;0.381;0.349;0.713;0.215;0.071;0.115;0.259;0.188;0.051
19227;0.3;0.254;0.315;0.31;0.298;0.383;0.352;0.713;0.212;0.068;0.117;0.261;0.181;0.039
19228;0.288;0.254;0.312;0.31;0.295;0.383;0.349;0.715;0.215;0.071;0.12;0.259;0.186;0.046
19229;0.295;0.256;0.312;0.31;0.295;0.386;0.352;0.715;0.217;0.068;0.117;0.261;0.183;0.046
19230;0.295;0.254;0.315;0.308;0.295;0.386;0.352;0.715;0.217;0.068;0.117;0.266;0.186;0.049
19231;0.295;0.251;0.327;0.308;0.295;0.388;0.356;0.715;0.215;0.063;0.115;0.266;0.183;0.046
19232;0.288;0.251;0.337;0.312;0.298;0.388;0.356;0.715;0.215;0.066;0.115;0.269;0.183;0.049
19233;0.283;0.249;0.334;0.312;0.295;0.391;0.359;0.715;0.212;0.063;0.115;0.269;0.183;0.044
19234;0.271;0.249;0.344;0.31;0.293;0.388;0.359;0.715;0.215;0.063;0.112;0.269;0.181;0.046
19235;0.283;0.247;0.359;0.31;0.293;0.388;0.359;0.718;0.215;0.063;0.112;0.269;0.181;0.046
19236;0.283;0.244;0.361;0.308;0.293;0.391;0.356;0.715;0.215;0.061;0.11;0.271;0.181;0.046
19237;0.286;0.242;0.386;0.305;0.291;0.388;0.354;0.713;0.215;0.061;0.11;0.269;0.178;0.049
19238;0.286;0.239;0.403;0.303;0.288;0.391;0.354;0.715;0.212;0.059;0.105;0.269;0.178;0.044
19239;0.278;0.242;0.393;0.303;0.288;0.388;0.352;0.715;0.212;0.059;0.107;0.271;0.176;0.044
19240;0.283;0.237;0.454;0.305;0.288;0.388;0.352;0.718;0.217;0.061;0.105;0.273;0.176;0.046
19241;0.278;0.237;0.63;0.303;0.288;0.388;0.352;0.715;0.215;0.059;0.107;0.269;0.176;0.046
19242;0.278;0.232;0.605;0.303;0.288;0.386;0.352;0.718;0.215;0.059;0.1;0.266;0.176;0.046
19243;0.276;0.234;0.701;0.298;0.288;0.386;0.352;0.715;0.215;0.059;0.1;0.264;0.176;0.046
19244;0.281;0.229;0.667;0.298;0.291;0.386;0.354;0.715;0.215;0.059;0.103;0.264;0.173;0.046
19245;0.281;0.234;0.852;0.293;0.295;0.386;0.354;0.713;0.215;0.056;0.1;0.261;0.173;0.046
19246;0.286;0.229;0.835;0.293;0.291;0.381;0.354;0.713;0.215;0.056;0.098;0.261;0.173;0.046
19247;0.281;0.232;1.016;0.293;0.293;0.381;0.356;0.715;0.215;0.059;0.1;0.259;0.173;0.049
19248;0.281;0.229;0.764;0.295;0.295;0.383;0.356;0.713;0.215;0.056;0.095;0.254;0.171;0.046
19249;0.276;0.229;0.896;0.295;0.291;0.383;0.356;0.713;0.215;0.056;0.095;0.247;0.171;0.049
19250;0.281;0.229;0.947;0.293;0.288;0.383;0.359;0.713;0.215;0.056;0.095;0.244;0.181;0.054
19251;0.283;0.229;0.857;0.293;0.288;0.383;0.356;0.713;0.215;0.054;0.093;0.242;0.173;0.049
19252;0.286;0.229;0.901;0.295;0.288;0.381;0.361;0.713;0.215;0.054;0.093;0.234;0.168;0.049
19253;0.286;0.232;3.267;0.295;0.283;0.381;0.356;0.718;0.215;0.054;0.088;0.234;0.171;0.044
19254;0.281;0.234;1.931;0.293;0.281;0.381;0.356;0.715;0.212;0.051;0.09;0.229;0.171;0.049
19255;0.286;0.234;4.998;0.298;0.281;0.381;0.352;0.718;0.217;0.054;0.088;0.225;0.168;0.051
19256;0.278;0.237;4.998;0.3;0.278;0.383;0.354;0.718;0.215;0.054;0.085;0.22;0.168;0.049
19257;0.283;0.237;4.998;0.303;0.273;0.386;0.352;0.718;0.22;0.051;0.083;0.217;0.168;0.049
19258;0.286;0.239;4.998;0.303;0.276;0.383;0.352;0.718;0.215;0.051;0.083;0.21;0.168;0.051
19259;0.286;0.237;4.998;0.303;0.273;0.386;0.349;0.718;0.215;0.049;0.081;0.208;0.171;0.051
19260;0.288;0.239;4.998;0.305;0.276;0.383;0.352;0.718;0.212;0.049;0.078;0.203;0.168;0.049
19261;0.288;0.237;4.998;0.303;0.278;0.386;0.352;0.718;0.212;0.046;0.078;0.2;0.166;0.049
19262;0.293;0.237;4.998;0.3;0.276;0.386;0.349;0.718;0.215;0.049;0.078;0.2;0.168;0.049
19263;0.288;0.239;4.998;0.3;0.276;0.386;0.349;0.715;0.215;0.049;0.076;0.195;0.168;0.051
19264;0.291;0.237;4.998;0.298;0.278;0.388;0.352;0.72;0.21;0.046;0.073;0.193;0.168;0.051
19265;0.291;0.234;4.998;0.3;0.276;0.388;0.352;0.718;0.212;0.049;0.073;0.188;0.176;0.056
19266;0.291;0.239;4.998;0.303;0.276;0.386;0.354;0.718;0.21;0.049;0.071;0.186;0.168;0.049
19267;0.298;0.237;4.998;0.305;0.276;0.386;0.352;0.718;0.208;0.046;0.071;0.186;0.171;0.049
19268;0.298;0.239;4.998;0.305;0.278;0.386;0.354;0.715;0.208;0.044;0.068;0.181;0.171;0.051
19269;0.3;0.237;4.998;0.305;0.276;0.383;0.354;0.718;0.208;0.044;0.068;0.181;0.171;0.049
19270;0.303;0.237;4.998;0.305;0.276;0.383;0.356;0.718;0.205;0.044;0.071;0.181;0.168;0.051
19271;0.295;0.237;4.998;0.303;0.276;0.383;0.359;0.715;0.205;0.042;0.066;0.176;0.171;0.051
19272;0.3;0.237;4.998;0.3;0.278;0.381;0.356;0.715;0.205;0.042;0.063;0.173;0.171;0.054
19273;0.298;0.234;4.998;0.298;0.276;0.381;0.354;0.713;0.205;0.044;0.066;0.173;0.171;0.054
19274;0.303;0.234;4.998;0.3;0.276;0.378;0.356;0.713;0.203;0.042;0.066;0.173;0.173;0.054
19275;0.303;0.229;4.998;0.3;0.276;0.378;0.354;0.713;0.203;0.039;0.063;0.173;0.171;0.054
19276;0.303;0.232;4.998;0.303;0.276;0.376;0.356;0.71;0.203;0.042;0.063;0.171;0.173;0.049
19277;0.3;0.232;4.998;0.3;0.278;0.376;0.356;0.713;0.203;0.039;0.066;0.171;0.173;0.054
19278;0.295;0.232;4.998;0.3;0.278;0.376;0.356;0.713;0.2;0.039;0.061;0.171;0.178;0.054
19279;0.293;0.232;4.998;0.305;0.278;0.374;0.356;0.713;0.205;0.042;0.061;0.171;0.176;0.054
19280;0.293;0.227;4.998;0.31;0.278;0.374;0.356;0.713;0.203;0.042;0.063;0.168;0.176;0.056
19281;0.295;0.227;4.998;0.31;0.281;0.374;0.359;0.715;0.203;0.039;0.061;0.164;0.178;0.051
19282;0.295;0.227;4.998;0.308;0.283;0.378;0.354;0.715;0.203;0.039;0.061;0.166;0.178;0.054
19283;0.298;0.225;4.998;0.303;0.283;0.378;0.356;0.715;0.205;0.039;0.061;0.168;0.178;0.051
19284;0.295;0.227;4.998;0.303;0.283;0.378;0.354;0.715;0.203;0.037;0.061;0.168;0.181;0.056
19285;0.293;0.225;4.998;0.298;0.283;0.381;0.356;0.713;0.205;0.039;0.061;0.166;0.181;0.051
19286;0.293;0.225;4.998;0.298;0.286;0.383;0.359;0.715;0.2;0.039;0.059;0.166;0.181;0.054
19287;0.288;0.22;4.998;0.3;0.283;0.383;0.359;0.715;0.205;0.039;0.061;0.168;0.181;0.056
19288;0.288;0.22;4.998;0.3;0.286;0.383;0.359;0.713;0.205;0.037;0.056;0.166;0.181;0.054
19289;0.283;0.22;4.998;0.295;0.286;0.383;0.359;0.715;0.208;0.039;0.059;0.168;0.186;0.054
19290;0.288;0.222;4.998;0.298;0.286;0.386;0.359;0.713;0.205;0.037;0.056;0.166;0.181;0.054
19291;0.283;0.22;4.998;0.295;0.283;0.383;0.354;0.713;0.205;0.037;0.059;0.166;0.186;0.056
19292;0.288;0.222;4.998;0.295;0.286;0.383;0.352;0.713;0.21;0.039;0.056;0.166;0.183;0.051
19293;0.283;0.22;4.998;0.293;0.286;0.383;0.352;0.715;0.208;0.039;0.054;0.161;0.188;0.054
19294;0.283;0.22;4.998;0.298;0.283;0.383;0.347;0.715;0.21;0.039;0.056;0.164;0.188;0.054
19295;0.281;0.222;4.998;0.298;0.283;0.381;0.349;0.715;0.21;0.037;0.056;0.164;0.19;0.054
19296;0.276;0.217;4.998;0.295;0.283;0.381;0.349;0.715;0.212;0.037;0.051;0.166;0.188;0.054
19297;0.278;0.22;4.998;0.293;0.281;0.381;0.352;0.715;0.208;0.034;0.054;0.156;0.186;0.054
19298;0.278;0.22;4.998;0.293;0.281;0.381;0.349;0.715;0.212;0.042;0.056;0.161;0.19;0.054
19299;0.281;0.217;4.998;0.291;0.281;0.381;0.352;0.718;0.215;0.039;0.054;0.161;0.195;0.054
19300;0.281;0.22;4.998;0.291;0.281;0.381;0.352;0.718;0.215;0.037;0.054;0.156;0.19;0.054
19301;0.281;0.217;4.998;0.288;0.278;0.378;0.352;0.718;0.217;0.039;0.056;0.156;0.193;0.054
19302;0.283;0.22;4.998;0.288;0.276;0.378;0.354;0.718;0.217;0.042;0.054;0.154;0.193;0.051
19303;0.283;0.217;4.998;0.291;0.276;0.378;0.354;0.715;0.217;0.039;0.054;0.154;0.193;0.054
19304;0.286;0.22;4.998;0.288;0.278;0.378;0.356;0.718;0.22;0.042;0.054;0.154;0.193;0.054
19305;0.288;0.22;4.998;0.288;0.278;0.378;0.356;0.715;0.217;0.042;0.056;0.151;0.193;0.054
19306;0.293;0.22;4.998;0.288;0.281;0.381;0.356;0.718;0.222;0.039;0.056;0.151;0.195;0.056
19307;0.295;0.222;4.998;0.291;0.281;0.378;0.356;0.718;0.225;0.039;0.054;0.151;0.198;0.056
19308;0.295;0.222;4.998;0.286;0.283;0.378;0.356;0.715;0.227;0.039;0.059;0.149;0.198;0.054
19309;0.298;0.222;4.998;0.286;0.283;0.381;0.359;0.718;0.229;0.037;0.054;0.146;0.2;0.054
19310;0.298;0.22;4.998;0.281;0.283;0.378;0.356;0.72;0.229;0.039;0.059;0.146;0.2;0.054
19311;0.295;0.222;4.998;0.286;0.286;0.381;0.354;0.72;0.227;0.037;0.056;0.146;0.2;0.054
19312;0.298;0.22;4.998;0.286;0.283;0.381;0.352;0.718;0.232;0.037;0.061;0.144;0.2;0.056
19313;0.303;0.222;3.752;0.288;0.283;0.381;0.354;0.72;0.234;0.034;0.061;0.144;0.203;0.051
19314;0.3;0.217;2.009;0.286;0.283;0.378;0.349;0.72;0.232;0.037;0.061;0.144;0.198;0.051
19315;0.3;0.22;1.155;0.286;0.283;0.381;0.349;0.715;0.234;0.039;0.063;0.139;0.203;0.054
19316;0.3;0.22;0.713;0.286;0.283;0.381;0.347;0.715;0.232;0.032;0.056;0.137;0.203;0.051
19317;0.3;0.22;0.613;0.283;0.281;0.383;0.347;0.715;0.239;0.037;0.063;0.139;0.203;0.056
19318;0.3;0.222;0.698;0.283;0.286;0.386;0.347;0.718;0.234;0.037;0.061;0.139;0.208;0.054
19319;0.298;0.222;0.627;0.281;0.283;0.386;0.342;0.718;0.237;0.037;0.066;0.142;0.208;0.049
19320;0.298;0.22;0.771;0.278;0.281;0.388;0.342;0.718;0.239;0.039;0.066;0.139;0.205;0.051
19321;0.293;0.22;0.569;0.278;0.283;0.388;0.344;0.718;0.234;0.037;0.063;0.139;0.208;0.051
19322;0.295;0.22;0.569;0.281;0.283;0.388;0.342;0.715;0.239;0.039;0.068;0.139;0.208;0.051
19323;0.291;0.22;0.564;0.276;0.286;0.388;0.339;0.713;0.237;0.042;0.066;0.137;0.208;0.054
19324;0.291;0.217;0.527;0.278;0.286;0.388;0.339;0.715;0.237;0.034;0.066;0.137;0.21;0.049
19325;0.288;0.217;0.522;0.281;0.288;0.388;0.339;0.713;0.239;0.037;0.066;0.134;0.208;0.054
19326;0.286;0.22;0.425;0.281;0.288;0.388;0.337;0.713;0.237;0.037;0.068;0.134;0.208;0.049
19327;0.286;0.222;0.464;0.281;0.288;0.383;0.337;0.71;0.239;0.039;0.068;0.134;0.212;0.051
19328;0.288;0.22;0.422;0.281;0.288;0.383;0.339;0.71;0.239;0.037;0.068;0.134;0.21;0.049
19329;0.283;0.222;0.398;0.286;0.288;0.383;0.337;0.71;0.239;0.037;0.066;0.132;0.21;0.051
19330;0.283;0.225;0.488;0.286;0.291;0.381;0.337;0.708;0.242;0.042;0.071;0.132;0.212;0.049
19331;0.283;0.225;0.754;0.286;0.288;0.383;0.337;0.708;0.239;0.039;0.068;0.132;0.208;0.044
19332;0.283;0.222;0.869;0.286;0.288;0.381;0.337;0.71;0.239;0.037;0.068;0.129;0.212;0.051
19333;0.281;0.225;0.579;0.286;0.286;0.381;0.339;0.71;0.244;0.039;0.073;0.129;0.217;0.049
19334;0.281;0.227;0.544;0.283;0.286;0.381;0.339;0.71;0.244;0.039;0.071;0.127;0.215;0.051
19335;0.281;0.225;0.361;0.283;0.288;0.386;0.339;0.713;0.244;0.042;0.076;0.127;0.212;0.049
19336;0.286;0.225;0.417;0.278;0.286;0.381;0.339;0.71;0.242;0.042;0.073;0.125;0.217;0.049
19337;0.283;0.225;0.352;0.278;0.283;0.381;0.339;0.708;0.242;0.034;0.073;0.125;0.215;0.049
19338;0.283;0.222;0.291;0.281;0.283;0.378;0.339;0.708;0.244;0.037;0.076;0.125;0.217;0.049
19339;0.286;0.225;0.293;0.281;0.283;0.381;0.339;0.708;0.242;0.034;0.076;0.122;0.215;0.046
19340;0.286;0.225;0.291;0.281;0.281;0.378;0.337;0.706;0.247;0.037;0.078;0.122;0.215;0.044
19341;0.283;0.227;0.276;0.283;0.281;0.376;0.337;0.708;0.244;0.034;0.076;0.122;0.215;0.049
19342;0.286;0.227;0.276;0.283;0.283;0.374;0.337;0.71;0.247;0.037;0.078;0.122;0.212;0.044
19343;0.286;0.227;0.278;0.283;0.283;0.376;0.334;0.708;0.247;0.037;0.081;0.117;0.217;0.049
19344;0.283;0.227;0.312;0.281;0.286;0.376;0.339;0.71;0.251;0.039;0.083;0.117;0.215;0.046
19345;0.291;0.229;0.305;0.281;0.283;0.371;0.339;0.713;0.249;0.034;0.081;0.115;0.215;0.046
19346;0.288;0.227;0.281;0.281;0.286;0.374;0.337;0.71;0.251;0.034;0.083;0.115;0.217;0.046
19347;0.291;0.227;0.378;0.283;0.288;0.374;0.342;0.71;0.254;0.034;0.083;0.112;0.215;0.044
19348;0.288;0.229;0.315;0.281;0.286;0.371;0.339;0.708;0.251;0.032;0.081;0.112;0.212;0.046
19349;0.288;0.229;0.334;0.281;0.286;0.371;0.337;0.71;0.256;0.037;0.081;0.115;0.217;0.044
19350;0.288;0.229;0.337;0.281;0.286;0.371;0.332;0.71;0.259;0.029;0.081;0.112;0.215;0.046
19351;0.288;0.227;0.305;0.283;0.288;0.374;0.332;0.708;0.261;0.037;0.083;0.112;0.215;0.044
19352;0.288;0.225;0.317;0.281;0.286;0.371;0.334;0.708;0.261;0.034;0.083;0.112;0.215;0.046
19353;0.288;0.227;0.349;0.281;0.286;0.374;0.334;0.708;0.264;0.034;0.083;0.112;0.215;0.044
19354;0.291;0.227;0.278;0.281;0.288;0.374;0.332;0.708;0.269;0.034;0.085;0.115;0.217;0.049
19355;0.291;0.225;0.278;0.281;0.288;0.376;0.332;0.708;0.269;0.032;0.085;0.115;0.215;0.044
19356;0.288;0.227;0.266;0.276;0.291;0.378;0.334;0.706;0.271;0.032;0.085;0.11;0.215;0.046
19357;0.288;0.225;0.259;0.278;0.288;0.376;0.337;0.706;0.271;0.032;0.085;0.112;0.212;0.042
19358;0.291;0.222;0.239;0.276;0.291;0.378;0.334;0.703;0.276;0.034;0.09;0.11;0.215;0.046
19359;0.288;0.222;0.242;0.273;0.291;0.376;0.339;0.706;0.276;0.032;0.09;0.11;0.215;0.044
19360;0.288;0.225;0.273;0.276;0.288;0.376;0.339;0.706;0.278;0.032;0.093;0.11;0.212;0.042
19361;0.291;0.22;0.249;0.276;0.288;0.378;0.339;0.703;0.281;0.032;0.093;0.11;0.215;0.044
19362;0.291;0.22;0.237;0.273;0.288;0.376;0.339;0.703;0.281;0.032;0.095;0.112;0.215;0.042
19363;0.291;0.217;0.237;0.276;0.283;0.378;0.339;0.706;0.281;0.029;0.093;0.11;0.212;0.044
19364;0.291;0.215;0.259;0.278;0.283;0.374;0.339;0.703;0.281;0.029;0.095;0.11;0.212;0.044
19365;0.291;0.212;0.269;0.278;0.281;0.374;0.342;0.703;0.281;0.032;0.1;0.112;0.215;0.044
19366;0.291;0.208;0.281;0.276;0.281;0.374;0.342;0.703;0.283;0.032;0.098;0.107;0.217;0.042
19367;0.291;0.21;0.266;0.278;0.281;0.374;0.344;0.706;0.281;0.032;0.1;0.11;0.212;0.042
19368;0.293;0.21;0.244;0.278;0.281;0.371;0.344;0.706;0.283;0.029;0.1;0.112;0.215;0.044
19369;0.291;0.212;0.259;0.278;0.281;0.374;0.347;0.706;0.283;0.029;0.098;0.112;0.215;0.044
19370;0.291;0.208;0.234;0.276;0.283;0.369;0.344;0.706;0.288;0.029;0.1;0.11;0.212;0.042
19371;0.291;0.21;0.232;0.276;0.281;0.371;0.344;0.706;0.288;0.029;0.1;0.112;0.215;0.042
19372;0.291;0.212;0.232;0.271;0.283;0.374;0.342;0.708;0.291;0.034;0.103;0.115;0.215;0.044
19373;0.293;0.208;0.237;0.271;0.283;0.369;0.344;0.71;0.291;0.032;0.1;0.112;0.212;0.042
19374;0.291;0.208;0.242;0.269;0.286;0.371;0.344;0.708;0.293;0.029;0.1;0.112;0.215;0.044
19375;0.295;0.21;0.239;0.264;0.283;0.371;0.339;0.708;0.298;0.032;0.1;0.112;0.217;0.044
19376;0.295;0.21;0.239;0.266;0.283;0.374;0.339;0.71;0.298;0.027;0.098;0.112;0.217;0.039
19377;0.295;0.21;0.234;0.264;0.286;0.371;0.339;0.71;0.298;0.027;0.098;0.112;0.215;0.044
19378;0.295;0.212;0.237;0.266;0.286;0.374;0.337;0.713;0.3;0.027;0.098;0.11;0.217;0.042
19379;0.298;0.215;0.237;0.266;0.283;0.374;0.337;0.71;0.303;0.029;0.1;0.115;0.215;0.042
19380;0.298;0.21;0.237;0.266;0.281;0.371;0.337;0.713;0.303;0.029;0.095;0.115;0.217;0.042
19381;0.295;0.212;0.291;0.269;0.278;0.371;0.337;0.708;0.305;0.032;0.093;0.115;0.217;0.044
19382;0.298;0.212;0.625;0.271;0.281;0.376;0.337;0.713;0.298;0.029;0.093;0.112;0.217;0.039
19383;0.298;0.217;0.823;0.273;0.281;0.374;0.339;0.71;0.303;0.032;0.093;0.112;0.215;0.042
19384;0.298;0.215;0.896;0.278;0.283;0.371;0.344;0.71;0.303;0.027;0.095;0.115;0.22;0.044
19385;0.3;0.215;0.955;0.278;0.283;0.371;0.344;0.713;0.305;0.029;0.093;0.115;0.217;0.042
19386;0.3;0.215;0.879;0.276;0.283;0.371;0.347;0.715;0.291;0.029;0.088;0.115;0.22;0.042
19387;0.298;0.215;0.881;0.276;0.286;0.371;0.344;0.71;0.298;0.029;0.088;0.112;0.22;0.042
19388;0.3;0.217;0.906;0.273;0.286;0.369;0.347;0.708;0.305;0.034;0.093;0.117;0.222;0.042
19389;0.298;0.22;4.998;0.273;0.286;0.371;0.349;0.71;0.308;0.029;0.088;0.117;0.22;0.039
19390;0.3;0.22;4.998;0.273;0.286;0.371;0.347;0.713;0.312;0.027;0.083;0.112;0.22;0.044
19391;0.3;0.217;4.998;0.273;0.286;0.369;0.347;0.713;0.315;0.029;0.083;0.115;0.22;0.042
19392;0.3;0.217;4.998;0.276;0.288;0.371;0.344;0.713;0.31;0.029;0.083;0.117;0.22;0.042
19393;0.298;0.22;4.998;0.276;0.286;0.371;0.347;0.713;0.312;0.032;0.083;0.115;0.217;0.042
19394;0.3;0.22;4.998;0.273;0.283;0.374;0.344;0.713;0.317;0.029;0.081;0.12;0.222;0.042
19395;0.3;0.22;4.998;0.273;0.286;0.371;0.342;0.713;0.315;0.032;0.078;0.117;0.222;0.042
19396;0.295;0.222;4.998;0.273;0.283;0.376;0.342;0.713;0.315;0.027;0.078;0.117;0.222;0.039
19397;0.293;0.225;4.998;0.271;0.281;0.376;0.344;0.71;0.315;0.024;0.076;0.12;0.225;0.042
19398;0.291;0.222;4.998;0.269;0.283;0.374;0.342;0.713;0.315;0.029;0.076;0.122;0.222;0.039
19399;0.293;0.225;4.998;0.271;0.283;0.374;0.344;0.713;0.312;0.027;0.073;0.12;0.222;0.037
19400;0.291;0.222;4.998;0.273;0.286;0.376;0.344;0.713;0.315;0.029;0.073;0.122;0.222;0.037
19401;0.293;0.227;4.998;0.271;0.288;0.374;0.349;0.713;0.315;0.032;0.073;0.122;0.225;0.042
19402;0.291;0.225;4.998;0.273;0.291;0.374;0.352;0.715;0.315;0.032;0.071;0.122;0.227;0.039
19403;0.291;0.225;4.998;0.273;0.288;0.371;0.354;0.713;0.31;0.027;0.071;0.122;0.227;0.039
19404;0.288;0.225;4.998;0.276;0.293;0.371;0.354;0.713;0.312;0.029;0.068;0.125;0.227;0.039
19405;0.288;0.225;4.998;0.276;0.286;0.369;0.352;0.713;0.308;0.029;0.068;0.122;0.227;0.039
19406;0.288;0.222;4.998;0.278;0.291;0.371;0.354;0.708;0.31;0.029;0.068;0.125;0.229;0.042
19407;0.288;0.222;4.998;0.281;0.291;0.371;0.354;0.713;0.308;0.027;0.066;0.122;0.232;0.042
19408;0.291;0.222;4.998;0.286;0.293;0.371;0.354;0.71;0.303;0.029;0.068;0.122;0.227;0.039
19409;0.288;0.225;4.998;0.288;0.291;0.374;0.352;0.708;0.303;0.032;0.066;0.125;0.227;0.039
19410;0.291;0.225;4.998;0.291;0.288;0.374;0.352;0.708;0.303;0.032;0.068;0.125;0.232;0.039
19411;0.291;0.22;4.998;0.288;0.291;0.374;0.354;0.713;0.3;0.032;0.063;0.125;0.234;0.039
19412;0.291;0.222;4.998;0.288;0.288;0.374;0.352;0.71;0.298;0.032;0.063;0.125;0.229;0.037
19413;0.291;0.222;4.998;0.288;0.291;0.371;0.352;0.713;0.3;0.029;0.063;0.125;0.234;0.039
19414;0.288;0.222;4.998;0.286;0.291;0.371;0.356;0.71;0.3;0.027;0.063;0.125;0.234;0.039
19415;0.293;0.222;4.998;0.286;0.291;0.374;0.356;0.71;0.3;0.032;0.061;0.122;0.234;0.039
19416;0.293;0.22;4.998;0.281;0.291;0.374;0.354;0.71;0.303;0.029;0.061;0.122;0.234;0.037
19417;0.293;0.22;4.998;0.278;0.291;0.374;0.354;0.713;0.305;0.034;0.061;0.125;0.237;0.039
19418;0.291;0.22;4.998;0.276;0.288;0.374;0.359;0.71;0.308;0.029;0.059;0.122;0.237;0.039
19419;0.291;0.217;4.998;0.276;0.293;0.374;0.359;0.71;0.312;0.029;0.059;0.125;0.242;0.042
19420;0.291;0.22;4.998;0.278;0.291;0.376;0.356;0.713;0.322;0.032;0.061;0.125;0.237;0.039
19421;0.293;0.22;4.998;0.276;0.291;0.371;0.356;0.71;0.327;0.032;0.061;0.122;0.237;0.037
19422;0.288;0.22;4.998;0.276;0.291;0.374;0.359;0.713;0.334;0.032;0.061;0.122;0.237;0.039
19423;0.286;0.22;4.998;0.273;0.291;0.376;0.354;0.713;0.344;0.037;0.061;0.122;0.237;0.037
19424;0.288;0.217;4.998;0.271;0.293;0.374;0.354;0.713;0.354;0.032;0.063;0.122;0.237;0.037
19425;0.286;0.222;4.998;0.271;0.293;0.376;0.356;0.713;0.359;0.032;0.061;0.12;0.239;0.039
19426;0.286;0.225;4.998;0.271;0.298;0.376;0.354;0.713;0.361;0.032;0.061;0.12;0.237;0.037
19427;0.288;0.222;4.998;0.271;0.295;0.374;0.354;0.713;0.371;0.034;0.066;0.122;0.239;0.039
19428;0.286;0.225;4.998;0.271;0.298;0.376;0.356;0.715;0.383;0.032;0.063;0.122;0.237;0.034
19429;0.286;0.222;4.998;0.271;0.3;0.376;0.356;0.713;0.396;0.034;0.066;0.117;0.239;0.037
19430;0.288;0.222;4.998;0.273;0.303;0.374;0.359;0.713;0.405;0.037;0.068;0.122;0.242;0.037
19431;0.286;0.222;4.998;0.273;0.303;0.371;0.359;0.71;0.42;0.037;0.071;0.12;0.242;0.039
19432;0.288;0.222;4.998;0.276;0.303;0.371;0.361;0.71;0.427;0.039;0.071;0.122;0.242;0.037
19433;0.291;0.225;4.998;0.278;0.305;0.369;0.361;0.713;0.444;0.037;0.073;0.122;0.242;0.037
19434;0.291;0.225;4.998;0.278;0.303;0.371;0.364;0.715;0.449;0.037;0.078;0.12;0.244;0.039
19435;0.288;0.225;4.998;0.281;0.303;0.371;0.364;0.713;0.459;0.034;0.081;0.12;0.242;0.037
19436;0.291;0.225;4.998;0.283;0.3;0.371;0.364;0.713;0.469;0.039;0.081;0.122;0.244;0.037
19437;0.288;0.225;4.998;0.283;0.3;0.369;0.361;0.713;0.474;0.039;0.085;0.125;0.249;0.042
19438;0.288;0.222;2.92;0.286;0.3;0.371;0.359;0.713;0.479;0.037;0.085;0.12;0.249;0.037
19439;0.288;0.227;1.487;0.283;0.303;0.369;0.356;0.71;0.481;0.037;0.085;0.122;0.249;0.039
19440;0.291;0.227;1.272;0.286;0.3;0.371;0.359;0.71;0.483;0.037;0.088;0.122;0.249;0.039
19441;0.291;0.225;2.974;0.283;0.3;0.371;0.354;0.71;0.488;0.037;0.093;0.122;0.251;0.037
19442;0.291;0.227;4.998;0.286;0.298;0.376;0.354;0.71;0.491;0.039;0.095;0.122;0.254;0.039
19443;0.291;0.229;4.998;0.281;0.298;0.374;0.352;0.708;0.491;0.039;0.095;0.125;0.259;0.044
19444;0.295;0.229;4.998;0.283;0.298;0.376;0.349;0.71;0.493;0.039;0.098;0.125;0.254;0.039
19445;0.295;0.227;4.998;0.283;0.295;0.371;0.349;0.71;0.498;0.039;0.103;0.125;0.254;0.042
19446;0.295;0.229;4.998;0.283;0.298;0.371;0.349;0.71;0.503;0.044;0.107;0.127;0.261;0.042
19447;0.293;0.227;4.998;0.283;0.295;0.369;0.347;0.71;0.508;0.042;0.107;0.129;0.259;0.037
19448;0.3;0.227;4.998;0.283;0.295;0.369;0.349;0.708;0.515;0.042;0.107;0.127;0.259;0.037
19449;0.295;0.227;4.998;0.278;0.298;0.369;0.349;0.71;0.522;0.042;0.11;0.129;0.261;0.039
19450;0.295;0.227;4.998;0.276;0.298;0.369;0.347;0.708;0.53;0.046;0.112;0.129;0.261;0.037
19451;0.298;0.227;4.998;0.273;0.295;0.371;0.347;0.706;0.542;0.046;0.117;0.129;0.264;0.039
19452;0.298;0.225;4.998;0.271;0.295;0.366;0.347;0.706;0.549;0.046;0.122;0.132;0.264;0.039
19453;0.293;0.222;4.998;0.264;0.295;0.366;0.347;0.708;0.557;0.049;0.125;0.132;0.264;0.042
19454;0.295;0.227;4.998;0.261;0.293;0.366;0.344;0.706;0.574;0.054;0.129;0.137;0.266;0.039
19455;0.293;0.222;4.998;0.259;0.293;0.369;0.344;0.706;0.581;0.051;0.132;0.137;0.264;0.039
19456;0.293;0.225;4.998;0.261;0.295;0.369;0.347;0.703;0.588;0.051;0.132;0.139;0.264;0.037
19457;0.293;0.225;4.998;0.254;0.291;0.366;0.347;0.706;0.605;0.059;0.137;0.142;0.261;0.039
19458;0.293;0.225;4.998;0.256;0.291;0.369;0.349;0.706;0.618;0.059;0.139;0.142;0.261;0.039
19459;0.291;0.22;4.998;0.259;0.288;0.369;0.347;0.703;0.63;0.061;0.144;0.144;0.261;0.037
19460;0.291;0.225;4.998;0.256;0.291;0.369;0.349;0.703;0.64;0.061;0.142;0.146;0.264;0.037
19461;0.291;0.225;4.998;0.259;0.286;0.371;0.347;0.706;0.649;0.061;0.146;0.151;0.264;0.039
19462;0.291;0.227;4.998;0.261;0.288;0.366;0.347;0.706;0.657;0.063;0.149;0.151;0.264;0.042
19463;0.291;0.225;4.998;0.261;0.286;0.369;0.349;0.706;0.664;0.061;0.149;0.156;0.264;0.039
19464;0.291;0.225;4.998;0.261;0.281;0.366;0.347;0.701;0.669;0.061;0.151;0.156;0.261;0.037
19465;0.288;0.225;4.998;0.261;0.283;0.369;0.349;0.703;0.671;0.063;0.151;0.159;0.261;0.037
19466;0.288;0.225;4.998;0.261;0.286;0.366;0.347;0.703;0.679;0.059;0.154;0.164;0.264;0.039
19467;0.283;0.225;4.998;0.261;0.283;0.366;0.347;0.706;0.681;0.059;0.151;0.166;0.259;0.042
19468;0.283;0.227;4.998;0.261;0.281;0.366;0.347;0.706;0.686;0.061;0.154;0.168;0.261;0.044
19469;0.283;0.227;4.998;0.261;0.283;0.364;0.347;0.703;0.688;0.061;0.151;0.171;0.259;0.039
19470;0.286;0.227;4.998;0.261;0.281;0.366;0.344;0.706;0.693;0.059;0.151;0.173;0.259;0.039
19471;0.283;0.225;4.998;0.264;0.281;0.364;0.349;0.71;0.696;0.056;0.151;0.176;0.254;0.037
19472;0.286;0.227;4.998;0.264;0.278;0.366;0.347;0.706;0.701;0.059;0.154;0.178;0.256;0.039
19473;0.286;0.227;4.424;0.266;0.276;0.366;0.347;0.706;0.703;0.059;0.156;0.183;0.254;0.039
19474;0.286;0.225;2.202;0.266;0.278;0.369;0.347;0.71;0.706;0.056;0.154;0.186;0.249;0.034
19475;0.288;0.229;1.147;0.269;0.276;0.369;0.347;0.713;0.706;0.056;0.156;0.19;0.247;0.037
19476;0.291;0.227;0.671;0.266;0.273;0.366;0.347;0.71;0.71;0.059;0.154;0.188;0.251;0.034
19477;0.288;0.227;0.437;0.269;0.273;0.369;0.347;0.708;0.71;0.054;0.154;0.193;0.247;0.037
19478;0.293;0.227;0.327;0.269;0.273;0.369;0.347;0.713;0.713;0.056;0.156;0.198;0.247;0.039
19479;0.291;0.227;0.271;0.269;0.273;0.366;0.344;0.71;0.71;0.054;0.156;0.2;0.244;0.032
19480;0.293;0.227;0.244;0.273;0.273;0.369;0.347;0.71;0.71;0.051;0.159;0.198;0.242;0.034
19481;0.293;0.227;0.237;0.271;0.273;0.369;0.347;0.71;0.715;0.051;0.164;0.205;0.242;0.034
19482;0.291;0.229;0.234;0.273;0.273;0.369;0.344;0.708;0.71;0.049;0.164;0.205;0.239;0.039
19483;0.293;0.227;0.227;0.273;0.273;0.369;0.347;0.71;0.708;0.046;0.166;0.21;0.239;0.037
19484;0.293;0.229;0.229;0.278;0.273;0.366;0.344;0.706;0.706;0.046;0.166;0.212;0.237;0.037
19485;0.298;0.232;0.22;0.278;0.278;0.371;0.344;0.708;0.703;0.049;0.168;0.212;0.237;0.037
19486;0.298;0.232;0.217;0.278;0.278;0.369;0.344;0.703;0.698;0.044;0.171;0.217;0.237;0.037
19487;0.295;0.237;0.217;0.278;0.281;0.371;0.347;0.708;0.691;0.044;0.176;0.217;0.237;0.042
19488;0.298;0.234;0.215;0.281;0.278;0.371;0.344;0.708;0.691;0.044;0.176;0.217;0.234;0.039
19489;0.295;0.234;0.217;0.281;0.278;0.371;0.347;0.706;0.681;0.044;0.176;0.22;0.232;0.037
19490;0.293;0.234;0.222;0.281;0.281;0.369;0.347;0.706;0.676;0.044;0.181;0.22;0.232;0.037
19491;0.295;0.237;0.222;0.281;0.281;0.371;0.347;0.706;0.667;0.042;0.181;0.222;0.232;0.039
19492;0.295;0.234;0.222;0.281;0.278;0.369;0.347;0.703;0.662;0.042;0.181;0.22;0.229;0.037
19493;0.291;0.234;0.217;0.281;0.273;0.369;0.347;0.703;0.652;0.037;0.183;0.22;0.227;0.039
19494;0.293;0.232;0.215;0.281;0.273;0.371;0.347;0.703;0.645;0.037;0.186;0.22;0.227;0.037
19495;0.293;0.234;0.215;0.276;0.269;0.366;0.347;0.701;0.642;0.039;0.19;0.222;0.227;0.039
19496;0.293;0.234;0.212;0.276;0.269;0.369;0.347;0.703;0.632;0.037;0.19;0.225;0.225;0.037
19497;0.288;0.234;0.217;0.276;0.266;0.366;0.347;0.703;0.623;0.037;0.195;0.225;0.225;0.039
19498;0.291;0.232;0.217;0.273;0.264;0.366;0.349;0.703;0.618;0.037;0.198;0.225;0.225;0.034
19499;0.291;0.232;0.215;0.276;0.264;0.369;0.349;0.703;0.608;0.039;0.203;0.222;0.222;0.034
19500;0.286;0.234;0.217;0.271;0.264;0.369;0.347;0.703;0.601;0.034;0.203;0.22;0.22;0.037
19501;0.286;0.234;0.217;0.271;0.264;0.369;0.349;0.706;0.591;0.034;0.205;0.225;0.222;0.039
19502;0.286;0.232;0.215;0.271;0.261;0.369;0.344;0.703;0.583;0.034;0.21;0.222;0.222;0.039
19503;0.286;0.232;0.215;0.271;0.261;0.369;0.344;0.706;0.576;0.037;0.215;0.22;0.217;0.037
19504;0.286;0.234;0.215;0.273;0.261;0.366;0.347;0.706;0.564;0.039;0.217;0.22;0.22;0.037
19505;0.288;0.234;0.217;0.273;0.259;0.364;0.344;0.706;0.557;0.037;0.22;0.222;0.217;0.037
19506;0.288;0.234;0.215;0.271;0.261;0.371;0.347;0.703;0.547;0.037;0.22;0.222;0.217;0.037
19507;0.288;0.234;0.217;0.273;0.264;0.369;0.344;0.706;0.542;0.037;0.222;0.217;0.217;0.034
19508;0.288;0.234;0.212;0.271;0.261;0.366;0.344;0.706;0.532;0.037;0.225;0.22;0.22;0.039
19509;0.291;0.234;0.21;0.271;0.259;0.369;0.347;0.706;0.522;0.037;0.225;0.217;0.217;0.037
19510;0.293;0.232;0.21;0.271;0.259;0.366;0.347;0.703;0.513;0.039;0.227;0.215;0.217;0.037
19511;0.293;0.234;0.21;0.271;0.261;0.371;0.347;0.708;0.51;0.037;0.229;0.212;0.217;0.039
19512;0.293;0.234;0.212;0.269;0.261;0.369;0.349;0.708;0.498;0.042;0.229;0.215;0.217;0.039
19513;0.293;0.234;0.21;0.271;0.259;0.369;0.347;0.708;0.491;0.037;0.229;0.212;0.22;0.037
19514;0.291;0.239;0.212;0.273;0.259;0.369;0.347;0.706;0.483;0.042;0.229;0.212;0.215;0.034
19515;0.293;0.237;0.212;0.271;0.261;0.369;0.349;0.708;0.476;0.039;0.229;0.21;0.217;0.037
19516;0.293;0.239;0.212;0.271;0.259;0.369;0.347;0.706;0.464;0.042;0.229;0.21;0.22;0.037
19517;0.295;0.244;0.212;0.266;0.261;0.369;0.347;0.708;0.459;0.044;0.229;0.21;0.22;0.039
19518;0.295;0.242;0.212;0.266;0.259;0.369;0.349;0.71;0.447;0.042;0.227;0.208;0.222;0.042
19519;0.293;0.244;0.212;0.266;0.261;0.369;0.349;0.71;0.442;0.044;0.225;0.205;0.217;0.037
19520;0.293;0.244;0.21;0.264;0.261;0.369;0.347;0.706;0.432;0.044;0.222;0.208;0.22;0.037
19521;0.295;0.244;0.212;0.264;0.259;0.369;0.349;0.708;0.427;0.042;0.22;0.205;0.22;0.037
19522;0.293;0.242;0.212;0.264;0.261;0.374;0.347;0.708;0.42;0.046;0.22;0.205;0.22;0.037
19523;0.291;0.244;0.212;0.261;0.259;0.369;0.349;0.706;0.413;0.046;0.215;0.205;0.22;0.037
19524;0.291;0.242;0.21;0.261;0.264;0.371;0.347;0.706;0.405;0.044;0.208;0.203;0.22;0.034
19525;0.293;0.242;0.212;0.261;0.264;0.371;0.349;0.706;0.4;0.046;0.208;0.205;0.217;0.037
19526;0.293;0.239;0.215;0.264;0.264;0.371;0.349;0.708;0.393;0.044;0.198;0.205;0.217;0.037
19527;0.293;0.242;0.217;0.264;0.266;0.369;0.347;0.708;0.386;0.046;0.198;0.205;0.222;0.039
19528;0.293;0.244;0.22;0.266;0.269;0.374;0.342;0.708;0.381;0.044;0.188;0.203;0.222;0.039
19529;0.293;0.242;0.222;0.266;0.269;0.371;0.344;0.706;0.378;0.044;0.181;0.205;0.225;0.037
19530;0.291;0.242;0.222;0.266;0.271;0.371;0.344;0.708;0.374;0.044;0.181;0.208;0.22;0.039
19531;0.291;0.239;0.225;0.266;0.271;0.374;0.349;0.71;0.369;0.044;0.173;0.203;0.222;0.037
19532;0.291;0.239;0.225;0.261;0.271;0.374;0.347;0.708;0.364;0.044;0.168;0.208;0.222;0.034
19533;0.293;0.239;0.225;0.261;0.269;0.374;0.352;0.708;0.361;0.046;0.166;0.208;0.225;0.039
19534;0.293;0.242;0.227;0.261;0.269;0.371;0.354;0.708;0.356;0.044;0.159;0.205;0.227;0.037
19535;0.293;0.239;0.229;0.261;0.266;0.371;0.354;0.708;0.354;0.042;0.154;0.208;0.227;0.039
19536;0.293;0.237;0.232;0.266;0.264;0.371;0.356;0.708;0.354;0.042;0.151;0.205;0.229;0.039
19537;0.291;0.239;0.232;0.269;0.266;0.371;0.356;0.71;0.354;0.042;0.149;0.208;0.227;0.042
19538;0.293;0.237;0.229;0.266;0.264;0.374;0.356;0.71;0.354;0.039;0.142;0.208;0.229;0.039
19539;0.293;0.239;0.232;0.271;0.264;0.371;0.354;0.708;0.354;0.037;0.139;0.21;0.227;0.039
19540;0.293;0.239;0.227;0.273;0.264;0.371;0.354;0.71;0.356;0.039;0.139;0.208;0.229;0.037
19541;0.291;0.239;0.227;0.269;0.259;0.376;0.352;0.706;0.361;0.042;0.134;0.208;0.232;0.037
19542;0.291;0.239;0.225;0.266;0.261;0.376;0.352;0.706;0.369;0.039;0.134;0.21;0.232;0.039
19543;0.291;0.239;0.232;0.269;0.261;0.374;0.354;0.708;0.376;0.037;0.129;0.208;0.234;0.037
19544;0.288;0.239;0.227;0.269;0.261;0.374;0.354;0.708;0.386;0.037;0.129;0.208;0.229;0.034
19545;0.288;0.239;0.227;0.271;0.264;0.376;0.354;0.706;0.398;0.039;0.132;0.212;0.237;0.039
19546;0.288;0.237;0.229;0.269;0.261;0.374;0.354;0.708;0.41;0.039;0.129;0.212;0.239;0.037
19547;0.286;0.237;0.232;0.273;0.261;0.374;0.352;0.706;0.422;0.037;0.127;0.21;0.239;0.037
19548;0.283;0.239;0.229;0.276;0.261;0.374;0.352;0.706;0.437;0.037;0.129;0.212;0.242;0.039
19549;0.283;0.239;0.229;0.278;0.261;0.376;0.354;0.708;0.452;0.037;0.127;0.212;0.244;0.039
19550;0.283;0.244;0.232;0.281;0.259;0.371;0.352;0.706;0.469;0.034;0.127;0.212;0.247;0.039
19551;0.283;0.244;0.227;0.281;0.261;0.376;0.352;0.708;0.488;0.039;0.129;0.217;0.247;0.037
19552;0.283;0.244;0.229;0.283;0.259;0.374;0.352;0.708;0.503;0.037;0.127;0.217;0.247;0.042
19553;0.283;0.249;0.232;0.286;0.259;0.369;0.349;0.708;0.522;0.039;0.129;0.217;0.247;0.037
19554;0.286;0.247;0.229;0.286;0.261;0.369;0.349;0.71;0.54;0.037;0.129;0.22;0.249;0.037
19555;0.286;0.247;0.227;0.283;0.264;0.366;0.349;0.71;0.562;0.039;0.132;0.22;0.249;0.034
19556;0.288;0.247;0.229;0.283;0.264;0.369;0.352;0.71;0.583;0.042;0.134;0.22;0.251;0.039
19557;0.288;0.251;0.232;0.281;0.266;0.369;0.349;0.713;0.601;0.042;0.132;0.222;0.251;0.039
19558;0.288;0.251;0.229;0.281;0.271;0.369;0.347;0.71;0.62;0.042;0.134;0.222;0.254;0.037
19559;0.291;0.249;0.229;0.278;0.271;0.369;0.349;0.71;0.637;0.042;0.134;0.227;0.256;0.037
19560;0.293;0.247;0.229;0.276;0.273;0.366;0.349;0.71;0.654;0.044;0.137;0.227;0.256;0.039
19561;0.295;0.249;0.234;0.278;0.271;0.366;0.347;0.71;0.671;0.044;0.134;0.227;0.256;0.037
19562;0.295;0.247;0.237;0.278;0.269;0.366;0.347;0.708;0.691;0.044;0.134;0.227;0.259;0.039
19563;0.295;0.247;0.229;0.278;0.269;0.369;0.349;0.713;0.708;0.044;0.134;0.227;0.261;0.042
19564;0.295;0.247;0.227;0.278;0.271;0.369;0.344;0.71;0.725;0.042;0.134;0.227;0.256;0.039
19565;0.295;0.244;0.225;0.276;0.271;0.366;0.347;0.71;0.742;0.044;0.132;0.229;0.259;0.039
19566;0.293;0.242;0.222;0.273;0.271;0.369;0.344;0.708;0.757;0.042;0.129;0.229;0.259;0.039
19567;0.291;0.244;0.225;0.271;0.273;0.374;0.344;0.708;0.774;0.044;0.132;0.229;0.261;0.042
19568;0.291;0.242;0.225;0.269;0.271;0.369;0.344;0.706;0.789;0.044;0.127;0.229;0.261;0.037
19569;0.288;0.237;0.222;0.264;0.271;0.369;0.344;0.708;0.798;0.042;0.125;0.229;0.259;0.037
19570;0.283;0.239;0.217;0.264;0.273;0.369;0.347;0.708;0.808;0.044;0.122;0.229;0.259;0.039
19571;0.286;0.234;0.222;0.261;0.271;0.369;0.349;0.708;0.818;0.044;0.122;0.232;0.261;0.037
19572;0.283;0.237;0.222;0.264;0.273;0.369;0.349;0.706;0.823;0.044;0.117;0.227;0.261;0.037
19573;0.281;0.239;0.222;0.266;0.276;0.369;0.352;0.706;0.828;0.044;0.117;0.229;0.259;0.042
19574;0.278;0.237;0.222;0.271;0.273;0.369;0.344;0.708;0.837;0.044;0.117;0.232;0.256;0.039
19575;0.278;0.237;0.222;0.273;0.273;0.364;0.344;0.71;0.842;0.046;0.115;0.232;0.261;0.039
19576;0.278;0.237;0.22;0.278;0.271;0.366;0.347;0.708;0.845;0.044;0.11;0.227;0.256;0.039
19577;0.281;0.234;0.225;0.281;0.269;0.366;0.344;0.708;0.857;0.042;0.112;0.232;0.259;0.042
19578;0.281;0.237;0.222;0.281;0.266;0.366;0.344;0.708;0.859;0.046;0.107;0.232;0.256;0.037
19579;0.283;0.237;0.22;0.283;0.266;0.366;0.342;0.71;0.862;0.046;0.103;0.229;0.256;0.037
19580;0.281;0.237;0.225;0.283;0.264;0.366;0.339;0.713;0.867;0.044;0.103;0.229;0.254;0.034
19581;0.283;0.239;0.227;0.286;0.264;0.366;0.339;0.708;0.876;0.046;0.103;0.237;0.254;0.039
19582;0.286;0.239;0.227;0.286;0.261;0.369;0.342;0.708;0.876;0.044;0.1;0.229;0.259;0.042
19583;0.286;0.239;0.229;0.286;0.261;0.369;0.342;0.708;0.879;0.044;0.098;0.232;0.251;0.037
19584;0.288;0.242;0.232;0.286;0.261;0.366;0.344;0.708;0.881;0.046;0.098;0.232;0.254;0.039
19585;0.291;0.244;0.234;0.286;0.264;0.366;0.344;0.706;0.881;0.044;0.093;0.229;0.251;0.039
19586;0.293;0.244;0.237;0.288;0.266;0.366;0.347;0.708;0.879;0.042;0.093;0.229;0.256;0.039
19587;0.293;0.244;0.237;0.291;0.269;0.366;0.347;0.706;0.879;0.046;0.09;0.232;0.254;0.037
19588;0.298;0.244;0.234;0.293;0.269;0.366;0.344;0.708;0.879;0.044;0.088;0.229;0.251;0.037
19589;0.298;0.249;0.239;0.293;0.271;0.364;0.347;0.708;0.876;0.044;0.088;0.232;0.251;0.037
19590;0.295;0.247;0.239;0.293;0.273;0.366;0.347;0.708;0.872;0.044;0.085;0.227;0.251;0.037
19591;0.298;0.247;0.242;0.293;0.273;0.366;0.344;0.703;0.864;0.044;0.085;0.229;0.249;0.039
19592;0.293;0.242;0.242;0.293;0.271;0.366;0.344;0.706;0.857;0.044;0.085;0.229;0.249;0.034
19593;0.293;0.247;0.242;0.293;0.273;0.366;0.339;0.706;0.85;0.049;0.085;0.232;0.249;0.037
19594;0.293;0.242;0.247;0.293;0.271;0.369;0.339;0.701;0.84;0.044;0.083;0.227;0.247;0.039
19595;0.293;0.242;0.247;0.291;0.271;0.369;0.339;0.703;0.83;0.039;0.081;0.227;0.249;0.037
19596;0.291;0.242;0.244;0.291;0.273;0.366;0.337;0.701;0.823;0.042;0.078;0.227;0.247;0.037
19597;0.288;0.237;0.247;0.288;0.273;0.371;0.334;0.706;0.813;0.042;0.078;0.229;0.249;0.039
19598;0.291;0.239;0.244;0.286;0.271;0.369;0.334;0.703;0.803;0.044;0.078;0.227;0.247;0.039
19599;0.286;0.239;0.247;0.288;0.269;0.369;0.33;0.701;0.796;0.044;0.076;0.225;0.247;0.037
19600;0.288;0.239;0.247;0.286;0.269;0.369;0.332;0.703;0.781;0.046;0.076;0.222;0.244;0.034
19601;0.286;0.237;0.242;0.291;0.271;0.371;0.33;0.703;0.771;0.042;0.076;0.225;0.244;0.039
19602;0.283;0.237;0.249;0.293;0.271;0.371;0.332;0.703;0.762;0.042;0.076;0.225;0.244;0.039
19603;0.283;0.239;0.247;0.293;0.269;0.371;0.334;0.703;0.745;0.039;0.071;0.217;0.242;0.037
19604;0.281;0.237;0.249;0.291;0.269;0.369;0.332;0.703;0.735;0.039;0.068;0.22;0.244;0.039
19605;0.278;0.237;0.249;0.288;0.266;0.369;0.334;0.706;0.72;0.039;0.068;0.215;0.239;0.032
19606;0.278;0.237;0.251;0.288;0.269;0.366;0.332;0.706;0.71;0.042;0.071;0.215;0.239;0.037
19607;0.276;0.234;0.259;0.288;0.264;0.366;0.334;0.703;0.691;0.042;0.068;0.212;0.237;0.037
19608;0.273;0.239;0.261;0.286;0.266;0.366;0.337;0.703;0.679;0.039;0.068;0.21;0.237;0.034
19609;0.271;0.239;0.266;0.286;0.266;0.366;0.337;0.703;0.662;0.037;0.063;0.205;0.237;0.037
19610;0.273;0.239;0.271;0.286;0.266;0.364;0.334;0.703;0.647;0.037;0.066;0.208;0.234;0.034
19611;0.271;0.237;0.273;0.288;0.266;0.366;0.337;0.701;0.637;0.039;0.066;0.208;0.237;0.037
19612;0.271;0.239;0.283;0.291;0.261;0.369;0.332;0.701;0.618;0.037;0.063;0.205;0.234;0.037
19613;0.269;0.242;0.305;0.291;0.266;0.364;0.332;0.703;0.605;0.037;0.063;0.205;0.232;0.037
19614;0.271;0.239;0.317;0.293;0.264;0.369;0.33;0.703;0.591;0.032;0.059;0.198;0.232;0.034
19615;0.276;0.242;0.295;0.295;0.264;0.366;0.332;0.701;0.579;0.037;0.063;0.203;0.232;0.032
19616;0.276;0.239;0.291;0.3;0.266;0.366;0.332;0.701;0.564;0.032;0.063;0.198;0.232;0.032
19617;0.278;0.242;0.278;0.295;0.269;0.366;0.334;0.703;0.549;0.034;0.061;0.2;0.229;0.034
19618;0.281;0.242;0.271;0.3;0.266;0.364;0.332;0.701;0.535;0.034;0.061;0.198;0.225;0.032
19619;0.281;0.242;0.269;0.298;0.269;0.361;0.337;0.701;0.522;0.037;0.059;0.198;0.227;0.032
19620;0.283;0.244;0.264;0.298;0.269;0.361;0.339;0.701;0.51;0.034;0.063;0.198;0.227;0.037
19621;0.283;0.242;0.259;0.295;0.269;0.364;0.337;0.701;0.498;0.032;0.059;0.195;0.227;0.034
19622;0.286;0.242;0.259;0.295;0.266;0.361;0.337;0.703;0.486;0.034;0.059;0.195;0.229;0.032
19623;0.283;0.244;0.261;0.295;0.266;0.361;0.337;0.703;0.476;0.034;0.063;0.198;0.225;0.034
19624;0.286;0.244;0.259;0.295;0.266;0.359;0.334;0.703;0.466;0.029;0.059;0.198;0.225;0.034
19625;0.281;0.244;0.254;0.293;0.269;0.359;0.337;0.701;0.459;0.032;0.061;0.198;0.225;0.034
19626;0.283;0.242;0.251;0.295;0.269;0.359;0.332;0.698;0.457;0.032;0.059;0.198;0.222;0.032
19627;0.281;0.244;0.244;0.295;0.269;0.359;0.334;0.701;0.464;0.032;0.059;0.195;0.222;0.032
19628;0.281;0.244;0.244;0.298;0.271;0.359;0.332;0.703;0.471;0.034;0.059;0.198;0.222;0.029
19629;0.283;0.244;0.242;0.3;0.271;0.361;0.334;0.703;0.486;0.032;0.059;0.195;0.222;0.032
19630;0.281;0.244;0.244;0.298;0.273;0.361;0.332;0.703;0.518;0.037;0.061;0.2;0.225;0.034
19631;0.281;0.247;0.242;0.298;0.276;0.364;0.334;0.706;0.544;0.029;0.056;0.195;0.22;0.032
19632;0.281;0.242;0.239;0.298;0.278;0.364;0.334;0.703;0.588;0.032;0.056;0.195;0.222;0.032
19633;0.283;0.242;0.239;0.3;0.276;0.366;0.334;0.703;0.637;0.032;0.059;0.195;0.222;0.032
19634;0.286;0.239;0.237;0.298;0.276;0.366;0.33;0.701;0.693;0.032;0.056;0.195;0.22;0.032
19635;0.286;0.242;0.229;0.298;0.276;0.366;0.332;0.701;0.747;0.032;0.056;0.195;0.22;0.032
19636;0.291;0.239;0.232;0.3;0.273;0.364;0.327;0.698;0.806;0.029;0.054;0.195;0.225;0.034
19637;0.288;0.239;0.234;0.303;0.273;0.364;0.33;0.701;0.864;0.029;0.054;0.195;0.22;0.032
19638;0.288;0.239;0.232;0.3;0.271;0.361;0.327;0.701;0.92;0.034;0.056;0.195;0.22;0.032
19639;0.288;0.237;0.234;0.3;0.271;0.361;0.327;0.701;0.977;0.034;0.056;0.19;0.222;0.034
19640;0.288;0.239;0.237;0.3;0.273;0.361;0.33;0.698;1.03;0.032;0.054;0.19;0.217;0.024
19641;0.288;0.237;0.239;0.303;0.273;0.361;0.33;0.701;1.084;0.032;0.054;0.19;0.22;0.034
19642;0.283;0.234;0.242;0.3;0.273;0.361;0.334;0.698;1.135;0.034;0.054;0.193;0.22;0.034
19643;0.286;0.237;0.242;0.303;0.273;0.361;0.33;0.696;1.179;0.034;0.054;0.193;0.22;0.032
19644;0.283;0.232;0.242;0.3;0.273;0.361;0.334;0.701;1.226;0.034;0.054;0.19;0.225;0.034
19645;0.278;0.234;0.247;0.3;0.271;0.361;0.334;0.698;1.262;0.034;0.054;0.193;0.225;0.037
19646;0.281;0.234;0.249;0.298;0.276;0.361;0.337;0.698;1.296;0.034;0.051;0.188;0.225;0.032
19647;0.276;0.232;0.254;0.298;0.278;0.359;0.337;0.698;1.326;0.034;0.051;0.188;0.225;0.039
19648;0.273;0.234;0.256;0.298;0.278;0.361;0.337;0.701;1.345;0.034;0.051;0.188;0.222;0.032
19649;0.273;0.234;0.261;0.3;0.281;0.361;0.337;0.698;1.355;0.034;0.051;0.183;0.225;0.034
19650;0.273;0.232;0.264;0.3;0.281;0.359;0.337;0.696;1.367;0.039;0.056;0.186;0.225;0.032
19651;0.271;0.234;0.269;0.3;0.283;0.356;0.337;0.696;1.365;0.037;0.051;0.186;0.227;0.032
19652;0.269;0.234;0.281;0.3;0.283;0.356;0.339;0.698;1.36;0.039;0.054;0.183;0.227;0.039
19653;0.269;0.234;0.305;0.303;0.281;0.356;0.339;0.696;1.348;0.032;0.051;0.183;0.225;0.032
19654;0.269;0.237;0.327;0.303;0.281;0.359;0.337;0.698;1.333;0.034;0.049;0.178;0.227;0.032
19655;0.269;0.237;0.327;0.303;0.278;0.359;0.334;0.696;1.321;0.039;0.049;0.181;0.227;0.034
19656;0.269;0.234;0.334;0.3;0.278;0.356;0.334;0.696;1.304;0.037;0.049;0.178;0.227;0.034
19657;0.266;0.237;0.364;0.3;0.278;0.356;0.334;0.698;1.289;0.034;0.044;0.173;0.229;0.029
19658;0.269;0.237;0.381;0.3;0.278;0.356;0.332;0.696;1.277;0.037;0.046;0.176;0.229;0.032
19659;0.266;0.237;0.344;0.298;0.278;0.359;0.332;0.698;1.265;0.037;0.046;0.173;0.229;0.032
19660;0.269;0.237;0.41;0.3;0.278;0.356;0.332;0.698;1.248;0.037;0.046;0.173;0.234;0.037
19661;0.266;0.237;0.457;0.295;0.276;0.356;0.332;0.698;1.23;0.037;0.044;0.171;0.237;0.037
19662;0.266;0.237;0.449;0.298;0.276;0.354;0.332;0.696;1.213;0.034;0.046;0.171;0.234;0.034
19663;0.266;0.239;0.51;0.298;0.276;0.356;0.33;0.696;1.199;0.037;0.046;0.171;0.234;0.034
19664;0.266;0.237;0.369;0.295;0.273;0.354;0.332;0.696;1.184;0.034;0.046;0.168;0.234;0.034
19665;0.264;0.237;0.356;0.295;0.273;0.352;0.332;0.696;1.174;0.034;0.044;0.171;0.237;0.034
19666;0.266;0.237;0.32;0.295;0.276;0.352;0.332;0.693;1.162;0.037;0.046;0.173;0.239;0.037
19667;0.261;0.237;0.305;0.293;0.273;0.352;0.332;0.693;1.143;0.034;0.042;0.168;0.239;0.032
19668;0.261;0.237;0.33;0.293;0.276;0.352;0.332;0.693;1.13;0.034;0.044;0.168;0.242;0.032
19669;0.261;0.237;0.308;0.295;0.278;0.354;0.332;0.696;1.108;0.037;0.044;0.166;0.239;0.032
19670;0.259;0.237;0.312;0.295;0.278;0.352;0.327;0.693;1.091;0.039;0.042;0.168;0.242;0.034
19671;0.259;0.234;0.308;0.3;0.278;0.354;0.33;0.693;1.067;0.037;0.044;0.166;0.242;0.032
19672;0.259;0.234;0.327;0.298;0.278;0.354;0.33;0.696;1.045;0.034;0.042;0.168;0.244;0.037
19673;0.256;0.234;0.332;0.3;0.281;0.352;0.33;0.696;1.021;0.037;0.039;0.164;0.242;0.032
19674;0.261;0.232;0.315;0.3;0.278;0.354;0.33;0.691;0.996;0.034;0.039;0.161;0.244;0.037
19675;0.259;0.232;0.315;0.298;0.278;0.352;0.325;0.696;0.972;0.034;0.039;0.161;0.244;0.029
19676;0.261;0.234;0.312;0.3;0.278;0.352;0.327;0.693;0.95;0.032;0.039;0.164;0.247;0.032
19677;0.264;0.232;0.295;0.3;0.276;0.349;0.325;0.693;0.923;0.034;0.039;0.161;0.244;0.034
19678;0.266;0.229;0.295;0.3;0.278;0.352;0.322;0.688;0.906;0.032;0.037;0.161;0.249;0.034
19679;0.269;0.227;0.308;0.3;0.276;0.349;0.325;0.691;0.884;0.037;0.039;0.159;0.247;0.034
19680;0.271;0.229;0.359;0.298;0.278;0.349;0.322;0.693;0.859;0.034;0.039;0.159;0.239;0.027
19681;0.273;0.227;0.527;0.3;0.278;0.349;0.322;0.691;0.835;0.029;0.032;0.154;0.244;0.032
19682;0.276;0.227;0.649;0.298;0.281;0.349;0.325;0.691;0.815;0.032;0.032;0.156;0.247;0.029
19683;0.276;0.229;0.64;0.295;0.281;0.347;0.322;0.693;0.798;0.034;0.034;0.156;0.247;0.032
19684;0.273;0.227;0.745;0.293;0.276;0.347;0.322;0.688;0.779;0.034;0.034;0.156;0.244;0.032
19685;0.278;0.229;0.789;0.291;0.278;0.347;0.325;0.691;0.762;0.037;0.037;0.156;0.247;0.032
19686;0.276;0.229;0.825;0.291;0.276;0.347;0.32;0.688;0.74;0.032;0.032;0.151;0.247;0.029
19687;0.278;0.232;0.93;0.288;0.273;0.349;0.322;0.688;0.723;0.034;0.034;0.156;0.251;0.029
19688;0.276;0.234;1.006;0.283;0.276;0.352;0.325;0.693;0.706;0.037;0.037;0.156;0.249;0.029
19689;0.276;0.237;0.999;0.281;0.271;0.347;0.325;0.691;0.688;0.034;0.034;0.156;0.249;0.032
19690;0.276;0.239;0.852;0.273;0.271;0.349;0.325;0.691;0.671;0.034;0.034;0.154;0.249;0.034
19691;0.273;0.239;0.879;0.276;0.269;0.352;0.325;0.688;0.657;0.034;0.034;0.156;0.249;0.032
19692;0.269;0.239;0.823;0.276;0.271;0.352;0.327;0.688;0.637;0.034;0.034;0.151;0.251;0.032
19693;0.266;0.244;0.728;0.276;0.269;0.352;0.327;0.691;0.625;0.037;0.034;0.156;0.247;0.032
19694;0.269;0.247;1.235;0.273;0.271;0.354;0.33;0.691;0.608;0.034;0.032;0.154;0.247;0.032
19695;0.266;0.244;1.548;0.273;0.271;0.352;0.327;0.688;0.596;0.037;0.037;0.151;0.249;0.032
19696;0.266;0.244;1.707;0.276;0.273;0.352;0.327;0.688;0.581;0.037;0.037;0.156;0.249;0.034
19697;0.261;0.249;1.316;0.278;0.273;0.352;0.325;0.686;0.571;0.034;0.037;0.154;0.244;0.029
19698;0.261;0.244;4.998;0.276;0.273;0.354;0.322;0.688;0.559;0.037;0.039;0.156;0.249;0.032
19699;0.261;0.247;4.998;0.278;0.273;0.352;0.32;0.688;0.542;0.037;0.037;0.154;0.247;0.032
19700;0.256;0.242;4.998;0.281;0.271;0.352;0.32;0.688;0.537;0.037;0.037;0.154;0.247;0.029
19701;0.256;0.242;4.998;0.283;0.271;0.352;0.32;0.688;0.527;0.039;0.039;0.154;0.247;0.034
19702;0.256;0.239;4.998;0.288;0.271;0.352;0.322;0.688;0.515;0.034;0.039;0.156;0.244;0.027
19703;0.259;0.234;4.998;0.286;0.269;0.349;0.322;0.688;0.505;0.037;0.044;0.156;0.247;0.029
19704;0.261;0.234;4.998;0.286;0.266;0.347;0.32;0.688;0.493;0.037;0.042;0.154;0.244;0.032
19705;0.261;0.232;4.998;0.288;0.264;0.347;0.322;0.686;0.486;0.037;0.042;0.154;0.247;0.032
19706;0.264;0.227;4.998;0.286;0.264;0.344;0.325;0.688;0.481;0.037;0.042;0.156;0.244;0.029
19707;0.261;0.227;4.998;0.283;0.264;0.344;0.322;0.688;0.471;0.037;0.044;0.156;0.242;0.029
19708;0.261;0.227;4.998;0.286;0.261;0.344;0.32;0.686;0.464;0.034;0.046;0.154;0.242;0.032
19709;0.261;0.225;4.998;0.283;0.261;0.344;0.32;0.688;0.454;0.034;0.046;0.154;0.242;0.032
19710;0.264;0.222;4.998;0.283;0.264;0.342;0.322;0.686;0.449;0.032;0.046;0.156;0.239;0.029
19711;0.269;0.222;4.998;0.281;0.264;0.344;0.322;0.688;0.442;0.034;0.044;0.151;0.239;0.029
19712;0.266;0.222;4.998;0.278;0.264;0.344;0.317;0.686;0.437;0.032;0.046;0.154;0.237;0.027
19713;0.266;0.22;4.998;0.273;0.266;0.344;0.315;0.688;0.432;0.037;0.046;0.156;0.237;0.029
19714;0.266;0.22;4.998;0.273;0.264;0.344;0.315;0.686;0.43;0.034;0.049;0.156;0.237;0.029
19715;0.269;0.217;4.998;0.278;0.269;0.339;0.315;0.686;0.427;0.032;0.046;0.154;0.234;0.027
19716;0.266;0.217;4.998;0.276;0.264;0.342;0.315;0.686;0.422;0.032;0.049;0.156;0.234;0.032
19717;0.269;0.217;4.998;0.273;0.266;0.344;0.312;0.686;0.425;0.029;0.049;0.154;0.232;0.027
19718;0.269;0.217;4.998;0.271;0.269;0.342;0.315;0.686;0.425;0.032;0.051;0.156;0.229;0.029
19719;0.271;0.222;4.998;0.269;0.271;0.344;0.312;0.686;0.422;0.034;0.049;0.154;0.232;0.034
19720;0.269;0.217;4.998;0.269;0.271;0.344;0.315;0.681;0.427;0.032;0.049;0.151;0.227;0.027
19721;0.269;0.22;4.998;0.269;0.269;0.344;0.312;0.681;0.43;0.032;0.051;0.154;0.227;0.029
19722;0.269;0.217;4.998;0.269;0.269;0.347;0.315;0.681;0.43;0.034;0.051;0.151;0.225;0.029
19723;0.269;0.222;4.998;0.269;0.266;0.352;0.317;0.681;0.435;0.034;0.051;0.149;0.225;0.029
19724;0.271;0.22;4.998;0.266;0.264;0.349;0.315;0.681;0.437;0.029;0.046;0.149;0.225;0.029
19725;0.271;0.225;4.998;0.269;0.261;0.349;0.315;0.681;0.442;0.032;0.051;0.149;0.225;0.029
19726;0.273;0.222;2.896;0.269;0.259;0.352;0.317;0.681;0.447;0.032;0.049;0.146;0.22;0.029
19727;0.271;0.225;1.697;0.266;0.256;0.349;0.317;0.684;0.452;0.032;0.049;0.146;0.22;0.027
19728;0.276;0.225;1.147;0.266;0.251;0.349;0.315;0.684;0.457;0.034;0.049;0.149;0.217;0.032
19729;0.276;0.225;0.708;0.261;0.254;0.347;0.317;0.684;0.459;0.032;0.049;0.144;0.217;0.027
19730;0.278;0.227;0.813;0.264;0.249;0.347;0.32;0.684;0.469;0.032;0.049;0.144;0.215;0.029
19731;0.273;0.227;0.796;0.261;0.249;0.344;0.32;0.684;0.474;0.037;0.051;0.144;0.212;0.029
19732;0.278;0.229;0.884;0.261;0.249;0.344;0.317;0.684;0.479;0.037;0.054;0.146;0.215;0.032
19733;0.276;0.227;0.552;0.264;0.244;0.342;0.317;0.684;0.483;0.039;0.054;0.144;0.21;0.029
19734;0.278;0.227;0.752;0.261;0.247;0.342;0.32;0.684;0.483;0.037;0.051;0.139;0.205;0.032
19735;0.278;0.227;0.491;0.264;0.244;0.342;0.317;0.684;0.493;0.039;0.056;0.142;0.205;0.029
19736;0.278;0.225;0.906;0.261;0.247;0.342;0.32;0.686;0.493;0.034;0.054;0.139;0.205;0.027
19737;0.281;0.225;3.875;0.266;0.244;0.339;0.317;0.684;0.5;0.039;0.059;0.142;0.205;0.029
19738;0.281;0.222;4.998;0.266;0.249;0.339;0.317;0.684;0.503;0.037;0.059;0.137;0.203;0.034
19739;0.281;0.225;2.078;0.269;0.247;0.342;0.317;0.681;0.508;0.039;0.059;0.139;0.198;0.029
19740;0.281;0.222;1.121;0.269;0.251;0.342;0.317;0.684;0.508;0.037;0.061;0.134;0.198;0.029
19741;0.281;0.22;0.698;0.273;0.251;0.342;0.32;0.686;0.51;0.037;0.061;0.134;0.198;0.029
19742;0.283;0.22;0.725;0.271;0.251;0.342;0.32;0.686;0.513;0.037;0.063;0.134;0.203;0.032
19743;0.283;0.22;0.574;0.273;0.251;0.342;0.32;0.684;0.513;0.034;0.063;0.129;0.195;0.027
19744;0.278;0.217;0.469;0.273;0.254;0.342;0.322;0.684;0.515;0.037;0.066;0.134;0.195;0.027
19745;0.278;0.217;0.549;0.271;0.254;0.342;0.322;0.686;0.52;0.037;0.071;0.134;0.195;0.029
19746;0.281;0.217;0.71;0.271;0.254;0.342;0.32;0.684;0.522;0.037;0.068;0.134;0.193;0.032
19747;0.273;0.215;0.82;0.273;0.259;0.344;0.322;0.686;0.525;0.037;0.071;0.129;0.19;0.027
19748;0.276;0.215;4.768;0.271;0.256;0.344;0.317;0.686;0.53;0.037;0.076;0.129;0.19;0.027
19749;0.273;0.212;4.998;0.269;0.259;0.347;0.317;0.684;0.535;0.039;0.073;0.129;0.193;0.032
19750;0.273;0.215;4.998;0.266;0.256;0.344;0.315;0.684;0.542;0.037;0.071;0.127;0.19;0.029
19751;0.276;0.215;4.998;0.261;0.256;0.344;0.315;0.686;0.549;0.039;0.073;0.129;0.188;0.032
19752;0.271;0.212;4.998;0.259;0.251;0.342;0.315;0.686;0.557;0.037;0.071;0.127;0.188;0.032
19753;0.271;0.215;4.998;0.256;0.254;0.344;0.315;0.686;0.571;0.039;0.071;0.129;0.193;0.034
19754;0.269;0.215;4.998;0.256;0.254;0.339;0.315;0.684;0.579;0.034;0.068;0.127;0.186;0.029
19755;0.269;0.215;4.998;0.251;0.254;0.339;0.315;0.686;0.593;0.042;0.071;0.127;0.193;0.032
19756;0.266;0.217;4.998;0.251;0.254;0.339;0.32;0.688;0.598;0.037;0.071;0.125;0.188;0.034
19757;0.266;0.22;4.998;0.254;0.251;0.339;0.317;0.688;0.61;0.037;0.066;0.122;0.19;0.032
19758;0.269;0.222;4.998;0.251;0.256;0.337;0.32;0.688;0.62;0.037;0.071;0.127;0.188;0.032
19759;0.266;0.225;4.998;0.251;0.254;0.342;0.32;0.691;0.625;0.034;0.066;0.125;0.188;0.032
19760;0.269;0.225;4.998;0.254;0.256;0.337;0.32;0.684;0.635;0.034;0.066;0.122;0.188;0.029
19761;0.269;0.229;4.998;0.256;0.259;0.339;0.322;0.688;0.645;0.037;0.068;0.127;0.188;0.034
19762;0.269;0.229;4.998;0.251;0.256;0.344;0.32;0.686;0.649;0.034;0.063;0.125;0.186;0.029
19763;0.271;0.232;4.998;0.254;0.256;0.342;0.322;0.686;0.657;0.037;0.063;0.125;0.186;0.032
19764;0.269;0.229;4.998;0.254;0.256;0.344;0.317;0.686;0.664;0.037;0.066;0.122;0.186;0.034
19765;0.269;0.232;4.998;0.254;0.259;0.347;0.32;0.688;0.671;0.037;0.066;0.122;0.188;0.032
19766;0.266;0.234;4.998;0.251;0.256;0.347;0.317;0.688;0.679;0.037;0.066;0.125;0.186;0.032
19767;0.271;0.232;4.998;0.249;0.256;0.349;0.317;0.688;0.691;0.039;0.071;0.127;0.188;0.034
19768;0.271;0.232;4.998;0.247;0.254;0.347;0.317;0.688;0.696;0.034;0.063;0.122;0.186;0.032
19769;0.269;0.232;4.998;0.249;0.254;0.349;0.317;0.688;0.706;0.037;0.063;0.122;0.188;0.034
19770;0.273;0.229;4.998;0.244;0.256;0.349;0.32;0.688;0.713;0.037;0.063;0.125;0.188;0.034
19771;0.273;0.232;4.998;0.244;0.254;0.347;0.322;0.688;0.713;0.034;0.061;0.122;0.186;0.037
19772;0.276;0.229;3.12;0.244;0.254;0.347;0.32;0.688;0.732;0.037;0.063;0.122;0.19;0.034
19773;0.276;0.225;1.587;0.244;0.254;0.349;0.32;0.686;0.74;0.037;0.059;0.122;0.193;0.037
19774;0.276;0.229;0.886;0.244;0.254;0.349;0.32;0.688;0.742;0.037;0.061;0.127;0.188;0.034
19775;0.278;0.232;0.605;0.244;0.249;0.347;0.325;0.688;0.762;0.037;0.059;0.125;0.188;0.032
19776;0.276;0.227;0.457;0.242;0.251;0.349;0.325;0.691;0.764;0.037;0.059;0.127;0.188;0.034
19777;0.278;0.225;0.383;0.239;0.254;0.352;0.322;0.688;0.762;0.039;0.063;0.132;0.195;0.037
19778;0.278;0.225;0.366;0.244;0.254;0.352;0.322;0.691;0.789;0.042;0.063;0.132;0.188;0.034
19779;0.278;0.225;0.366;0.247;0.254;0.349;0.322;0.688;0.789;0.039;0.061;0.129;0.19;0.034
19780;0.276;0.227;0.305;0.244;0.251;0.354;0.322;0.688;0.806;0.032;0.061;0.129;0.186;0.034
19781;0.276;0.22;0.298;0.247;0.254;0.352;0.322;0.691;0.798;0.037;0.061;0.132;0.19;0.034
19782;0.276;0.22;0.293;0.251;0.251;0.352;0.322;0.691;0.789;0.037;0.059;0.132;0.195;0.037
19783;0.276;0.22;0.378;0.251;0.254;0.354;0.322;0.693;0.833;0.037;0.059;0.132;0.188;0.037
19784;0.278;0.217;0.586;0.251;0.254;0.352;0.32;0.693;0.823;0.037;0.061;0.132;0.188;0.034
19785;0.276;0.217;0.664;0.251;0.254;0.349;0.317;0.693;0.83;0.039;0.059;0.137;0.193;0.037
19786;0.281;0.215;0.396;0.251;0.251;0.352;0.315;0.693;0.835;0.039;0.061;0.137;0.19;0.037
19787;0.281;0.212;0.286;0.251;0.256;0.354;0.315;0.691;0.859;0.034;0.061;0.137;0.193;0.034
19788;0.281;0.215;0.291;0.249;0.254;0.354;0.315;0.691;0.864;0.039;0.059;0.142;0.19;0.037
19789;0.281;0.212;0.286;0.247;0.254;0.354;0.315;0.691;0.869;0.037;0.059;0.142;0.19;0.034
19790;0.281;0.212;0.325;0.247;0.254;0.352;0.315;0.691;0.859;0.034;0.056;0.139;0.193;0.037
19791;0.278;0.215;0.559;0.247;0.254;0.352;0.32;0.688;0.876;0.034;0.056;0.142;0.193;0.034
19792;0.281;0.215;0.745;0.249;0.254;0.354;0.317;0.691;0.886;0.034;0.061;0.144;0.193;0.037
19793;0.283;0.215;0.872;0.244;0.254;0.354;0.317;0.688;0.891;0.034;0.056;0.146;0.193;0.034
19794;0.278;0.215;0.835;0.242;0.256;0.352;0.317;0.691;0.898;0.034;0.059;0.149;0.193;0.034
19795;0.278;0.215;0.75;0.247;0.254;0.352;0.312;0.688;0.903;0.034;0.059;0.144;0.195;0.034
19796;0.281;0.215;0.552;0.247;0.256;0.354;0.317;0.693;0.911;0.034;0.059;0.144;0.193;0.034
19797;0.278;0.217;0.62;0.247;0.256;0.354;0.315;0.688;0.916;0.034;0.061;0.151;0.19;0.032
19798;0.278;0.22;0.654;0.249;0.256;0.352;0.312;0.688;0.925;0.037;0.059;0.149;0.193;0.034
19799;0.276;0.217;0.632;0.251;0.256;0.352;0.31;0.686;0.933;0.037;0.056;0.151;0.195;0.037
19800;0.276;0.217;0.62;0.251;0.254;0.349;0.31;0.684;0.935;0.037;0.056;0.149;0.198;0.034
19801;0.273;0.22;0.669;0.249;0.256;0.352;0.31;0.686;0.938;0.034;0.059;0.151;0.195;0.034
19802;0.273;0.215;0.864;0.254;0.256;0.349;0.308;0.684;0.945;0.037;0.056;0.154;0.198;0.034
19803;0.276;0.22;3.865;0.254;0.256;0.349;0.308;0.684;0.952;0.037;0.056;0.151;0.198;0.034
19804;0.271;0.22;4.998;0.249;0.251;0.352;0.312;0.684;0.952;0.037;0.056;0.156;0.198;0.037
19805;0.273;0.217;4.998;0.254;0.254;0.352;0.312;0.686;0.962;0.037;0.056;0.159;0.2;0.034
19806;0.273;0.217;4.998;0.249;0.254;0.354;0.31;0.686;0.969;0.037;0.056;0.154;0.2;0.039
19807;0.273;0.22;4.998;0.249;0.254;0.349;0.312;0.684;0.977;0.037;0.054;0.156;0.198;0.037
19808;0.273;0.215;4.998;0.251;0.254;0.354;0.312;0.681;0.989;0.039;0.056;0.156;0.198;0.034
19809;0.273;0.215;4.998;0.249;0.254;0.352;0.312;0.681;0.999;0.039;0.054;0.161;0.2;0.034
19810;0.276;0.215;4.998;0.249;0.251;0.352;0.31;0.681;1.008;0.037;0.054;0.156;0.203;0.039
19811;0.273;0.215;4.998;0.247;0.251;0.349;0.308;0.681;1.018;0.037;0.054;0.161;0.203;0.037
19812;0.273;0.21;4.998;0.244;0.249;0.349;0.305;0.681;1.035;0.037;0.051;0.161;0.203;0.037
19813;0.276;0.21;4.998;0.244;0.254;0.352;0.305;0.681;1.047;0.037;0.054;0.164;0.203;0.034
19814;0.276;0.208;4.998;0.242;0.254;0.349;0.305;0.681;1.062;0.037;0.051;0.164;0.203;0.034
19815;0.278;0.21;4.998;0.244;0.254;0.349;0.305;0.681;1.082;0.037;0.054;0.166;0.205;0.034
19816;0.276;0.21;4.998;0.242;0.254;0.347;0.303;0.681;1.096;0.037;0.056;0.166;0.203;0.032
19817;0.278;0.205;4.998;0.244;0.254;0.347;0.303;0.679;1.113;0.034;0.051;0.166;0.203;0.032
19818;0.278;0.208;4.998;0.242;0.254;0.347;0.303;0.679;1.13;0.037;0.054;0.166;0.205;0.034
19819;0.283;0.208;4.998;0.242;0.254;0.344;0.303;0.676;1.147;0.034;0.054;0.168;0.208;0.034
19820;0.283;0.208;4.998;0.244;0.256;0.344;0.303;0.679;1.16;0.034;0.054;0.168;0.208;0.032
19821;0.283;0.205;4.998;0.244;0.256;0.344;0.303;0.679;1.174;0.037;0.051;0.168;0.21;0.037
19822;0.286;0.205;4.998;0.242;0.254;0.344;0.303;0.679;1.184;0.034;0.051;0.168;0.208;0.032
19823;0.288;0.203;4.998;0.244;0.254;0.347;0.305;0.679;1.201;0.042;0.056;0.173;0.208;0.032
19824;0.286;0.2;4.998;0.244;0.251;0.344;0.305;0.676;1.201;0.032;0.051;0.168;0.21;0.032
19825;0.291;0.2;4.998;0.244;0.251;0.347;0.305;0.679;1.211;0.034;0.051;0.171;0.212;0.037
19826;0.291;0.203;4.998;0.244;0.249;0.344;0.303;0.679;1.216;0.034;0.049;0.171;0.21;0.032
19827;0.293;0.2;4.998;0.244;0.251;0.347;0.3;0.681;1.218;0.034;0.051;0.173;0.212;0.034
19828;0.288;0.203;4.998;0.244;0.251;0.349;0.303;0.679;1.218;0.039;0.049;0.171;0.212;0.034
19829;0.291;0.203;4.998;0.247;0.254;0.349;0.303;0.679;1.218;0.039;0.049;0.173;0.215;0.037
19830;0.288;0.2;4.998;0.247;0.251;0.349;0.3;0.676;1.213;0.042;0.051;0.176;0.215;0.034
19831;0.288;0.205;4.998;0.244;0.254;0.349;0.303;0.679;1.211;0.042;0.049;0.173;0.217;0.037
19832;0.288;0.203;4.998;0.244;0.254;0.352;0.305;0.679;1.204;0.044;0.051;0.173;0.217;0.034
19833;0.291;0.198;4.998;0.244;0.254;0.352;0.305;0.676;1.199;0.044;0.051;0.176;0.215;0.032
19834;0.291;0.203;4.998;0.244;0.254;0.349;0.308;0.679;1.189;0.046;0.051;0.178;0.212;0.034
19835;0.291;0.203;4.998;0.247;0.251;0.349;0.303;0.679;1.182;0.049;0.051;0.178;0.217;0.037
19836;0.291;0.203;4.998;0.249;0.254;0.349;0.305;0.679;1.172;0.049;0.054;0.178;0.215;0.037
19837;0.291;0.203;4.998;0.249;0.251;0.352;0.308;0.676;1.16;0.051;0.051;0.178;0.217;0.034
19838;0.291;0.205;4.998;0.249;0.254;0.347;0.305;0.681;1.155;0.056;0.051;0.178;0.215;0.037
19839;0.291;0.205;4.998;0.249;0.256;0.344;0.305;0.681;1.143;0.056;0.051;0.181;0.217;0.034
19840;0.291;0.203;4.998;0.249;0.254;0.347;0.308;0.679;1.138;0.061;0.051;0.181;0.22;0.034
19841;0.291;0.203;4.998;0.249;0.254;0.347;0.305;0.679;1.125;0.063;0.054;0.181;0.217;0.032
19842;0.291;0.203;4.998;0.249;0.251;0.347;0.308;0.679;1.118;0.066;0.054;0.181;0.215;0.029
19843;0.295;0.205;4.998;0.247;0.251;0.347;0.303;0.679;1.113;0.071;0.054;0.181;0.22;0.034
19844;0.293;0.205;4.998;0.249;0.251;0.347;0.305;0.679;1.106;0.076;0.056;0.181;0.22;0.032
19845;0.293;0.208;4.998;0.242;0.251;0.344;0.305;0.676;1.101;0.076;0.056;0.183;0.22;0.029
19846;0.295;0.208;4.998;0.242;0.251;0.349;0.305;0.679;1.094;0.083;0.054;0.181;0.222;0.032
19847;0.295;0.208;4.998;0.242;0.251;0.347;0.308;0.676;1.089;0.088;0.059;0.183;0.222;0.034
19848;0.295;0.208;4.998;0.239;0.251;0.347;0.305;0.679;1.082;0.088;0.054;0.183;0.22;0.032
19849;0.298;0.205;4.998;0.239;0.251;0.347;0.312;0.679;1.079;0.095;0.059;0.186;0.222;0.034
19850;0.295;0.205;4.998;0.244;0.254;0.347;0.312;0.679;1.069;0.095;0.059;0.186;0.22;0.032
19851;0.3;0.205;4.998;0.244;0.254;0.344;0.312;0.679;1.062;0.098;0.054;0.188;0.222;0.034
19852;0.3;0.205;4.998;0.244;0.251;0.347;0.312;0.674;1.055;0.103;0.056;0.186;0.222;0.037
19853;0.3;0.203;4.998;0.244;0.254;0.349;0.317;0.676;1.05;0.107;0.056;0.188;0.222;0.034
19854;0.298;0.203;4.998;0.247;0.251;0.347;0.315;0.676;1.042;0.11;0.054;0.188;0.222;0.034
19855;0.3;0.203;4.998;0.244;0.251;0.347;0.317;0.676;1.035;0.117;0.056;0.193;0.225;0.032
19856;0.3;0.198;4.998;0.244;0.249;0.344;0.317;0.674;1.025;0.117;0.056;0.19;0.225;0.032
19857;0.298;0.2;4.998;0.247;0.249;0.347;0.317;0.674;1.018;0.12;0.056;0.188;0.225;0.032
19858;0.298;0.2;4.998;0.244;0.249;0.349;0.317;0.674;1.008;0.122;0.056;0.19;0.225;0.032
19859;0.295;0.2;4.998;0.244;0.249;0.349;0.317;0.674;1.001;0.129;0.056;0.195;0.225;0.032
19860;0.293;0.2;4.998;0.247;0.249;0.347;0.315;0.674;0.996;0.132;0.056;0.195;0.225;0.032
19861;0.293;0.198;4.998;0.247;0.244;0.349;0.315;0.674;0.984;0.132;0.059;0.195;0.225;0.029
19862;0.293;0.198;4.998;0.247;0.247;0.352;0.315;0.671;0.977;0.134;0.056;0.195;0.225;0.032
19863;0.293;0.203;4.998;0.249;0.247;0.349;0.315;0.674;0.967;0.137;0.056;0.195;0.227;0.034
19864;0.291;0.203;4.998;0.249;0.247;0.349;0.312;0.671;0.964;0.142;0.059;0.198;0.229;0.034
19865;0.291;0.203;4.998;0.249;0.247;0.349;0.317;0.671;0.959;0.144;0.056;0.198;0.225;0.032
19866;0.288;0.203;4.998;0.249;0.247;0.349;0.317;0.671;0.955;0.151;0.056;0.2;0.227;0.032
19867;0.288;0.203;4.998;0.247;0.247;0.349;0.317;0.671;0.945;0.154;0.054;0.198;0.227;0.032
19868;0.291;0.205;4.998;0.249;0.249;0.347;0.317;0.671;0.942;0.156;0.056;0.2;0.229;0.032
19869;0.291;0.205;4.998;0.249;0.249;0.347;0.317;0.671;0.938;0.161;0.056;0.2;0.232;0.032
19870;0.291;0.2;4.998;0.247;0.249;0.347;0.317;0.674;0.93;0.161;0.056;0.203;0.232;0.034
19871;0.293;0.205;4.998;0.247;0.249;0.349;0.315;0.674;0.928;0.161;0.056;0.203;0.232;0.029
19872;0.293;0.208;4.998;0.244;0.249;0.347;0.317;0.671;0.923;0.164;0.056;0.205;0.232;0.032
19873;0.295;0.205;4.998;0.244;0.247;0.347;0.317;0.671;0.918;0.164;0.056;0.205;0.232;0.032
19874;0.295;0.208;4.998;0.244;0.249;0.344;0.317;0.674;0.916;0.166;0.059;0.208;0.237;0.032
19875;0.295;0.205;3.225;0.247;0.249;0.347;0.322;0.674;0.906;0.166;0.059;0.21;0.234;0.032
19876;0.298;0.205;4.998;0.247;0.247;0.344;0.317;0.671;0.901;0.164;0.059;0.208;0.242;0.034
19877;0.3;0.208;4.998;0.247;0.249;0.347;0.32;0.671;0.896;0.161;0.056;0.205;0.239;0.032
19878;0.3;0.208;4.998;0.247;0.247;0.342;0.32;0.674;0.889;0.161;0.059;0.21;0.239;0.029
19879;0.298;0.208;4.998;0.247;0.249;0.344;0.32;0.674;0.884;0.161;0.059;0.208;0.242;0.032
19880;0.298;0.208;4.998;0.247;0.247;0.342;0.317;0.674;0.879;0.161;0.061;0.21;0.244;0.034
19881;0.3;0.208;4.998;0.247;0.244;0.342;0.315;0.674;0.872;0.164;0.063;0.21;0.244;0.034
19882;0.298;0.205;4.998;0.244;0.249;0.342;0.317;0.674;0.864;0.164;0.063;0.21;0.244;0.034
19883;0.3;0.205;4.998;0.244;0.247;0.342;0.315;0.674;0.862;0.164;0.066;0.208;0.244;0.029
19884;0.303;0.205;4.998;0.244;0.247;0.339;0.315;0.674;0.85;0.164;0.063;0.208;0.247;0.032
19885;0.3;0.205;4.998;0.242;0.247;0.342;0.312;0.674;0.845;0.166;0.066;0.208;0.251;0.032
19886;0.298;0.205;4.998;0.242;0.251;0.342;0.312;0.674;0.835;0.168;0.071;0.21;0.249;0.032
19887;0.298;0.205;4.998;0.242;0.251;0.342;0.312;0.671;0.83;0.171;0.071;0.21;0.249;0.029
19888;0.298;0.203;4.998;0.242;0.247;0.339;0.312;0.674;0.82;0.176;0.071;0.21;0.249;0.029
19889;0.298;0.203;4.998;0.242;0.247;0.342;0.312;0.674;0.813;0.178;0.073;0.21;0.254;0.032
19890;0.298;0.205;4.998;0.242;0.249;0.339;0.315;0.674;0.803;0.183;0.073;0.208;0.254;0.032
19891;0.3;0.2;4.998;0.244;0.249;0.342;0.312;0.676;0.793;0.19;0.076;0.21;0.254;0.032
19892;0.298;0.2;4.998;0.242;0.249;0.342;0.315;0.674;0.784;0.195;0.078;0.21;0.254;0.032
19893;0.3;0.203;4.998;0.247;0.247;0.342;0.315;0.674;0.771;0.2;0.076;0.205;0.259;0.029
19894;0.298;0.203;4.998;0.247;0.247;0.339;0.315;0.671;0.764;0.205;0.076;0.208;0.256;0.032
19895;0.298;0.205;4.998;0.249;0.247;0.339;0.315;0.674;0.754;0.217;0.081;0.208;0.259;0.029
19896;0.3;0.205;4.998;0.251;0.247;0.342;0.312;0.674;0.745;0.22;0.081;0.208;0.261;0.029
19897;0.298;0.203;4.998;0.247;0.244;0.339;0.31;0.669;0.737;0.225;0.081;0.208;0.261;0.029
19898;0.298;0.205;4.998;0.244;0.247;0.342;0.312;0.674;0.728;0.229;0.081;0.205;0.261;0.029
19899;0.3;0.208;4.998;0.244;0.247;0.342;0.31;0.671;0.715;0.232;0.076;0.205;0.266;0.032
19900;0.3;0.205;4.998;0.244;0.247;0.339;0.315;0.674;0.708;0.237;0.078;0.205;0.264;0.029
19901;0.303;0.208;4.998;0.247;0.249;0.342;0.312;0.674;0.696;0.234;0.078;0.2;0.264;0.032
19902;0.298;0.205;4.998;0.244;0.247;0.342;0.312;0.671;0.686;0.237;0.078;0.205;0.266;0.032
19903;0.3;0.208;4.998;0.244;0.251;0.339;0.312;0.669;0.679;0.234;0.078;0.198;0.266;0.034
19904;0.3;0.21;4.998;0.247;0.249;0.337;0.315;0.669;0.664;0.234;0.076;0.203;0.269;0.032
19905;0.298;0.21;4.998;0.242;0.249;0.339;0.315;0.671;0.659;0.237;0.076;0.203;0.266;0.029
19906;0.295;0.208;4.998;0.247;0.247;0.339;0.317;0.671;0.649;0.234;0.073;0.2;0.269;0.032
19907;0.293;0.208;4.998;0.249;0.247;0.337;0.317;0.669;0.642;0.237;0.076;0.203;0.264;0.029
19908;0.293;0.208;4.998;0.249;0.247;0.337;0.317;0.669;0.63;0.232;0.073;0.2;0.264;0.029
19909;0.298;0.21;4.998;0.251;0.247;0.339;0.315;0.671;0.625;0.232;0.071;0.2;0.266;0.032
19910;0.291;0.208;4.998;0.249;0.242;0.337;0.315;0.671;0.613;0.227;0.068;0.195;0.264;0.027
19911;0.291;0.208;4.998;0.249;0.239;0.339;0.317;0.674;0.605;0.229;0.071;0.198;0.269;0.032
19912;0.291;0.21;4.998;0.251;0.244;0.339;0.317;0.671;0.598;0.225;0.066;0.195;0.269;0.029
19913;0.291;0.21;4.998;0.254;0.242;0.339;0.317;0.674;0.593;0.229;0.068;0.198;0.266;0.032
19914;0.288;0.208;4.998;0.254;0.242;0.342;0.32;0.674;0.586;0.229;0.068;0.195;0.264;0.029
19915;0.288;0.208;4.998;0.256;0.244;0.339;0.317;0.674;0.583;0.232;0.068;0.195;0.266;0.032
19916;0.291;0.208;4.998;0.256;0.244;0.342;0.317;0.674;0.576;0.229;0.066;0.198;0.264;0.029
19917;0.291;0.205;4.998;0.256;0.244;0.339;0.317;0.671;0.571;0.232;0.066;0.198;0.266;0.032
19918;0.291;0.203;4.998;0.256;0.244;0.342;0.32;0.671;0.569;0.234;0.063;0.198;0.266;0.032
19919;0.293;0.205;4.998;0.259;0.244;0.339;0.317;0.676;0.566;0.237;0.066;0.195;0.266;0.032
19920;0.293;0.203;4.998;0.259;0.247;0.339;0.32;0.674;0.559;0.234;0.061;0.195;0.266;0.032
19921;0.298;0.203;4.998;0.259;0.247;0.339;0.317;0.676;0.559;0.237;0.066;0.198;0.266;0.032
19922;0.298;0.203;4.998;0.259;0.247;0.339;0.317;0.676;0.557;0.237;0.063;0.198;0.266;0.029
19923;0.3;0.203;4.998;0.256;0.249;0.339;0.315;0.676;0.552;0.237;0.063;0.2;0.269;0.032
19924;0.3;0.2;4.998;0.256;0.249;0.337;0.312;0.676;0.547;0.232;0.061;0.198;0.264;0.029
19925;0.3;0.2;4.998;0.259;0.249;0.337;0.315;0.676;0.547;0.229;0.063;0.2;0.266;0.032
19926;0.3;0.2;4.998;0.256;0.247;0.337;0.312;0.674;0.544;0.229;0.063;0.2;0.266;0.029
19927;0.298;0.205;4.998;0.256;0.249;0.339;0.312;0.674;0.547;0.225;0.063;0.203;0.266;0.032
19928;0.298;0.2;4.998;0.254;0.251;0.339;0.315;0.674;0.544;0.222;0.061;0.205;0.266;0.032
19929;0.295;0.205;4.998;0.254;0.249;0.342;0.315;0.674;0.542;0.217;0.061;0.203;0.264;0.029
19930;0.291;0.203;4.998;0.256;0.247;0.339;0.315;0.671;0.542;0.212;0.063;0.208;0.266;0.032
19931;0.291;0.205;4.998;0.256;0.247;0.342;0.317;0.674;0.537;0.208;0.061;0.205;0.264;0.029
19932;0.288;0.205;4.998;0.259;0.247;0.344;0.317;0.674;0.537;0.203;0.061;0.212;0.266;0.032
19933;0.288;0.212;4.998;0.256;0.242;0.342;0.315;0.674;0.537;0.2;0.059;0.212;0.264;0.032
19934;0.288;0.21;4.998;0.256;0.244;0.339;0.315;0.674;0.535;0.198;0.061;0.212;0.266;0.032
19935;0.286;0.212;4.998;0.261;0.242;0.339;0.315;0.674;0.527;0.19;0.061;0.212;0.266;0.032
19936;0.283;0.212;4.998;0.259;0.244;0.337;0.312;0.676;0.532;0.188;0.063;0.217;0.266;0.029
19937;0.281;0.21;4.998;0.256;0.239;0.342;0.312;0.676;0.53;0.188;0.061;0.22;0.266;0.032
19938;0.281;0.21;4.998;0.256;0.242;0.342;0.312;0.674;0.525;0.178;0.061;0.222;0.264;0.032
19939;0.283;0.212;4.998;0.256;0.239;0.339;0.31;0.674;0.522;0.176;0.061;0.225;0.264;0.029
19940;0.281;0.21;4.998;0.259;0.239;0.342;0.305;0.674;0.518;0.173;0.061;0.227;0.264;0.032
19941;0.283;0.21;4.404;0.261;0.239;0.339;0.305;0.676;0.515;0.168;0.061;0.227;0.259;0.029
19942;0.281;0.21;2.805;0.261;0.239;0.342;0.308;0.676;0.513;0.166;0.059;0.232;0.264;0.029
19943;0.281;0.21;2.002;0.261;0.239;0.342;0.305;0.676;0.51;0.164;0.059;0.234;0.261;0.029
19944;0.281;0.208;1.592;0.261;0.237;0.344;0.305;0.676;0.51;0.161;0.059;0.237;0.261;0.029
19945;0.286;0.208;1.428;0.259;0.237;0.342;0.305;0.674;0.508;0.159;0.061;0.237;0.261;0.032
19946;0.286;0.21;1.331;0.261;0.237;0.342;0.308;0.674;0.503;0.154;0.061;0.239;0.261;0.029
19947;0.286;0.208;1.089;0.261;0.237;0.344;0.308;0.671;0.505;0.151;0.059;0.242;0.259;0.029
19948;0.288;0.208;0.896;0.264;0.237;0.342;0.305;0.671;0.5;0.149;0.059;0.242;0.259;0.029
19949;0.293;0.208;4.717;0.261;0.237;0.339;0.31;0.674;0.503;0.144;0.061;0.244;0.259;0.029
19950;0.298;0.205;4.998;0.259;0.242;0.342;0.31;0.671;0.503;0.142;0.061;0.247;0.259;0.029
19951;0.298;0.205;4.998;0.261;0.242;0.344;0.308;0.674;0.5;0.142;0.063;0.249;0.256;0.027
19952;0.303;0.205;4.026;0.261;0.244;0.344;0.31;0.674;0.503;0.142;0.061;0.251;0.256;0.029
19953;0.303;0.203;1.995;0.259;0.242;0.342;0.308;0.674;0.505;0.142;0.063;0.254;0.256;0.032
19954;0.303;0.205;1.05;0.259;0.244;0.342;0.305;0.671;0.5;0.142;0.061;0.256;0.256;0.029
19955;0.303;0.203;0.632;0.259;0.244;0.342;0.305;0.674;0.505;0.144;0.063;0.261;0.256;0.029
19956;0.298;0.203;0.452;0.259;0.244;0.342;0.305;0.674;0.505;0.144;0.061;0.259;0.254;0.032
19957;0.298;0.203;0.347;0.256;0.242;0.342;0.303;0.671;0.503;0.142;0.061;0.264;0.251;0.029
19958;0.295;0.203;0.33;0.261;0.242;0.342;0.303;0.671;0.505;0.144;0.063;0.269;0.251;0.032
19959;0.291;0.203;0.278;0.259;0.244;0.342;0.303;0.669;0.503;0.146;0.061;0.266;0.251;0.029
19960;0.291;0.205;0.249;0.261;0.242;0.342;0.3;0.671;0.5;0.146;0.063;0.273;0.251;0.029
19961;0.288;0.205;0.239;0.261;0.242;0.339;0.3;0.669;0.503;0.151;0.061;0.276;0.251;0.029
19962;0.288;0.205;0.229;0.261;0.242;0.339;0.3;0.671;0.5;0.159;0.061;0.278;0.249;0.029
19963;0.286;0.205;0.229;0.261;0.242;0.339;0.305;0.669;0.498;0.161;0.061;0.281;0.251;0.032
19964;0.283;0.205;0.232;0.259;0.242;0.339;0.305;0.671;0.493;0.168;0.063;0.283;0.249;0.029
19965;0.281;0.208;0.229;0.259;0.239;0.337;0.305;0.671;0.491;0.173;0.061;0.286;0.251;0.032
19966;0.283;0.208;0.217;0.259;0.239;0.337;0.308;0.671;0.488;0.183;0.063;0.291;0.247;0.032
19967;0.286;0.21;0.215;0.261;0.239;0.334;0.308;0.674;0.481;0.195;0.061;0.295;0.249;0.034
19968;0.281;0.212;0.212;0.259;0.239;0.339;0.308;0.674;0.481;0.205;0.061;0.298;0.244;0.032
19969;0.283;0.212;0.212;0.256;0.237;0.339;0.308;0.671;0.481;0.217;0.066;0.305;0.247;0.029
19970;0.286;0.215;0.215;0.256;0.234;0.342;0.308;0.671;0.474;0.225;0.061;0.305;0.247;0.032
19971;0.288;0.217;0.212;0.254;0.237;0.339;0.305;0.671;0.469;0.232;0.059;0.308;0.244;0.029
19972;0.288;0.215;0.212;0.254;0.237;0.342;0.305;0.671;0.464;0.239;0.061;0.31;0.242;0.029
19973;0.288;0.22;0.212;0.251;0.234;0.342;0.303;0.671;0.459;0.247;0.059;0.312;0.244;0.029
19974;0.291;0.217;0.212;0.249;0.239;0.339;0.303;0.671;0.457;0.254;0.059;0.315;0.239;0.029
19975;0.291;0.215;0.212;0.251;0.239;0.339;0.303;0.674;0.449;0.259;0.056;0.317;0.242;0.032
19976;0.293;0.217;0.217;0.251;0.242;0.339;0.303;0.674;0.447;0.264;0.059;0.322;0.239;0.032
19977;0.293;0.217;0.217;0.251;0.242;0.339;0.303;0.671;0.442;0.269;0.056;0.325;0.242;0.032
19978;0.291;0.22;0.217;0.251;0.247;0.339;0.305;0.671;0.439;0.276;0.059;0.327;0.237;0.029
19979;0.291;0.217;0.22;0.249;0.247;0.339;0.305;0.671;0.432;0.278;0.059;0.33;0.239;0.027
19980;0.291;0.22;0.22;0.251;0.247;0.339;0.308;0.671;0.43;0.286;0.056;0.33;0.239;0.029
19981;0.291;0.217;0.217;0.249;0.247;0.339;0.308;0.671;0.425;0.295;0.056;0.334;0.239;0.032
19982;0.288;0.217;0.22;0.249;0.249;0.342;0.305;0.671;0.42;0.298;0.056;0.337;0.239;0.029
19983;0.286;0.217;0.217;0.251;0.249;0.344;0.305;0.671;0.417;0.308;0.056;0.339;0.237;0.032
19984;0.286;0.22;0.217;0.249;0.249;0.342;0.3;0.671;0.41;0.31;0.056;0.342;0.237;0.029
19985;0.286;0.217;0.215;0.254;0.247;0.339;0.303;0.671;0.41;0.32;0.056;0.344;0.239;0.032
19986;0.286;0.215;0.217;0.254;0.249;0.342;0.3;0.674;0.403;0.325;0.054;0.344;0.237;0.029
19987;0.283;0.215;0.215;0.259;0.247;0.339;0.303;0.674;0.398;0.327;0.054;0.347;0.237;0.032
19988;0.283;0.217;0.212;0.259;0.244;0.339;0.298;0.671;0.398;0.334;0.059;0.352;0.237;0.032
19989;0.286;0.212;0.215;0.259;0.247;0.342;0.303;0.671;0.393;0.334;0.059;0.354;0.234;0.032
19990;0.286;0.212;0.215;0.264;0.247;0.337;0.3;0.674;0.391;0.337;0.054;0.352;0.232;0.029
19991;0.286;0.212;0.215;0.264;0.249;0.337;0.3;0.674;0.386;0.337;0.056;0.356;0.229;0.032
19992;0.283;0.21;0.215;0.264;0.249;0.339;0.303;0.674;0.383;0.337;0.056;0.356;0.232;0.027
19993;0.283;0.21;0.212;0.266;0.251;0.339;0.303;0.676;0.378;0.339;0.059;0.359;0.232;0.029
19994;0.283;0.21;0.217;0.266;0.251;0.339;0.303;0.676;0.371;0.342;0.059;0.359;0.227;0.029
19995;0.286;0.208;0.215;0.271;0.251;0.339;0.303;0.674;0.369;0.342;0.056;0.361;0.229;0.032
19996;0.283;0.208;0.215;0.269;0.249;0.339;0.305;0.674;0.371;0.342;0.056;0.364;0.232;0.029
19997;0.283;0.21;0.212;0.271;0.249;0.339;0.308;0.674;0.366;0.344;0.056;0.364;0.227;0.029
19998;0.286;0.21;0.215;0.271;0.247;0.344;0.31;0.671;0.364;0.344;0.056;0.361;0.227;0.029
19999;0.283;0.21;0.215;0.269;0.249;0.344;0.31;0.674;0.364;0.347;0.059;0.366;0.229;0.029
20000;0.283;0.212;0.215;0.269;0.249;0.344;0.312;0.674;0.361;0.352;0.061;0.369;0.229;0.032
20001;0.281;0.212;0.217;0.269;0.249;0.342;0.317;0.674;0.359;0.352;0.059;0.369;0.229;0.029
20002;0.283;0.212;0.215;0.269;0.249;0.342;0.315;0.674;0.354;0.354;0.059;0.366;0.229;0.032
20003;0.281;0.215;0.22;0.271;0.251;0.342;0.317;0.674;0.354;0.356;0.056;0.366;0.227;0.032
20004;0.281;0.212;0.22;0.269;0.249;0.339;0.32;0.674;0.349;0.359;0.059;0.369;0.225;0.034
20005;0.281;0.212;0.217;0.271;0.251;0.339;0.315;0.676;0.349;0.359;0.061;0.369;0.227;0.032
20006;0.273;0.212;0.22;0.269;0.249;0.339;0.317;0.676;0.349;0.361;0.056;0.374;0.225;0.032
20007;0.278;0.212;0.222;0.269;0.249;0.339;0.317;0.674;0.347;0.361;0.059;0.371;0.229;0.029
20008;0.278;0.215;0.22;0.269;0.247;0.339;0.315;0.674;0.347;0.364;0.059;0.374;0.227;0.032
20009;0.278;0.212;0.22;0.269;0.247;0.337;0.317;0.676;0.344;0.361;0.059;0.371;0.225;0.029
20010;0.283;0.212;0.22;0.266;0.249;0.339;0.315;0.674;0.342;0.356;0.056;0.369;0.225;0.029
20011;0.281;0.21;0.217;0.264;0.249;0.342;0.315;0.674;0.339;0.356;0.059;0.374;0.225;0.029
20012;0.281;0.212;0.22;0.261;0.249;0.342;0.315;0.674;0.339;0.354;0.056;0.374;0.227;0.032
20013;0.281;0.21;0.222;0.264;0.247;0.337;0.315;0.674;0.337;0.344;0.054;0.371;0.225;0.029
20014;0.281;0.212;0.22;0.259;0.249;0.339;0.312;0.674;0.337;0.342;0.056;0.374;0.225;0.032
20015;0.278;0.215;0.22;0.264;0.247;0.337;0.315;0.674;0.337;0.337;0.059;0.376;0.222;0.029
20016;0.283;0.215;0.222;0.261;0.249;0.339;0.312;0.676;0.339;0.339;0.061;0.378;0.225;0.029
20017;0.281;0.215;0.22;0.259;0.249;0.342;0.315;0.674;0.334;0.327;0.056;0.374;0.225;0.029
20018;0.286;0.215;0.222;0.259;0.249;0.339;0.312;0.674;0.332;0.32;0.056;0.376;0.225;0.032
20019;0.283;0.215;0.22;0.259;0.251;0.339;0.312;0.674;0.332;0.315;0.056;0.378;0.225;0.032
20020;0.283;0.215;0.222;0.259;0.251;0.339;0.312;0.674;0.327;0.305;0.056;0.374;0.222;0.029
20021;0.278;0.212;0.225;0.259;0.251;0.339;0.312;0.674;0.33;0.3;0.056;0.376;0.222;0.032
20022;0.281;0.212;0.222;0.259;0.254;0.339;0.312;0.674;0.325;0.291;0.056;0.376;0.225;0.032
20023;0.281;0.212;0.227;0.259;0.251;0.342;0.31;0.674;0.325;0.286;0.056;0.381;0.225;0.029
20024;0.281;0.212;0.225;0.256;0.249;0.339;0.31;0.676;0.325;0.278;0.056;0.378;0.22;0.029
20025;0.281;0.21;0.232;0.251;0.251;0.339;0.31;0.674;0.32;0.266;0.054;0.378;0.222;0.032
20026;0.276;0.205;0.232;0.251;0.249;0.339;0.312;0.674;0.32;0.261;0.059;0.381;0.222;0.034
20027;0.278;0.203;0.232;0.251;0.247;0.339;0.312;0.671;0.317;0.251;0.059;0.381;0.22;0.029
20028;0.276;0.205;0.234;0.251;0.247;0.339;0.31;0.674;0.317;0.244;0.059;0.383;0.22;0.032
20029;0.276;0.205;0.232;0.249;0.249;0.339;0.312;0.676;0.315;0.237;0.059;0.383;0.222;0.032
20030;0.273;0.205;0.234;0.251;0.249;0.339;0.315;0.674;0.312;0.227;0.056;0.386;0.22;0.029
20031;0.273;0.203;0.234;0.251;0.249;0.339;0.315;0.674;0.312;0.225;0.056;0.386;0.22;0.029
20032;0.278;0.205;0.232;0.254;0.249;0.339;0.312;0.674;0.312;0.217;0.061;0.388;0.22;0.034
20033;0.276;0.205;0.232;0.254;0.249;0.339;0.312;0.674;0.308;0.208;0.056;0.383;0.217;0.029
20034;0.278;0.208;0.232;0.254;0.249;0.339;0.312;0.676;0.308;0.2;0.059;0.388;0.215;0.029
20035;0.278;0.208;0.229;0.256;0.249;0.337;0.312;0.674;0.308;0.193;0.056;0.388;0.215;0.032
20036;0.276;0.208;0.227;0.256;0.249;0.339;0.312;0.674;0.305;0.188;0.059;0.388;0.215;0.032
20037;0.281;0.21;0.227;0.259;0.249;0.342;0.312;0.674;0.303;0.181;0.056;0.386;0.22;0.032
20038;0.278;0.208;0.227;0.264;0.251;0.342;0.31;0.671;0.3;0.178;0.059;0.388;0.212;0.029
20039;0.278;0.21;0.227;0.261;0.254;0.342;0.312;0.674;0.303;0.171;0.059;0.386;0.217;0.032
20040;0.278;0.212;0.225;0.266;0.254;0.339;0.31;0.674;0.3;0.166;0.059;0.388;0.21;0.029
20041;0.278;0.21;0.225;0.266;0.256;0.342;0.312;0.674;0.3;0.159;0.061;0.388;0.215;0.032
20042;0.273;0.21;0.222;0.271;0.254;0.339;0.31;0.671;0.3;0.151;0.061;0.386;0.21;0.034
20043;0.276;0.21;0.222;0.273;0.254;0.339;0.312;0.671;0.3;0.151;0.061;0.383;0.21;0.029
20044;0.276;0.212;0.225;0.276;0.256;0.339;0.312;0.674;0.295;0.146;0.059;0.383;0.208;0.032
20045;0.276;0.21;0.225;0.276;0.259;0.339;0.312;0.674;0.295;0.142;0.061;0.381;0.205;0.029
20046;0.276;0.212;0.222;0.276;0.256;0.337;0.312;0.674;0.295;0.134;0.061;0.381;0.208;0.032
20047;0.276;0.21;0.222;0.276;0.256;0.334;0.315;0.674;0.293;0.137;0.063;0.381;0.208;0.032
20048;0.276;0.21;0.225;0.278;0.254;0.334;0.312;0.674;0.291;0.132;0.061;0.381;0.205;0.029
20049;0.276;0.215;0.225;0.276;0.256;0.337;0.312;0.671;0.291;0.129;0.063;0.381;0.208;0.032
20050;0.278;0.212;0.222;0.276;0.251;0.334;0.312;0.671;0.288;0.127;0.061;0.378;0.205;0.032
20051;0.281;0.212;0.227;0.276;0.254;0.334;0.31;0.674;0.291;0.127;0.063;0.376;0.205;0.032
20052;0.281;0.212;0.222;0.278;0.254;0.332;0.312;0.671;0.286;0.125;0.063;0.376;0.203;0.032
20053;0.283;0.217;0.227;0.276;0.254;0.332;0.312;0.669;0.281;0.122;0.063;0.376;0.203;0.029
20054;0.283;0.217;0.229;0.278;0.254;0.334;0.31;0.669;0.281;0.125;0.061;0.374;0.203;0.032
20055;0.281;0.217;0.232;0.278;0.256;0.334;0.31;0.669;0.278;0.125;0.066;0.374;0.2;0.034
20056;0.278;0.217;0.227;0.278;0.256;0.337;0.308;0.669;0.281;0.127;0.063;0.369;0.2;0.032
20057;0.281;0.217;0.234;0.278;0.254;0.332;0.312;0.669;0.278;0.129;0.063;0.369;0.198;0.032
20058;0.278;0.215;0.239;0.278;0.254;0.332;0.31;0.669;0.276;0.129;0.061;0.369;0.195;0.032
20059;0.276;0.22;0.232;0.276;0.254;0.33;0.31;0.669;0.273;0.132;0.063;0.366;0.2;0.034
20060;0.273;0.22;0.234;0.276;0.254;0.327;0.312;0.669;0.269;0.132;0.063;0.364;0.195;0.032
20061;0.271;0.217;0.234;0.276;0.254;0.33;0.312;0.667;0.269;0.137;0.061;0.366;0.198;0.032
20062;0.271;0.215;0.234;0.276;0.254;0.327;0.312;0.667;0.269;0.137;0.061;0.361;0.195;0.034
20063;0.273;0.217;0.237;0.273;0.254;0.33;0.312;0.669;0.264;0.142;0.061;0.361;0.195;0.032
20064;0.271;0.212;0.232;0.271;0.254;0.327;0.31;0.667;0.264;0.144;0.059;0.361;0.195;0.034
20065;0.269;0.212;0.232;0.269;0.251;0.327;0.31;0.667;0.261;0.146;0.061;0.356;0.198;0.032
20066;0.269;0.215;0.232;0.271;0.254;0.33;0.305;0.669;0.259;0.149;0.059;0.356;0.195;0.032
20067;0.269;0.217;0.232;0.269;0.251;0.33;0.303;0.667;0.256;0.156;0.059;0.354;0.19;0.032
20068;0.269;0.217;0.227;0.264;0.251;0.33;0.308;0.667;0.256;0.156;0.059;0.352;0.19;0.029
20069;0.271;0.217;0.225;0.266;0.251;0.33;0.305;0.669;0.251;0.156;0.059;0.352;0.193;0.032
20070;0.271;0.215;0.225;0.264;0.251;0.327;0.303;0.667;0.249;0.161;0.059;0.349;0.195;0.034
20071;0.271;0.215;0.222;0.264;0.249;0.327;0.303;0.667;0.251;0.166;0.059;0.347;0.195;0.032
20072;0.273;0.215;0.222;0.264;0.249;0.33;0.3;0.667;0.244;0.166;0.054;0.347;0.19;0.032
20073;0.273;0.215;0.22;0.261;0.247;0.33;0.3;0.669;0.247;0.171;0.059;0.344;0.195;0.032
20074;0.273;0.215;0.217;0.261;0.247;0.33;0.3;0.669;0.244;0.171;0.059;0.342;0.195;0.032
20075;0.276;0.212;0.222;0.261;0.249;0.33;0.298;0.667;0.239;0.173;0.061;0.342;0.195;0.032
20076;0.273;0.215;0.22;0.261;0.247;0.327;0.3;0.669;0.239;0.178;0.059;0.339;0.195;0.032
20077;0.273;0.21;0.222;0.261;0.249;0.327;0.3;0.667;0.237;0.178;0.059;0.337;0.19;0.032
20078;0.273;0.21;0.217;0.261;0.251;0.325;0.3;0.671;0.234;0.181;0.059;0.337;0.2;0.039
20079;0.271;0.21;0.22;0.259;0.251;0.327;0.3;0.669;0.234;0.183;0.061;0.339;0.193;0.032
20080;0.271;0.21;0.217;0.261;0.251;0.325;0.3;0.669;0.232;0.186;0.061;0.334;0.193;0.032
20081;0.269;0.208;0.22;0.256;0.254;0.322;0.303;0.669;0.234;0.186;0.059;0.332;0.195;0.032
20082;0.269;0.21;0.217;0.261;0.256;0.325;0.305;0.669;0.227;0.186;0.059;0.33;0.193;0.032
20083;0.269;0.21;0.217;0.261;0.256;0.322;0.305;0.667;0.229;0.186;0.061;0.33;0.193;0.032
20084;0.271;0.212;0.215;0.264;0.254;0.322;0.308;0.669;0.225;0.186;0.061;0.33;0.195;0.034
20085;0.269;0.212;0.22;0.269;0.254;0.322;0.31;0.669;0.222;0.186;0.063;0.33;0.193;0.029
20086;0.269;0.212;0.217;0.266;0.254;0.322;0.312;0.669;0.222;0.186;0.063;0.327;0.195;0.032
20087;0.271;0.212;0.215;0.266;0.256;0.32;0.31;0.669;0.225;0.186;0.066;0.327;0.19;0.029
20088;0.271;0.215;0.217;0.269;0.251;0.322;0.312;0.669;0.22;0.188;0.063;0.325;0.19;0.029
20089;0.269;0.215;0.217;0.269;0.254;0.322;0.31;0.667;0.217;0.183;0.068;0.322;0.19;0.034
20090;0.269;0.212;0.225;0.269;0.254;0.325;0.31;0.669;0.217;0.183;0.066;0.322;0.193;0.029
20091;0.271;0.215;0.222;0.271;0.256;0.322;0.31;0.667;0.217;0.183;0.068;0.322;0.193;0.034
20092;0.269;0.215;0.225;0.273;0.254;0.322;0.305;0.667;0.217;0.178;0.068;0.32;0.19;0.034
20093;0.266;0.215;0.227;0.271;0.256;0.322;0.308;0.664;0.215;0.176;0.068;0.317;0.19;0.032
20094;0.269;0.217;0.225;0.273;0.256;0.325;0.308;0.662;0.21;0.173;0.071;0.317;0.188;0.034
20095;0.266;0.215;0.227;0.271;0.254;0.322;0.308;0.662;0.212;0.176;0.071;0.317;0.188;0.032
20096;0.266;0.215;0.227;0.271;0.254;0.325;0.308;0.664;0.21;0.171;0.073;0.315;0.193;0.037
20097;0.269;0.212;0.227;0.269;0.256;0.322;0.308;0.664;0.205;0.168;0.073;0.31;0.19;0.029
20098;0.269;0.215;0.225;0.266;0.254;0.322;0.308;0.667;0.208;0.168;0.076;0.315;0.188;0.032
20099;0.269;0.215;0.232;0.271;0.254;0.322;0.305;0.664;0.2;0.154;0.071;0.305;0.164;0.022
20100;0.266;0.217;0.227;0.266;0.251;0.322;0.308;0.667;0.203;0.161;0.076;0.31;0.186;0.032
20101;0.266;0.215;0.229;0.266;0.254;0.32;0.31;0.664;0.2;0.161;0.076;0.31;0.19;0.034
20102;0.264;0.215;0.232;0.264;0.254;0.32;0.305;0.664;0.203;0.159;0.078;0.308;0.186;0.034
20103;0.261;0.215;0.232;0.264;0.256;0.322;0.308;0.667;0.2;0.154;0.081;0.305;0.186;0.029
20104;0.264;0.217;0.232;0.264;0.251;0.322;0.31;0.662;0.198;0.151;0.081;0.305;0.186;0.032
20105;0.266;0.217;0.229;0.264;0.251;0.325;0.308;0.667;0.198;0.146;0.078;0.303;0.183;0.034
20106;0.264;0.222;0.229;0.261;0.254;0.322;0.305;0.662;0.198;0.146;0.081;0.303;0.186;0.032
20107;0.266;0.22;0.227;0.264;0.254;0.322;0.305;0.664;0.195;0.146;0.083;0.3;0.183;0.032
20108;0.264;0.22;0.227;0.264;0.254;0.32;0.303;0.664;0.198;0.142;0.083;0.3;0.181;0.032
20109;0.264;0.22;0.225;0.266;0.254;0.32;0.3;0.664;0.195;0.139;0.081;0.3;0.181;0.029
20110;0.264;0.22;0.222;0.266;0.251;0.32;0.3;0.667;0.195;0.137;0.083;0.298;0.181;0.032
20111;0.261;0.22;0.222;0.266;0.254;0.32;0.298;0.667;0.193;0.134;0.083;0.298;0.181;0.032
20112;0.261;0.22;0.22;0.266;0.251;0.317;0.298;0.667;0.195;0.134;0.081;0.293;0.181;0.029
20113;0.261;0.22;0.215;0.266;0.251;0.317;0.298;0.667;0.198;0.132;0.085;0.293;0.181;0.032
20114;0.264;0.22;0.217;0.264;0.251;0.317;0.295;0.667;0.195;0.129;0.085;0.291;0.178;0.032
20115;0.266;0.217;0.217;0.261;0.251;0.32;0.295;0.664;0.193;0.129;0.083;0.291;0.178;0.029
20116;0.266;0.215;0.215;0.261;0.249;0.315;0.293;0.662;0.193;0.122;0.081;0.288;0.178;0.032
20117;0.269;0.217;0.215;0.261;0.251;0.317;0.298;0.664;0.19;0.125;0.083;0.288;0.178;0.029
20118;0.269;0.215;0.215;0.264;0.249;0.317;0.295;0.664;0.193;0.122;0.083;0.291;0.173;0.029
20119;0.273;0.217;0.215;0.261;0.249;0.32;0.293;0.664;0.186;0.115;0.081;0.283;0.176;0.032
20120;0.273;0.215;0.212;0.261;0.247;0.317;0.295;0.664;0.19;0.115;0.081;0.286;0.173;0.029
20121;0.276;0.217;0.217;0.261;0.249;0.317;0.295;0.664;0.19;0.115;0.083;0.286;0.173;0.032
20122;0.273;0.217;0.217;0.261;0.247;0.317;0.3;0.662;0.186;0.112;0.081;0.281;0.173;0.032
20123;0.276;0.22;0.217;0.264;0.244;0.317;0.298;0.662;0.188;0.112;0.085;0.286;0.173;0.032
20124;0.276;0.217;0.222;0.261;0.247;0.315;0.298;0.664;0.188;0.11;0.083;0.283;0.171;0.032
20125;0.276;0.217;0.225;0.261;0.247;0.317;0.3;0.664;0.188;0.107;0.083;0.283;0.176;0.032
20126;0.276;0.217;0.222;0.261;0.247;0.317;0.303;0.662;0.183;0.103;0.083;0.283;0.171;0.029
20127;0.273;0.217;0.227;0.264;0.249;0.32;0.3;0.662;0.183;0.1;0.085;0.281;0.171;0.032
20128;0.276;0.215;0.229;0.261;0.249;0.315;0.3;0.662;0.181;0.098;0.083;0.281;0.171;0.032
20129;0.271;0.215;0.232;0.261;0.247;0.317;0.3;0.664;0.181;0.103;0.085;0.283;0.173;0.032
20130;0.273;0.212;0.232;0.259;0.249;0.317;0.303;0.664;0.183;0.098;0.083;0.278;0.166;0.029
20131;0.276;0.215;0.232;0.259;0.249;0.32;0.3;0.664;0.183;0.095;0.088;0.281;0.168;0.032
20132;0.273;0.212;0.229;0.261;0.249;0.315;0.298;0.662;0.183;0.093;0.085;0.278;0.166;0.034
20133;0.271;0.212;0.232;0.259;0.247;0.32;0.303;0.662;0.183;0.093;0.085;0.278;0.168;0.029
20134;0.271;0.215;0.232;0.259;0.249;0.317;0.298;0.662;0.181;0.09;0.083;0.276;0.166;0.024
20135;0.271;0.215;0.237;0.259;0.247;0.32;0.298;0.662;0.183;0.085;0.085;0.278;0.166;0.034
20136;0.271;0.212;0.234;0.259;0.244;0.32;0.298;0.659;0.181;0.088;0.083;0.278;0.166;0.029
20137;0.273;0.215;0.237;0.259;0.244;0.32;0.298;0.659;0.178;0.085;0.085;0.276;0.168;0.027
20138;0.273;0.215;0.242;0.259;0.244;0.32;0.298;0.659;0.178;0.083;0.085;0.273;0.166;0.029
20139;0.273;0.215;0.237;0.256;0.247;0.322;0.295;0.662;0.181;0.083;0.083;0.273;0.166;0.032
20140;0.273;0.22;0.242;0.256;0.244;0.32;0.295;0.659;0.181;0.081;0.083;0.271;0.166;0.027
20141;0.276;0.217;0.237;0.256;0.247;0.32;0.293;0.662;0.178;0.081;0.083;0.271;0.166;0.027
20142;0.278;0.22;0.242;0.254;0.244;0.32;0.293;0.659;0.178;0.081;0.081;0.269;0.168;0.029
20143;0.273;0.22;0.239;0.256;0.244;0.32;0.291;0.662;0.178;0.076;0.081;0.271;0.166;0.029
20144;0.273;0.22;0.247;0.256;0.244;0.317;0.288;0.659;0.181;0.076;0.081;0.269;0.168;0.029
20145;0.278;0.225;0.242;0.256;0.242;0.317;0.286;0.662;0.176;0.071;0.083;0.269;0.166;0.029
20146;0.278;0.222;0.247;0.251;0.244;0.317;0.288;0.659;0.178;0.073;0.081;0.264;0.166;0.029
20147;0.281;0.225;0.249;0.251;0.239;0.312;0.288;0.659;0.178;0.071;0.081;0.266;0.166;0.029
20148;0.281;0.225;0.254;0.254;0.242;0.312;0.286;0.662;0.173;0.068;0.081;0.264;0.166;0.029
20149;0.281;0.225;0.249;0.254;0.239;0.312;0.291;0.662;0.173;0.068;0.078;0.264;0.168;0.032
20150;0.283;0.227;0.251;0.254;0.237;0.312;0.291;0.659;0.176;0.068;0.078;0.261;0.166;0.034
20151;0.281;0.232;0.254;0.251;0.237;0.312;0.293;0.659;0.171;0.063;0.078;0.259;0.168;0.029
20152;0.278;0.229;0.259;0.251;0.234;0.31;0.291;0.659;0.176;0.063;0.078;0.256;0.166;0.029
20153;0.281;0.234;0.271;0.251;0.234;0.312;0.291;0.659;0.173;0.066;0.078;0.254;0.166;0.032
20154;0.276;0.232;0.269;0.251;0.232;0.312;0.291;0.654;0.173;0.063;0.076;0.259;0.168;0.032
20155;0.278;0.232;0.278;0.251;0.234;0.312;0.293;0.657;0.171;0.063;0.076;0.251;0.171;0.032
20156;0.276;0.232;0.278;0.251;0.237;0.31;0.291;0.657;0.168;0.059;0.073;0.251;0.168;0.032
20157;0.276;0.234;0.273;0.249;0.237;0.312;0.293;0.657;0.171;0.059;0.076;0.249;0.171;0.029
20158;0.271;0.232;0.281;0.251;0.234;0.31;0.291;0.657;0.168;0.054;0.071;0.247;0.168;0.029
20159;0.271;0.232;0.3;0.249;0.237;0.31;0.291;0.654;0.173;0.061;0.073;0.244;0.166;0.024
20160;0.271;0.232;0.293;0.249;0.237;0.308;0.288;0.654;0.168;0.054;0.073;0.242;0.173;0.029
20161;0.269;0.227;0.334;0.249;0.237;0.31;0.288;0.657;0.168;0.056;0.073;0.242;0.173;0.032
20162;0.269;0.227;0.62;0.249;0.239;0.308;0.288;0.657;0.168;0.054;0.071;0.239;0.173;0.029
20163;0.269;0.225;0.745;0.251;0.239;0.31;0.291;0.659;0.171;0.051;0.073;0.239;0.176;0.032
20164;0.269;0.222;0.752;0.251;0.237;0.31;0.286;0.657;0.168;0.056;0.071;0.237;0.173;0.029
20165;0.269;0.225;0.815;0.251;0.237;0.312;0.286;0.657;0.168;0.054;0.073;0.234;0.176;0.032
20166;0.266;0.225;0.989;0.251;0.239;0.312;0.288;0.659;0.171;0.054;0.071;0.237;0.176;0.032
20167;0.266;0.22;1.091;0.251;0.239;0.315;0.288;0.657;0.171;0.054;0.071;0.234;0.176;0.029
20168;0.266;0.222;0.754;0.251;0.239;0.315;0.286;0.659;0.168;0.054;0.066;0.232;0.176;0.032
20169;0.266;0.22;4.998;0.251;0.242;0.315;0.288;0.659;0.171;0.049;0.068;0.227;0.176;0.029
20170;0.266;0.222;4.998;0.249;0.239;0.315;0.288;0.657;0.171;0.051;0.071;0.227;0.178;0.032
20171;0.266;0.222;4.998;0.254;0.242;0.315;0.288;0.659;0.168;0.049;0.071;0.227;0.178;0.032
20172;0.266;0.22;4.998;0.254;0.242;0.315;0.288;0.659;0.173;0.049;0.071;0.225;0.176;0.032
20173;0.264;0.22;4.998;0.251;0.244;0.315;0.291;0.659;0.168;0.046;0.066;0.22;0.176;0.032
20174;0.264;0.222;4.998;0.254;0.242;0.315;0.288;0.659;0.171;0.046;0.068;0.22;0.178;0.029
20175;0.264;0.222;4.998;0.254;0.242;0.312;0.288;0.659;0.168;0.046;0.068;0.217;0.173;0.029
20176;0.266;0.222;4.998;0.254;0.242;0.312;0.288;0.662;0.171;0.049;0.066;0.215;0.181;0.029
20177;0.269;0.22;4.998;0.254;0.237;0.312;0.291;0.659;0.171;0.049;0.068;0.212;0.176;0.029
20178;0.266;0.222;4.998;0.254;0.234;0.312;0.288;0.662;0.171;0.044;0.063;0.208;0.173;0.024
20179;0.266;0.222;4.998;0.254;0.232;0.308;0.286;0.657;0.168;0.044;0.066;0.208;0.181;0.032
20180;0.269;0.222;4.998;0.254;0.229;0.308;0.286;0.659;0.171;0.046;0.061;0.208;0.178;0.032
20181;0.269;0.222;4.998;0.251;0.227;0.31;0.283;0.659;0.173;0.046;0.066;0.205;0.178;0.032
20182;0.269;0.222;4.998;0.249;0.227;0.31;0.286;0.657;0.173;0.046;0.066;0.203;0.178;0.029
20183;0.271;0.225;4.998;0.251;0.225;0.31;0.286;0.657;0.168;0.044;0.061;0.198;0.181;0.032
20184;0.271;0.225;4.998;0.249;0.22;0.31;0.286;0.657;0.173;0.046;0.066;0.2;0.178;0.029
20185;0.276;0.225;4.998;0.249;0.222;0.312;0.286;0.657;0.173;0.046;0.063;0.195;0.181;0.029
20186;0.276;0.225;4.998;0.247;0.222;0.31;0.286;0.659;0.171;0.046;0.059;0.193;0.181;0.034
20187;0.278;0.225;4.998;0.247;0.22;0.31;0.286;0.659;0.173;0.044;0.059;0.19;0.178;0.029
20188;0.276;0.225;4.998;0.247;0.217;0.312;0.283;0.659;0.173;0.044;0.056;0.19;0.178;0.029
20189;0.276;0.225;4.998;0.249;0.215;0.312;0.286;0.657;0.176;0.042;0.059;0.188;0.181;0.032
20190;0.276;0.225;4.998;0.247;0.22;0.315;0.286;0.657;0.173;0.046;0.059;0.186;0.176;0.029
20191;0.278;0.225;4.998;0.247;0.217;0.315;0.281;0.659;0.176;0.046;0.059;0.186;0.178;0.029
20192;0.278;0.222;4.998;0.249;0.217;0.315;0.281;0.657;0.176;0.042;0.054;0.181;0.181;0.032
20193;0.276;0.222;4.998;0.247;0.22;0.317;0.281;0.654;0.178;0.042;0.056;0.181;0.181;0.029
20194;0.273;0.217;4.998;0.247;0.22;0.317;0.281;0.657;0.176;0.042;0.054;0.178;0.178;0.029
20195;0.276;0.215;4.998;0.247;0.222;0.317;0.281;0.654;0.178;0.042;0.056;0.178;0.178;0.032
20196;0.273;0.212;4.998;0.247;0.222;0.315;0.278;0.657;0.176;0.042;0.054;0.176;0.178;0.032
20197;0.271;0.212;4.998;0.247;0.222;0.317;0.281;0.657;0.181;0.042;0.056;0.173;0.181;0.029
20198;0.271;0.208;4.998;0.247;0.227;0.317;0.281;0.659;0.181;0.039;0.051;0.171;0.178;0.027
20199;0.271;0.205;4.998;0.244;0.227;0.315;0.278;0.657;0.181;0.042;0.054;0.173;0.181;0.032
20200;0.269;0.205;3.779;0.247;0.227;0.317;0.278;0.657;0.181;0.039;0.049;0.168;0.176;0.027
20201;0.273;0.205;2.524;0.244;0.229;0.32;0.278;0.654;0.181;0.042;0.049;0.168;0.176;0.029
20202;0.273;0.205;1.829;0.247;0.227;0.315;0.278;0.657;0.181;0.042;0.049;0.166;0.173;0.027
20203;0.273;0.205;1.526;0.244;0.227;0.317;0.278;0.654;0.183;0.037;0.049;0.166;0.176;0.029
20204;0.276;0.205;1.438;0.242;0.229;0.317;0.281;0.657;0.186;0.039;0.049;0.166;0.176;0.027
20205;0.276;0.205;1.233;0.242;0.227;0.315;0.278;0.657;0.183;0.039;0.049;0.164;0.173;0.027
20206;0.276;0.205;1.045;0.242;0.227;0.317;0.281;0.654;0.186;0.042;0.049;0.166;0.173;0.029
20207;0.283;0.208;1.301;0.242;0.227;0.315;0.281;0.654;0.186;0.042;0.049;0.164;0.173;0.029
20208;0.283;0.21;0.864;0.242;0.227;0.317;0.281;0.654;0.186;0.042;0.046;0.161;0.171;0.029
20209;0.288;0.21;0.674;0.237;0.225;0.317;0.281;0.654;0.198;0.044;0.051;0.164;0.176;0.029
20210;0.288;0.212;3.923;0.237;0.227;0.317;0.283;0.654;0.19;0.039;0.046;0.159;0.173;0.029
20211;0.291;0.215;4.998;0.237;0.227;0.315;0.283;0.654;0.195;0.042;0.046;0.159;0.171;0.027
20212;0.293;0.212;4.998;0.237;0.225;0.312;0.283;0.654;0.198;0.039;0.044;0.156;0.173;0.029
20213;0.293;0.217;4.998;0.237;0.225;0.312;0.281;0.654;0.2;0.039;0.046;0.156;0.173;0.032
20214;0.295;0.217;4.998;0.237;0.222;0.312;0.281;0.654;0.2;0.039;0.044;0.156;0.168;0.029
20215;0.295;0.217;4.998;0.237;0.222;0.312;0.278;0.654;0.205;0.037;0.044;0.154;0.168;0.027
20216;0.295;0.22;4.998;0.237;0.225;0.312;0.276;0.652;0.208;0.039;0.046;0.154;0.173;0.032
20217;0.298;0.22;4.998;0.239;0.225;0.312;0.273;0.654;0.215;0.039;0.044;0.151;0.171;0.032
20218;0.295;0.22;4.998;0.239;0.222;0.31;0.271;0.652;0.217;0.039;0.044;0.154;0.168;0.029
20219;0.295;0.222;4.998;0.239;0.222;0.312;0.271;0.652;0.222;0.039;0.046;0.151;0.168;0.032
20220;0.295;0.222;4.998;0.242;0.222;0.312;0.273;0.654;0.227;0.039;0.044;0.149;0.168;0.032
20221;0.293;0.222;4.998;0.237;0.22;0.312;0.271;0.652;0.237;0.039;0.044;0.151;0.166;0.029
20222;0.291;0.225;4.998;0.237;0.22;0.312;0.271;0.652;0.244;0.037;0.046;0.146;0.171;0.029
20223;0.288;0.222;4.998;0.239;0.22;0.315;0.273;0.652;0.251;0.037;0.044;0.146;0.166;0.029
20224;0.288;0.222;4.998;0.239;0.22;0.317;0.276;0.649;0.264;0.037;0.046;0.146;0.168;0.029
20225;0.286;0.222;4.998;0.239;0.22;0.317;0.276;0.647;0.271;0.039;0.044;0.144;0.166;0.027
20226;0.286;0.22;4.998;0.237;0.22;0.317;0.278;0.649;0.283;0.037;0.044;0.142;0.166;0.032
20227;0.286;0.22;4.998;0.237;0.222;0.317;0.278;0.649;0.295;0.039;0.046;0.144;0.164;0.032
20228;0.283;0.215;4.998;0.234;0.222;0.317;0.281;0.647;0.305;0.039;0.042;0.142;0.164;0.029
20229;0.283;0.215;4.998;0.234;0.222;0.32;0.281;0.647;0.315;0.037;0.042;0.137;0.164;0.029
20230;0.281;0.21;4.998;0.234;0.22;0.32;0.281;0.647;0.332;0.037;0.046;0.139;0.166;0.029
20231;0.276;0.21;4.998;0.232;0.222;0.322;0.281;0.649;0.342;0.037;0.044;0.139;0.168;0.029
20232;0.276;0.21;4.998;0.232;0.22;0.317;0.281;0.649;0.354;0.037;0.044;0.139;0.164;0.029
20233;0.281;0.208;4.998;0.229;0.22;0.32;0.278;0.645;0.369;0.037;0.044;0.139;0.166;0.029
20234;0.281;0.208;4.998;0.227;0.217;0.322;0.281;0.647;0.381;0.037;0.044;0.139;0.166;0.032
20235;0.278;0.205;4.998;0.222;0.22;0.32;0.278;0.647;0.388;0.037;0.042;0.137;0.168;0.032
20236;0.283;0.208;4.998;0.222;0.22;0.32;0.278;0.649;0.4;0.037;0.044;0.137;0.164;0.029
20237;0.283;0.208;4.998;0.22;0.217;0.317;0.276;0.647;0.41;0.037;0.044;0.134;0.164;0.029
20238;0.281;0.208;4.998;0.22;0.217;0.317;0.276;0.647;0.42;0.039;0.044;0.137;0.168;0.032
20239;0.288;0.21;4.998;0.222;0.217;0.315;0.278;0.647;0.43;0.034;0.044;0.137;0.164;0.032
20240;0.286;0.21;4.998;0.222;0.22;0.312;0.278;0.647;0.435;0.037;0.044;0.134;0.164;0.029
20241;0.288;0.212;4.998;0.22;0.215;0.312;0.278;0.645;0.442;0.039;0.044;0.132;0.164;0.034
20242;0.286;0.212;4.998;0.22;0.217;0.31;0.283;0.647;0.444;0.037;0.044;0.132;0.164;0.029
20243;0.286;0.215;4.998;0.222;0.215;0.31;0.281;0.645;0.452;0.037;0.044;0.129;0.164;0.027
20244;0.283;0.217;4.998;0.22;0.217;0.31;0.283;0.645;0.454;0.032;0.042;0.129;0.164;0.029
20245;0.286;0.212;4.998;0.222;0.215;0.31;0.286;0.645;0.461;0.042;0.039;0.129;0.166;0.032
20246;0.286;0.217;4.998;0.222;0.217;0.31;0.286;0.645;0.464;0.037;0.044;0.132;0.164;0.032
20247;0.283;0.217;4.998;0.222;0.212;0.312;0.288;0.645;0.464;0.039;0.044;0.132;0.164;0.032
20248;0.286;0.217;4.998;0.225;0.217;0.315;0.288;0.647;0.459;0.034;0.039;0.127;0.164;0.027
20249;0.286;0.217;4.998;0.225;0.215;0.315;0.288;0.647;0.464;0.039;0.042;0.129;0.166;0.029
20250;0.283;0.217;4.998;0.222;0.215;0.315;0.288;0.647;0.464;0.039;0.044;0.132;0.164;0.032
20251;0.283;0.217;4.998;0.222;0.212;0.315;0.283;0.645;0.461;0.037;0.044;0.132;0.164;0.034
20252;0.286;0.22;4.998;0.225;0.212;0.317;0.286;0.647;0.459;0.039;0.042;0.129;0.164;0.029
20253;0.283;0.22;4.998;0.222;0.21;0.315;0.286;0.647;0.457;0.039;0.042;0.129;0.164;0.032
20254;0.281;0.222;4.998;0.22;0.21;0.317;0.288;0.647;0.454;0.039;0.039;0.127;0.166;0.029
20255;0.286;0.22;4.998;0.22;0.212;0.315;0.286;0.645;0.452;0.039;0.044;0.129;0.164;0.032
20256;0.281;0.22;4.998;0.22;0.212;0.32;0.291;0.647;0.452;0.039;0.042;0.129;0.164;0.029
20257;0.286;0.22;4.998;0.222;0.21;0.32;0.291;0.647;0.447;0.039;0.042;0.127;0.166;0.034
20258;0.283;0.22;4.998;0.222;0.212;0.315;0.293;0.645;0.444;0.039;0.042;0.129;0.164;0.029
20259;0.283;0.22;4.998;0.217;0.215;0.317;0.293;0.645;0.439;0.039;0.039;0.127;0.166;0.034
20260;0.283;0.217;4.998;0.22;0.212;0.317;0.293;0.645;0.437;0.039;0.042;0.127;0.164;0.032
20261;0.283;0.215;4.998;0.22;0.212;0.317;0.293;0.645;0.439;0.039;0.042;0.127;0.164;0.032
20262;0.286;0.215;4.998;0.22;0.215;0.315;0.293;0.647;0.435;0.039;0.039;0.125;0.164;0.032
20263;0.281;0.21;4.998;0.22;0.212;0.312;0.291;0.645;0.432;0.037;0.037;0.125;0.159;0.029
20264;0.281;0.208;4.998;0.217;0.215;0.312;0.291;0.647;0.432;0.042;0.039;0.125;0.166;0.032
20265;0.281;0.208;4.998;0.22;0.212;0.31;0.286;0.647;0.427;0.037;0.039;0.125;0.164;0.032
20266;0.283;0.208;4.998;0.217;0.212;0.312;0.288;0.647;0.427;0.042;0.042;0.125;0.168;0.032
20267;0.281;0.205;4.998;0.22;0.212;0.308;0.291;0.649;0.422;0.037;0.037;0.122;0.164;0.032
20268;0.281;0.203;4.998;0.217;0.212;0.308;0.291;0.647;0.427;0.037;0.039;0.122;0.166;0.032
20269;0.278;0.2;4.998;0.217;0.212;0.308;0.293;0.647;0.427;0.037;0.039;0.122;0.164;0.029
20270;0.278;0.2;4.998;0.215;0.212;0.308;0.291;0.647;0.43;0.039;0.037;0.12;0.166;0.029
20271;0.276;0.198;4.998;0.217;0.212;0.308;0.295;0.647;0.427;0.039;0.039;0.12;0.168;0.039
20272;0.273;0.2;4.998;0.217;0.21;0.312;0.293;0.647;0.432;0.039;0.037;0.12;0.166;0.032
20273;0.276;0.203;4.998;0.217;0.215;0.31;0.295;0.647;0.432;0.037;0.037;0.122;0.166;0.032
20274;0.273;0.203;4.998;0.212;0.212;0.312;0.293;0.647;0.437;0.037;0.037;0.117;0.166;0.032
20275;0.273;0.203;4.998;0.212;0.212;0.312;0.295;0.645;0.439;0.037;0.037;0.117;0.166;0.032
20276;0.276;0.203;4.998;0.215;0.212;0.312;0.293;0.647;0.442;0.042;0.037;0.12;0.168;0.032
20277;0.278;0.205;4.998;0.217;0.215;0.312;0.293;0.647;0.444;0.039;0.037;0.117;0.166;0.029
20278;0.281;0.208;4.998;0.215;0.212;0.312;0.295;0.647;0.449;0.037;0.037;0.115;0.166;0.029
20279;0.283;0.21;4.998;0.215;0.212;0.315;0.293;0.647;0.452;0.042;0.039;0.112;0.166;0.032
20280;0.286;0.21;4.998;0.217;0.212;0.315;0.293;0.647;0.459;0.042;0.034;0.115;0.168;0.032
20281;0.286;0.21;4.998;0.215;0.212;0.317;0.295;0.647;0.461;0.042;0.037;0.115;0.168;0.029
20282;0.288;0.21;4.998;0.217;0.212;0.317;0.298;0.647;0.461;0.042;0.037;0.115;0.166;0.032
20283;0.288;0.21;4.998;0.22;0.215;0.317;0.298;0.645;0.464;0.044;0.037;0.112;0.168;0.029
20284;0.293;0.212;4.998;0.222;0.217;0.317;0.298;0.647;0.466;0.044;0.037;0.112;0.168;0.029
20285;0.291;0.212;4.998;0.225;0.215;0.32;0.3;0.647;0.466;0.044;0.037;0.112;0.166;0.029
20286;0.291;0.215;4.998;0.227;0.217;0.322;0.298;0.652;0.469;0.049;0.039;0.115;0.168;0.032
20287;0.293;0.212;4.998;0.227;0.217;0.32;0.298;0.647;0.469;0.046;0.037;0.11;0.171;0.034
20288;0.291;0.21;4.998;0.227;0.217;0.32;0.295;0.647;0.466;0.044;0.037;0.11;0.168;0.032
20289;0.291;0.212;4.998;0.225;0.22;0.32;0.295;0.647;0.469;0.046;0.037;0.11;0.166;0.029
20290;0.291;0.212;4.998;0.227;0.22;0.325;0.293;0.647;0.471;0.046;0.037;0.107;0.168;0.029
20291;0.293;0.21;4.998;0.222;0.215;0.32;0.295;0.647;0.474;0.046;0.037;0.107;0.171;0.032
20292;0.293;0.212;4.998;0.222;0.217;0.32;0.295;0.647;0.474;0.049;0.034;0.11;0.171;0.034
20293;0.288;0.21;4.998;0.222;0.217;0.322;0.291;0.647;0.479;0.046;0.034;0.107;0.168;0.034
20294;0.293;0.208;4.998;0.22;0.217;0.322;0.293;0.649;0.481;0.046;0.034;0.107;0.168;0.029
20295;0.295;0.208;4.998;0.222;0.217;0.32;0.293;0.647;0.486;0.046;0.037;0.11;0.168;0.032
20296;0.295;0.205;4.998;0.217;0.215;0.32;0.291;0.649;0.483;0.049;0.037;0.105;0.171;0.032
20297;0.295;0.203;4.998;0.22;0.215;0.32;0.293;0.649;0.488;0.046;0.037;0.107;0.171;0.029
20298;0.295;0.205;4.998;0.22;0.217;0.317;0.295;0.647;0.491;0.049;0.034;0.105;0.168;0.032
20299;0.295;0.205;4.998;0.22;0.217;0.32;0.295;0.647;0.491;0.049;0.034;0.105;0.166;0.029
20300;0.298;0.2;4.998;0.217;0.217;0.32;0.291;0.645;0.496;0.049;0.037;0.103;0.168;0.034
20301;0.298;0.2;4.998;0.217;0.217;0.317;0.295;0.647;0.493;0.049;0.037;0.105;0.171;0.032
20302;0.3;0.198;4.998;0.217;0.217;0.32;0.295;0.647;0.496;0.049;0.037;0.103;0.171;0.034
20303;0.3;0.198;4.998;0.22;0.22;0.317;0.295;0.647;0.496;0.046;0.039;0.105;0.168;0.032
20304;0.3;0.2;4.998;0.22;0.22;0.32;0.291;0.647;0.498;0.046;0.039;0.103;0.168;0.029
20305;0.3;0.195;4.998;0.215;0.22;0.317;0.295;0.645;0.5;0.051;0.039;0.107;0.168;0.032
20306;0.303;0.195;4.998;0.215;0.22;0.32;0.293;0.647;0.498;0.049;0.037;0.105;0.166;0.029
20307;0.303;0.198;4.998;0.217;0.222;0.322;0.293;0.647;0.503;0.046;0.037;0.107;0.168;0.032
20308;0.303;0.198;4.998;0.215;0.222;0.322;0.295;0.647;0.505;0.046;0.037;0.105;0.168;0.029
20309;0.303;0.2;4.998;0.215;0.222;0.32;0.295;0.647;0.508;0.046;0.034;0.105;0.168;0.032
20310;0.303;0.2;4.998;0.212;0.225;0.322;0.293;0.647;0.513;0.049;0.037;0.105;0.171;0.034
20311;0.305;0.205;4.998;0.212;0.222;0.322;0.293;0.649;0.513;0.046;0.037;0.105;0.168;0.032
20312;0.308;0.2;4.998;0.212;0.222;0.32;0.295;0.649;0.515;0.051;0.037;0.107;0.166;0.032
20313;0.305;0.203;4.998;0.212;0.225;0.322;0.295;0.647;0.518;0.049;0.037;0.107;0.168;0.032
20314;0.308;0.205;4.998;0.21;0.225;0.32;0.295;0.647;0.515;0.049;0.037;0.107;0.166;0.029
20315;0.31;0.205;4.998;0.21;0.222;0.32;0.293;0.647;0.513;0.049;0.039;0.112;0.168;0.029
20316;0.31;0.208;4.998;0.21;0.225;0.32;0.295;0.649;0.51;0.049;0.037;0.11;0.168;0.029
20317;0.308;0.208;4.998;0.21;0.225;0.32;0.295;0.647;0.505;0.051;0.037;0.112;0.168;0.029
20318;0.308;0.205;4.998;0.21;0.225;0.317;0.293;0.647;0.5;0.046;0.034;0.11;0.164;0.032
20319;0.308;0.208;4.998;0.21;0.222;0.315;0.293;0.647;0.496;0.051;0.037;0.11;0.166;0.027
20320;0.305;0.205;4.998;0.21;0.222;0.315;0.293;0.645;0.488;0.046;0.039;0.112;0.166;0.029
20321;0.308;0.205;4.998;0.21;0.222;0.317;0.293;0.647;0.481;0.046;0.034;0.11;0.166;0.032
20322;0.3;0.205;4.998;0.21;0.222;0.315;0.293;0.647;0.474;0.049;0.037;0.112;0.166;0.029
20323;0.303;0.208;4.998;0.21;0.222;0.317;0.293;0.647;0.466;0.049;0.037;0.112;0.168;0.032
20324;0.298;0.205;4.998;0.21;0.222;0.315;0.295;0.647;0.461;0.049;0.037;0.115;0.166;0.029
20325;0.298;0.205;4.998;0.212;0.222;0.312;0.293;0.645;0.452;0.046;0.039;0.112;0.168;0.032
20326;0.295;0.203;4.998;0.212;0.222;0.315;0.295;0.647;0.447;0.046;0.039;0.117;0.166;0.029
20327;0.293;0.205;4.998;0.215;0.225;0.312;0.293;0.647;0.439;0.049;0.037;0.115;0.168;0.029
20328;0.293;0.203;4.998;0.215;0.225;0.315;0.298;0.645;0.432;0.046;0.037;0.115;0.168;0.032
20329;0.291;0.2;4.998;0.215;0.225;0.315;0.3;0.647;0.427;0.046;0.037;0.115;0.166;0.029
20330;0.286;0.2;4.998;0.212;0.225;0.312;0.3;0.647;0.417;0.046;0.037;0.115;0.166;0.027
20331;0.283;0.2;4.998;0.212;0.225;0.312;0.3;0.645;0.415;0.049;0.039;0.12;0.171;0.032
20332;0.283;0.2;4.998;0.21;0.222;0.31;0.298;0.642;0.408;0.046;0.037;0.117;0.168;0.029
20333;0.286;0.2;4.998;0.212;0.222;0.31;0.298;0.645;0.405;0.046;0.039;0.117;0.168;0.032
20334;0.283;0.198;4.998;0.212;0.225;0.308;0.298;0.647;0.398;0.049;0.039;0.12;0.171;0.032
20335;0.283;0.193;4.998;0.21;0.222;0.31;0.3;0.647;0.393;0.049;0.037;0.12;0.168;0.029
20336;0.283;0.195;4.998;0.21;0.222;0.31;0.298;0.645;0.391;0.044;0.037;0.117;0.171;0.034
20337;0.283;0.195;4.998;0.208;0.222;0.31;0.295;0.645;0.383;0.046;0.037;0.12;0.171;0.032
20338;0.281;0.195;4.998;0.208;0.225;0.31;0.295;0.645;0.383;0.049;0.042;0.122;0.171;0.032
20339;0.286;0.195;4.998;0.212;0.22;0.312;0.295;0.645;0.378;0.042;0.037;0.122;0.171;0.034
20340;0.283;0.198;4.998;0.208;0.22;0.31;0.295;0.647;0.378;0.044;0.039;0.122;0.171;0.032
20341;0.286;0.198;4.998;0.208;0.222;0.315;0.295;0.645;0.376;0.044;0.037;0.125;0.171;0.032
20342;0.286;0.2;4.998;0.21;0.222;0.315;0.295;0.647;0.374;0.044;0.039;0.125;0.173;0.034
20343;0.286;0.203;4.998;0.208;0.225;0.315;0.3;0.649;0.371;0.042;0.037;0.125;0.173;0.032
20344;0.286;0.205;4.998;0.21;0.227;0.317;0.298;0.649;0.369;0.042;0.042;0.127;0.173;0.032
20345;0.288;0.203;4.998;0.21;0.227;0.317;0.3;0.647;0.371;0.042;0.039;0.127;0.173;0.034
20346;0.288;0.205;4.998;0.21;0.229;0.315;0.3;0.647;0.369;0.042;0.037;0.127;0.173;0.032
20347;0.288;0.208;4.998;0.205;0.229;0.315;0.3;0.645;0.369;0.039;0.039;0.127;0.171;0.032
20348;0.291;0.208;4.998;0.208;0.232;0.312;0.3;0.645;0.369;0.042;0.039;0.129;0.171;0.032
20349;0.291;0.208;4.998;0.208;0.234;0.31;0.3;0.649;0.369;0.039;0.039;0.132;0.173;0.032
20350;0.293;0.208;4.998;0.205;0.229;0.31;0.3;0.642;0.369;0.039;0.039;0.129;0.173;0.032
20351;0.293;0.208;4.998;0.208;0.232;0.31;0.3;0.645;0.369;0.039;0.037;0.134;0.176;0.032
20352;0.293;0.205;4.998;0.208;0.234;0.31;0.3;0.645;0.366;0.039;0.039;0.134;0.171;0.029
20353;0.295;0.208;4.998;0.208;0.234;0.305;0.3;0.645;0.369;0.046;0.039;0.137;0.178;0.032
20354;0.295;0.205;4.998;0.208;0.234;0.308;0.3;0.645;0.366;0.039;0.037;0.137;0.173;0.032
20355;0.293;0.205;4.998;0.208;0.237;0.305;0.3;0.647;0.364;0.042;0.039;0.139;0.173;0.034
20356;0.295;0.205;4.998;0.21;0.237;0.308;0.3;0.645;0.361;0.042;0.039;0.139;0.173;0.032
20357;0.291;0.205;4.998;0.21;0.234;0.305;0.3;0.642;0.359;0.042;0.042;0.144;0.176;0.032
20358;0.293;0.203;4.998;0.21;0.234;0.308;0.3;0.647;0.356;0.039;0.039;0.144;0.176;0.032
20359;0.298;0.203;4.998;0.212;0.237;0.31;0.303;0.645;0.352;0.037;0.037;0.144;0.176;0.032
20360;0.293;0.2;4.998;0.212;0.232;0.308;0.305;0.645;0.354;0.044;0.042;0.149;0.181;0.032
20361;0.295;0.203;4.998;0.212;0.237;0.312;0.305;0.647;0.349;0.042;0.039;0.146;0.176;0.032
20362;0.293;0.2;4.998;0.212;0.234;0.31;0.308;0.647;0.344;0.039;0.039;0.151;0.176;0.034
20363;0.293;0.198;4.998;0.215;0.234;0.31;0.303;0.645;0.344;0.042;0.039;0.151;0.181;0.032
20364;0.293;0.198;4.998;0.22;0.234;0.312;0.303;0.645;0.337;0.039;0.039;0.156;0.176;0.032
20365;0.293;0.195;4.998;0.215;0.234;0.312;0.305;0.647;0.337;0.042;0.039;0.156;0.178;0.032
20366;0.293;0.195;4.998;0.215;0.234;0.31;0.3;0.642;0.327;0.037;0.037;0.159;0.178;0.032
20367;0.295;0.198;4.998;0.22;0.234;0.312;0.3;0.647;0.327;0.039;0.039;0.161;0.178;0.034
20368;0.298;0.198;4.998;0.22;0.232;0.312;0.3;0.645;0.322;0.039;0.037;0.164;0.181;0.032
20369;0.293;0.195;4.998;0.22;0.232;0.31;0.3;0.645;0.32;0.039;0.034;0.166;0.181;0.032
20370;0.295;0.195;4.998;0.217;0.234;0.31;0.3;0.645;0.312;0.039;0.042;0.166;0.178;0.034
20371;0.295;0.195;4.998;0.217;0.234;0.312;0.298;0.645;0.31;0.039;0.034;0.168;0.181;0.029
20372;0.293;0.193;4.998;0.215;0.237;0.312;0.298;0.645;0.31;0.037;0.042;0.173;0.183;0.032
20373;0.295;0.195;4.998;0.217;0.234;0.315;0.298;0.645;0.303;0.039;0.039;0.171;0.181;0.034
20374;0.295;0.195;4.998;0.217;0.237;0.31;0.298;0.642;0.3;0.037;0.042;0.173;0.181;0.029
20375;0.295;0.195;4.998;0.215;0.237;0.315;0.3;0.645;0.295;0.037;0.039;0.178;0.183;0.032
20376;0.293;0.195;4.998;0.212;0.237;0.312;0.295;0.642;0.293;0.039;0.039;0.181;0.181;0.034
20377;0.295;0.195;4.998;0.215;0.234;0.315;0.298;0.642;0.288;0.039;0.042;0.183;0.183;0.029
20378;0.295;0.198;4.998;0.217;0.237;0.315;0.298;0.642;0.286;0.037;0.037;0.181;0.183;0.037
20379;0.293;0.2;4.998;0.217;0.232;0.315;0.298;0.645;0.281;0.037;0.037;0.178;0.186;0.029
20380;0.293;0.203;3.909;0.22;0.234;0.312;0.3;0.645;0.278;0.034;0.037;0.183;0.186;0.032
20381;0.293;0.203;2.48;0.22;0.232;0.31;0.3;0.642;0.276;0.039;0.039;0.183;0.186;0.029
20382;0.293;0.203;1.101;0.222;0.234;0.312;0.303;0.645;0.273;0.037;0.039;0.188;0.186;0.029
20383;0.293;0.203;0.583;0.222;0.234;0.312;0.303;0.645;0.273;0.042;0.039;0.186;0.183;0.027
20384;0.295;0.205;0.398;0.222;0.232;0.312;0.303;0.642;0.271;0.039;0.039;0.188;0.186;0.032
20385;0.298;0.205;0.295;0.222;0.237;0.315;0.303;0.645;0.264;0.034;0.039;0.186;0.181;0.032
20386;0.295;0.208;0.264;0.225;0.234;0.312;0.303;0.645;0.264;0.037;0.039;0.188;0.186;0.034
20387;0.298;0.208;0.269;0.222;0.234;0.312;0.305;0.645;0.261;0.039;0.039;0.188;0.183;0.027
20388;0.298;0.21;0.31;0.225;0.234;0.315;0.303;0.647;0.259;0.039;0.042;0.186;0.186;0.032
20389;0.295;0.208;0.276;0.222;0.232;0.312;0.303;0.645;0.254;0.037;0.039;0.188;0.186;0.029
20390;0.295;0.21;0.237;0.22;0.232;0.317;0.303;0.642;0.256;0.037;0.039;0.186;0.186;0.032
20391;0.295;0.208;0.215;0.222;0.232;0.317;0.3;0.645;0.251;0.034;0.042;0.186;0.188;0.029
20392;0.293;0.208;0.208;0.225;0.234;0.317;0.303;0.645;0.251;0.037;0.039;0.188;0.188;0.029
20393;0.298;0.212;0.215;0.222;0.229;0.317;0.303;0.645;0.249;0.034;0.042;0.186;0.188;0.032
20394;0.295;0.21;0.225;0.222;0.229;0.315;0.3;0.645;0.249;0.034;0.042;0.186;0.188;0.029
20395;0.295;0.212;0.237;0.222;0.232;0.315;0.3;0.645;0.247;0.034;0.042;0.186;0.186;0.032
20396;0.298;0.212;0.212;0.222;0.227;0.317;0.3;0.642;0.247;0.037;0.044;0.183;0.188;0.032
20397;0.295;0.212;0.208;0.22;0.229;0.317;0.3;0.645;0.244;0.034;0.042;0.181;0.186;0.029
20398;0.293;0.21;0.208;0.22;0.229;0.312;0.3;0.645;0.247;0.034;0.044;0.181;0.188;0.029
20399;0.293;0.21;0.2;0.222;0.229;0.315;0.303;0.645;0.244;0.034;0.042;0.181;0.19;0.032
20400;0.295;0.21;0.203;0.222;0.229;0.312;0.303;0.645;0.242;0.034;0.042;0.178;0.188;0.027
20401;0.293;0.208;0.2;0.225;0.229;0.31;0.303;0.645;0.239;0.034;0.042;0.176;0.19;0.029
20402;0.295;0.208;0.198;0.222;0.229;0.312;0.3;0.645;0.244;0.042;0.046;0.181;0.19;0.032
20403;0.295;0.205;0.195;0.227;0.229;0.31;0.303;0.645;0.239;0.034;0.044;0.173;0.188;0.029
20404;0.298;0.208;0.198;0.227;0.229;0.312;0.298;0.645;0.239;0.037;0.046;0.171;0.193;0.029
20405;0.295;0.205;0.195;0.227;0.229;0.312;0.3;0.642;0.237;0.037;0.044;0.168;0.188;0.029
20406;0.295;0.205;0.193;0.232;0.227;0.31;0.3;0.645;0.237;0.034;0.042;0.166;0.188;0.027
20407;0.298;0.205;0.188;0.229;0.227;0.312;0.3;0.645;0.237;0.034;0.046;0.168;0.19;0.037
20408;0.298;0.203;0.186;0.232;0.227;0.315;0.298;0.645;0.234;0.037;0.042;0.166;0.188;0.029
20409;0.298;0.205;0.186;0.232;0.227;0.312;0.298;0.642;0.234;0.037;0.046;0.166;0.186;0.032
20410;0.295;0.205;0.186;0.229;0.229;0.312;0.295;0.645;0.234;0.034;0.046;0.159;0.186;0.027
20411;0.295;0.205;0.186;0.232;0.227;0.317;0.295;0.645;0.234;0.034;0.042;0.159;0.186;0.027
20412;0.295;0.205;0.188;0.232;0.232;0.317;0.293;0.642;0.239;0.042;0.049;0.161;0.188;0.029
20413;0.291;0.203;0.186;0.234;0.232;0.317;0.293;0.645;0.234;0.039;0.046;0.156;0.186;0.029
20414;0.293;0.203;0.183;0.234;0.232;0.317;0.293;0.645;0.234;0.039;0.044;0.154;0.186;0.029
20415;0.291;0.203;0.183;0.232;0.234;0.315;0.291;0.645;0.237;0.039;0.044;0.156;0.188;0.029
20416;0.293;0.203;0.186;0.237;0.234;0.317;0.293;0.645;0.237;0.034;0.042;0.151;0.186;0.029
20417;0.293;0.2;0.186;0.234;0.237;0.317;0.293;0.645;0.234;0.037;0.044;0.151;0.186;0.029
20418;0.291;0.2;0.186;0.232;0.239;0.315;0.293;0.649;0.234;0.037;0.044;0.149;0.183;0.032
20419;0.291;0.2;0.186;0.234;0.239;0.317;0.291;0.645;0.234;0.037;0.044;0.151;0.188;0.029
20420;0.288;0.2;0.186;0.234;0.237;0.317;0.293;0.645;0.232;0.037;0.042;0.149;0.183;0.029
20421;0.288;0.198;0.186;0.234;0.237;0.315;0.291;0.645;0.232;0.037;0.042;0.151;0.181;0.027
20422;0.288;0.195;0.186;0.232;0.237;0.317;0.293;0.647;0.229;0.037;0.042;0.149;0.183;0.029
20423;0.291;0.198;0.186;0.234;0.237;0.317;0.291;0.645;0.232;0.037;0.042;0.149;0.183;0.029
20424;0.288;0.198;0.186;0.232;0.237;0.312;0.291;0.645;0.229;0.037;0.039;0.149;0.183;0.029
20425;0.291;0.198;0.188;0.229;0.237;0.317;0.288;0.642;0.227;0.037;0.039;0.146;0.183;0.032
20426;0.288;0.198;0.186;0.229;0.234;0.315;0.288;0.645;0.229;0.039;0.042;0.151;0.183;0.029
20427;0.288;0.198;0.186;0.232;0.234;0.317;0.288;0.645;0.227;0.037;0.037;0.151;0.183;0.032
20428;0.291;0.195;0.186;0.232;0.232;0.312;0.291;0.647;0.227;0.037;0.039;0.154;0.178;0.029
20429;0.288;0.195;0.19;0.232;0.232;0.312;0.291;0.645;0.227;0.034;0.037;0.154;0.183;0.029
20430;0.288;0.195;0.188;0.234;0.232;0.315;0.291;0.645;0.227;0.037;0.039;0.156;0.178;0.029
20431;0.291;0.193;0.19;0.232;0.234;0.31;0.291;0.642;0.227;0.037;0.039;0.156;0.178;0.029
20432;0.291;0.193;0.193;0.234;0.229;0.31;0.293;0.645;0.229;0.037;0.042;0.159;0.178;0.029
20433;0.286;0.19;0.188;0.234;0.229;0.312;0.293;0.645;0.225;0.037;0.037;0.159;0.176;0.034
20434;0.288;0.19;0.19;0.237;0.232;0.31;0.293;0.645;0.229;0.037;0.037;0.159;0.176;0.029
20435;0.286;0.188;0.19;0.237;0.232;0.308;0.291;0.645;0.229;0.037;0.039;0.159;0.181;0.032
20436;0.286;0.188;0.19;0.237;0.234;0.308;0.293;0.645;0.229;0.037;0.034;0.161;0.173;0.029
20437;0.286;0.186;0.188;0.239;0.234;0.308;0.291;0.645;0.229;0.034;0.037;0.159;0.176;0.029
20438;0.283;0.188;0.19;0.237;0.234;0.308;0.291;0.642;0.232;0.039;0.042;0.166;0.181;0.034
20439;0.286;0.186;0.19;0.237;0.237;0.308;0.291;0.642;0.227;0.032;0.037;0.164;0.176;0.032
20440;0.288;0.183;0.19;0.237;0.234;0.308;0.288;0.645;0.232;0.034;0.037;0.166;0.176;0.032
20441;0.288;0.183;0.19;0.237;0.237;0.31;0.288;0.647;0.237;0.034;0.039;0.166;0.171;0.027
20442;0.291;0.183;0.193;0.239;0.237;0.31;0.291;0.645;0.237;0.032;0.037;0.168;0.176;0.032
20443;0.288;0.186;0.193;0.239;0.234;0.31;0.288;0.645;0.239;0.034;0.037;0.171;0.173;0.029
20444;0.291;0.186;0.193;0.237;0.234;0.312;0.291;0.645;0.242;0.034;0.034;0.168;0.173;0.032
20445;0.288;0.186;0.195;0.237;0.234;0.312;0.288;0.645;0.242;0.034;0.037;0.173;0.171;0.029
20446;0.288;0.188;0.195;0.239;0.229;0.315;0.288;0.647;0.244;0.034;0.037;0.176;0.173;0.029
20447;0.288;0.19;0.193;0.239;0.234;0.312;0.286;0.645;0.242;0.034;0.039;0.176;0.168;0.032
20448;0.291;0.193;0.195;0.239;0.232;0.312;0.286;0.647;0.244;0.037;0.039;0.176;0.173;0.032
20449;0.291;0.19;0.193;0.239;0.232;0.312;0.283;0.645;0.244;0.034;0.037;0.181;0.173;0.032
20450;0.291;0.193;0.193;0.242;0.232;0.31;0.283;0.647;0.244;0.032;0.039;0.181;0.168;0.034
20451;0.288;0.195;0.198;0.239;0.232;0.31;0.286;0.647;0.249;0.037;0.042;0.183;0.171;0.029
20452;0.288;0.193;0.195;0.242;0.229;0.31;0.283;0.645;0.247;0.037;0.039;0.183;0.166;0.029
20453;0.288;0.195;0.198;0.242;0.229;0.308;0.286;0.645;0.244;0.034;0.039;0.188;0.166;0.032
20454;0.293;0.193;0.198;0.239;0.229;0.305;0.286;0.645;0.247;0.037;0.042;0.19;0.168;0.029
20455;0.291;0.2;0.198;0.242;0.229;0.305;0.291;0.645;0.249;0.037;0.039;0.193;0.164;0.032
20456;0.288;0.195;0.193;0.239;0.229;0.305;0.291;0.642;0.244;0.037;0.034;0.193;0.166;0.032
20457;0.291;0.203;0.195;0.239;0.229;0.308;0.293;0.642;0.247;0.037;0.039;0.198;0.161;0.029
20458;0.291;0.2;0.198;0.242;0.232;0.305;0.293;0.642;0.244;0.037;0.037;0.198;0.164;0.032
20459;0.291;0.2;0.193;0.239;0.229;0.305;0.293;0.642;0.247;0.037;0.034;0.2;0.161;0.029
20460;0.291;0.203;0.193;0.242;0.229;0.303;0.293;0.645;0.242;0.034;0.037;0.205;0.164;0.034
20461;0.293;0.205;0.195;0.242;0.229;0.305;0.293;0.64;0.242;0.032;0.039;0.205;0.161;0.034
20462;0.291;0.205;0.19;0.239;0.229;0.305;0.291;0.642;0.244;0.034;0.039;0.21;0.161;0.032
20463;0.293;0.208;0.193;0.242;0.227;0.303;0.291;0.645;0.242;0.034;0.039;0.212;0.156;0.029
20464;0.291;0.208;0.195;0.239;0.229;0.3;0.293;0.64;0.242;0.037;0.039;0.217;0.166;0.039
20465;0.288;0.205;0.195;0.244;0.232;0.3;0.286;0.642;0.239;0.037;0.037;0.217;0.159;0.032
20466;0.291;0.208;0.193;0.242;0.229;0.3;0.288;0.64;0.239;0.034;0.039;0.22;0.159;0.032
20467;0.288;0.205;0.195;0.242;0.227;0.298;0.288;0.642;0.237;0.037;0.037;0.222;0.156;0.034
20468;0.286;0.205;0.193;0.242;0.227;0.298;0.286;0.642;0.237;0.037;0.037;0.225;0.156;0.029
20469;0.283;0.208;0.198;0.239;0.227;0.298;0.288;0.642;0.237;0.037;0.039;0.232;0.151;0.032
20470;0.288;0.208;0.198;0.242;0.225;0.3;0.288;0.637;0.234;0.037;0.037;0.232;0.154;0.027
20471;0.286;0.205;0.2;0.239;0.225;0.303;0.286;0.64;0.232;0.037;0.037;0.232;0.154;0.032
20472;0.283;0.205;0.2;0.239;0.225;0.3;0.291;0.642;0.229;0.034;0.037;0.234;0.151;0.034
20473;0.286;0.205;0.203;0.242;0.227;0.303;0.288;0.642;0.229;0.034;0.039;0.242;0.151;0.029
20474;0.283;0.203;0.205;0.242;0.225;0.303;0.291;0.64;0.225;0.034;0.034;0.239;0.154;0.032
20475;0.281;0.203;0.208;0.242;0.225;0.303;0.291;0.642;0.225;0.034;0.037;0.244;0.146;0.032
20476;0.281;0.203;0.208;0.239;0.227;0.303;0.293;0.645;0.222;0.037;0.037;0.247;0.146;0.029
20477;0.278;0.205;0.208;0.239;0.227;0.305;0.293;0.642;0.22;0.037;0.037;0.244;0.151;0.032
20478;0.278;0.203;0.205;0.237;0.227;0.303;0.291;0.642;0.22;0.037;0.034;0.247;0.149;0.032
20479;0.278;0.208;0.208;0.234;0.229;0.305;0.291;0.642;0.217;0.034;0.034;0.249;0.146;0.034
20480;0.281;0.208;0.212;0.232;0.229;0.305;0.293;0.642;0.217;0.037;0.034;0.251;0.149;0.032
20481;0.283;0.208;0.208;0.234;0.232;0.303;0.293;0.642;0.215;0.037;0.034;0.254;0.146;0.029
20482;0.286;0.21;0.208;0.232;0.232;0.3;0.293;0.645;0.212;0.037;0.034;0.254;0.144;0.032
20483;0.312;0.21;0.205;0.234;0.232;0.3;0.293;0.642;0.208;0.034;0.032;0.254;0.144;0.032
20484;0.344;0.21;0.208;0.232;0.232;0.3;0.293;0.645;0.21;0.037;0.034;0.256;0.144;0.032
20485;0.327;0.21;0.208;0.234;0.232;0.3;0.288;0.645;0.208;0.034;0.034;0.256;0.142;0.032
20486;0.349;0.212;0.21;0.232;0.229;0.295;0.293;0.645;0.203;0.037;0.034;0.256;0.142;0.029
20487;0.381;0.212;0.21;0.237;0.232;0.298;0.291;0.645;0.205;0.039;0.034;0.261;0.142;0.032
20488;0.408;0.212;0.21;0.237;0.229;0.298;0.286;0.642;0.203;0.037;0.034;0.259;0.142;0.029
20489;0.386;0.212;0.21;0.237;0.227;0.295;0.286;0.642;0.2;0.034;0.034;0.261;0.139;0.032
20490;0.378;0.212;0.212;0.234;0.227;0.298;0.288;0.642;0.198;0.034;0.032;0.259;0.139;0.032
20491;0.371;0.212;0.208;0.237;0.229;0.298;0.288;0.64;0.198;0.037;0.034;0.259;0.139;0.032
20492;0.386;0.212;0.212;0.234;0.229;0.298;0.286;0.645;0.193;0.034;0.034;0.261;0.137;0.032
20493;0.356;0.21;0.208;0.237;0.229;0.298;0.286;0.642;0.193;0.037;0.034;0.264;0.139;0.029
20494;0.364;0.212;0.208;0.239;0.227;0.298;0.286;0.642;0.19;0.032;0.032;0.261;0.137;0.032
20495;0.386;0.21;0.208;0.237;0.229;0.3;0.283;0.642;0.193;0.037;0.034;0.264;0.129;0.027
20496;0.361;0.212;0.205;0.239;0.229;0.298;0.283;0.642;0.188;0.034;0.034;0.266;0.137;0.032
20497;0.381;0.212;0.208;0.237;0.229;0.298;0.283;0.64;0.188;0.037;0.032;0.261;0.137;0.032
20498;0.378;0.212;0.208;0.237;0.227;0.298;0.283;0.642;0.188;0.034;0.034;0.261;0.132;0.032
20499;0.361;0.212;0.205;0.239;0.227;0.298;0.283;0.642;0.19;0.032;0.034;0.261;0.134;0.032
20500;0.359;0.21;0.212;0.239;0.225;0.298;0.286;0.642;0.186;0.034;0.034;0.266;0.134;0.032
20501;0.369;0.212;0.212;0.239;0.225;0.298;0.286;0.645;0.186;0.034;0.034;0.264;0.134;0.034
20502;0.371;0.21;0.212;0.239;0.225;0.3;0.286;0.645;0.188;0.037;0.034;0.266;0.134;0.032
20503;0.359;0.208;0.215;0.239;0.225;0.298;0.288;0.647;0.186;0.034;0.032;0.264;0.132;0.032
20504;0.354;0.208;0.21;0.239;0.225;0.295;0.288;0.642;0.183;0.034;0.034;0.266;0.132;0.034
20505;0.376;0.205;0.217;0.239;0.225;0.298;0.288;0.645;0.181;0.034;0.032;0.266;0.132;0.034
20506;0.361;0.203;0.212;0.239;0.227;0.298;0.288;0.645;0.183;0.032;0.032;0.264;0.132;0.037
20507;0.371;0.205;0.215;0.239;0.227;0.3;0.288;0.645;0.181;0.034;0.034;0.264;0.129;0.029
20508;0.361;0.205;0.212;0.237;0.227;0.3;0.286;0.645;0.178;0.032;0.032;0.264;0.129;0.032
20509;0.352;0.205;0.212;0.234;0.229;0.3;0.286;0.645;0.181;0.037;0.034;0.264;0.129;0.032
20510;0.366;0.205;0.217;0.237;0.227;0.298;0.288;0.645;0.181;0.032;0.032;0.259;0.132;0.032
20511;0.366;0.208;0.22;0.237;0.225;0.298;0.288;0.645;0.181;0.037;0.032;0.264;0.129;0.037
20512;0.371;0.208;0.222;0.234;0.222;0.3;0.288;0.647;0.178;0.029;0.029;0.259;0.129;0.032
20513;0.361;0.21;0.222;0.234;0.222;0.298;0.286;0.647;0.178;0.032;0.032;0.261;0.129;0.037
20514;0.361;0.208;0.215;0.232;0.222;0.3;0.288;0.649;0.178;0.029;0.029;0.259;0.127;0.032
20515;0.374;0.212;0.22;0.234;0.217;0.298;0.288;0.647;0.181;0.034;0.032;0.259;0.127;0.037
20516;0.374;0.21;0.22;0.232;0.222;0.298;0.291;0.645;0.176;0.034;0.032;0.261;0.125;0.034
20517;0.366;0.21;0.217;0.234;0.217;0.295;0.293;0.645;0.176;0.032;0.032;0.261;0.122;0.034
20518;0.374;0.21;0.22;0.232;0.22;0.295;0.293;0.647;0.178;0.034;0.032;0.259;0.125;0.032
20519;0.376;0.21;0.229;0.232;0.217;0.295;0.293;0.645;0.178;0.034;0.034;0.261;0.122;0.037
20520;0.386;0.21;0.227;0.232;0.22;0.293;0.293;0.647;0.173;0.029;0.032;0.256;0.117;0.032
20521;0.381;0.21;0.232;0.234;0.222;0.295;0.291;0.647;0.181;0.034;0.034;0.259;0.12;0.037
20522;0.378;0.208;0.229;0.234;0.222;0.293;0.286;0.647;0.176;0.032;0.032;0.259;0.122;0.034
20523;0.381;0.21;0.229;0.234;0.222;0.295;0.286;0.647;0.178;0.037;0.029;0.261;0.12;0.037
20524;0.374;0.21;0.227;0.232;0.22;0.295;0.283;0.647;0.176;0.034;0.029;0.259;0.12;0.034
20525;0.383;0.21;0.225;0.229;0.222;0.291;0.283;0.645;0.176;0.032;0.029;0.259;0.117;0.037
20526;0.383;0.208;0.222;0.229;0.225;0.293;0.281;0.645;0.176;0.037;0.029;0.259;0.12;0.037
20527;0.378;0.21;0.22;0.229;0.222;0.293;0.281;0.647;0.173;0.032;0.032;0.259;0.115;0.039
20528;0.381;0.208;0.225;0.232;0.22;0.293;0.281;0.649;0.173;0.034;0.034;0.259;0.115;0.037
20529;0.381;0.212;0.225;0.232;0.22;0.293;0.281;0.645;0.173;0.034;0.029;0.256;0.115;0.037
20530;0.378;0.21;0.225;0.229;0.215;0.298;0.283;0.647;0.178;0.034;0.034;0.259;0.115;0.034
20531;0.366;0.212;0.225;0.227;0.215;0.295;0.286;0.647;0.173;0.034;0.032;0.259;0.112;0.037
20532;0.369;0.21;0.225;0.225;0.215;0.295;0.288;0.647;0.171;0.034;0.032;0.259;0.117;0.039
20533;0.381;0.215;0.229;0.225;0.212;0.295;0.288;0.647;0.173;0.037;0.032;0.259;0.12;0.039
20534;0.371;0.21;0.225;0.225;0.215;0.295;0.288;0.647;0.168;0.032;0.032;0.256;0.112;0.039
20535;0.376;0.21;0.225;0.225;0.215;0.295;0.288;0.647;0.168;0.034;0.034;0.259;0.112;0.039
20536;0.371;0.215;0.227;0.225;0.215;0.295;0.288;0.647;0.171;0.034;0.032;0.259;0.112;0.037
20537;0.371;0.212;0.225;0.222;0.215;0.295;0.286;0.647;0.168;0.032;0.034;0.259;0.11;0.037
20538;0.371;0.212;0.227;0.225;0.217;0.293;0.286;0.647;0.168;0.034;0.039;0.261;0.11;0.039
20539;0.369;0.212;0.229;0.225;0.217;0.295;0.283;0.647;0.171;0.037;0.037;0.259;0.112;0.039
20540;0.374;0.215;0.225;0.225;0.22;0.295;0.278;0.647;0.166;0.032;0.037;0.256;0.11;0.039
20541;0.374;0.21;0.222;0.225;0.217;0.295;0.276;0.645;0.166;0.034;0.034;0.259;0.11;0.037
20542;0.378;0.212;0.222;0.227;0.217;0.298;0.276;0.647;0.166;0.034;0.037;0.256;0.107;0.037
20543;0.381;0.212;0.222;0.227;0.217;0.295;0.278;0.645;0.164;0.034;0.037;0.259;0.11;0.037
20544;0.378;0.21;0.217;0.227;0.217;0.298;0.276;0.647;0.164;0.034;0.037;0.259;0.107;0.042
20545;0.376;0.212;0.217;0.229;0.215;0.295;0.276;0.645;0.164;0.032;0.034;0.256;0.105;0.037
20546;0.376;0.21;0.217;0.229;0.215;0.298;0.276;0.645;0.159;0.029;0.034;0.256;0.107;0.037
20547;0.374;0.208;0.217;0.227;0.212;0.293;0.278;0.642;0.161;0.034;0.037;0.256;0.105;0.039
20548;0.378;0.21;0.22;0.227;0.215;0.293;0.281;0.645;0.164;0.032;0.034;0.254;0.107;0.042
20549;0.378;0.21;0.217;0.227;0.215;0.293;0.281;0.647;0.161;0.037;0.037;0.254;0.107;0.037
20550;0.378;0.212;0.222;0.225;0.212;0.295;0.281;0.645;0.161;0.032;0.034;0.251;0.105;0.037
20551;0.381;0.21;0.217;0.227;0.212;0.291;0.281;0.642;0.156;0.034;0.037;0.251;0.103;0.039
20552;0.381;0.21;0.215;0.225;0.215;0.293;0.278;0.642;0.156;0.032;0.034;0.249;0.11;0.039
20553;0.381;0.212;0.215;0.225;0.212;0.293;0.278;0.645;0.159;0.037;0.037;0.251;0.105;0.039
20554;0.378;0.212;0.217;0.225;0.215;0.293;0.278;0.645;0.156;0.034;0.034;0.247;0.105;0.039
20555;0.376;0.212;0.217;0.222;0.212;0.293;0.278;0.645;0.156;0.032;0.034;0.244;0.105;0.042
20556;0.376;0.212;0.217;0.225;0.21;0.291;0.276;0.642;0.156;0.032;0.037;0.244;0.105;0.039
20557;0.378;0.212;0.22;0.222;0.21;0.291;0.273;0.645;0.151;0.034;0.037;0.239;0.103;0.039
20558;0.381;0.212;0.22;0.222;0.21;0.293;0.276;0.645;0.156;0.034;0.037;0.239;0.105;0.039
20559;0.376;0.21;0.22;0.22;0.212;0.288;0.273;0.642;0.151;0.032;0.037;0.234;0.105;0.039
20560;0.374;0.212;0.212;0.222;0.212;0.291;0.273;0.645;0.154;0.029;0.039;0.237;0.1;0.037
20561;0.371;0.215;0.222;0.222;0.212;0.288;0.276;0.645;0.154;0.034;0.039;0.234;0.105;0.039
20562;0.369;0.212;0.222;0.222;0.215;0.291;0.276;0.642;0.154;0.034;0.039;0.227;0.105;0.037
20563;0.366;0.215;0.229;0.22;0.215;0.288;0.278;0.642;0.151;0.034;0.039;0.227;0.103;0.039
20564;0.364;0.215;0.229;0.222;0.217;0.291;0.278;0.642;0.154;0.034;0.037;0.22;0.103;0.032
20565;0.364;0.212;0.229;0.222;0.215;0.291;0.276;0.64;0.151;0.034;0.037;0.22;0.105;0.037
20566;0.361;0.215;0.234;0.222;0.217;0.291;0.278;0.645;0.154;0.034;0.042;0.217;0.1;0.037
20567;0.359;0.215;0.234;0.225;0.217;0.293;0.278;0.64;0.151;0.034;0.044;0.22;0.107;0.034
20568;0.361;0.215;0.234;0.225;0.217;0.291;0.278;0.642;0.154;0.037;0.044;0.215;0.103;0.037
20569;0.361;0.215;0.237;0.225;0.217;0.288;0.281;0.642;0.154;0.032;0.044;0.21;0.105;0.039
20570;0.359;0.217;0.244;0.222;0.217;0.291;0.276;0.642;0.156;0.034;0.044;0.21;0.107;0.037
20571;0.361;0.215;0.239;0.225;0.217;0.288;0.278;0.64;0.154;0.034;0.044;0.208;0.105;0.039
20572;0.361;0.215;0.244;0.225;0.217;0.286;0.276;0.64;0.156;0.037;0.046;0.203;0.107;0.037
20573;0.364;0.215;0.244;0.222;0.217;0.286;0.276;0.64;0.159;0.034;0.044;0.2;0.105;0.039
20574;0.364;0.21;0.234;0.225;0.217;0.283;0.276;0.64;0.156;0.032;0.044;0.198;0.107;0.037
20575;0.364;0.212;0.237;0.225;0.217;0.283;0.276;0.642;0.156;0.034;0.044;0.195;0.105;0.039
20576;0.361;0.21;0.232;0.225;0.217;0.283;0.278;0.642;0.159;0.037;0.044;0.195;0.107;0.039
20577;0.361;0.215;0.232;0.225;0.215;0.283;0.278;0.642;0.159;0.034;0.044;0.19;0.105;0.037
20578;0.366;0.212;0.232;0.225;0.217;0.283;0.276;0.642;0.164;0.039;0.046;0.19;0.107;0.039
20579;0.369;0.212;0.237;0.227;0.217;0.283;0.276;0.642;0.164;0.034;0.042;0.188;0.11;0.037
20580;0.374;0.212;0.244;0.229;0.215;0.281;0.278;0.64;0.164;0.032;0.044;0.183;0.11;0.039
20581;0.376;0.215;0.247;0.225;0.21;0.281;0.276;0.642;0.166;0.034;0.044;0.186;0.107;0.037
20582;0.378;0.215;0.249;0.229;0.215;0.283;0.281;0.642;0.166;0.034;0.044;0.183;0.11;0.037
20583;0.381;0.217;0.254;0.232;0.212;0.281;0.283;0.642;0.171;0.037;0.044;0.186;0.107;0.037
20584;0.378;0.22;0.261;0.229;0.215;0.281;0.281;0.642;0.164;0.034;0.042;0.176;0.11;0.039
20585;0.381;0.222;0.254;0.229;0.215;0.278;0.281;0.642;0.173;0.037;0.044;0.178;0.11;0.037
20586;0.376;0.217;0.259;0.229;0.215;0.278;0.281;0.64;0.171;0.037;0.044;0.178;0.112;0.037
20587;0.378;0.217;0.271;0.232;0.217;0.278;0.283;0.64;0.168;0.037;0.044;0.176;0.11;0.039
20588;0.378;0.22;0.266;0.234;0.217;0.278;0.283;0.642;0.168;0.039;0.044;0.176;0.112;0.034
20589;0.378;0.22;0.271;0.237;0.22;0.278;0.281;0.64;0.173;0.039;0.049;0.176;0.112;0.039
20590;0.376;0.217;0.295;0.234;0.222;0.278;0.281;0.642;0.171;0.039;0.044;0.176;0.11;0.039
20591;0.376;0.22;0.483;0.237;0.22;0.281;0.281;0.642;0.173;0.039;0.046;0.173;0.112;0.039
20592;0.374;0.22;0.566;0.239;0.222;0.281;0.281;0.642;0.176;0.042;0.046;0.173;0.112;0.039
20593;0.374;0.22;0.64;0.239;0.22;0.281;0.281;0.642;0.178;0.039;0.044;0.173;0.115;0.039
20594;0.366;0.22;0.601;0.242;0.22;0.281;0.278;0.64;0.176;0.039;0.044;0.171;0.115;0.037
20595;0.366;0.222;0.823;0.239;0.22;0.281;0.276;0.64;0.183;0.046;0.049;0.178;0.117;0.039
20596;0.371;0.222;0.864;0.239;0.217;0.283;0.278;0.642;0.178;0.039;0.042;0.173;0.117;0.037
20597;0.369;0.222;1.763;0.242;0.22;0.286;0.276;0.642;0.183;0.044;0.044;0.178;0.117;0.042
20598;0.364;0.22;2.083;0.242;0.217;0.283;0.276;0.642;0.183;0.044;0.042;0.176;0.117;0.037
20599;0.364;0.22;2.527;0.239;0.217;0.286;0.276;0.642;0.186;0.042;0.044;0.176;0.117;0.039
20600;0.364;0.222;2.598;0.237;0.217;0.286;0.276;0.642;0.183;0.044;0.042;0.176;0.117;0.039
20601;0.359;0.22;3.901;0.237;0.217;0.283;0.273;0.642;0.188;0.042;0.042;0.178;0.117;0.037
20602;0.359;0.22;4.998;0.234;0.217;0.281;0.276;0.64;0.19;0.042;0.042;0.178;0.12;0.037
20603;0.361;0.217;4.998;0.234;0.217;0.283;0.276;0.645;0.195;0.046;0.044;0.181;0.122;0.039
20604;0.359;0.217;4.998;0.234;0.22;0.281;0.276;0.642;0.193;0.042;0.042;0.181;0.12;0.039
20605;0.361;0.217;4.998;0.232;0.215;0.281;0.278;0.642;0.198;0.044;0.042;0.183;0.117;0.037
20606;0.361;0.217;4.998;0.232;0.215;0.281;0.278;0.642;0.2;0.044;0.042;0.186;0.12;0.037
20607;0.364;0.217;4.998;0.234;0.215;0.278;0.281;0.642;0.2;0.042;0.042;0.183;0.122;0.039
20608;0.359;0.217;4.998;0.234;0.212;0.278;0.281;0.64;0.208;0.044;0.042;0.188;0.122;0.039
20609;0.364;0.212;4.998;0.232;0.208;0.278;0.278;0.645;0.212;0.044;0.039;0.188;0.125;0.039
20610;0.366;0.215;4.998;0.232;0.21;0.278;0.278;0.64;0.212;0.044;0.042;0.188;0.122;0.034
20611;0.369;0.212;4.998;0.229;0.205;0.276;0.276;0.642;0.217;0.044;0.042;0.19;0.125;0.037
20612;0.371;0.215;4.998;0.229;0.208;0.276;0.273;0.642;0.225;0.044;0.042;0.193;0.12;0.039
20613;0.371;0.215;4.998;0.229;0.208;0.278;0.273;0.642;0.232;0.046;0.039;0.195;0.125;0.039
20614;0.369;0.212;4.998;0.225;0.208;0.276;0.273;0.642;0.232;0.044;0.037;0.195;0.122;0.037
20615;0.371;0.215;4.998;0.227;0.208;0.276;0.271;0.642;0.239;0.046;0.039;0.198;0.125;0.037
20616;0.371;0.215;4.998;0.227;0.21;0.276;0.273;0.642;0.249;0.046;0.042;0.195;0.125;0.039
20617;0.369;0.212;4.998;0.225;0.212;0.273;0.273;0.642;0.256;0.046;0.039;0.203;0.127;0.037
20618;0.369;0.215;4.998;0.225;0.212;0.276;0.273;0.642;0.261;0.049;0.039;0.2;0.127;0.039
20619;0.371;0.215;4.998;0.225;0.212;0.276;0.273;0.645;0.271;0.044;0.037;0.2;0.127;0.037
20620;0.369;0.215;4.998;0.222;0.212;0.273;0.276;0.645;0.276;0.046;0.039;0.205;0.129;0.037
20621;0.369;0.215;4.998;0.222;0.215;0.273;0.276;0.645;0.283;0.042;0.037;0.2;0.132;0.037
20622;0.369;0.212;4.998;0.222;0.212;0.271;0.278;0.642;0.295;0.046;0.039;0.205;0.127;0.037
20623;0.369;0.217;4.998;0.222;0.215;0.273;0.278;0.642;0.3;0.044;0.037;0.203;0.127;0.039
20624;0.366;0.215;4.998;0.222;0.215;0.273;0.278;0.642;0.31;0.046;0.037;0.203;0.132;0.034
20625;0.364;0.215;4.998;0.217;0.212;0.273;0.278;0.642;0.322;0.044;0.039;0.205;0.132;0.037
20626;0.366;0.215;4.998;0.22;0.212;0.273;0.278;0.642;0.332;0.044;0.037;0.203;0.132;0.037
20627;0.364;0.215;4.998;0.22;0.212;0.273;0.273;0.64;0.342;0.046;0.037;0.203;0.134;0.037
20628;0.366;0.215;4.998;0.217;0.212;0.276;0.273;0.642;0.352;0.046;0.037;0.203;0.134;0.039
20629;0.369;0.215;4.998;0.222;0.212;0.276;0.269;0.642;0.364;0.046;0.037;0.2;0.134;0.037
20630;0.366;0.215;4.998;0.222;0.212;0.276;0.271;0.642;0.378;0.044;0.039;0.203;0.137;0.039
20631;0.366;0.215;4.998;0.225;0.215;0.276;0.271;0.642;0.388;0.044;0.037;0.2;0.139;0.037
20632;0.369;0.215;4.998;0.225;0.215;0.278;0.271;0.645;0.4;0.046;0.037;0.2;0.139;0.039
20633;0.366;0.215;4.998;0.22;0.215;0.281;0.271;0.642;0.41;0.042;0.034;0.2;0.142;0.042
20634;0.366;0.215;4.998;0.225;0.212;0.281;0.271;0.642;0.422;0.046;0.037;0.2;0.139;0.039
20635;0.366;0.217;4.998;0.222;0.217;0.281;0.273;0.64;0.43;0.042;0.037;0.198;0.142;0.039
20636;0.369;0.215;4.998;0.225;0.212;0.281;0.273;0.642;0.444;0.046;0.037;0.2;0.142;0.042
20637;0.366;0.217;4.998;0.222;0.21;0.283;0.271;0.637;0.452;0.042;0.032;0.195;0.144;0.034
20638;0.369;0.22;4.998;0.225;0.208;0.281;0.273;0.637;0.464;0.044;0.034;0.195;0.139;0.039
20639;0.364;0.215;4.998;0.22;0.208;0.283;0.273;0.637;0.471;0.046;0.034;0.198;0.146;0.037
20640;0.366;0.217;4.998;0.222;0.208;0.281;0.276;0.637;0.479;0.042;0.032;0.193;0.144;0.042
20641;0.364;0.217;4.998;0.225;0.205;0.281;0.276;0.64;0.488;0.044;0.034;0.195;0.144;0.037
20642;0.369;0.217;4.998;0.222;0.205;0.281;0.276;0.64;0.493;0.044;0.034;0.193;0.144;0.039
20643;0.369;0.22;4.998;0.225;0.203;0.278;0.276;0.637;0.5;0.042;0.034;0.193;0.144;0.034
20644;0.369;0.22;4.998;0.225;0.203;0.283;0.273;0.637;0.5;0.042;0.034;0.193;0.149;0.039
20645;0.371;0.22;4.998;0.225;0.2;0.286;0.271;0.64;0.505;0.039;0.034;0.19;0.146;0.037
20646;0.371;0.217;4.998;0.222;0.2;0.283;0.273;0.64;0.51;0.042;0.034;0.188;0.149;0.037
20647;0.371;0.222;4.998;0.222;0.2;0.283;0.273;0.64;0.515;0.042;0.034;0.19;0.149;0.039
20648;0.374;0.22;4.998;0.22;0.2;0.283;0.271;0.637;0.518;0.042;0.034;0.188;0.151;0.039
20649;0.376;0.222;4.998;0.225;0.203;0.283;0.271;0.64;0.52;0.042;0.029;0.188;0.149;0.037
20650;0.376;0.222;4.998;0.222;0.2;0.283;0.271;0.64;0.525;0.044;0.032;0.186;0.151;0.037
20651;0.378;0.22;4.998;0.222;0.2;0.283;0.269;0.64;0.53;0.046;0.037;0.19;0.154;0.039
20652;0.378;0.222;4.998;0.217;0.2;0.283;0.271;0.64;0.525;0.042;0.032;0.183;0.151;0.039
20653;0.378;0.222;4.998;0.22;0.2;0.283;0.271;0.64;0.527;0.039;0.032;0.186;0.156;0.039
20654;0.376;0.222;4.998;0.22;0.203;0.281;0.271;0.637;0.527;0.042;0.032;0.186;0.154;0.037
20655;0.378;0.222;4.998;0.22;0.205;0.281;0.271;0.637;0.53;0.042;0.032;0.183;0.154;0.039
20656;0.378;0.22;4.998;0.22;0.203;0.281;0.271;0.637;0.527;0.039;0.032;0.183;0.154;0.037
20657;0.378;0.22;4.998;0.22;0.205;0.278;0.269;0.637;0.527;0.039;0.029;0.183;0.159;0.042
20658;0.374;0.22;4.998;0.217;0.205;0.278;0.269;0.635;0.525;0.039;0.027;0.181;0.159;0.039
20659;0.376;0.217;4.998;0.217;0.205;0.278;0.269;0.635;0.522;0.039;0.029;0.181;0.156;0.039
20660;0.376;0.217;4.998;0.217;0.205;0.281;0.266;0.637;0.518;0.039;0.029;0.181;0.159;0.042
20661;0.376;0.217;4.998;0.217;0.205;0.283;0.269;0.635;0.52;0.042;0.029;0.181;0.159;0.037
20662;0.376;0.217;4.998;0.217;0.208;0.281;0.269;0.635;0.513;0.039;0.029;0.178;0.156;0.037
20663;0.374;0.215;4.998;0.22;0.203;0.283;0.269;0.637;0.508;0.039;0.032;0.178;0.159;0.037
20664;0.371;0.215;4.998;0.217;0.205;0.281;0.269;0.635;0.505;0.039;0.029;0.178;0.161;0.037
20665;0.374;0.212;4.998;0.217;0.203;0.286;0.271;0.635;0.503;0.039;0.029;0.178;0.161;0.039
20666;0.369;0.215;4.998;0.212;0.203;0.283;0.269;0.635;0.496;0.042;0.029;0.176;0.164;0.037
20667;0.369;0.217;4.998;0.215;0.205;0.283;0.266;0.635;0.493;0.037;0.029;0.178;0.161;0.037
20668;0.364;0.217;4.998;0.215;0.203;0.288;0.266;0.635;0.493;0.044;0.034;0.183;0.161;0.037
20669;0.364;0.22;4.998;0.217;0.203;0.286;0.266;0.637;0.486;0.044;0.034;0.178;0.164;0.037
20670;0.361;0.217;2.712;0.215;0.203;0.286;0.266;0.637;0.476;0.042;0.032;0.178;0.166;0.034
20671;0.359;0.217;1.436;0.22;0.205;0.286;0.266;0.635;0.469;0.042;0.032;0.178;0.159;0.034
20672;0.359;0.217;0.857;0.217;0.205;0.283;0.264;0.635;0.466;0.044;0.034;0.178;0.164;0.037
20673;0.359;0.217;0.537;0.22;0.208;0.283;0.264;0.637;0.461;0.046;0.034;0.178;0.166;0.037
20674;0.359;0.217;0.398;0.217;0.205;0.281;0.264;0.635;0.457;0.046;0.034;0.178;0.164;0.034
20675;0.356;0.217;0.317;0.22;0.208;0.281;0.261;0.635;0.449;0.046;0.034;0.176;0.164;0.034
20676;0.359;0.217;0.278;0.217;0.21;0.283;0.261;0.635;0.442;0.046;0.032;0.178;0.164;0.034
20677;0.356;0.217;0.264;0.217;0.208;0.283;0.261;0.637;0.437;0.049;0.034;0.176;0.161;0.034
20678;0.359;0.215;0.249;0.217;0.208;0.283;0.259;0.635;0.43;0.049;0.037;0.178;0.166;0.037
20679;0.359;0.215;0.242;0.217;0.208;0.283;0.259;0.635;0.425;0.049;0.034;0.181;0.171;0.037
20680;0.359;0.212;0.239;0.217;0.212;0.286;0.259;0.635;0.417;0.049;0.037;0.181;0.166;0.034
20681;0.361;0.215;0.251;0.217;0.21;0.283;0.261;0.637;0.413;0.046;0.037;0.178;0.166;0.034
20682;0.364;0.21;0.295;0.22;0.21;0.286;0.259;0.635;0.408;0.049;0.037;0.178;0.168;0.037
20683;0.364;0.21;0.308;0.217;0.208;0.283;0.259;0.635;0.4;0.049;0.037;0.178;0.168;0.034
20684;0.366;0.21;0.244;0.217;0.208;0.286;0.261;0.632;0.396;0.049;0.039;0.178;0.166;0.037
20685;0.364;0.21;0.247;0.215;0.21;0.283;0.259;0.637;0.391;0.046;0.039;0.178;0.168;0.039
20686;0.366;0.212;0.339;0.217;0.21;0.286;0.261;0.635;0.381;0.046;0.037;0.173;0.168;0.034
20687;0.366;0.212;0.542;0.217;0.21;0.283;0.261;0.635;0.378;0.049;0.039;0.181;0.168;0.039
20688;0.369;0.21;0.894;0.217;0.21;0.286;0.256;0.63;0.374;0.046;0.037;0.176;0.171;0.037
20689;0.369;0.208;0.911;0.215;0.212;0.283;0.256;0.632;0.371;0.051;0.042;0.176;0.171;0.034
20690;0.371;0.21;1.008;0.215;0.212;0.288;0.256;0.632;0.364;0.049;0.042;0.176;0.168;0.037
20691;0.371;0.21;1.096;0.215;0.212;0.288;0.256;0.632;0.361;0.049;0.042;0.178;0.168;0.034
20692;0.371;0.212;1.082;0.215;0.212;0.288;0.256;0.63;0.354;0.049;0.042;0.173;0.168;0.037
20693;0.369;0.21;1.035;0.212;0.212;0.288;0.256;0.63;0.354;0.049;0.039;0.173;0.171;0.037
20694;0.369;0.212;0.967;0.217;0.215;0.288;0.259;0.63;0.349;0.046;0.042;0.171;0.171;0.034
20695;0.369;0.21;0.989;0.217;0.212;0.286;0.261;0.63;0.347;0.049;0.042;0.171;0.171;0.037
20696;0.369;0.21;0.962;0.222;0.217;0.288;0.261;0.63;0.342;0.049;0.044;0.171;0.171;0.034
20697;0.371;0.21;1.038;0.22;0.217;0.291;0.261;0.632;0.339;0.049;0.044;0.166;0.168;0.037
20698;0.371;0.212;1.03;0.22;0.217;0.288;0.259;0.63;0.337;0.049;0.044;0.166;0.171;0.037
20699;0.371;0.212;1.135;0.22;0.22;0.288;0.259;0.627;0.332;0.046;0.042;0.164;0.168;0.034
20700;0.371;0.21;0.996;0.222;0.217;0.286;0.259;0.627;0.332;0.049;0.044;0.164;0.171;0.034
20701;0.369;0.215;1.211;0.222;0.22;0.288;0.256;0.63;0.325;0.046;0.044;0.161;0.168;0.037
20702;0.371;0.215;1.262;0.222;0.217;0.286;0.259;0.627;0.322;0.049;0.044;0.159;0.171;0.034
20703;0.371;0.215;0.935;0.222;0.22;0.288;0.259;0.63;0.317;0.046;0.042;0.154;0.171;0.034
20704;0.371;0.215;0.984;0.225;0.22;0.288;0.259;0.627;0.317;0.046;0.044;0.154;0.171;0.037
20705;0.374;0.217;1.072;0.222;0.217;0.288;0.256;0.627;0.31;0.046;0.044;0.146;0.171;0.037
20706;0.374;0.217;0.894;0.227;0.217;0.288;0.256;0.63;0.31;0.049;0.042;0.149;0.173;0.037
20707;0.374;0.215;0.979;0.225;0.215;0.288;0.256;0.63;0.305;0.044;0.042;0.144;0.168;0.029
20708;0.376;0.217;0.823;0.225;0.212;0.288;0.256;0.627;0.303;0.049;0.044;0.144;0.168;0.034
20709;0.378;0.215;0.85;0.227;0.212;0.291;0.256;0.63;0.298;0.046;0.046;0.142;0.171;0.034
20710;0.376;0.212;0.813;0.225;0.208;0.291;0.259;0.627;0.298;0.046;0.046;0.139;0.173;0.037
20711;0.376;0.212;0.942;0.225;0.21;0.288;0.259;0.627;0.293;0.049;0.046;0.137;0.168;0.032
20712;0.381;0.212;0.94;0.225;0.21;0.288;0.256;0.627;0.291;0.046;0.044;0.132;0.171;0.034
20713;0.378;0.21;0.938;0.227;0.21;0.286;0.259;0.627;0.286;0.046;0.046;0.134;0.168;0.032
20714;0.378;0.21;0.92;0.227;0.208;0.283;0.261;0.625;0.288;0.051;0.049;0.134;0.173;0.037
20715;0.381;0.21;0.925;0.227;0.212;0.283;0.259;0.627;0.283;0.049;0.046;0.129;0.171;0.034
20716;0.381;0.208;0.986;0.227;0.212;0.283;0.261;0.627;0.278;0.051;0.046;0.127;0.171;0.034
20717;0.381;0.208;1.006;0.227;0.215;0.283;0.259;0.627;0.278;0.046;0.046;0.125;0.171;0.037
20718;0.378;0.208;1.079;0.225;0.217;0.286;0.261;0.627;0.273;0.049;0.046;0.125;0.171;0.034
20719;0.378;0.208;0.994;0.222;0.217;0.286;0.261;0.627;0.276;0.051;0.046;0.122;0.171;0.034
20720;0.378;0.208;1.082;0.222;0.217;0.286;0.259;0.63;0.273;0.051;0.046;0.122;0.171;0.032
20721;0.376;0.205;1.094;0.22;0.217;0.286;0.259;0.627;0.269;0.056;0.046;0.122;0.171;0.034
20722;0.378;0.205;1.172;0.225;0.22;0.288;0.264;0.627;0.269;0.054;0.046;0.12;0.173;0.034
20723;0.376;0.208;1.089;0.22;0.217;0.288;0.259;0.627;0.269;0.056;0.046;0.12;0.171;0.037
20724;0.376;0.205;0.977;0.217;0.217;0.291;0.259;0.627;0.269;0.056;0.046;0.117;0.171;0.032
20725;0.376;0.205;0.964;0.217;0.22;0.288;0.261;0.627;0.269;0.056;0.046;0.117;0.168;0.034
20726;0.374;0.203;1.072;0.215;0.22;0.286;0.259;0.625;0.269;0.059;0.046;0.115;0.168;0.034
20727;0.376;0.205;0.974;0.215;0.22;0.288;0.256;0.625;0.271;0.059;0.046;0.117;0.171;0.034
20728;0.374;0.203;0.881;0.215;0.222;0.286;0.259;0.625;0.271;0.061;0.046;0.112;0.168;0.034
20729;0.371;0.2;0.979;0.215;0.22;0.286;0.256;0.625;0.271;0.059;0.046;0.112;0.168;0.034
20730;0.369;0.2;0.959;0.212;0.22;0.283;0.256;0.625;0.273;0.061;0.046;0.112;0.171;0.037
20731;0.366;0.2;1.252;0.21;0.22;0.283;0.259;0.625;0.276;0.063;0.046;0.112;0.168;0.034
20732;0.366;0.2;1.069;0.21;0.222;0.288;0.256;0.627;0.276;0.061;0.046;0.107;0.171;0.034
20733;0.366;0.203;1.006;0.21;0.225;0.286;0.256;0.625;0.278;0.063;0.046;0.11;0.166;0.034
20734;0.366;0.203;1.357;0.21;0.222;0.286;0.256;0.627;0.278;0.061;0.049;0.107;0.168;0.032
20735;0.364;0.203;1.052;0.212;0.225;0.283;0.259;0.625;0.278;0.063;0.044;0.112;0.168;0.034
20736;0.366;0.2;0.959;0.212;0.225;0.286;0.259;0.625;0.281;0.063;0.046;0.107;0.168;0.039
20737;0.364;0.2;0.996;0.212;0.225;0.288;0.261;0.625;0.281;0.066;0.046;0.107;0.164;0.034
20738;0.366;0.198;1.079;0.215;0.225;0.286;0.261;0.623;0.281;0.066;0.049;0.11;0.164;0.034
20739;0.366;0.2;1.24;0.215;0.225;0.288;0.264;0.625;0.283;0.071;0.049;0.112;0.168;0.034
20740;0.364;0.2;1.284;0.215;0.222;0.283;0.264;0.625;0.278;0.066;0.046;0.107;0.164;0.034
20741;0.364;0.2;1.003;0.215;0.225;0.288;0.266;0.623;0.276;0.068;0.051;0.107;0.164;0.034
20742;0.364;0.229;1.226;0.215;0.225;0.283;0.266;0.625;0.278;0.068;0.051;0.107;0.164;0.037
20743;0.366;0.244;1.006;0.215;0.227;0.283;0.266;0.625;0.276;0.068;0.049;0.107;0.161;0.034
20744;0.366;0.276;1.218;0.215;0.227;0.286;0.266;0.625;0.273;0.068;0.051;0.107;0.161;0.034
20745;0.369;0.286;2.605;0.217;0.225;0.283;0.264;0.623;0.269;0.061;0.049;0.105;0.161;0.032
20746;0.366;0.298;0.793;0.217;0.222;0.286;0.261;0.625;0.273;0.063;0.051;0.107;0.161;0.034
20747;0.369;0.293;0.879;0.215;0.225;0.281;0.264;0.627;0.269;0.063;0.049;0.105;0.156;0.034
20748;0.371;0.283;1.118;0.215;0.225;0.281;0.261;0.627;0.271;0.063;0.051;0.107;0.159;0.032
20749;0.371;0.293;0.693;0.217;0.225;0.286;0.261;0.63;0.273;0.068;0.056;0.11;0.156;0.034
20750;0.374;0.266;0.83;0.217;0.222;0.283;0.256;0.627;0.271;0.066;0.054;0.105;0.159;0.034
20751;0.374;0.288;0.955;0.215;0.222;0.288;0.256;0.627;0.273;0.066;0.054;0.107;0.159;0.037
20752;0.376;0.269;0.757;0.215;0.22;0.288;0.256;0.623;0.273;0.063;0.051;0.105;0.156;0.032
20753;0.378;0.293;0.85;0.217;0.217;0.288;0.256;0.627;0.276;0.063;0.054;0.103;0.159;0.037
20754;0.378;0.276;0.93;0.215;0.22;0.288;0.259;0.625;0.276;0.063;0.051;0.103;0.156;0.034
20755;0.381;0.293;0.962;0.215;0.22;0.288;0.261;0.625;0.281;0.061;0.051;0.105;0.159;0.037
20756;0.383;0.281;1.194;0.215;0.22;0.288;0.264;0.625;0.283;0.061;0.054;0.107;0.154;0.034
20757;0.383;0.291;0.833;0.212;0.22;0.288;0.266;0.627;0.281;0.054;0.054;0.1;0.151;0.032
20758;0.383;0.283;1.182;0.215;0.222;0.288;0.264;0.627;0.286;0.061;0.051;0.103;0.154;0.034
20759;0.381;0.295;1.265;0.212;0.222;0.283;0.266;0.627;0.286;0.056;0.054;0.103;0.151;0.032
20760;0.381;0.303;2.246;0.215;0.222;0.286;0.266;0.627;0.291;0.059;0.054;0.103;0.151;0.032
20761;0.378;0.293;4.998;0.215;0.222;0.286;0.264;0.627;0.291;0.059;0.054;0.103;0.151;0.037
20762;0.378;0.305;4.998;0.215;0.227;0.286;0.266;0.627;0.293;0.056;0.054;0.103;0.151;0.034
20763;0.378;0.286;4.998;0.215;0.225;0.286;0.266;0.625;0.293;0.056;0.054;0.1;0.149;0.037
20764;0.381;0.3;4.998;0.215;0.225;0.286;0.266;0.627;0.293;0.051;0.051;0.1;0.149;0.034
20765;0.381;0.288;4.998;0.212;0.227;0.288;0.266;0.627;0.293;0.051;0.054;0.103;0.149;0.034
20766;0.378;0.3;4.998;0.215;0.222;0.286;0.264;0.63;0.295;0.054;0.056;0.103;0.151;0.039
20767;0.381;0.293;4.998;0.215;0.222;0.288;0.264;0.63;0.293;0.051;0.051;0.1;0.149;0.037
20768;0.381;0.291;4.998;0.215;0.225;0.288;0.264;0.63;0.293;0.051;0.054;0.103;0.146;0.034
20769;0.381;0.298;4.998;0.212;0.222;0.288;0.266;0.632;0.291;0.049;0.051;0.103;0.144;0.032
20770;0.381;0.286;4.998;0.212;0.225;0.291;0.264;0.63;0.293;0.049;0.051;0.1;0.146;0.037
20771;0.378;0.293;4.912;0.212;0.225;0.288;0.264;0.63;0.291;0.046;0.051;0.103;0.146;0.037
20772;0.383;0.283;3.533;0.212;0.225;0.291;0.266;0.632;0.288;0.046;0.051;0.1;0.144;0.037
20773;0.381;0.288;1.755;0.21;0.225;0.288;0.261;0.63;0.291;0.044;0.049;0.105;0.146;0.039
20774;0.383;0.288;1.206;0.212;0.225;0.288;0.264;0.63;0.286;0.044;0.051;0.103;0.144;0.032
20775;0.381;0.288;1.033;0.212;0.227;0.288;0.264;0.632;0.286;0.046;0.049;0.103;0.144;0.037
20776;0.381;0.288;1.384;0.212;0.225;0.291;0.264;0.63;0.283;0.044;0.049;0.103;0.146;0.037
20777;0.381;0.291;0.986;0.212;0.222;0.288;0.264;0.63;0.281;0.046;0.049;0.103;0.144;0.039
20778;0.378;0.286;1.06;0.21;0.222;0.291;0.261;0.63;0.281;0.044;0.049;0.105;0.144;0.039
20779;0.376;0.293;1.248;0.21;0.222;0.293;0.261;0.63;0.278;0.044;0.046;0.105;0.142;0.037
20780;0.378;0.288;1.04;0.212;0.22;0.291;0.264;0.63;0.276;0.046;0.049;0.105;0.144;0.042
20781;0.378;0.288;0.916;0.212;0.217;0.291;0.261;0.632;0.276;0.046;0.049;0.107;0.144;0.039
20782;0.378;0.293;0.981;0.212;0.222;0.293;0.261;0.63;0.271;0.042;0.046;0.105;0.139;0.039
20783;0.378;0.283;0.867;0.212;0.222;0.293;0.261;0.63;0.269;0.042;0.044;0.103;0.144;0.039
20784;0.378;0.291;0.854;0.21;0.222;0.291;0.261;0.627;0.266;0.042;0.044;0.107;0.137;0.037
20785;0.378;0.273;0.933;0.21;0.225;0.291;0.259;0.63;0.261;0.042;0.044;0.107;0.142;0.037
20786;0.378;0.288;0.852;0.208;0.225;0.293;0.259;0.63;0.261;0.042;0.046;0.107;0.139;0.042
20787;0.376;0.273;0.967;0.208;0.225;0.291;0.261;0.63;0.256;0.039;0.046;0.107;0.137;0.039
20788;0.378;0.286;0.911;0.208;0.225;0.295;0.259;0.63;0.254;0.042;0.046;0.105;0.139;0.039
20789;0.378;0.286;0.881;0.21;0.225;0.291;0.259;0.63;0.254;0.042;0.046;0.107;0.139;0.039
20790;0.378;0.288;1.072;0.21;0.225;0.291;0.261;0.627;0.244;0.042;0.044;0.105;0.139;0.037
20791;0.376;0.283;0.83;0.21;0.222;0.291;0.264;0.627;0.242;0.042;0.046;0.105;0.137;0.039
20792;0.376;0.291;0.808;0.21;0.22;0.293;0.264;0.63;0.242;0.042;0.046;0.105;0.134;0.039
20793;0.376;0.278;0.94;0.212;0.22;0.291;0.266;0.63;0.239;0.044;0.046;0.103;0.129;0.037
20794;0.374;0.291;1.05;0.21;0.22;0.291;0.266;0.63;0.237;0.042;0.046;0.103;0.132;0.037
20795;0.371;0.283;1.243;0.212;0.22;0.291;0.269;0.63;0.234;0.042;0.046;0.103;0.132;0.037
20796;0.374;0.291;1.479;0.21;0.217;0.293;0.271;0.627;0.227;0.042;0.042;0.103;0.129;0.039
20797;0.374;0.286;1.514;0.212;0.22;0.291;0.269;0.63;0.225;0.042;0.044;0.1;0.127;0.039
20798;0.374;0.288;4.998;0.21;0.22;0.288;0.271;0.627;0.225;0.046;0.044;0.1;0.132;0.039
20799;0.374;0.288;4.998;0.21;0.22;0.288;0.269;0.627;0.222;0.042;0.044;0.1;0.127;0.042
20800;0.378;0.291;4.998;0.212;0.217;0.288;0.269;0.63;0.222;0.042;0.046;0.098;0.127;0.039
20801;0.378;0.288;4.998;0.212;0.222;0.291;0.269;0.63;0.22;0.042;0.044;0.098;0.127;0.042
20802;0.381;0.295;4.998;0.217;0.225;0.291;0.269;0.63;0.215;0.039;0.044;0.095;0.125;0.039
20803;0.378;0.291;4.998;0.217;0.222;0.291;0.266;0.627;0.217;0.042;0.046;0.098;0.122;0.037
20804;0.381;0.293;4.998;0.217;0.225;0.293;0.264;0.627;0.215;0.042;0.044;0.093;0.122;0.039
20805;0.381;0.295;4.998;0.217;0.225;0.293;0.261;0.627;0.212;0.039;0.042;0.093;0.12;0.037
20806;0.381;0.293;4.998;0.217;0.222;0.291;0.261;0.627;0.215;0.044;0.046;0.093;0.122;0.044
20807;0.383;0.3;4.998;0.217;0.225;0.288;0.261;0.63;0.212;0.042;0.044;0.088;0.12;0.039
20808;0.383;0.288;4.998;0.22;0.222;0.291;0.261;0.63;0.215;0.039;0.042;0.09;0.12;0.037
20809;0.383;0.295;4.998;0.217;0.225;0.293;0.259;0.625;0.212;0.039;0.042;0.085;0.115;0.037
20810;0.383;0.288;4.998;0.22;0.227;0.288;0.259;0.627;0.21;0.039;0.042;0.088;0.115;0.039
20811;0.386;0.288;4.998;0.22;0.222;0.291;0.261;0.625;0.215;0.042;0.042;0.085;0.115;0.042
20812;0.388;0.288;4.998;0.217;0.222;0.291;0.264;0.627;0.212;0.042;0.042;0.083;0.11;0.037
20813;0.391;0.286;4.998;0.217;0.225;0.293;0.264;0.625;0.215;0.042;0.042;0.083;0.112;0.042
20814;0.388;0.283;4.998;0.217;0.222;0.291;0.266;0.627;0.212;0.039;0.039;0.083;0.11;0.042
20815;0.393;0.281;4.998;0.22;0.22;0.291;0.266;0.625;0.215;0.039;0.042;0.083;0.107;0.039
20816;0.396;0.286;4.998;0.22;0.222;0.286;0.264;0.625;0.215;0.037;0.039;0.083;0.107;0.042
20817;0.398;0.281;4.998;0.222;0.222;0.286;0.264;0.627;0.215;0.039;0.039;0.083;0.107;0.039
20818;0.396;0.283;4.998;0.222;0.22;0.283;0.266;0.625;0.217;0.039;0.042;0.081;0.103;0.037
20819;0.396;0.283;4.998;0.222;0.22;0.286;0.269;0.625;0.22;0.042;0.042;0.083;0.103;0.037
20820;0.396;0.283;4.998;0.225;0.22;0.286;0.266;0.627;0.217;0.037;0.039;0.081;0.1;0.039
20821;0.396;0.288;4.998;0.227;0.217;0.286;0.269;0.625;0.22;0.037;0.039;0.078;0.103;0.039
20822;0.393;0.288;4.998;0.229;0.215;0.286;0.264;0.625;0.22;0.034;0.039;0.078;0.1;0.042
20823;0.393;0.286;4.998;0.232;0.217;0.288;0.266;0.625;0.222;0.037;0.037;0.078;0.1;0.042
20824;0.391;0.293;4.998;0.232;0.22;0.288;0.269;0.627;0.225;0.034;0.039;0.081;0.095;0.042
20825;0.388;0.291;4.998;0.232;0.22;0.288;0.266;0.627;0.227;0.039;0.042;0.081;0.095;0.039
20826;0.386;0.293;4.998;0.232;0.22;0.286;0.269;0.625;0.225;0.037;0.039;0.078;0.095;0.039
20827;0.386;0.295;4.998;0.229;0.22;0.283;0.269;0.625;0.227;0.037;0.039;0.078;0.093;0.044
20828;0.383;0.291;4.998;0.234;0.222;0.288;0.271;0.627;0.229;0.039;0.037;0.081;0.09;0.039
20829;0.381;0.3;4.998;0.234;0.217;0.283;0.269;0.625;0.229;0.037;0.039;0.078;0.093;0.042
20830;0.383;0.291;4.998;0.229;0.22;0.286;0.269;0.625;0.232;0.037;0.037;0.078;0.088;0.042
20831;0.378;0.293;4.998;0.229;0.22;0.286;0.269;0.625;0.232;0.039;0.037;0.078;0.09;0.042
20832;0.378;0.293;4.998;0.229;0.217;0.283;0.269;0.625;0.232;0.037;0.039;0.081;0.085;0.042
20833;0.378;0.286;4.998;0.227;0.217;0.283;0.269;0.625;0.237;0.039;0.042;0.078;0.085;0.037
20834;0.378;0.293;4.998;0.225;0.217;0.283;0.269;0.625;0.232;0.034;0.037;0.078;0.085;0.042
20835;0.381;0.286;4.998;0.227;0.215;0.283;0.269;0.625;0.234;0.039;0.037;0.078;0.083;0.042
20836;0.378;0.291;4.998;0.227;0.215;0.283;0.269;0.625;0.237;0.039;0.039;0.081;0.081;0.039
20837;0.381;0.288;4.998;0.225;0.215;0.286;0.269;0.625;0.234;0.037;0.037;0.081;0.081;0.037
20838;0.378;0.283;4.998;0.225;0.212;0.283;0.266;0.623;0.234;0.039;0.039;0.078;0.076;0.042
20839;0.381;0.283;4.998;0.225;0.21;0.283;0.266;0.625;0.234;0.037;0.037;0.078;0.076;0.042
20840;0.381;0.286;4.998;0.225;0.21;0.286;0.266;0.625;0.237;0.042;0.037;0.078;0.076;0.039
20841;0.381;0.281;4.998;0.225;0.208;0.283;0.266;0.623;0.237;0.039;0.037;0.081;0.073;0.039
20842;0.381;0.283;4.998;0.229;0.208;0.283;0.269;0.623;0.239;0.042;0.039;0.083;0.076;0.039
20843;0.378;0.283;4.998;0.225;0.212;0.286;0.269;0.623;0.239;0.042;0.037;0.081;0.073;0.037
20844;0.383;0.281;4.998;0.225;0.21;0.286;0.269;0.62;0.239;0.042;0.039;0.081;0.073;0.037
20845;0.381;0.283;4.998;0.222;0.212;0.283;0.269;0.623;0.239;0.042;0.037;0.083;0.071;0.039
20846;0.383;0.281;4.998;0.222;0.21;0.283;0.271;0.623;0.242;0.044;0.039;0.081;0.071;0.039
20847;0.383;0.281;4.998;0.225;0.215;0.286;0.266;0.62;0.242;0.044;0.039;0.085;0.066;0.039
20848;0.383;0.278;3.97;0.227;0.215;0.283;0.269;0.623;0.242;0.044;0.037;0.085;0.068;0.037
20849;0.383;0.281;1.965;0.229;0.212;0.278;0.266;0.623;0.242;0.044;0.039;0.085;0.066;0.042
20850;0.383;0.281;1.023;0.229;0.215;0.281;0.266;0.623;0.242;0.049;0.039;0.083;0.071;0.046
20851;0.383;0.281;0.586;0.227;0.215;0.281;0.266;0.623;0.244;0.049;0.042;0.085;0.068;0.039
20852;0.381;0.281;0.391;0.229;0.212;0.281;0.266;0.623;0.247;0.046;0.042;0.085;0.063;0.037
20853;0.381;0.281;0.293;0.232;0.215;0.281;0.266;0.623;0.244;0.046;0.042;0.088;0.061;0.039
20854;0.381;0.278;0.249;0.232;0.212;0.281;0.266;0.625;0.247;0.049;0.042;0.085;0.061;0.037
20855;0.381;0.283;0.22;0.232;0.212;0.283;0.266;0.625;0.244;0.049;0.044;0.09;0.063;0.039
20856;0.381;0.283;0.215;0.232;0.212;0.281;0.264;0.625;0.244;0.051;0.042;0.088;0.063;0.039
20857;0.383;0.283;0.22;0.237;0.21;0.278;0.264;0.625;0.242;0.046;0.039;0.09;0.059;0.039
20858;0.381;0.283;0.288;0.234;0.21;0.278;0.266;0.625;0.242;0.054;0.044;0.09;0.059;0.039
20859;0.381;0.283;0.293;0.234;0.208;0.283;0.264;0.623;0.244;0.051;0.042;0.093;0.059;0.039
20860;0.381;0.288;0.222;0.234;0.205;0.278;0.266;0.623;0.242;0.051;0.042;0.09;0.056;0.042
20861;0.381;0.288;0.208;0.234;0.203;0.281;0.264;0.625;0.239;0.049;0.044;0.093;0.056;0.039
20862;0.378;0.288;0.203;0.234;0.208;0.281;0.261;0.625;0.239;0.049;0.044;0.093;0.056;0.039
20863;0.378;0.288;0.198;0.237;0.205;0.283;0.264;0.625;0.237;0.046;0.039;0.093;0.056;0.039
20864;0.381;0.291;0.195;0.237;0.203;0.281;0.264;0.627;0.239;0.049;0.044;0.095;0.051;0.042
20865;0.381;0.286;0.2;0.237;0.205;0.283;0.264;0.625;0.239;0.051;0.044;0.095;0.054;0.039
20866;0.378;0.291;0.205;0.237;0.205;0.283;0.264;0.623;0.237;0.049;0.044;0.095;0.054;0.039
20867;0.378;0.286;0.2;0.239;0.205;0.283;0.264;0.625;0.239;0.056;0.049;0.098;0.054;0.037
20868;0.378;0.291;0.2;0.239;0.21;0.283;0.264;0.627;0.237;0.054;0.049;0.098;0.051;0.037
20869;0.378;0.283;0.2;0.237;0.21;0.283;0.266;0.625;0.237;0.054;0.044;0.095;0.049;0.037
20870;0.378;0.288;0.195;0.239;0.21;0.283;0.266;0.625;0.239;0.056;0.049;0.098;0.049;0.039
20871;0.378;0.288;0.193;0.239;0.212;0.283;0.266;0.625;0.237;0.051;0.046;0.098;0.054;0.042
20872;0.378;0.288;0.193;0.239;0.215;0.281;0.266;0.625;0.237;0.051;0.049;0.1;0.049;0.037
20873;0.378;0.286;0.193;0.239;0.215;0.281;0.264;0.625;0.239;0.051;0.049;0.1;0.049;0.039
20874;0.381;0.286;0.195;0.242;0.217;0.283;0.266;0.627;0.239;0.054;0.049;0.1;0.049;0.039
20875;0.381;0.286;0.195;0.244;0.215;0.281;0.264;0.627;0.242;0.051;0.049;0.1;0.051;0.042
20876;0.378;0.286;0.193;0.244;0.212;0.281;0.264;0.627;0.242;0.051;0.046;0.1;0.049;0.039
20877;0.376;0.283;0.193;0.242;0.212;0.278;0.261;0.625;0.244;0.051;0.054;0.105;0.049;0.039
20878;0.376;0.283;0.193;0.242;0.21;0.281;0.261;0.627;0.244;0.049;0.051;0.103;0.046;0.037
20879;0.376;0.281;0.193;0.244;0.21;0.278;0.261;0.627;0.244;0.051;0.051;0.107;0.049;0.037
20880;0.376;0.283;0.193;0.244;0.208;0.278;0.261;0.625;0.249;0.051;0.049;0.105;0.046;0.037
20881;0.376;0.281;0.193;0.242;0.205;0.281;0.264;0.627;0.251;0.049;0.051;0.107;0.046;0.037
20882;0.376;0.278;0.193;0.244;0.205;0.278;0.264;0.627;0.249;0.049;0.046;0.105;0.046;0.037
20883;0.374;0.283;0.195;0.242;0.205;0.278;0.264;0.627;0.254;0.049;0.049;0.107;0.049;0.037
20884;0.376;0.281;0.193;0.239;0.205;0.283;0.266;0.627;0.256;0.049;0.051;0.107;0.046;0.037
20885;0.376;0.283;0.19;0.242;0.203;0.281;0.266;0.625;0.256;0.049;0.051;0.11;0.046;0.034
20886;0.374;0.281;0.186;0.242;0.203;0.281;0.266;0.625;0.261;0.051;0.054;0.11;0.049;0.039
20887;0.376;0.281;0.188;0.239;0.205;0.281;0.266;0.623;0.261;0.049;0.051;0.112;0.046;0.037
20888;0.374;0.283;0.188;0.242;0.203;0.283;0.269;0.625;0.266;0.046;0.051;0.11;0.046;0.037
20889;0.374;0.281;0.188;0.242;0.205;0.283;0.266;0.625;0.269;0.049;0.051;0.115;0.049;0.039
20890;0.371;0.281;0.188;0.239;0.203;0.283;0.264;0.623;0.273;0.049;0.051;0.117;0.046;0.037
20891;0.371;0.281;0.183;0.242;0.203;0.281;0.264;0.625;0.276;0.046;0.056;0.12;0.042;0.042
20892;0.371;0.283;0.186;0.239;0.203;0.283;0.266;0.625;0.281;0.044;0.051;0.12;0.049;0.039
20893;0.369;0.281;0.183;0.234;0.203;0.283;0.264;0.627;0.281;0.044;0.051;0.117;0.046;0.039
20894;0.374;0.288;0.186;0.234;0.203;0.286;0.266;0.627;0.288;0.046;0.051;0.12;0.046;0.039
20895;0.374;0.283;0.188;0.232;0.203;0.283;0.269;0.627;0.291;0.046;0.056;0.122;0.046;0.042
20896;0.376;0.288;0.186;0.229;0.203;0.286;0.264;0.625;0.295;0.044;0.051;0.12;0.046;0.039
20897;0.376;0.288;0.188;0.227;0.203;0.283;0.266;0.625;0.298;0.042;0.054;0.122;0.046;0.037
20898;0.376;0.286;0.183;0.225;0.203;0.286;0.269;0.625;0.303;0.044;0.054;0.125;0.044;0.037
20899;0.371;0.288;0.186;0.227;0.203;0.283;0.266;0.625;0.308;0.042;0.054;0.125;0.044;0.039
20900;0.376;0.291;0.186;0.227;0.203;0.283;0.266;0.625;0.31;0.039;0.051;0.125;0.044;0.034
20901;0.371;0.288;0.188;0.227;0.205;0.281;0.266;0.625;0.315;0.039;0.051;0.122;0.046;0.039
20902;0.376;0.288;0.188;0.227;0.205;0.283;0.269;0.623;0.325;0.039;0.051;0.125;0.046;0.037
20903;0.376;0.291;0.188;0.225;0.205;0.281;0.269;0.625;0.33;0.039;0.054;0.129;0.046;0.037
20904;0.376;0.288;0.19;0.227;0.2;0.283;0.269;0.625;0.332;0.039;0.054;0.129;0.044;0.042
20905;0.378;0.288;0.193;0.225;0.198;0.281;0.266;0.623;0.337;0.039;0.051;0.132;0.046;0.037
20906;0.376;0.288;0.19;0.227;0.198;0.281;0.269;0.625;0.342;0.039;0.054;0.134;0.049;0.044
20907;0.376;0.288;0.19;0.227;0.198;0.281;0.269;0.625;0.349;0.037;0.056;0.137;0.044;0.039
20908;0.374;0.288;0.188;0.227;0.198;0.278;0.269;0.623;0.349;0.037;0.054;0.134;0.046;0.039
20909;0.374;0.291;0.188;0.227;0.198;0.281;0.269;0.623;0.354;0.037;0.051;0.134;0.044;0.039
20910;0.378;0.288;0.193;0.227;0.2;0.281;0.264;0.625;0.359;0.037;0.054;0.137;0.044;0.039
20911;0.378;0.293;0.19;0.227;0.2;0.281;0.266;0.623;0.359;0.037;0.051;0.139;0.044;0.037
20912;0.378;0.288;0.188;0.227;0.2;0.281;0.266;0.625;0.361;0.034;0.051;0.137;0.046;0.037
20913;0.376;0.291;0.188;0.229;0.203;0.283;0.264;0.627;0.364;0.037;0.056;0.139;0.044;0.042
20914;0.378;0.291;0.19;0.229;0.203;0.281;0.266;0.627;0.366;0.037;0.056;0.139;0.049;0.039
20915;0.376;0.288;0.19;0.234;0.2;0.281;0.264;0.627;0.364;0.034;0.056;0.142;0.044;0.044
20916;0.376;0.288;0.19;0.234;0.203;0.283;0.264;0.623;0.366;0.034;0.056;0.142;0.044;0.037
20917;0.376;0.286;0.193;0.234;0.198;0.286;0.264;0.623;0.364;0.034;0.056;0.146;0.046;0.039
20918;0.378;0.286;0.193;0.232;0.198;0.283;0.266;0.625;0.366;0.039;0.059;0.149;0.049;0.037
20919;0.376;0.286;0.195;0.227;0.198;0.286;0.264;0.625;0.364;0.034;0.059;0.146;0.044;0.037
20920;0.376;0.288;0.195;0.229;0.19;0.286;0.266;0.625;0.361;0.034;0.056;0.144;0.046;0.034
20921;0.376;0.286;0.195;0.229;0.19;0.283;0.264;0.627;0.364;0.037;0.056;0.149;0.042;0.039
20922;0.378;0.288;0.195;0.229;0.19;0.286;0.266;0.627;0.361;0.034;0.059;0.146;0.046;0.037
20923;0.376;0.286;0.193;0.227;0.19;0.281;0.264;0.627;0.361;0.034;0.056;0.151;0.049;0.037
20924;0.378;0.288;0.193;0.227;0.19;0.283;0.266;0.625;0.361;0.034;0.056;0.149;0.049;0.042
20925;0.376;0.291;0.198;0.225;0.186;0.283;0.264;0.627;0.356;0.029;0.054;0.146;0.046;0.039
20926;0.378;0.293;0.198;0.227;0.188;0.281;0.264;0.625;0.361;0.037;0.059;0.149;0.049;0.037
20927;0.376;0.293;0.198;0.227;0.186;0.281;0.264;0.627;0.356;0.037;0.056;0.154;0.046;0.037
20928;0.374;0.295;0.195;0.227;0.188;0.281;0.261;0.623;0.356;0.034;0.056;0.149;0.046;0.037
20929;0.376;0.295;0.193;0.227;0.188;0.278;0.266;0.625;0.354;0.034;0.056;0.151;0.049;0.037
20930;0.374;0.295;0.193;0.229;0.188;0.278;0.264;0.627;0.352;0.034;0.054;0.149;0.049;0.034
20931;0.374;0.293;0.19;0.229;0.19;0.281;0.264;0.625;0.352;0.034;0.056;0.151;0.046;0.034
20932;0.371;0.295;0.193;0.229;0.188;0.276;0.264;0.623;0.349;0.034;0.056;0.151;0.046;0.039
20933;0.369;0.295;0.19;0.227;0.188;0.278;0.264;0.625;0.349;0.037;0.059;0.149;0.049;0.037
20934;0.366;0.295;0.19;0.227;0.186;0.278;0.264;0.623;0.349;0.034;0.056;0.149;0.044;0.034
20935;0.366;0.295;0.19;0.227;0.19;0.276;0.261;0.625;0.349;0.034;0.056;0.146;0.049;0.032
20936;0.364;0.298;0.188;0.227;0.188;0.278;0.264;0.625;0.344;0.034;0.056;0.146;0.046;0.037
20937;0.361;0.298;0.186;0.227;0.188;0.276;0.261;0.623;0.344;0.034;0.056;0.149;0.046;0.034
20938;0.361;0.3;0.19;0.229;0.188;0.276;0.261;0.623;0.342;0.037;0.056;0.149;0.044;0.037
20939;0.361;0.298;0.19;0.227;0.19;0.276;0.269;0.623;0.342;0.039;0.059;0.151;0.046;0.034
20940;0.361;0.298;0.193;0.227;0.186;0.276;0.266;0.623;0.337;0.034;0.056;0.151;0.049;0.034
20941;0.364;0.3;0.198;0.227;0.188;0.276;0.271;0.623;0.337;0.037;0.056;0.149;0.046;0.037
20942;0.364;0.3;0.195;0.232;0.188;0.273;0.269;0.623;0.334;0.037;0.056;0.151;0.044;0.037
20943;0.364;0.3;0.195;0.232;0.188;0.276;0.269;0.623;0.33;0.039;0.056;0.149;0.046;0.032
20944;0.366;0.3;0.193;0.229;0.186;0.276;0.269;0.623;0.332;0.039;0.054;0.151;0.049;0.034
20945;0.369;0.3;0.195;0.232;0.186;0.273;0.264;0.623;0.33;0.037;0.056;0.151;0.046;0.034
20946;0.371;0.298;0.195;0.227;0.188;0.273;0.266;0.623;0.325;0.037;0.056;0.154;0.046;0.037
20947;0.371;0.298;0.195;0.227;0.188;0.276;0.264;0.623;0.325;0.039;0.054;0.151;0.046;0.032
20948;0.366;0.3;0.198;0.227;0.188;0.271;0.264;0.623;0.32;0.039;0.054;0.154;0.046;0.032
20949;0.374;0.295;0.2;0.227;0.188;0.276;0.264;0.62;0.317;0.039;0.056;0.154;0.051;0.034
20950;0.371;0.293;0.2;0.227;0.188;0.271;0.261;0.623;0.312;0.039;0.056;0.156;0.046;0.037
20951;0.371;0.293;0.198;0.227;0.186;0.276;0.261;0.623;0.31;0.039;0.056;0.156;0.046;0.034
20952;0.369;0.293;0.2;0.229;0.188;0.273;0.261;0.623;0.308;0.039;0.054;0.156;0.046;0.034
20953;0.371;0.293;0.198;0.227;0.188;0.273;0.261;0.623;0.308;0.042;0.056;0.159;0.049;0.039
20954;0.369;0.293;0.203;0.229;0.188;0.271;0.261;0.623;0.303;0.044;0.056;0.159;0.051;0.037
20955;0.371;0.293;0.208;0.229;0.188;0.273;0.264;0.623;0.3;0.044;0.056;0.161;0.049;0.034
20956;0.369;0.293;0.205;0.234;0.186;0.271;0.266;0.623;0.293;0.042;0.051;0.161;0.054;0.034
20957;0.366;0.295;0.208;0.234;0.188;0.271;0.269;0.62;0.293;0.044;0.051;0.161;0.049;0.034
20958;0.369;0.295;0.205;0.234;0.188;0.269;0.269;0.62;0.293;0.046;0.056;0.166;0.049;0.037
20959;0.371;0.298;0.205;0.239;0.186;0.269;0.269;0.62;0.286;0.049;0.054;0.164;0.051;0.034
20960;0.366;0.295;0.205;0.239;0.188;0.266;0.269;0.618;0.283;0.046;0.054;0.166;0.051;0.034
20961;0.371;0.293;0.205;0.237;0.19;0.266;0.269;0.62;0.278;0.049;0.054;0.166;0.051;0.034
20962;0.366;0.298;0.205;0.237;0.19;0.264;0.264;0.618;0.278;0.046;0.054;0.168;0.046;0.032
20963;0.364;0.295;0.205;0.237;0.193;0.266;0.266;0.618;0.276;0.049;0.051;0.168;0.051;0.037
20964;0.364;0.295;0.205;0.237;0.195;0.269;0.266;0.618;0.271;0.049;0.051;0.171;0.051;0.034
20965;0.364;0.298;0.203;0.239;0.193;0.269;0.266;0.618;0.269;0.049;0.054;0.166;0.054;0.034
20966;0.364;0.295;0.203;0.242;0.193;0.266;0.264;0.618;0.269;0.049;0.051;0.168;0.054;0.034
20967;0.364;0.295;0.2;0.242;0.193;0.266;0.264;0.62;0.266;0.049;0.054;0.168;0.054;0.034
20968;0.364;0.295;0.203;0.242;0.193;0.266;0.266;0.618;0.264;0.054;0.054;0.171;0.054;0.034
20969;0.366;0.295;0.198;0.244;0.193;0.269;0.261;0.618;0.261;0.051;0.051;0.173;0.054;0.037
20970;0.364;0.298;0.198;0.239;0.188;0.266;0.259;0.618;0.264;0.054;0.056;0.176;0.056;0.032
20971;0.366;0.3;0.195;0.242;0.19;0.264;0.261;0.62;0.256;0.051;0.051;0.176;0.054;0.034
20972;0.369;0.3;0.195;0.237;0.19;0.269;0.261;0.62;0.259;0.054;0.054;0.176;0.056;0.034
20973;0.369;0.3;0.19;0.234;0.188;0.266;0.261;0.615;0.256;0.054;0.051;0.176;0.054;0.034
20974;0.369;0.3;0.193;0.237;0.188;0.266;0.261;0.615;0.254;0.051;0.051;0.176;0.056;0.032
20975;0.371;0.3;0.198;0.232;0.188;0.264;0.259;0.618;0.254;0.054;0.051;0.178;0.056;0.032
20976;0.374;0.298;0.193;0.234;0.188;0.264;0.261;0.618;0.251;0.054;0.051;0.178;0.051;0.029
20977;0.374;0.3;0.195;0.232;0.188;0.269;0.261;0.618;0.249;0.051;0.049;0.181;0.061;0.034
20978;0.371;0.303;0.198;0.234;0.188;0.266;0.264;0.62;0.249;0.054;0.051;0.181;0.059;0.029
20979;0.371;0.3;0.193;0.232;0.183;0.266;0.261;0.615;0.249;0.054;0.054;0.181;0.056;0.034
20980;0.371;0.3;0.193;0.234;0.186;0.266;0.264;0.615;0.247;0.056;0.051;0.183;0.056;0.032
20981;0.371;0.3;0.195;0.232;0.183;0.266;0.261;0.618;0.247;0.059;0.051;0.186;0.059;0.032
20982;0.371;0.303;0.198;0.232;0.181;0.266;0.261;0.618;0.247;0.056;0.051;0.188;0.061;0.034
20983;0.371;0.3;0.2;0.234;0.181;0.266;0.264;0.618;0.242;0.054;0.051;0.186;0.061;0.029
20984;0.371;0.298;0.203;0.232;0.181;0.269;0.264;0.618;0.239;0.056;0.054;0.188;0.061;0.034
20985;0.371;0.298;0.2;0.234;0.183;0.266;0.264;0.613;0.242;0.059;0.054;0.188;0.061;0.032
20986;0.369;0.3;0.203;0.234;0.183;0.264;0.264;0.618;0.239;0.056;0.054;0.19;0.063;0.034
20987;0.369;0.298;0.2;0.232;0.181;0.264;0.264;0.615;0.234;0.054;0.051;0.188;0.059;0.032
20988;0.369;0.295;0.203;0.229;0.183;0.264;0.261;0.618;0.234;0.054;0.051;0.193;0.066;0.034
20989;0.366;0.295;0.2;0.232;0.186;0.261;0.264;0.615;0.234;0.056;0.049;0.19;0.066;0.034
20990;0.369;0.295;0.205;0.232;0.186;0.264;0.264;0.615;0.232;0.054;0.051;0.193;0.063;0.032
20991;0.369;0.3;0.205;0.232;0.183;0.264;0.264;0.618;0.232;0.054;0.049;0.198;0.066;0.032
20992;0.369;0.293;0.205;0.232;0.186;0.261;0.264;0.615;0.232;0.054;0.051;0.195;0.068;0.037
20993;0.369;0.295;0.203;0.229;0.186;0.264;0.261;0.615;0.232;0.054;0.051;0.195;0.068;0.034
20994;0.369;0.295;0.2;0.234;0.186;0.261;0.261;0.618;0.229;0.056;0.051;0.195;0.068;0.034
20995;0.364;0.293;0.2;0.232;0.188;0.261;0.261;0.618;0.229;0.051;0.049;0.195;0.071;0.034
20996;0.364;0.298;0.2;0.229;0.186;0.261;0.264;0.618;0.225;0.054;0.049;0.198;0.068;0.037
20997;0.364;0.295;0.203;0.229;0.186;0.259;0.261;0.615;0.225;0.059;0.049;0.198;0.068;0.034
20998;0.364;0.295;0.203;0.232;0.186;0.261;0.264;0.618;0.227;0.054;0.049;0.2;0.073;0.034
20999;0.361;0.295;0.203;0.229;0.188;0.261;0.264;0.618;0.225;0.059;0.046;0.2;0.071;0.034
21000;0.361;0.295;0.203;0.227;0.188;0.264;0.264;0.618;0.222;0.059;0.046;0.203;0.073;0.034
21001;0.361;0.295;0.203;0.227;0.19;0.261;0.264;0.615;0.222;0.059;0.049;0.203;0.073;0.032
21002;0.361;0.295;0.203;0.227;0.19;0.259;0.264;0.618;0.225;0.059;0.051;0.203;0.073;0.037
21003;0.361;0.295;0.205;0.227;0.193;0.259;0.264;0.615;0.217;0.059;0.044;0.198;0.076;0.034
21004;0.359;0.298;0.205;0.225;0.195;0.259;0.261;0.615;0.217;0.061;0.049;0.203;0.073;0.034
21005;0.356;0.295;0.21;0.222;0.195;0.256;0.259;0.615;0.217;0.063;0.049;0.203;0.073;0.032
21006;0.361;0.295;0.21;0.22;0.195;0.256;0.261;0.618;0.217;0.066;0.046;0.203;0.076;0.037
21007;0.359;0.298;0.21;0.222;0.195;0.256;0.261;0.618;0.217;0.071;0.051;0.203;0.078;0.034
21008;0.359;0.295;0.21;0.222;0.195;0.256;0.261;0.615;0.215;0.068;0.046;0.203;0.078;0.034
21009;0.361;0.295;0.212;0.222;0.193;0.254;0.261;0.615;0.215;0.073;0.049;0.203;0.081;0.032
21010;0.359;0.295;0.208;0.222;0.195;0.256;0.261;0.618;0.217;0.071;0.049;0.205;0.078;0.034
21011;0.361;0.298;0.21;0.22;0.193;0.256;0.266;0.618;0.215;0.076;0.046;0.205;0.078;0.034
21012;0.359;0.293;0.208;0.22;0.19;0.256;0.266;0.618;0.212;0.078;0.046;0.205;0.078;0.034
21013;0.361;0.295;0.205;0.217;0.188;0.256;0.269;0.62;0.21;0.078;0.049;0.203;0.081;0.037
21014;0.361;0.298;0.208;0.217;0.19;0.256;0.271;0.618;0.21;0.078;0.046;0.203;0.083;0.032
21015;0.361;0.295;0.208;0.215;0.188;0.256;0.269;0.618;0.21;0.078;0.044;0.205;0.081;0.037
21016;0.364;0.293;0.203;0.212;0.188;0.259;0.271;0.615;0.21;0.081;0.049;0.205;0.083;0.037
21017;0.361;0.295;0.205;0.215;0.188;0.259;0.269;0.618;0.208;0.083;0.049;0.208;0.083;0.034
21018;0.361;0.293;0.205;0.212;0.19;0.259;0.266;0.618;0.208;0.081;0.046;0.208;0.078;0.034
21019;0.361;0.295;0.205;0.215;0.193;0.259;0.269;0.618;0.208;0.081;0.046;0.205;0.083;0.034
21020;0.359;0.295;0.203;0.212;0.188;0.259;0.264;0.618;0.205;0.081;0.046;0.205;0.083;0.034
21021;0.361;0.295;0.2;0.212;0.188;0.261;0.264;0.615;0.205;0.078;0.046;0.205;0.085;0.037
21022;0.359;0.293;0.2;0.212;0.188;0.259;0.264;0.618;0.2;0.076;0.046;0.205;0.083;0.034
21023;0.361;0.295;0.198;0.21;0.19;0.264;0.264;0.618;0.203;0.078;0.049;0.208;0.085;0.034
21024;0.356;0.295;0.2;0.212;0.19;0.261;0.261;0.618;0.2;0.076;0.046;0.205;0.088;0.039
21025;0.359;0.293;0.2;0.21;0.19;0.259;0.261;0.618;0.198;0.076;0.046;0.205;0.088;0.037
21026;0.356;0.295;0.2;0.208;0.19;0.259;0.261;0.618;0.198;0.073;0.046;0.208;0.088;0.039
21027;0.356;0.298;0.203;0.212;0.193;0.261;0.261;0.615;0.198;0.076;0.046;0.205;0.085;0.037
21028;0.356;0.298;0.205;0.208;0.193;0.259;0.261;0.618;0.198;0.073;0.046;0.205;0.088;0.039
21029;0.356;0.298;0.21;0.208;0.193;0.261;0.261;0.615;0.195;0.073;0.044;0.205;0.088;0.037
21030;0.356;0.3;0.212;0.208;0.195;0.261;0.264;0.615;0.195;0.068;0.046;0.205;0.088;0.037
21031;0.361;0.3;0.215;0.208;0.195;0.259;0.261;0.615;0.193;0.071;0.046;0.205;0.088;0.037
21032;0.359;0.3;0.215;0.208;0.195;0.256;0.264;0.618;0.19;0.068;0.046;0.208;0.085;0.039
21033;0.361;0.3;0.21;0.208;0.195;0.259;0.264;0.615;0.19;0.068;0.046;0.203;0.088;0.037
21034;0.361;0.303;0.205;0.21;0.195;0.261;0.264;0.618;0.19;0.071;0.049;0.205;0.088;0.039
21035;0.361;0.3;0.21;0.21;0.193;0.259;0.261;0.615;0.188;0.071;0.046;0.205;0.085;0.039
21036;0.361;0.303;0.21;0.21;0.193;0.261;0.264;0.618;0.183;0.063;0.049;0.205;0.09;0.039
21037;0.364;0.3;0.21;0.208;0.19;0.261;0.261;0.613;0.19;0.071;0.054;0.208;0.09;0.039
21038;0.369;0.303;0.208;0.208;0.19;0.259;0.259;0.615;0.186;0.066;0.046;0.205;0.09;0.037
21039;0.369;0.3;0.21;0.208;0.19;0.259;0.259;0.615;0.186;0.068;0.049;0.205;0.088;0.039
21040;0.366;0.3;0.21;0.208;0.19;0.261;0.261;0.615;0.183;0.063;0.046;0.203;0.093;0.037
21041;0.366;0.303;0.208;0.208;0.19;0.256;0.259;0.615;0.181;0.063;0.044;0.203;0.088;0.039
21042;0.369;0.303;0.208;0.205;0.19;0.261;0.259;0.615;0.183;0.063;0.046;0.2;0.09;0.039
21043;0.371;0.303;0.208;0.208;0.19;0.259;0.259;0.615;0.181;0.061;0.046;0.2;0.09;0.037
21044;0.369;0.303;0.205;0.21;0.193;0.259;0.259;0.615;0.178;0.061;0.046;0.2;0.09;0.039
21045;0.369;0.303;0.208;0.208;0.19;0.259;0.256;0.618;0.176;0.061;0.044;0.195;0.088;0.037
21046;0.371;0.308;0.205;0.208;0.193;0.259;0.256;0.618;0.178;0.056;0.046;0.198;0.09;0.039
21047;0.371;0.305;0.205;0.208;0.195;0.261;0.256;0.615;0.176;0.059;0.044;0.195;0.088;0.039
21048;0.369;0.303;0.208;0.208;0.193;0.261;0.251;0.615;0.178;0.059;0.044;0.195;0.09;0.042
21049;0.369;0.303;0.208;0.208;0.195;0.261;0.254;0.62;0.173;0.056;0.046;0.19;0.093;0.039
21050;0.371;0.303;0.205;0.208;0.195;0.266;0.256;0.618;0.173;0.056;0.046;0.19;0.09;0.042
21051;0.369;0.303;0.208;0.205;0.195;0.261;0.256;0.615;0.171;0.059;0.046;0.19;0.093;0.039
21052;0.369;0.303;0.208;0.21;0.195;0.261;0.259;0.615;0.173;0.056;0.044;0.186;0.093;0.039
21053;0.369;0.298;0.2;0.205;0.195;0.261;0.256;0.615;0.173;0.056;0.044;0.186;0.09;0.042
21054;0.369;0.3;0.203;0.205;0.195;0.261;0.256;0.613;0.173;0.056;0.046;0.181;0.09;0.039
21055;0.369;0.3;0.203;0.208;0.195;0.261;0.259;0.615;0.171;0.059;0.046;0.183;0.093;0.042
21056;0.369;0.3;0.205;0.203;0.193;0.266;0.259;0.613;0.171;0.056;0.046;0.183;0.09;0.037
21057;0.369;0.298;0.205;0.203;0.19;0.264;0.261;0.613;0.171;0.056;0.044;0.178;0.09;0.039
21058;0.369;0.298;0.205;0.203;0.198;0.264;0.261;0.615;0.168;0.054;0.044;0.173;0.088;0.039
21059;0.371;0.298;0.205;0.203;0.195;0.264;0.259;0.615;0.171;0.054;0.046;0.176;0.093;0.039
21060;0.371;0.295;0.205;0.203;0.195;0.261;0.264;0.613;0.166;0.054;0.042;0.171;0.088;0.039
21061;0.369;0.295;0.208;0.203;0.193;0.261;0.261;0.613;0.166;0.051;0.046;0.171;0.088;0.042
21062;0.369;0.295;0.205;0.203;0.193;0.264;0.261;0.615;0.168;0.056;0.044;0.168;0.088;0.042
21063;0.371;0.295;0.205;0.203;0.193;0.264;0.261;0.613;0.166;0.056;0.046;0.168;0.09;0.039
21064;0.371;0.295;0.205;0.203;0.193;0.266;0.259;0.613;0.166;0.056;0.046;0.166;0.088;0.039
21065;0.374;0.293;0.205;0.203;0.193;0.264;0.256;0.613;0.166;0.056;0.044;0.164;0.088;0.042
21066;0.371;0.295;0.205;0.205;0.193;0.264;0.259;0.613;0.166;0.054;0.046;0.166;0.09;0.042
21067;0.374;0.295;0.208;0.205;0.193;0.264;0.259;0.613;0.166;0.056;0.044;0.161;0.088;0.039
21068;0.369;0.293;0.208;0.205;0.193;0.264;0.256;0.61;0.166;0.056;0.042;0.164;0.085;0.039
21069;0.366;0.291;0.208;0.208;0.193;0.264;0.259;0.613;0.166;0.056;0.044;0.159;0.088;0.039
21070;0.366;0.293;0.208;0.208;0.19;0.264;0.259;0.61;0.164;0.056;0.039;0.156;0.085;0.042
21071;0.366;0.293;0.212;0.21;0.19;0.264;0.259;0.61;0.164;0.056;0.042;0.154;0.088;0.042
21072;0.366;0.293;0.208;0.21;0.193;0.264;0.259;0.613;0.166;0.061;0.044;0.156;0.085;0.042
21073;0.364;0.293;0.208;0.208;0.19;0.261;0.259;0.613;0.164;0.059;0.039;0.151;0.083;0.039
21074;0.364;0.293;0.21;0.21;0.188;0.261;0.256;0.613;0.166;0.061;0.042;0.151;0.088;0.037
21075;0.361;0.295;0.21;0.21;0.19;0.264;0.256;0.61;0.164;0.061;0.042;0.146;0.085;0.044
21076;0.361;0.293;0.212;0.208;0.19;0.261;0.256;0.613;0.164;0.063;0.042;0.146;0.085;0.039
21077;0.364;0.295;0.21;0.208;0.19;0.261;0.254;0.61;0.161;0.063;0.042;0.146;0.085;0.039
21078;0.361;0.295;0.212;0.21;0.193;0.261;0.254;0.608;0.164;0.066;0.039;0.144;0.085;0.039
21079;0.359;0.295;0.21;0.208;0.19;0.261;0.254;0.61;0.164;0.066;0.042;0.142;0.085;0.039
21080;0.359;0.298;0.21;0.208;0.193;0.261;0.254;0.608;0.164;0.068;0.042;0.142;0.083;0.042
21081;0.359;0.298;0.21;0.208;0.193;0.261;0.254;0.608;0.164;0.068;0.042;0.139;0.081;0.042
21082;0.361;0.295;0.21;0.205;0.193;0.261;0.251;0.61;0.164;0.068;0.039;0.137;0.083;0.039
21083;0.359;0.293;0.208;0.203;0.195;0.256;0.254;0.608;0.166;0.071;0.042;0.139;0.085;0.044
21084;0.359;0.295;0.21;0.203;0.195;0.256;0.254;0.61;0.166;0.071;0.042;0.134;0.083;0.039
21085;0.359;0.291;0.208;0.2;0.195;0.256;0.254;0.61;0.164;0.076;0.044;0.137;0.083;0.039
21086;0.361;0.295;0.205;0.203;0.198;0.259;0.254;0.61;0.164;0.076;0.039;0.132;0.085;0.039
21087;0.361;0.293;0.203;0.198;0.195;0.256;0.256;0.608;0.166;0.076;0.042;0.134;0.085;0.042
21088;0.359;0.291;0.205;0.2;0.198;0.259;0.251;0.61;0.166;0.076;0.042;0.129;0.083;0.037
21089;0.361;0.288;0.203;0.2;0.198;0.259;0.251;0.61;0.164;0.076;0.039;0.127;0.085;0.037
21090;0.364;0.288;0.2;0.198;0.198;0.259;0.254;0.608;0.164;0.078;0.039;0.127;0.085;0.039
21091;0.359;0.286;0.2;0.2;0.203;0.259;0.254;0.608;0.166;0.083;0.042;0.125;0.085;0.042
21092;0.359;0.283;0.203;0.198;0.2;0.259;0.251;0.61;0.161;0.081;0.039;0.12;0.085;0.039
21093;0.359;0.283;0.2;0.198;0.2;0.256;0.251;0.61;0.161;0.078;0.039;0.12;0.083;0.039
21094;0.356;0.283;0.203;0.198;0.198;0.261;0.249;0.61;0.164;0.083;0.039;0.12;0.085;0.039
21095;0.359;0.283;0.205;0.195;0.193;0.261;0.249;0.608;0.166;0.083;0.039;0.122;0.085;0.039
21096;0.359;0.283;0.203;0.198;0.195;0.259;0.247;0.61;0.161;0.083;0.039;0.117;0.085;0.042
21097;0.356;0.286;0.203;0.198;0.195;0.259;0.247;0.61;0.164;0.083;0.039;0.117;0.085;0.037
21098;0.356;0.288;0.205;0.198;0.195;0.259;0.247;0.613;0.161;0.085;0.039;0.115;0.088;0.039
21099;0.354;0.286;0.203;0.195;0.193;0.261;0.244;0.61;0.161;0.083;0.039;0.115;0.09;0.046
21100;0.354;0.286;0.203;0.198;0.195;0.264;0.244;0.613;0.164;0.083;0.042;0.117;0.088;0.039
21101;0.354;0.288;0.205;0.195;0.193;0.264;0.244;0.61;0.164;0.085;0.039;0.11;0.088;0.039
21102;0.352;0.291;0.205;0.198;0.193;0.261;0.244;0.61;0.161;0.085;0.042;0.112;0.085;0.039
21103;0.352;0.288;0.205;0.198;0.19;0.261;0.244;0.61;0.161;0.083;0.039;0.11;0.085;0.039
21104;0.352;0.288;0.208;0.195;0.193;0.261;0.242;0.61;0.164;0.083;0.039;0.107;0.09;0.039
21105;0.352;0.288;0.205;0.198;0.19;0.261;0.244;0.61;0.164;0.081;0.039;0.107;0.09;0.039
21106;0.349;0.291;0.203;0.198;0.193;0.259;0.244;0.608;0.164;0.081;0.039;0.105;0.088;0.039
21107;0.349;0.291;0.208;0.2;0.19;0.264;0.244;0.608;0.161;0.076;0.039;0.105;0.09;0.034
21108;0.347;0.288;0.205;0.2;0.188;0.259;0.247;0.608;0.161;0.078;0.039;0.103;0.088;0.039
21109;0.354;0.288;0.203;0.203;0.188;0.261;0.247;0.61;0.164;0.081;0.039;0.103;0.09;0.039
21110;0.352;0.288;0.203;0.2;0.188;0.259;0.244;0.608;0.161;0.078;0.039;0.1;0.088;0.037
21111;0.352;0.288;0.203;0.2;0.186;0.261;0.247;0.608;0.166;0.076;0.042;0.103;0.09;0.039
21112;0.354;0.288;0.203;0.203;0.188;0.259;0.247;0.608;0.164;0.076;0.039;0.1;0.09;0.037
21113;0.352;0.288;0.205;0.2;0.188;0.261;0.247;0.608;0.164;0.073;0.037;0.1;0.09;0.039
21114;0.354;0.291;0.205;0.2;0.186;0.264;0.244;0.608;0.164;0.073;0.039;0.098;0.093;0.039
21115;0.352;0.288;0.203;0.2;0.188;0.264;0.247;0.608;0.164;0.073;0.042;0.098;0.088;0.037
21116;0.356;0.288;0.208;0.198;0.19;0.261;0.249;0.608;0.164;0.068;0.037;0.093;0.09;0.037
21117;0.354;0.288;0.208;0.2;0.193;0.261;0.249;0.608;0.166;0.071;0.039;0.095;0.09;0.039
21118;0.356;0.288;0.205;0.198;0.193;0.264;0.251;0.608;0.161;0.063;0.039;0.093;0.09;0.037
21119;0.352;0.286;0.203;0.198;0.198;0.264;0.249;0.605;0.164;0.068;0.042;0.093;0.095;0.037
21120;0.354;0.286;0.205;0.203;0.2;0.264;0.251;0.608;0.164;0.066;0.042;0.09;0.093;0.037
21121;0.354;0.286;0.208;0.2;0.2;0.266;0.251;0.608;0.161;0.063;0.042;0.09;0.093;0.037
21122;0.349;0.283;0.205;0.2;0.198;0.266;0.251;0.608;0.161;0.063;0.042;0.09;0.093;0.034
21123;0.349;0.281;0.203;0.198;0.198;0.264;0.249;0.605;0.161;0.063;0.042;0.088;0.095;0.037
21124;0.347;0.281;0.205;0.195;0.198;0.264;0.249;0.605;0.164;0.061;0.039;0.088;0.095;0.037
21125;0.344;0.283;0.205;0.195;0.2;0.264;0.249;0.61;0.161;0.061;0.039;0.085;0.095;0.034
21126;0.344;0.281;0.208;0.198;0.198;0.266;0.249;0.608;0.161;0.059;0.039;0.088;0.095;0.034
21127;0.347;0.281;0.208;0.2;0.198;0.266;0.244;0.608;0.161;0.059;0.039;0.085;0.095;0.039
21128;0.344;0.281;0.208;0.195;0.198;0.269;0.242;0.61;0.161;0.059;0.039;0.088;0.098;0.037
21129;0.342;0.281;0.212;0.198;0.195;0.266;0.242;0.61;0.161;0.056;0.039;0.088;0.095;0.034
21130;0.342;0.281;0.208;0.198;0.198;0.269;0.239;0.608;0.161;0.056;0.042;0.088;0.098;0.037
21131;0.342;0.281;0.208;0.195;0.198;0.266;0.242;0.608;0.159;0.056;0.039;0.088;0.098;0.039
21132;0.339;0.283;0.21;0.195;0.195;0.266;0.237;0.608;0.154;0.054;0.039;0.083;0.1;0.037
21133;0.339;0.286;0.212;0.195;0.195;0.266;0.237;0.608;0.156;0.054;0.042;0.088;0.098;0.034
21134;0.342;0.286;0.208;0.19;0.198;0.269;0.237;0.605;0.159;0.054;0.039;0.085;0.103;0.034
21135;0.342;0.288;0.208;0.19;0.193;0.271;0.237;0.605;0.156;0.054;0.042;0.085;0.095;0.037
21136;0.342;0.291;0.21;0.19;0.195;0.271;0.234;0.608;0.156;0.056;0.042;0.083;0.1;0.039
21137;0.342;0.291;0.212;0.19;0.195;0.271;0.237;0.605;0.156;0.054;0.044;0.085;0.098;0.037
21138;0.344;0.293;0.212;0.188;0.195;0.273;0.234;0.605;0.156;0.051;0.042;0.083;0.1;0.037
21139;0.344;0.293;0.21;0.188;0.195;0.276;0.234;0.608;0.156;0.054;0.044;0.085;0.1;0.039
21140;0.344;0.298;0.212;0.183;0.193;0.273;0.234;0.608;0.156;0.051;0.044;0.085;0.1;0.037
21141;0.347;0.298;0.208;0.183;0.19;0.273;0.237;0.605;0.154;0.049;0.044;0.085;0.1;0.037
21142;0.347;0.298;0.21;0.183;0.19;0.273;0.237;0.605;0.156;0.054;0.049;0.088;0.103;0.037
21143;0.349;0.3;0.208;0.186;0.19;0.273;0.237;0.603;0.154;0.049;0.049;0.083;0.098;0.034
21144;0.349;0.298;0.208;0.183;0.19;0.273;0.237;0.605;0.154;0.049;0.051;0.083;0.103;0.039
21145;0.349;0.298;0.21;0.183;0.188;0.273;0.237;0.605;0.151;0.049;0.054;0.083;0.1;0.037
21146;0.349;0.3;0.21;0.183;0.19;0.273;0.237;0.608;0.154;0.051;0.054;0.083;0.103;0.034
21147;0.349;0.3;0.212;0.186;0.188;0.271;0.234;0.608;0.154;0.049;0.059;0.083;0.1;0.039
21148;0.347;0.3;0.212;0.186;0.19;0.273;0.242;0.605;0.154;0.049;0.061;0.085;0.093;0.029
21149;0.349;0.303;0.217;0.186;0.19;0.271;0.237;0.605;0.151;0.046;0.061;0.081;0.103;0.034
21150;0.349;0.3;0.215;0.186;0.19;0.271;0.237;0.608;0.149;0.049;0.066;0.083;0.1;0.037
21151;0.352;0.303;0.217;0.188;0.19;0.269;0.239;0.605;0.154;0.049;0.068;0.085;0.103;0.037
21152;0.349;0.3;0.217;0.19;0.19;0.271;0.239;0.608;0.154;0.049;0.071;0.085;0.098;0.034
21153;0.349;0.3;0.222;0.186;0.19;0.271;0.237;0.605;0.154;0.049;0.076;0.083;0.1;0.037
21154;0.349;0.298;0.217;0.188;0.19;0.271;0.239;0.605;0.151;0.046;0.078;0.081;0.1;0.034
21155;0.349;0.298;0.22;0.193;0.193;0.273;0.239;0.605;0.156;0.049;0.083;0.085;0.098;0.032
21156;0.347;0.295;0.222;0.19;0.188;0.266;0.239;0.608;0.151;0.049;0.085;0.083;0.1;0.034
21157;0.344;0.295;0.225;0.193;0.19;0.271;0.242;0.605;0.151;0.046;0.085;0.088;0.1;0.039
21158;0.347;0.295;0.222;0.193;0.19;0.271;0.242;0.608;0.151;0.046;0.09;0.083;0.1;0.034
21159;0.347;0.293;0.227;0.195;0.19;0.271;0.242;0.608;0.151;0.046;0.09;0.085;0.098;0.034
21160;0.347;0.291;0.22;0.19;0.193;0.271;0.239;0.608;0.151;0.046;0.093;0.085;0.098;0.034
21161;0.347;0.291;0.225;0.19;0.193;0.271;0.239;0.608;0.151;0.051;0.098;0.088;0.1;0.037
21162;0.349;0.291;0.22;0.19;0.193;0.273;0.239;0.605;0.149;0.046;0.095;0.085;0.1;0.034
21163;0.349;0.291;0.222;0.193;0.19;0.271;0.237;0.608;0.149;0.044;0.098;0.083;0.098;0.037
21164;0.347;0.291;0.225;0.193;0.188;0.271;0.237;0.605;0.146;0.044;0.098;0.085;0.095;0.034
21165;0.352;0.291;0.225;0.193;0.19;0.271;0.239;0.605;0.146;0.042;0.098;0.085;0.098;0.029
21166;0.352;0.291;0.222;0.193;0.19;0.271;0.239;0.605;0.149;0.044;0.105;0.085;0.098;0.037
21167;0.352;0.291;0.22;0.195;0.186;0.271;0.239;0.605;0.149;0.042;0.103;0.088;0.098;0.034
21168;0.352;0.291;0.222;0.195;0.188;0.269;0.242;0.605;0.151;0.042;0.103;0.085;0.098;0.034
21169;0.352;0.291;0.222;0.193;0.188;0.269;0.239;0.605;0.149;0.044;0.103;0.088;0.095;0.032
21170;0.352;0.288;0.225;0.195;0.186;0.271;0.239;0.605;0.146;0.042;0.1;0.083;0.095;0.032
21171;0.354;0.288;0.227;0.195;0.186;0.271;0.239;0.608;0.146;0.042;0.103;0.088;0.095;0.032
21172;0.354;0.291;0.227;0.198;0.183;0.269;0.239;0.608;0.144;0.042;0.098;0.085;0.095;0.034
21173;0.356;0.288;0.232;0.198;0.183;0.271;0.237;0.608;0.146;0.039;0.1;0.083;0.093;0.034
21174;0.354;0.291;0.229;0.198;0.183;0.271;0.239;0.605;0.144;0.042;0.098;0.085;0.093;0.034
21175;0.356;0.288;0.229;0.198;0.183;0.269;0.239;0.608;0.146;0.039;0.095;0.088;0.095;0.032
21176;0.356;0.291;0.227;0.198;0.188;0.271;0.242;0.605;0.142;0.042;0.095;0.088;0.09;0.034
21177;0.354;0.288;0.234;0.198;0.183;0.271;0.239;0.605;0.144;0.039;0.093;0.088;0.093;0.029
21178;0.354;0.293;0.229;0.198;0.186;0.271;0.237;0.608;0.144;0.039;0.09;0.088;0.093;0.032
21179;0.354;0.291;0.229;0.198;0.183;0.271;0.239;0.608;0.144;0.034;0.09;0.085;0.093;0.032
21180;0.354;0.291;0.232;0.198;0.183;0.271;0.242;0.608;0.142;0.034;0.085;0.085;0.088;0.032
21181;0.352;0.293;0.229;0.198;0.186;0.269;0.237;0.608;0.142;0.037;0.088;0.088;0.093;0.034
21182;0.356;0.293;0.234;0.195;0.186;0.269;0.237;0.608;0.142;0.037;0.085;0.088;0.088;0.029
21183;0.354;0.291;0.242;0.195;0.186;0.269;0.237;0.608;0.142;0.042;0.085;0.088;0.09;0.032
21184;0.356;0.291;0.251;0.195;0.183;0.266;0.237;0.605;0.142;0.037;0.085;0.085;0.093;0.034
21185;0.354;0.288;0.254;0.195;0.186;0.269;0.234;0.605;0.142;0.034;0.085;0.088;0.09;0.034
21186;0.352;0.291;0.259;0.195;0.183;0.266;0.239;0.608;0.139;0.037;0.083;0.088;0.09;0.039
21187;0.354;0.288;0.264;0.198;0.183;0.269;0.237;0.605;0.142;0.034;0.081;0.085;0.088;0.034
21188;0.354;0.286;0.269;0.198;0.186;0.269;0.239;0.605;0.139;0.034;0.081;0.088;0.09;0.034
21189;0.354;0.286;0.256;0.195;0.183;0.271;0.237;0.605;0.142;0.037;0.081;0.088;0.09;0.037
21190;0.354;0.283;0.269;0.195;0.181;0.269;0.239;0.608;0.139;0.037;0.078;0.09;0.088;0.032
21191;0.354;0.281;0.269;0.195;0.183;0.271;0.239;0.608;0.139;0.037;0.078;0.088;0.085;0.029
21192;0.354;0.281;0.259;0.195;0.178;0.266;0.239;0.608;0.139;0.039;0.078;0.088;0.09;0.032
21193;0.352;0.278;0.249;0.2;0.181;0.269;0.239;0.605;0.142;0.039;0.081;0.088;0.088;0.032
21194;0.354;0.281;0.242;0.2;0.178;0.266;0.242;0.605;0.139;0.039;0.078;0.088;0.088;0.034
21195;0.354;0.278;0.234;0.198;0.181;0.266;0.239;0.605;0.139;0.039;0.078;0.09;0.088;0.037
21196;0.356;0.278;0.234;0.198;0.183;0.266;0.239;0.605;0.139;0.037;0.081;0.088;0.085;0.029
21197;0.354;0.278;0.254;0.198;0.181;0.269;0.237;0.605;0.142;0.039;0.081;0.088;0.085;0.034
21198;0.354;0.281;0.256;0.2;0.183;0.271;0.239;0.605;0.139;0.037;0.078;0.09;0.088;0.034
21199;0.354;0.281;0.259;0.198;0.186;0.269;0.239;0.603;0.134;0.034;0.076;0.085;0.085;0.032
21200;0.352;0.283;0.269;0.2;0.186;0.269;0.239;0.605;0.142;0.039;0.081;0.09;0.083;0.034
21201;0.349;0.281;0.3;0.2;0.188;0.269;0.242;0.603;0.137;0.037;0.081;0.088;0.085;0.032
21202;0.354;0.281;0.283;0.2;0.186;0.266;0.242;0.605;0.139;0.039;0.081;0.09;0.085;0.032
21203;0.354;0.283;0.259;0.203;0.186;0.266;0.242;0.605;0.139;0.042;0.083;0.085;0.081;0.034
21204;0.352;0.281;0.264;0.203;0.186;0.269;0.242;0.603;0.139;0.039;0.088;0.088;0.085;0.032
21205;0.352;0.283;0.278;0.205;0.19;0.271;0.242;0.603;0.139;0.039;0.085;0.088;0.083;0.034
21206;0.354;0.286;0.271;0.208;0.188;0.271;0.242;0.603;0.137;0.039;0.088;0.088;0.081;0.032
21207;0.354;0.283;0.303;0.212;0.19;0.269;0.244;0.603;0.139;0.044;0.088;0.088;0.083;0.032
21208;0.356;0.286;0.334;0.212;0.186;0.269;0.239;0.605;0.139;0.039;0.09;0.088;0.085;0.029
21209;0.354;0.286;0.291;0.212;0.188;0.266;0.239;0.603;0.139;0.042;0.095;0.088;0.078;0.034
21210;0.354;0.286;0.256;0.21;0.188;0.266;0.239;0.603;0.139;0.039;0.095;0.09;0.083;0.032
21211;0.354;0.286;0.234;0.215;0.183;0.266;0.239;0.601;0.142;0.042;0.098;0.088;0.081;0.029
21212;0.352;0.286;0.264;0.217;0.188;0.266;0.239;0.601;0.144;0.039;0.103;0.088;0.083;0.029
21213;0.352;0.286;0.286;0.217;0.186;0.266;0.237;0.603;0.142;0.039;0.1;0.088;0.081;0.029
21214;0.352;0.286;0.317;0.22;0.188;0.266;0.239;0.603;0.139;0.039;0.103;0.088;0.081;0.032
21215;0.354;0.286;0.32;0.22;0.186;0.269;0.237;0.603;0.139;0.037;0.107;0.088;0.081;0.032
21216;0.352;0.283;0.349;0.217;0.186;0.266;0.239;0.603;0.137;0.039;0.11;0.088;0.078;0.034
21217;0.356;0.283;0.349;0.217;0.188;0.269;0.239;0.601;0.142;0.042;0.115;0.088;0.078;0.032
21218;0.356;0.283;0.347;0.22;0.19;0.266;0.237;0.601;0.134;0.037;0.112;0.085;0.076;0.029
21219;0.354;0.281;0.369;0.22;0.19;0.269;0.239;0.601;0.137;0.037;0.117;0.085;0.078;0.032
21220;0.352;0.278;0.408;0.217;0.193;0.269;0.239;0.601;0.132;0.039;0.117;0.088;0.081;0.034
21221;0.354;0.278;0.442;0.217;0.19;0.273;0.239;0.601;0.132;0.039;0.12;0.088;0.078;0.029
21222;0.352;0.276;0.464;0.217;0.19;0.269;0.239;0.598;0.129;0.039;0.12;0.083;0.076;0.034
21223;0.354;0.273;0.42;0.217;0.19;0.271;0.242;0.598;0.129;0.039;0.125;0.088;0.078;0.034
21224;0.354;0.273;0.447;0.22;0.19;0.269;0.244;0.601;0.127;0.039;0.125;0.085;0.078;0.032
21225;0.354;0.273;0.457;0.22;0.19;0.271;0.244;0.601;0.125;0.039;0.127;0.085;0.076;0.029
21226;0.352;0.271;0.659;0.217;0.19;0.271;0.244;0.598;0.125;0.042;0.127;0.088;0.073;0.032
21227;0.349;0.269;0.684;0.215;0.193;0.271;0.244;0.601;0.125;0.044;0.127;0.085;0.073;0.032
21228;0.349;0.269;0.813;0.215;0.193;0.269;0.247;0.598;0.12;0.042;0.127;0.083;0.076;0.029
21229;0.347;0.271;0.945;0.217;0.19;0.271;0.247;0.598;0.117;0.046;0.129;0.088;0.076;0.032
21230;0.349;0.271;0.977;0.217;0.193;0.269;0.244;0.598;0.122;0.051;0.134;0.09;0.076;0.032
21231;0.347;0.271;0.745;0.215;0.19;0.271;0.244;0.598;0.117;0.046;0.134;0.085;0.073;0.032
21232;0.347;0.273;0.742;0.212;0.19;0.269;0.244;0.596;0.112;0.044;0.132;0.083;0.073;0.032
21233;0.349;0.276;0.581;0.215;0.193;0.269;0.244;0.596;0.112;0.046;0.129;0.085;0.073;0.032
21234;0.347;0.276;0.566;0.215;0.19;0.266;0.244;0.596;0.11;0.046;0.132;0.085;0.073;0.032
21235;0.347;0.278;0.588;0.215;0.193;0.269;0.244;0.596;0.11;0.051;0.132;0.081;0.071;0.032
21236;0.349;0.278;0.708;0.212;0.19;0.266;0.244;0.596;0.11;0.049;0.129;0.083;0.071;0.029
21237;0.349;0.283;0.671;0.215;0.195;0.266;0.244;0.596;0.107;0.049;0.127;0.081;0.071;0.032
21238;0.347;0.281;0.762;0.212;0.193;0.266;0.242;0.593;0.112;0.056;0.132;0.085;0.073;0.032
21239;0.347;0.283;1.035;0.212;0.193;0.264;0.242;0.593;0.11;0.056;0.129;0.085;0.068;0.032
21240;0.347;0.283;1.379;0.212;0.19;0.264;0.244;0.593;0.112;0.056;0.127;0.083;0.071;0.032
21241;0.347;0.283;1.484;0.21;0.19;0.261;0.244;0.596;0.11;0.059;0.127;0.085;0.071;0.027
21242;0.344;0.283;0.908;0.21;0.193;0.261;0.242;0.593;0.112;0.061;0.127;0.081;0.071;0.032
21243;0.344;0.283;1.66;0.212;0.193;0.264;0.244;0.593;0.115;0.061;0.129;0.081;0.066;0.032
21244;0.344;0.283;4.998;0.212;0.193;0.261;0.242;0.593;0.115;0.066;0.127;0.083;0.071;0.029
21245;0.347;0.286;4.998;0.215;0.193;0.264;0.244;0.593;0.115;0.068;0.127;0.078;0.068;0.029
21246;0.342;0.286;4.998;0.215;0.193;0.264;0.244;0.593;0.117;0.066;0.122;0.078;0.066;0.029
21247;0.339;0.283;4.998;0.212;0.195;0.266;0.247;0.596;0.117;0.071;0.125;0.081;0.066;0.029
21248;0.339;0.286;4.998;0.215;0.193;0.269;0.247;0.593;0.122;0.076;0.127;0.081;0.068;0.032
21249;0.342;0.281;4.998;0.215;0.198;0.266;0.247;0.596;0.12;0.073;0.122;0.078;0.066;0.029
21250;0.339;0.283;4.998;0.215;0.193;0.266;0.249;0.591;0.122;0.076;0.125;0.078;0.071;0.029
21251;0.339;0.281;2.69;0.215;0.19;0.266;0.249;0.591;0.125;0.078;0.12;0.078;0.068;0.029
21252;0.339;0.278;1.448;0.215;0.19;0.269;0.247;0.591;0.125;0.081;0.122;0.078;0.066;0.032
21253;0.339;0.278;0.879;0.217;0.193;0.266;0.249;0.593;0.127;0.083;0.125;0.081;0.068;0.032
21254;0.339;0.276;0.608;0.215;0.188;0.269;0.247;0.593;0.127;0.083;0.122;0.076;0.063;0.032
21255;0.339;0.273;0.488;0.212;0.188;0.269;0.247;0.593;0.129;0.085;0.125;0.081;0.068;0.032
21256;0.339;0.276;0.432;0.217;0.188;0.269;0.247;0.591;0.132;0.093;0.125;0.081;0.066;0.029
21257;0.339;0.273;0.398;0.217;0.19;0.269;0.247;0.591;0.129;0.088;0.122;0.076;0.068;0.029
21258;0.337;0.271;0.391;0.217;0.19;0.269;0.244;0.591;0.127;0.09;0.122;0.076;0.066;0.032
21259;0.339;0.269;0.378;0.217;0.19;0.269;0.247;0.591;0.129;0.093;0.122;0.076;0.066;0.029
21260;0.342;0.269;0.381;0.217;0.193;0.269;0.244;0.593;0.127;0.093;0.122;0.076;0.066;0.029
21261;0.339;0.271;0.378;0.215;0.195;0.266;0.247;0.588;0.127;0.095;0.122;0.076;0.066;0.029
21262;0.339;0.266;0.381;0.217;0.195;0.271;0.244;0.593;0.129;0.095;0.122;0.076;0.063;0.029
21263;0.339;0.269;0.388;0.215;0.193;0.269;0.244;0.593;0.132;0.098;0.125;0.076;0.063;0.029
21264;0.342;0.269;0.388;0.217;0.195;0.269;0.244;0.591;0.129;0.098;0.125;0.076;0.063;0.032
21265;0.339;0.266;0.432;0.217;0.193;0.271;0.242;0.591;0.129;0.098;0.127;0.073;0.061;0.027
21266;0.339;0.269;0.52;0.217;0.193;0.271;0.239;0.591;0.132;0.098;0.129;0.073;0.063;0.029
21267;0.339;0.271;0.671;0.22;0.19;0.269;0.244;0.591;0.129;0.1;0.132;0.071;0.063;0.029
21268;0.339;0.269;0.728;0.215;0.193;0.269;0.244;0.591;0.129;0.103;0.132;0.073;0.063;0.034
21269;0.339;0.273;0.793;0.217;0.19;0.266;0.244;0.591;0.129;0.098;0.129;0.073;0.066;0.032
21270;0.339;0.273;0.488;0.22;0.19;0.271;0.249;0.591;0.129;0.1;0.134;0.073;0.063;0.032
21271;0.339;0.273;0.422;0.22;0.19;0.269;0.249;0.591;0.132;0.098;0.134;0.073;0.063;0.034
21272;0.337;0.273;0.447;0.217;0.19;0.271;0.249;0.591;0.132;0.1;0.137;0.076;0.066;0.032
21273;0.339;0.273;0.588;0.215;0.19;0.266;0.249;0.588;0.132;0.1;0.137;0.073;0.061;0.029
21274;0.339;0.273;0.728;0.215;0.188;0.269;0.251;0.593;0.132;0.1;0.142;0.073;0.063;0.034
21275;0.342;0.273;0.818;0.217;0.19;0.269;0.251;0.591;0.134;0.105;0.144;0.078;0.063;0.034
21276;0.337;0.276;0.869;0.22;0.19;0.269;0.251;0.591;0.132;0.1;0.144;0.071;0.063;0.034
21277;0.342;0.273;0.999;0.217;0.188;0.269;0.249;0.591;0.132;0.1;0.146;0.073;0.063;0.032
21278;0.339;0.273;0.654;0.217;0.19;0.269;0.249;0.588;0.129;0.1;0.146;0.076;0.066;0.037
21279;0.339;0.273;0.784;0.217;0.188;0.271;0.247;0.591;0.132;0.098;0.144;0.073;0.066;0.034
21280;0.339;0.273;0.806;0.22;0.188;0.271;0.244;0.591;0.129;0.098;0.142;0.071;0.061;0.034
21281;0.339;0.273;0.845;0.22;0.188;0.271;0.244;0.591;0.129;0.098;0.146;0.073;0.061;0.034
21282;0.337;0.273;1.057;0.222;0.188;0.269;0.242;0.588;0.132;0.098;0.146;0.073;0.061;0.037
21283;0.337;0.273;0.996;0.225;0.188;0.266;0.239;0.593;0.132;0.098;0.146;0.073;0.061;0.034
21284;0.337;0.273;0.913;0.227;0.188;0.269;0.242;0.591;0.132;0.093;0.144;0.071;0.059;0.034
21285;0.339;0.273;0.771;0.227;0.188;0.271;0.239;0.591;0.129;0.093;0.142;0.071;0.059;0.032
21286;0.337;0.273;0.759;0.227;0.186;0.266;0.242;0.593;0.129;0.093;0.142;0.071;0.061;0.034
21287;0.334;0.273;0.864;0.227;0.186;0.271;0.242;0.591;0.132;0.095;0.142;0.071;0.063;0.037
21288;0.337;0.273;1.318;0.227;0.188;0.266;0.244;0.593;0.132;0.093;0.142;0.071;0.061;0.034
21289;0.337;0.273;1.145;0.229;0.186;0.269;0.244;0.593;0.132;0.093;0.139;0.071;0.061;0.037
21290;0.332;0.271;1.211;0.232;0.186;0.271;0.247;0.593;0.137;0.09;0.139;0.071;0.059;0.037
21291;0.332;0.273;0.874;0.229;0.186;0.266;0.249;0.591;0.137;0.093;0.142;0.071;0.059;0.034
21292;0.334;0.271;0.933;0.232;0.183;0.266;0.247;0.596;0.137;0.09;0.137;0.068;0.066;0.042
21293;0.332;0.271;0.999;0.232;0.183;0.266;0.244;0.596;0.132;0.088;0.134;0.068;0.059;0.034
21294;0.332;0.269;1.177;0.229;0.181;0.266;0.247;0.596;0.134;0.088;0.134;0.068;0.059;0.037
21295;0.33;0.271;0.815;0.225;0.181;0.266;0.244;0.596;0.137;0.09;0.129;0.066;0.056;0.037
21296;0.332;0.269;0.842;0.227;0.181;0.264;0.244;0.596;0.134;0.085;0.129;0.068;0.056;0.034
21297;0.334;0.269;1.013;0.227;0.183;0.269;0.242;0.598;0.134;0.083;0.127;0.066;0.054;0.037
21298;0.334;0.269;1.121;0.225;0.181;0.266;0.242;0.596;0.137;0.085;0.127;0.066;0.056;0.037
21299;0.334;0.269;0.999;0.227;0.181;0.266;0.242;0.601;0.137;0.085;0.125;0.068;0.061;0.039
21300;0.334;0.266;1.233;0.222;0.181;0.264;0.242;0.598;0.137;0.085;0.125;0.066;0.059;0.039
21301;0.337;0.266;1.831;0.225;0.181;0.266;0.239;0.596;0.137;0.083;0.12;0.066;0.056;0.037
21302;0.339;0.269;2.307;0.222;0.181;0.266;0.239;0.601;0.139;0.083;0.12;0.068;0.059;0.037
21303;0.339;0.269;2.366;0.22;0.183;0.269;0.239;0.601;0.139;0.078;0.117;0.066;0.056;0.039
21304;0.339;0.264;4.998;0.22;0.183;0.269;0.239;0.601;0.139;0.081;0.117;0.066;0.056;0.039
21305;0.339;0.266;2.935;0.22;0.183;0.271;0.242;0.603;0.142;0.078;0.115;0.068;0.056;0.039
21306;0.342;0.269;1.816;0.222;0.183;0.271;0.242;0.601;0.139;0.078;0.112;0.066;0.056;0.037
21307;0.344;0.271;4.998;0.22;0.183;0.271;0.242;0.603;0.142;0.076;0.11;0.066;0.054;0.037
21308;0.347;0.269;4.998;0.22;0.181;0.271;0.244;0.603;0.144;0.076;0.11;0.063;0.059;0.039
21309;0.344;0.271;4.998;0.22;0.181;0.271;0.244;0.605;0.144;0.076;0.107;0.068;0.056;0.039
21310;0.344;0.269;4.998;0.217;0.181;0.269;0.244;0.605;0.146;0.076;0.105;0.066;0.056;0.037
21311;0.344;0.269;4.998;0.217;0.181;0.269;0.244;0.603;0.144;0.071;0.103;0.063;0.054;0.037
21312;0.344;0.269;4.998;0.22;0.178;0.269;0.244;0.605;0.149;0.076;0.103;0.066;0.051;0.039
21313;0.342;0.269;4.998;0.217;0.178;0.269;0.244;0.608;0.149;0.073;0.103;0.068;0.054;0.039
21314;0.339;0.266;4.998;0.215;0.176;0.266;0.242;0.605;0.154;0.073;0.1;0.068;0.054;0.039
21315;0.342;0.266;4.998;0.22;0.176;0.269;0.244;0.608;0.151;0.068;0.098;0.066;0.056;0.039
21316;0.337;0.266;4.998;0.217;0.176;0.266;0.242;0.605;0.151;0.068;0.093;0.063;0.051;0.039
21317;0.339;0.266;4.998;0.22;0.176;0.269;0.244;0.608;0.151;0.066;0.093;0.066;0.054;0.037
21318;0.337;0.261;4.998;0.22;0.176;0.264;0.244;0.608;0.151;0.066;0.09;0.068;0.054;0.039
21319;0.337;0.264;4.998;0.217;0.176;0.264;0.242;0.608;0.154;0.066;0.088;0.068;0.051;0.039
21320;0.339;0.261;3.367;0.217;0.173;0.266;0.242;0.61;0.154;0.066;0.088;0.066;0.049;0.037
21321;0.342;0.264;2.234;0.217;0.173;0.266;0.242;0.608;0.159;0.066;0.085;0.068;0.051;0.039
21322;0.342;0.261;1.631;0.217;0.168;0.264;0.242;0.608;0.156;0.063;0.083;0.066;0.049;0.039
21323;0.342;0.261;1.121;0.22;0.168;0.266;0.239;0.61;0.159;0.061;0.085;0.068;0.054;0.039
21324;0.342;0.259;1.299;0.22;0.173;0.264;0.239;0.613;0.156;0.059;0.083;0.068;0.049;0.039
21325;0.342;0.256;1.37;0.222;0.171;0.266;0.237;0.61;0.159;0.061;0.081;0.068;0.051;0.039
21326;0.344;0.259;0.879;0.222;0.171;0.261;0.237;0.61;0.161;0.063;0.081;0.066;0.049;0.039
21327;0.342;0.256;0.83;0.222;0.168;0.264;0.237;0.613;0.164;0.061;0.078;0.066;0.049;0.039
21328;0.344;0.256;1.135;0.222;0.173;0.261;0.237;0.613;0.161;0.056;0.073;0.063;0.046;0.037
21329;0.342;0.256;0.811;0.225;0.173;0.264;0.239;0.613;0.164;0.054;0.073;0.066;0.046;0.037
21330;0.344;0.254;0.823;0.225;0.173;0.264;0.239;0.615;0.164;0.056;0.071;0.068;0.046;0.037
21331;0.344;0.251;1.414;0.225;0.171;0.264;0.242;0.613;0.166;0.056;0.071;0.066;0.044;0.037
21332;0.342;0.251;4.998;0.227;0.171;0.259;0.239;0.615;0.168;0.054;0.068;0.063;0.046;0.037
21333;0.344;0.251;4.998;0.225;0.171;0.264;0.244;0.613;0.166;0.054;0.068;0.066;0.046;0.037
21334;0.342;0.254;4.998;0.222;0.171;0.261;0.242;0.613;0.168;0.054;0.068;0.066;0.046;0.037
21335;0.347;0.254;4.998;0.222;0.171;0.264;0.244;0.613;0.173;0.051;0.068;0.066;0.044;0.039
21336;0.344;0.251;4.998;0.222;0.171;0.261;0.247;0.613;0.176;0.051;0.066;0.068;0.044;0.037
21337;0.342;0.251;4.998;0.217;0.173;0.261;0.244;0.61;0.173;0.051;0.063;0.063;0.044;0.039
21338;0.344;0.256;4.998;0.22;0.173;0.261;0.247;0.613;0.176;0.051;0.063;0.066;0.044;0.037
21339;0.347;0.259;4.998;0.222;0.173;0.259;0.247;0.613;0.176;0.049;0.061;0.066;0.042;0.037
21340;0.349;0.259;4.998;0.22;0.173;0.259;0.247;0.613;0.178;0.049;0.061;0.066;0.042;0.037
21341;0.347;0.261;4.998;0.225;0.173;0.256;0.247;0.61;0.181;0.046;0.059;0.066;0.042;0.034
21342;0.349;0.266;4.998;0.222;0.173;0.259;0.247;0.61;0.181;0.046;0.059;0.063;0.042;0.034
21343;0.347;0.261;4.998;0.225;0.173;0.261;0.247;0.61;0.181;0.049;0.059;0.066;0.042;0.034
21344;0.344;0.266;4.998;0.222;0.173;0.259;0.247;0.608;0.183;0.046;0.056;0.063;0.044;0.037
21345;0.347;0.264;4.998;0.222;0.176;0.259;0.247;0.61;0.186;0.044;0.059;0.066;0.042;0.037
21346;0.344;0.266;4.998;0.222;0.171;0.259;0.247;0.608;0.186;0.044;0.056;0.061;0.042;0.034
21347;0.347;0.266;4.998;0.225;0.173;0.256;0.244;0.608;0.188;0.046;0.056;0.063;0.039;0.034
21348;0.347;0.271;4.998;0.222;0.173;0.259;0.247;0.608;0.186;0.042;0.056;0.063;0.039;0.037
21349;0.347;0.269;4.998;0.222;0.171;0.259;0.247;0.608;0.188;0.046;0.056;0.063;0.042;0.037
21350;0.347;0.269;4.998;0.225;0.173;0.259;0.244;0.608;0.19;0.046;0.056;0.061;0.039;0.032
21351;0.347;0.273;3.809;0.222;0.173;0.256;0.247;0.608;0.193;0.044;0.059;0.061;0.042;0.034
21352;0.347;0.273;4.998;0.222;0.176;0.259;0.244;0.605;0.19;0.042;0.054;0.061;0.039;0.032
21353;0.344;0.276;4.998;0.225;0.176;0.256;0.247;0.605;0.193;0.042;0.054;0.066;0.042;0.037
21354;0.344;0.281;4.998;0.222;0.176;0.259;0.244;0.603;0.195;0.044;0.056;0.061;0.039;0.034
21355;0.347;0.281;4.998;0.225;0.176;0.259;0.244;0.605;0.193;0.042;0.056;0.059;0.039;0.037
21356;0.344;0.281;4.998;0.222;0.181;0.259;0.242;0.603;0.195;0.042;0.054;0.061;0.037;0.032
21357;0.347;0.283;4.998;0.222;0.178;0.259;0.239;0.603;0.198;0.039;0.059;0.061;0.037;0.037
21358;0.347;0.281;4.998;0.225;0.178;0.259;0.242;0.601;0.195;0.039;0.059;0.059;0.042;0.037
21359;0.347;0.278;4.998;0.225;0.178;0.259;0.242;0.603;0.198;0.044;0.059;0.063;0.037;0.034
21360;0.349;0.276;4.998;0.225;0.176;0.256;0.242;0.601;0.203;0.039;0.061;0.061;0.034;0.032
21361;0.347;0.271;4.998;0.225;0.176;0.256;0.242;0.598;0.203;0.039;0.063;0.061;0.037;0.032
21362;0.349;0.271;4.998;0.227;0.176;0.256;0.242;0.603;0.203;0.042;0.063;0.061;0.039;0.032
21363;0.352;0.266;4.998;0.225;0.178;0.256;0.242;0.603;0.205;0.037;0.066;0.059;0.037;0.032
21364;0.347;0.266;4.998;0.225;0.173;0.254;0.242;0.598;0.203;0.039;0.066;0.059;0.034;0.032
21365;0.349;0.266;4.998;0.225;0.178;0.254;0.242;0.598;0.205;0.042;0.068;0.061;0.034;0.032
21366;0.347;0.261;4.998;0.225;0.176;0.256;0.242;0.598;0.208;0.042;0.073;0.061;0.037;0.032
21367;0.347;0.264;4.998;0.227;0.176;0.254;0.244;0.598;0.205;0.039;0.073;0.059;0.034;0.034
21368;0.347;0.264;4.998;0.227;0.178;0.256;0.242;0.598;0.21;0.037;0.076;0.061;0.037;0.034
21369;0.349;0.264;4.998;0.227;0.178;0.254;0.244;0.601;0.208;0.039;0.078;0.061;0.037;0.032
21370;0.349;0.264;4.998;0.227;0.176;0.254;0.242;0.598;0.21;0.042;0.085;0.061;0.034;0.034
21371;0.347;0.266;4.998;0.225;0.173;0.254;0.239;0.601;0.208;0.039;0.085;0.059;0.034;0.032
21372;0.347;0.266;4.998;0.222;0.176;0.256;0.242;0.601;0.21;0.039;0.09;0.059;0.034;0.037
21373;0.347;0.266;4.998;0.222;0.173;0.254;0.242;0.601;0.21;0.042;0.093;0.061;0.032;0.029
21374;0.347;0.269;4.998;0.22;0.176;0.254;0.242;0.601;0.21;0.039;0.095;0.059;0.034;0.037
21375;0.344;0.269;4.998;0.22;0.176;0.251;0.244;0.603;0.205;0.037;0.098;0.059;0.034;0.032
21376;0.349;0.271;4.998;0.217;0.176;0.254;0.244;0.601;0.208;0.039;0.103;0.059;0.032;0.029
21377;0.347;0.269;4.998;0.217;0.173;0.249;0.242;0.601;0.208;0.042;0.107;0.061;0.034;0.034
21378;0.349;0.271;4.998;0.22;0.171;0.251;0.244;0.601;0.203;0.037;0.107;0.059;0.034;0.032
21379;0.349;0.271;4.998;0.22;0.168;0.251;0.244;0.603;0.205;0.037;0.112;0.059;0.032;0.034
21380;0.349;0.271;4.998;0.222;0.168;0.251;0.242;0.603;0.203;0.039;0.112;0.056;0.034;0.029
21381;0.347;0.273;4.998;0.222;0.168;0.249;0.244;0.603;0.203;0.039;0.12;0.059;0.032;0.037
21382;0.344;0.273;4.998;0.22;0.168;0.251;0.244;0.603;0.203;0.042;0.122;0.056;0.032;0.032
21383;0.349;0.276;4.998;0.222;0.168;0.249;0.244;0.605;0.2;0.039;0.127;0.061;0.032;0.032
21384;0.344;0.273;4.998;0.22;0.168;0.249;0.244;0.605;0.2;0.039;0.129;0.061;0.034;0.034
21385;0.347;0.276;4.998;0.22;0.166;0.249;0.242;0.605;0.198;0.039;0.134;0.059;0.029;0.029
21386;0.347;0.276;4.998;0.215;0.166;0.249;0.242;0.608;0.2;0.042;0.134;0.059;0.029;0.032
21387;0.349;0.273;4.998;0.217;0.171;0.251;0.244;0.605;0.195;0.042;0.142;0.059;0.032;0.032
21388;0.347;0.276;4.998;0.217;0.168;0.249;0.244;0.605;0.198;0.042;0.142;0.059;0.032;0.032
21389;0.347;0.276;4.998;0.217;0.168;0.249;0.247;0.605;0.195;0.039;0.144;0.061;0.029;0.034
21390;0.347;0.276;4.998;0.22;0.168;0.249;0.244;0.605;0.193;0.039;0.146;0.059;0.029;0.032
21391;0.349;0.278;4.998;0.22;0.168;0.249;0.242;0.605;0.19;0.039;0.151;0.061;0.032;0.029
21392;0.347;0.278;4.998;0.225;0.168;0.247;0.244;0.603;0.19;0.039;0.151;0.056;0.032;0.029
21393;0.347;0.281;4.998;0.222;0.171;0.247;0.247;0.605;0.19;0.039;0.159;0.059;0.032;0.034
21394;0.344;0.281;4.998;0.222;0.168;0.247;0.244;0.605;0.19;0.042;0.164;0.061;0.032;0.032
21395;0.347;0.281;4.998;0.222;0.171;0.247;0.244;0.605;0.188;0.044;0.164;0.061;0.029;0.032
21396;0.347;0.278;4.998;0.225;0.168;0.247;0.247;0.605;0.186;0.039;0.166;0.059;0.027;0.037
21397;0.347;0.278;4.998;0.227;0.171;0.247;0.244;0.603;0.188;0.042;0.171;0.056;0.029;0.032
21398;0.344;0.278;4.998;0.225;0.173;0.247;0.247;0.603;0.183;0.039;0.176;0.059;0.029;0.032
21399;0.344;0.278;4.998;0.222;0.173;0.247;0.247;0.603;0.183;0.044;0.176;0.059;0.029;0.032
21400;0.342;0.276;4.998;0.22;0.173;0.251;0.247;0.603;0.183;0.044;0.181;0.059;0.027;0.027
21401;0.342;0.276;4.998;0.22;0.171;0.251;0.244;0.603;0.181;0.042;0.183;0.059;0.027;0.032
21402;0.342;0.276;4.998;0.222;0.176;0.251;0.244;0.603;0.183;0.042;0.188;0.059;0.032;0.032
21403;0.339;0.278;4.998;0.22;0.176;0.249;0.242;0.603;0.183;0.042;0.19;0.059;0.029;0.029
21404;0.339;0.278;4.998;0.222;0.176;0.251;0.242;0.601;0.178;0.044;0.195;0.056;0.027;0.029
21405;0.339;0.278;4.998;0.222;0.173;0.249;0.237;0.601;0.183;0.044;0.2;0.059;0.029;0.032
21406;0.339;0.278;4.998;0.222;0.173;0.249;0.239;0.598;0.176;0.042;0.2;0.059;0.029;0.032
21407;0.342;0.278;4.998;0.22;0.173;0.251;0.237;0.601;0.176;0.044;0.205;0.056;0.029;0.032
21408;0.339;0.281;4.998;0.22;0.176;0.251;0.237;0.601;0.176;0.044;0.21;0.059;0.032;0.034
21409;0.339;0.281;4.998;0.22;0.173;0.249;0.234;0.601;0.176;0.046;0.21;0.056;0.027;0.032
21410;0.339;0.281;4.998;0.22;0.173;0.249;0.234;0.598;0.176;0.046;0.215;0.061;0.027;0.029
21411;0.339;0.281;4.998;0.22;0.173;0.247;0.234;0.598;0.173;0.044;0.217;0.056;0.027;0.032
21412;0.339;0.283;4.998;0.215;0.173;0.249;0.234;0.598;0.166;0.044;0.22;0.061;0.027;0.029
21413;0.339;0.281;4.998;0.22;0.176;0.244;0.237;0.596;0.164;0.042;0.222;0.056;0.027;0.032
21414;0.339;0.281;4.998;0.217;0.176;0.249;0.239;0.596;0.166;0.044;0.225;0.061;0.027;0.029
21415;0.339;0.281;4.998;0.215;0.176;0.244;0.242;0.596;0.166;0.044;0.225;0.059;0.027;0.034
21416;0.337;0.281;4.998;0.215;0.178;0.247;0.239;0.596;0.166;0.042;0.227;0.061;0.027;0.027
21417;0.342;0.281;4.998;0.215;0.178;0.247;0.242;0.593;0.164;0.046;0.232;0.059;0.027;0.029
21418;0.339;0.283;2.478;0.215;0.178;0.247;0.242;0.596;0.161;0.044;0.232;0.059;0.024;0.029
21419;0.339;0.283;1.343;0.217;0.178;0.247;0.242;0.596;0.161;0.046;0.232;0.059;0.027;0.029
21420;0.337;0.283;0.769;0.215;0.178;0.247;0.237;0.593;0.156;0.046;0.232;0.059;0.027;0.029
21421;0.337;0.283;0.518;0.217;0.181;0.244;0.239;0.596;0.159;0.049;0.234;0.061;0.027;0.032
21422;0.337;0.283;0.403;0.217;0.181;0.247;0.242;0.596;0.156;0.046;0.237;0.061;0.027;0.029
21423;0.339;0.281;0.369;0.217;0.178;0.244;0.239;0.593;0.161;0.051;0.242;0.066;0.024;0.029
21424;0.339;0.283;0.339;0.217;0.176;0.247;0.239;0.593;0.156;0.046;0.239;0.059;0.024;0.032
21425;0.342;0.283;0.327;0.217;0.173;0.247;0.242;0.591;0.156;0.049;0.239;0.063;0.029;0.029
21426;0.339;0.283;0.305;0.217;0.176;0.249;0.242;0.593;0.154;0.049;0.237;0.059;0.027;0.029
21427;0.339;0.281;0.3;0.217;0.173;0.247;0.239;0.593;0.151;0.049;0.239;0.061;0.024;0.032
21428;0.339;0.276;0.312;0.217;0.176;0.247;0.242;0.591;0.151;0.046;0.239;0.063;0.027;0.032
21429;0.339;0.278;0.356;0.217;0.173;0.247;0.239;0.596;0.151;0.049;0.239;0.059;0.027;0.029
21430;0.339;0.276;0.435;0.22;0.181;0.247;0.239;0.593;0.146;0.051;0.239;0.061;0.024;0.032
21431;0.339;0.273;0.342;0.22;0.176;0.247;0.237;0.593;0.144;0.049;0.239;0.063;0.027;0.032
21432;0.339;0.276;0.295;0.22;0.178;0.247;0.234;0.593;0.144;0.051;0.237;0.061;0.022;0.029
21433;0.337;0.273;0.288;0.22;0.178;0.247;0.232;0.593;0.142;0.049;0.237;0.061;0.027;0.029
21434;0.337;0.273;0.293;0.22;0.176;0.244;0.232;0.593;0.142;0.051;0.237;0.061;0.029;0.032
21435;0.337;0.271;0.286;0.217;0.178;0.244;0.229;0.593;0.137;0.054;0.234;0.059;0.024;0.029
21436;0.339;0.271;0.288;0.217;0.176;0.244;0.227;0.593;0.139;0.049;0.237;0.059;0.027;0.032
21437;0.334;0.271;0.281;0.217;0.176;0.244;0.229;0.593;0.137;0.049;0.232;0.061;0.027;0.032
21438;0.332;0.271;0.281;0.217;0.176;0.242;0.227;0.593;0.137;0.049;0.232;0.063;0.024;0.034
21439;0.334;0.273;0.283;0.217;0.176;0.242;0.229;0.593;0.132;0.051;0.232;0.063;0.024;0.029
21440;0.332;0.271;0.281;0.215;0.176;0.244;0.232;0.596;0.132;0.054;0.229;0.061;0.024;0.027
21441;0.332;0.273;0.278;0.212;0.173;0.244;0.234;0.593;0.132;0.051;0.229;0.061;0.024;0.029
21442;0.332;0.271;0.278;0.212;0.173;0.242;0.229;0.596;0.132;0.051;0.229;0.061;0.024;0.029
21443;0.332;0.271;0.276;0.215;0.176;0.242;0.232;0.593;0.129;0.054;0.227;0.061;0.024;0.032
21444;0.332;0.273;0.286;0.215;0.176;0.237;0.234;0.596;0.127;0.054;0.225;0.061;0.024;0.032
21445;0.332;0.276;0.286;0.212;0.176;0.242;0.237;0.596;0.125;0.051;0.22;0.061;0.024;0.029
21446;0.332;0.273;0.286;0.215;0.176;0.242;0.234;0.593;0.125;0.054;0.222;0.061;0.022;0.029
21447;0.332;0.273;0.283;0.217;0.173;0.239;0.237;0.596;0.125;0.051;0.222;0.059;0.022;0.034
21448;0.33;0.273;0.283;0.217;0.176;0.242;0.234;0.596;0.125;0.051;0.22;0.061;0.022;0.029
21449;0.327;0.273;0.281;0.22;0.176;0.239;0.234;0.593;0.125;0.051;0.217;0.061;0.022;0.027
21450;0.332;0.273;0.283;0.215;0.173;0.242;0.234;0.593;0.125;0.051;0.215;0.061;0.024;0.032
21451;0.332;0.276;0.291;0.217;0.173;0.239;0.229;0.593;0.125;0.051;0.212;0.063;0.022;0.032
21452;0.332;0.276;0.286;0.217;0.173;0.239;0.227;0.593;0.125;0.054;0.212;0.061;0.024;0.029
21453;0.33;0.273;0.283;0.215;0.171;0.239;0.227;0.596;0.122;0.056;0.21;0.061;0.022;0.029
21454;0.332;0.276;0.278;0.217;0.176;0.239;0.227;0.593;0.122;0.051;0.208;0.061;0.022;0.027
21455;0.327;0.273;0.273;0.217;0.173;0.239;0.225;0.596;0.12;0.051;0.205;0.061;0.027;0.032
21456;0.325;0.273;0.276;0.22;0.171;0.239;0.225;0.593;0.12;0.054;0.205;0.063;0.022;0.029
21457;0.325;0.273;0.276;0.222;0.173;0.242;0.225;0.593;0.117;0.049;0.203;0.059;0.02;0.029
21458;0.325;0.276;0.273;0.222;0.171;0.244;0.222;0.593;0.12;0.051;0.203;0.063;0.022;0.027
21459;0.327;0.273;0.271;0.222;0.173;0.239;0.225;0.596;0.115;0.049;0.198;0.059;0.02;0.027
21460;0.325;0.276;0.276;0.222;0.176;0.242;0.227;0.593;0.12;0.051;0.198;0.063;0.017;0.024
21461;0.325;0.273;0.278;0.222;0.173;0.239;0.227;0.591;0.115;0.049;0.193;0.063;0.024;0.027
21462;0.322;0.273;0.273;0.222;0.173;0.239;0.227;0.593;0.117;0.049;0.19;0.061;0.02;0.029
21463;0.322;0.271;0.278;0.222;0.173;0.239;0.227;0.591;0.115;0.049;0.19;0.063;0.024;0.029
21464;0.32;0.273;0.278;0.22;0.171;0.239;0.227;0.591;0.12;0.049;0.186;0.063;0.022;0.024
21465;0.322;0.271;0.281;0.22;0.171;0.244;0.225;0.593;0.117;0.049;0.183;0.061;0.02;0.027
21466;0.322;0.269;0.278;0.222;0.171;0.242;0.225;0.591;0.117;0.051;0.181;0.061;0.02;0.027
21467;0.32;0.271;0.281;0.222;0.171;0.239;0.225;0.588;0.117;0.046;0.176;0.063;0.02;0.032
21468;0.322;0.266;0.273;0.225;0.171;0.242;0.225;0.588;0.117;0.046;0.173;0.063;0.022;0.027
21469;0.322;0.266;0.278;0.225;0.176;0.239;0.225;0.588;0.12;0.046;0.171;0.063;0.022;0.029
21470;0.322;0.271;0.276;0.225;0.173;0.239;0.225;0.586;0.12;0.049;0.166;0.063;0.022;0.027
21471;0.32;0.266;0.276;0.225;0.176;0.237;0.225;0.586;0.12;0.049;0.164;0.063;0.022;0.024
21472;0.32;0.269;0.273;0.227;0.171;0.239;0.227;0.586;0.122;0.049;0.161;0.066;0.02;0.032
21473;0.322;0.269;0.273;0.227;0.176;0.237;0.225;0.586;0.122;0.046;0.159;0.066;0.02;0.029
21474;0.322;0.269;0.271;0.227;0.173;0.237;0.225;0.586;0.122;0.046;0.151;0.063;0.022;0.029
21475;0.325;0.271;0.273;0.227;0.176;0.237;0.225;0.586;0.125;0.046;0.149;0.063;0.022;0.029
21476;0.322;0.271;0.273;0.227;0.176;0.237;0.225;0.586;0.122;0.046;0.144;0.063;0.022;0.029
21477;0.325;0.273;0.273;0.227;0.176;0.237;0.225;0.586;0.125;0.044;0.144;0.063;0.02;0.027
21478;0.325;0.276;0.271;0.227;0.173;0.234;0.225;0.586;0.127;0.049;0.142;0.066;0.024;0.032
21479;0.327;0.276;0.271;0.225;0.176;0.239;0.225;0.586;0.125;0.044;0.139;0.063;0.02;0.029
21480;0.327;0.278;0.269;0.225;0.178;0.239;0.225;0.586;0.125;0.044;0.134;0.063;0.02;0.032
21481;0.327;0.276;0.271;0.222;0.178;0.237;0.225;0.586;0.125;0.046;0.132;0.063;0.02;0.029
21482;0.327;0.278;0.271;0.222;0.178;0.237;0.227;0.586;0.127;0.042;0.129;0.066;0.017;0.029
21483;0.327;0.278;0.273;0.222;0.178;0.242;0.227;0.583;0.132;0.046;0.125;0.066;0.022;0.029
21484;0.327;0.281;0.273;0.222;0.178;0.239;0.229;0.583;0.129;0.044;0.125;0.063;0.015;0.024
21485;0.327;0.278;0.273;0.22;0.181;0.239;0.229;0.588;0.132;0.046;0.122;0.063;0.027;0.034
21486;0.327;0.278;0.273;0.22;0.181;0.237;0.232;0.583;0.132;0.044;0.117;0.066;0.022;0.027
21487;0.33;0.281;0.271;0.217;0.181;0.234;0.232;0.583;0.137;0.042;0.117;0.066;0.017;0.029
21488;0.327;0.278;0.271;0.217;0.183;0.239;0.234;0.583;0.137;0.042;0.115;0.063;0.022;0.034
21489;0.33;0.278;0.273;0.215;0.183;0.234;0.232;0.583;0.142;0.044;0.112;0.063;0.017;0.029
21490;0.33;0.281;0.271;0.215;0.181;0.234;0.232;0.583;0.142;0.042;0.112;0.063;0.017;0.029
21491;0.33;0.283;0.271;0.215;0.181;0.234;0.227;0.586;0.146;0.046;0.11;0.066;0.022;0.032
21492;0.33;0.281;0.269;0.21;0.181;0.234;0.225;0.583;0.144;0.042;0.107;0.063;0.02;0.027
21493;0.33;0.281;0.269;0.212;0.181;0.234;0.227;0.583;0.151;0.042;0.107;0.063;0.02;0.027
21494;0.33;0.281;0.266;0.212;0.181;0.234;0.225;0.586;0.149;0.042;0.105;0.063;0.02;0.032
21495;0.33;0.281;0.266;0.212;0.183;0.237;0.227;0.588;0.154;0.044;0.105;0.066;0.02;0.029
21496;0.33;0.276;0.264;0.208;0.183;0.237;0.227;0.586;0.154;0.042;0.103;0.063;0.02;0.029
21497;0.332;0.278;0.264;0.21;0.183;0.234;0.232;0.586;0.159;0.046;0.107;0.066;0.02;0.029
21498;0.334;0.281;0.266;0.208;0.183;0.237;0.229;0.588;0.156;0.042;0.103;0.063;0.02;0.027
21499;0.332;0.278;0.269;0.212;0.183;0.237;0.232;0.586;0.159;0.044;0.103;0.066;0.022;0.029
21500;0.332;0.278;0.266;0.21;0.183;0.234;0.229;0.588;0.161;0.042;0.103;0.063;0.022;0.032
21501;0.332;0.276;0.264;0.21;0.183;0.237;0.229;0.588;0.164;0.042;0.1;0.063;0.022;0.029
21502;0.332;0.276;0.264;0.21;0.181;0.237;0.227;0.588;0.164;0.042;0.1;0.063;0.022;0.029
21503;0.332;0.276;0.269;0.21;0.181;0.237;0.229;0.588;0.168;0.044;0.1;0.066;0.022;0.032
21504;0.332;0.276;0.269;0.208;0.181;0.237;0.227;0.588;0.168;0.044;0.1;0.061;0.022;0.029
21505;0.334;0.276;0.273;0.208;0.183;0.237;0.229;0.588;0.171;0.044;0.1;0.063;0.02;0.029
21506;0.334;0.273;0.273;0.205;0.183;0.237;0.229;0.591;0.171;0.042;0.098;0.063;0.022;0.029
21507;0.334;0.273;0.276;0.208;0.183;0.237;0.227;0.588;0.171;0.042;0.1;0.061;0.022;0.032
21508;0.334;0.276;0.278;0.205;0.181;0.234;0.227;0.588;0.171;0.042;0.1;0.063;0.024;0.032
21509;0.334;0.276;0.276;0.208;0.183;0.237;0.234;0.588;0.178;0.044;0.1;0.063;0.024;0.032
21510;0.334;0.273;0.281;0.208;0.183;0.239;0.229;0.588;0.178;0.039;0.098;0.059;0.022;0.032
21511;0.334;0.276;0.276;0.21;0.183;0.239;0.229;0.586;0.181;0.042;0.1;0.061;0.022;0.032
21512;0.332;0.278;0.278;0.208;0.181;0.237;0.229;0.591;0.181;0.039;0.103;0.061;0.022;0.029
21513;0.332;0.278;0.278;0.208;0.186;0.239;0.229;0.588;0.183;0.044;0.103;0.061;0.022;0.034
21514;0.332;0.276;0.281;0.205;0.181;0.242;0.227;0.588;0.183;0.039;0.098;0.059;0.022;0.029
21515;0.332;0.278;0.283;0.208;0.183;0.239;0.227;0.588;0.186;0.039;0.103;0.061;0.022;0.029
21516;0.332;0.276;0.286;0.205;0.181;0.237;0.227;0.588;0.181;0.037;0.098;0.059;0.022;0.029
21517;0.33;0.281;0.281;0.208;0.181;0.239;0.227;0.588;0.183;0.044;0.103;0.061;0.022;0.032
21518;0.332;0.281;0.283;0.205;0.183;0.239;0.227;0.588;0.183;0.039;0.103;0.061;0.022;0.029
21519;0.332;0.281;0.278;0.205;0.181;0.242;0.229;0.586;0.183;0.044;0.105;0.061;0.022;0.032
21520;0.33;0.278;0.278;0.208;0.183;0.242;0.229;0.586;0.183;0.039;0.103;0.059;0.017;0.029
21521;0.332;0.278;0.278;0.208;0.181;0.239;0.227;0.586;0.183;0.042;0.103;0.063;0.022;0.032
21522;0.332;0.276;0.278;0.205;0.186;0.239;0.225;0.586;0.183;0.042;0.105;0.061;0.024;0.034
21523;0.332;0.278;0.273;0.208;0.181;0.239;0.225;0.583;0.181;0.042;0.103;0.061;0.02;0.032
21524;0.332;0.276;0.278;0.21;0.181;0.242;0.227;0.586;0.181;0.044;0.103;0.063;0.022;0.034
21525;0.337;0.276;0.276;0.21;0.181;0.242;0.227;0.586;0.178;0.039;0.103;0.059;0.02;0.029
21526;0.337;0.276;0.281;0.212;0.181;0.242;0.227;0.586;0.178;0.042;0.107;0.061;0.02;0.034
21527;0.337;0.273;0.283;0.212;0.183;0.242;0.227;0.586;0.178;0.044;0.105;0.061;0.02;0.032
21528;0.334;0.273;0.281;0.212;0.181;0.244;0.225;0.586;0.176;0.042;0.105;0.059;0.02;0.032
21529;0.334;0.269;0.278;0.212;0.183;0.244;0.225;0.583;0.173;0.039;0.103;0.061;0.022;0.029
21530;0.337;0.273;0.278;0.21;0.183;0.244;0.227;0.583;0.173;0.042;0.107;0.061;0.022;0.032
21531;0.334;0.271;0.281;0.21;0.178;0.242;0.227;0.586;0.176;0.044;0.105;0.063;0.02;0.034
21532;0.334;0.269;0.281;0.21;0.181;0.239;0.227;0.583;0.173;0.042;0.105;0.063;0.022;0.032
21533;0.337;0.266;0.281;0.212;0.178;0.244;0.225;0.583;0.171;0.044;0.105;0.061;0.022;0.032
21534;0.334;0.266;0.278;0.215;0.181;0.242;0.227;0.586;0.166;0.044;0.107;0.059;0.02;0.032
21535;0.334;0.264;0.283;0.215;0.181;0.242;0.227;0.583;0.159;0.042;0.105;0.056;0.02;0.029
21536;0.334;0.264;0.283;0.215;0.181;0.242;0.225;0.583;0.161;0.046;0.107;0.063;0.022;0.034
21537;0.334;0.259;0.286;0.217;0.181;0.242;0.227;0.583;0.159;0.042;0.107;0.059;0.022;0.037
21538;0.337;0.261;0.288;0.217;0.181;0.242;0.227;0.586;0.159;0.044;0.107;0.061;0.02;0.029
21539;0.334;0.266;0.283;0.217;0.181;0.242;0.229;0.586;0.159;0.042;0.107;0.059;0.02;0.032
21540;0.334;0.264;0.283;0.215;0.183;0.244;0.227;0.583;0.156;0.046;0.107;0.063;0.02;0.034
21541;0.334;0.264;0.281;0.217;0.181;0.247;0.229;0.583;0.156;0.042;0.105;0.061;0.024;0.037
21542;0.334;0.266;0.281;0.217;0.181;0.247;0.227;0.583;0.151;0.046;0.11;0.061;0.022;0.034
21543;0.337;0.266;0.281;0.212;0.181;0.244;0.227;0.586;0.151;0.042;0.107;0.059;0.022;0.032
21544;0.332;0.266;0.281;0.212;0.183;0.247;0.227;0.586;0.154;0.044;0.11;0.061;0.022;0.032
21545;0.332;0.269;0.281;0.21;0.183;0.244;0.225;0.581;0.149;0.042;0.107;0.061;0.02;0.032
21546;0.33;0.269;0.281;0.21;0.186;0.247;0.222;0.586;0.149;0.042;0.11;0.063;0.02;0.034
21547;0.332;0.271;0.283;0.208;0.186;0.247;0.222;0.583;0.149;0.044;0.107;0.061;0.02;0.029
21548;0.325;0.269;0.283;0.205;0.183;0.247;0.22;0.586;0.149;0.044;0.11;0.061;0.017;0.037
21549;0.325;0.266;0.286;0.208;0.183;0.244;0.22;0.586;0.151;0.044;0.112;0.061;0.022;0.037
21550;0.325;0.269;0.286;0.205;0.183;0.242;0.215;0.586;0.149;0.044;0.11;0.061;0.022;0.032
21551;0.325;0.266;0.286;0.205;0.186;0.247;0.217;0.586;0.149;0.042;0.11;0.063;0.017;0.034
21552;0.325;0.269;0.286;0.205;0.183;0.244;0.215;0.588;0.146;0.042;0.107;0.063;0.015;0.029
21553;0.325;0.266;0.291;0.203;0.186;0.247;0.215;0.588;0.149;0.042;0.11;0.061;0.02;0.032
21554;0.325;0.269;0.288;0.2;0.188;0.242;0.217;0.586;0.144;0.044;0.11;0.061;0.022;0.032
21555;0.325;0.269;0.288;0.203;0.186;0.244;0.217;0.591;0.149;0.044;0.11;0.059;0.02;0.034
21556;0.322;0.271;0.288;0.203;0.186;0.242;0.222;0.588;0.146;0.044;0.11;0.061;0.017;0.032
21557;0.322;0.271;0.288;0.203;0.188;0.242;0.225;0.586;0.146;0.044;0.11;0.063;0.02;0.029
21558;0.322;0.271;0.298;0.203;0.186;0.242;0.225;0.586;0.149;0.044;0.11;0.063;0.02;0.032
21559;0.322;0.269;0.298;0.2;0.188;0.242;0.225;0.588;0.146;0.044;0.11;0.061;0.017;0.034
21560;0.32;0.269;0.3;0.198;0.186;0.244;0.225;0.588;0.151;0.046;0.107;0.059;0.017;0.034
21561;0.322;0.271;0.31;0.203;0.186;0.244;0.222;0.588;0.146;0.044;0.11;0.061;0.017;0.032
21562;0.32;0.269;0.308;0.203;0.186;0.244;0.222;0.586;0.151;0.044;0.107;0.063;0.02;0.032
21563;0.317;0.269;0.31;0.203;0.183;0.244;0.22;0.588;0.151;0.042;0.11;0.063;0.015;0.032
21564;0.32;0.271;0.308;0.205;0.183;0.244;0.222;0.586;0.151;0.044;0.107;0.061;0.017;0.032
21565;0.317;0.269;0.308;0.205;0.183;0.244;0.22;0.588;0.151;0.046;0.107;0.063;0.017;0.029
21566;0.317;0.266;0.322;0.203;0.183;0.244;0.222;0.583;0.156;0.044;0.11;0.063;0.017;0.027
21567;0.315;0.266;0.327;0.2;0.186;0.242;0.222;0.583;0.156;0.044;0.107;0.063;0.017;0.034
21568;0.317;0.264;0.332;0.198;0.186;0.244;0.22;0.583;0.159;0.044;0.105;0.061;0.02;0.032
21569;0.312;0.261;0.322;0.195;0.183;0.244;0.222;0.583;0.161;0.042;0.105;0.061;0.015;0.027
21570;0.315;0.261;0.317;0.195;0.183;0.247;0.222;0.583;0.166;0.049;0.107;0.066;0.02;0.034
21571;0.315;0.264;0.317;0.195;0.186;0.247;0.22;0.583;0.166;0.042;0.105;0.061;0.02;0.029
21572;0.312;0.259;0.315;0.195;0.186;0.249;0.22;0.581;0.171;0.044;0.105;0.061;0.022;0.032
21573;0.315;0.261;0.315;0.195;0.183;0.249;0.22;0.583;0.176;0.046;0.103;0.066;0.017;0.029
21574;0.312;0.256;0.315;0.195;0.186;0.247;0.217;0.581;0.178;0.042;0.103;0.063;0.02;0.032
21575;0.315;0.256;0.308;0.193;0.186;0.249;0.22;0.579;0.181;0.044;0.1;0.063;0.02;0.032
21576;0.315;0.259;0.305;0.193;0.186;0.249;0.22;0.579;0.188;0.044;0.1;0.063;0.017;0.032
21577;0.317;0.256;0.3;0.195;0.186;0.247;0.222;0.581;0.19;0.044;0.1;0.066;0.017;0.032
21578;0.315;0.259;0.303;0.195;0.181;0.247;0.222;0.579;0.198;0.046;0.1;0.061;0.015;0.029
21579;0.315;0.256;0.293;0.195;0.183;0.249;0.225;0.579;0.205;0.044;0.098;0.066;0.02;0.032
21580;0.315;0.259;0.295;0.195;0.183;0.247;0.222;0.579;0.208;0.042;0.093;0.059;0.017;0.027
21581;0.315;0.259;0.295;0.198;0.183;0.247;0.225;0.579;0.215;0.042;0.095;0.061;0.017;0.034
21582;0.317;0.256;0.295;0.198;0.183;0.249;0.225;0.581;0.225;0.044;0.095;0.061;0.02;0.034
21583;0.317;0.259;0.298;0.232;0.181;0.249;0.227;0.581;0.234;0.042;0.093;0.063;0.017;0.029
21584;0.317;0.261;0.293;0.269;0.183;0.251;0.225;0.579;0.239;0.039;0.093;0.063;0.02;0.029
21585;0.322;0.259;0.288;0.295;0.186;0.249;0.225;0.581;0.249;0.042;0.09;0.063;0.017;0.029
21586;0.32;0.259;0.288;0.315;0.183;0.251;0.225;0.576;0.259;0.037;0.09;0.061;0.02;0.032
21587;0.322;0.259;0.286;0.332;0.183;0.254;0.225;0.579;0.269;0.039;0.09;0.061;0.02;0.032
21588;0.325;0.261;0.291;0.337;0.186;0.251;0.222;0.579;0.278;0.039;0.09;0.066;0.017;0.032
21589;0.325;0.259;0.286;0.342;0.183;0.251;0.222;0.576;0.286;0.037;0.09;0.066;0.017;0.032
21590;0.322;0.259;0.286;0.349;0.186;0.247;0.222;0.579;0.293;0.037;0.09;0.063;0.017;0.032
21591;0.327;0.261;0.283;0.337;0.186;0.249;0.222;0.579;0.3;0.037;0.088;0.061;0.017;0.032
21592;0.33;0.259;0.283;0.344;0.188;0.249;0.22;0.579;0.315;0.037;0.09;0.068;0.02;0.029
21593;0.327;0.259;0.283;0.332;0.186;0.247;0.22;0.581;0.322;0.039;0.088;0.066;0.02;0.034
21594;0.327;0.259;0.281;0.325;0.188;0.249;0.222;0.583;0.33;0.034;0.088;0.063;0.02;0.029
21595;0.327;0.261;0.286;0.322;0.188;0.247;0.22;0.579;0.334;0.034;0.085;0.066;0.017;0.029
21596;0.33;0.264;0.283;0.33;0.188;0.242;0.222;0.581;0.342;0.034;0.085;0.063;0.017;0.032
21597;0.332;0.261;0.288;0.308;0.188;0.244;0.225;0.579;0.347;0.039;0.085;0.066;0.017;0.029
21598;0.332;0.259;0.286;0.31;0.188;0.244;0.227;0.579;0.352;0.034;0.083;0.063;0.017;0.032
21599;0.327;0.256;0.283;0.293;0.186;0.247;0.227;0.576;0.356;0.034;0.083;0.066;0.015;0.029
21600;0.332;0.256;0.281;0.3;0.186;0.247;0.229;0.581;0.366;0.037;0.085;0.066;0.02;0.029
21601;0.332;0.251;0.278;0.295;0.188;0.247;0.234;0.581;0.369;0.034;0.085;0.063;0.017;0.032
21602;0.332;0.256;0.281;0.286;0.188;0.249;0.232;0.581;0.374;0.037;0.083;0.068;0.02;0.027
21603;0.332;0.254;0.286;0.293;0.188;0.249;0.232;0.581;0.378;0.037;0.083;0.066;0.017;0.027
21604;0.33;0.251;0.286;0.3;0.188;0.249;0.232;0.581;0.383;0.034;0.083;0.066;0.017;0.032
21605;0.332;0.251;0.281;0.291;0.186;0.251;0.229;0.583;0.391;0.037;0.081;0.066;0.017;0.029
21606;0.33;0.251;0.283;0.308;0.186;0.247;0.229;0.583;0.393;0.037;0.081;0.068;0.02;0.029
21607;0.332;0.251;0.283;0.298;0.188;0.247;0.227;0.581;0.403;0.034;0.078;0.068;0.015;0.029
21608;0.332;0.251;0.283;0.293;0.188;0.247;0.225;0.579;0.408;0.034;0.078;0.066;0.02;0.032
21609;0.332;0.251;0.283;0.295;0.188;0.249;0.225;0.581;0.41;0.034;0.078;0.066;0.015;0.029
21610;0.33;0.251;0.283;0.3;0.188;0.247;0.225;0.581;0.415;0.034;0.078;0.063;0.017;0.029
21611;0.33;0.254;0.283;0.308;0.186;0.247;0.225;0.581;0.425;0.037;0.081;0.068;0.02;0.029
21612;0.327;0.254;0.283;0.308;0.188;0.251;0.225;0.583;0.43;0.034;0.078;0.066;0.02;0.032
21613;0.327;0.256;0.281;0.32;0.186;0.249;0.227;0.583;0.432;0.034;0.076;0.063;0.017;0.029
21614;0.327;0.259;0.281;0.33;0.188;0.251;0.229;0.583;0.439;0.032;0.078;0.066;0.017;0.027
21615;0.327;0.259;0.288;0.32;0.186;0.249;0.229;0.586;0.444;0.034;0.078;0.066;0.02;0.032
21616;0.325;0.259;0.283;0.339;0.186;0.251;0.232;0.586;0.449;0.034;0.078;0.068;0.02;0.029
21617;0.325;0.261;0.288;0.334;0.188;0.251;0.229;0.586;0.457;0.034;0.076;0.063;0.017;0.034
21618;0.327;0.264;0.288;0.33;0.186;0.249;0.229;0.583;0.459;0.034;0.073;0.063;0.02;0.029
21619;0.325;0.261;0.293;0.332;0.188;0.249;0.227;0.586;0.464;0.034;0.073;0.061;0.015;0.029
21620;0.327;0.264;0.298;0.33;0.186;0.249;0.225;0.586;0.469;0.037;0.076;0.063;0.02;0.029
21621;0.325;0.261;0.298;0.327;0.186;0.249;0.225;0.586;0.474;0.034;0.073;0.063;0.02;0.029
21622;0.325;0.261;0.3;0.325;0.188;0.247;0.222;0.583;0.474;0.032;0.073;0.061;0.02;0.029
21623;0.327;0.261;0.308;0.317;0.186;0.247;0.22;0.586;0.479;0.034;0.071;0.061;0.017;0.029
21624;0.327;0.261;0.32;0.325;0.188;0.247;0.22;0.586;0.479;0.034;0.068;0.061;0.02;0.029
21625;0.325;0.266;0.437;0.312;0.188;0.247;0.217;0.586;0.481;0.032;0.071;0.063;0.02;0.029
21626;0.325;0.261;0.452;0.322;0.188;0.247;0.22;0.586;0.486;0.029;0.071;0.059;0.02;0.032
21627;0.325;0.264;0.632;0.327;0.188;0.247;0.222;0.586;0.483;0.032;0.071;0.059;0.02;0.029
21628;0.327;0.264;0.64;0.322;0.188;0.247;0.222;0.586;0.488;0.032;0.068;0.059;0.02;0.029
21629;0.327;0.264;0.708;0.322;0.188;0.247;0.225;0.586;0.491;0.034;0.068;0.059;0.02;0.032
21630;0.327;0.264;0.945;0.322;0.186;0.249;0.229;0.586;0.486;0.032;0.068;0.061;0.02;0.027
21631;0.327;0.261;0.938;0.327;0.186;0.249;0.232;0.586;0.486;0.032;0.068;0.056;0.02;0.032
21632;0.327;0.264;1.011;0.33;0.183;0.251;0.232;0.586;0.486;0.032;0.068;0.059;0.02;0.029
21633;0.327;0.261;0.862;0.325;0.186;0.251;0.234;0.586;0.488;0.034;0.068;0.061;0.022;0.029
21634;0.33;0.259;0.527;0.322;0.183;0.251;0.232;0.588;0.483;0.029;0.066;0.059;0.017;0.029
21635;0.33;0.259;0.64;0.312;0.186;0.251;0.229;0.586;0.483;0.032;0.066;0.059;0.017;0.029
21636;0.332;0.256;0.647;0.317;0.186;0.251;0.227;0.586;0.481;0.032;0.066;0.059;0.02;0.032
21637;0.332;0.256;0.703;0.317;0.186;0.249;0.227;0.586;0.479;0.032;0.066;0.061;0.02;0.029
21638;0.332;0.251;0.74;0.325;0.188;0.251;0.227;0.586;0.481;0.032;0.066;0.059;0.024;0.032
21639;0.33;0.254;0.82;0.325;0.186;0.251;0.225;0.586;0.479;0.032;0.066;0.059;0.017;0.029
21640;0.33;0.249;0.764;0.325;0.186;0.254;0.222;0.583;0.474;0.032;0.063;0.059;0.02;0.032
21641;0.33;0.247;0.569;0.327;0.188;0.254;0.225;0.586;0.474;0.032;0.066;0.059;0.017;0.029
21642;0.33;0.247;0.823;0.322;0.186;0.251;0.222;0.588;0.469;0.029;0.063;0.056;0.02;0.032
21643;0.33;0.249;0.918;0.32;0.183;0.251;0.225;0.588;0.461;0.029;0.061;0.056;0.02;0.029
21644;0.327;0.247;0.938;0.322;0.183;0.254;0.225;0.583;0.459;0.029;0.063;0.059;0.017;0.029
21645;0.327;0.247;0.962;0.322;0.183;0.254;0.225;0.586;0.454;0.029;0.063;0.056;0.02;0.032
21646;0.325;0.247;1.282;0.322;0.183;0.254;0.227;0.588;0.449;0.027;0.061;0.059;0.017;0.027
21647;0.327;0.247;0.974;0.312;0.181;0.254;0.229;0.588;0.444;0.032;0.061;0.059;0.02;0.029
21648;0.327;0.249;4.998;0.32;0.183;0.251;0.227;0.588;0.442;0.027;0.061;0.059;0.02;0.032
21649;0.325;0.249;4.998;0.32;0.181;0.254;0.227;0.586;0.435;0.032;0.061;0.059;0.022;0.032
21650;0.327;0.249;4.998;0.317;0.181;0.254;0.229;0.586;0.427;0.029;0.061;0.056;0.02;0.029
21651;0.325;0.247;4.998;0.32;0.183;0.254;0.229;0.588;0.42;0.027;0.061;0.056;0.017;0.027
21652;0.327;0.249;4.998;0.322;0.183;0.251;0.227;0.588;0.415;0.027;0.059;0.054;0.02;0.029
21653;0.325;0.247;4.998;0.32;0.178;0.251;0.227;0.586;0.405;0.029;0.059;0.054;0.022;0.027
21654;0.327;0.247;4.998;0.322;0.181;0.251;0.227;0.588;0.4;0.029;0.059;0.054;0.015;0.029
21655;0.325;0.249;4.998;0.322;0.181;0.247;0.227;0.588;0.391;0.029;0.059;0.056;0.02;0.034
21656;0.325;0.249;4.998;0.322;0.178;0.249;0.227;0.586;0.383;0.027;0.059;0.056;0.017;0.029
21657;0.325;0.249;4.746;0.325;0.178;0.249;0.227;0.586;0.378;0.029;0.059;0.054;0.02;0.029
21658;0.325;0.249;2.419;0.32;0.178;0.247;0.227;0.588;0.371;0.027;0.059;0.056;0.017;0.027
21659;0.325;0.249;1.328;0.317;0.178;0.249;0.227;0.588;0.361;0.029;0.059;0.056;0.02;0.032
21660;0.322;0.249;0.933;0.317;0.178;0.251;0.225;0.588;0.356;0.029;0.061;0.059;0.02;0.032
21661;0.322;0.249;0.847;0.317;0.178;0.251;0.227;0.591;0.342;0.024;0.054;0.054;0.017;0.029
21662;0.325;0.247;0.627;0.315;0.181;0.249;0.229;0.586;0.339;0.029;0.059;0.056;0.017;0.029
21663;0.32;0.251;0.479;0.317;0.181;0.249;0.227;0.588;0.332;0.032;0.056;0.059;0.017;0.029
21664;0.325;0.247;0.645;0.317;0.181;0.251;0.229;0.588;0.322;0.027;0.056;0.054;0.015;0.029
21665;0.322;0.251;0.627;0.322;0.181;0.249;0.229;0.588;0.315;0.029;0.059;0.054;0.017;0.029
21666;0.325;0.249;0.662;0.322;0.183;0.251;0.229;0.588;0.308;0.029;0.054;0.054;0.015;0.029
21667;0.325;0.249;0.698;0.32;0.181;0.254;0.232;0.588;0.3;0.029;0.056;0.056;0.02;0.029
21668;0.325;0.249;0.605;0.322;0.183;0.251;0.232;0.591;0.295;0.032;0.059;0.056;0.017;0.032
21669;0.325;0.247;1.001;0.32;0.183;0.251;0.229;0.588;0.286;0.032;0.056;0.054;0.02;0.029
21670;0.325;0.249;1.067;0.322;0.181;0.254;0.227;0.586;0.286;0.032;0.059;0.059;0.017;0.027
21671;0.325;0.244;0.54;0.315;0.178;0.254;0.227;0.588;0.278;0.034;0.056;0.056;0.015;0.029
21672;0.327;0.244;0.571;0.317;0.178;0.254;0.227;0.588;0.271;0.032;0.059;0.059;0.015;0.027
21673;0.325;0.242;0.547;0.317;0.178;0.254;0.227;0.588;0.264;0.034;0.056;0.056;0.015;0.032
21674;0.325;0.242;0.62;0.317;0.181;0.254;0.229;0.586;0.259;0.032;0.056;0.056;0.017;0.029
21675;0.325;0.242;0.73;0.32;0.181;0.254;0.232;0.588;0.254;0.037;0.056;0.059;0.017;0.029
21676;0.325;0.242;0.796;0.32;0.181;0.251;0.234;0.588;0.249;0.034;0.056;0.059;0.017;0.029
21677;0.327;0.242;1.113;0.322;0.178;0.249;0.229;0.586;0.244;0.037;0.061;0.061;0.017;0.032
21678;0.325;0.239;1.104;0.32;0.181;0.251;0.227;0.588;0.239;0.034;0.056;0.059;0.022;0.034
21679;0.327;0.242;0.92;0.325;0.178;0.251;0.229;0.588;0.232;0.034;0.056;0.059;0.015;0.029
21680;0.325;0.239;0.642;0.325;0.176;0.247;0.227;0.588;0.227;0.037;0.056;0.061;0.017;0.027
21681;0.325;0.239;0.625;0.325;0.178;0.247;0.227;0.586;0.222;0.039;0.059;0.059;0.02;0.029
21682;0.325;0.239;0.684;0.325;0.176;0.244;0.225;0.586;0.217;0.039;0.056;0.059;0.017;0.027
21683;0.325;0.239;0.901;0.325;0.173;0.247;0.222;0.586;0.21;0.037;0.056;0.056;0.017;0.029
21684;0.322;0.239;0.894;0.322;0.173;0.247;0.22;0.586;0.21;0.034;0.059;0.061;0.017;0.032
21685;0.322;0.239;0.767;0.322;0.173;0.247;0.22;0.586;0.203;0.037;0.056;0.059;0.017;0.027
21686;0.322;0.237;0.806;0.317;0.171;0.247;0.217;0.583;0.198;0.037;0.056;0.061;0.02;0.027
21687;0.32;0.239;0.72;0.317;0.173;0.249;0.22;0.586;0.193;0.039;0.059;0.061;0.017;0.029
21688;0.317;0.239;0.647;0.312;0.168;0.249;0.22;0.586;0.19;0.039;0.059;0.063;0.017;0.024
21689;0.32;0.237;0.498;0.312;0.171;0.249;0.222;0.586;0.19;0.042;0.059;0.063;0.02;0.032
21690;0.317;0.239;0.828;0.312;0.171;0.251;0.225;0.586;0.188;0.039;0.056;0.061;0.015;0.029
21691;0.317;0.237;0.759;0.315;0.168;0.249;0.225;0.586;0.183;0.039;0.056;0.059;0.02;0.027
21692;0.32;0.239;0.818;0.315;0.168;0.249;0.227;0.586;0.181;0.042;0.056;0.066;0.017;0.029
21693;0.317;0.239;1.025;0.317;0.171;0.254;0.227;0.586;0.181;0.046;0.056;0.063;0.017;0.027
21694;0.317;0.237;1.165;0.317;0.171;0.251;0.225;0.586;0.176;0.044;0.054;0.061;0.017;0.029
21695;0.317;0.239;0.979;0.32;0.171;0.251;0.222;0.583;0.173;0.042;0.056;0.063;0.017;0.027
21696;0.32;0.239;0.894;0.322;0.171;0.254;0.227;0.583;0.178;0.044;0.056;0.068;0.017;0.027
21697;0.32;0.237;0.745;0.325;0.171;0.251;0.225;0.583;0.176;0.046;0.054;0.061;0.017;0.027
21698;0.317;0.239;0.984;0.327;0.171;0.251;0.225;0.583;0.173;0.046;0.054;0.063;0.02;0.027
21699;0.317;0.237;1.021;0.33;0.173;0.251;0.222;0.581;0.173;0.049;0.059;0.063;0.017;0.029
21700;0.317;0.237;0.933;0.332;0.171;0.249;0.22;0.583;0.168;0.044;0.059;0.068;0.02;0.032
21701;0.317;0.237;0.732;0.332;0.173;0.251;0.217;0.586;0.176;0.051;0.056;0.063;0.015;0.024
21702;0.32;0.234;0.696;0.332;0.173;0.251;0.215;0.583;0.173;0.049;0.056;0.066;0.017;0.027
21703;0.315;0.234;0.874;0.332;0.173;0.249;0.215;0.583;0.176;0.054;0.056;0.063;0.02;0.032
21704;0.315;0.232;1.108;0.33;0.171;0.251;0.217;0.581;0.173;0.049;0.056;0.066;0.017;0.027
21705;0.317;0.232;1.116;0.332;0.173;0.249;0.22;0.583;0.173;0.051;0.056;0.066;0.02;0.027
21706;0.315;0.232;1.216;0.334;0.171;0.249;0.22;0.583;0.176;0.054;0.054;0.066;0.02;0.027
21707;0.315;0.232;0.605;0.332;0.168;0.249;0.217;0.586;0.176;0.054;0.054;0.066;0.02;0.027
21708;0.317;0.229;0.413;0.334;0.171;0.249;0.217;0.583;0.181;0.054;0.056;0.063;0.022;0.027
21709;0.315;0.229;0.408;0.334;0.171;0.247;0.215;0.583;0.183;0.056;0.054;0.066;0.02;0.027
21710;0.317;0.229;0.415;0.334;0.168;0.249;0.215;0.583;0.183;0.059;0.054;0.066;0.022;0.032
21711;0.317;0.229;0.405;0.332;0.168;0.249;0.217;0.583;0.186;0.059;0.054;0.068;0.02;0.027
21712;0.317;0.229;0.396;0.33;0.168;0.249;0.22;0.586;0.19;0.061;0.051;0.066;0.02;0.029
21713;0.32;0.232;0.396;0.332;0.168;0.249;0.22;0.583;0.195;0.063;0.054;0.066;0.02;0.032
21714;0.317;0.232;0.41;0.332;0.168;0.249;0.217;0.581;0.2;0.061;0.054;0.066;0.02;0.027
21715;0.322;0.232;0.413;0.332;0.168;0.249;0.22;0.583;0.203;0.063;0.056;0.066;0.022;0.029
21716;0.317;0.232;0.393;0.33;0.168;0.249;0.22;0.581;0.205;0.063;0.051;0.063;0.022;0.027
21717;0.317;0.234;0.439;0.33;0.171;0.247;0.22;0.583;0.21;0.066;0.051;0.066;0.02;0.027
21718;0.315;0.234;0.759;0.33;0.171;0.247;0.217;0.581;0.215;0.066;0.051;0.068;0.024;0.029
21719;0.317;0.234;0.852;0.33;0.168;0.249;0.22;0.581;0.222;0.066;0.054;0.066;0.022;0.029
21720;0.312;0.234;1.016;0.334;0.171;0.247;0.222;0.581;0.225;0.066;0.054;0.066;0.024;0.027
21721;0.312;0.239;1.201;0.332;0.171;0.249;0.225;0.581;0.227;0.068;0.051;0.063;0.022;0.032
21722;0.315;0.234;0.825;0.332;0.173;0.247;0.227;0.583;0.229;0.061;0.049;0.068;0.022;0.024
21723;0.312;0.237;1.372;0.334;0.176;0.244;0.227;0.583;0.237;0.066;0.054;0.068;0.022;0.029
21724;0.31;0.237;1.023;0.332;0.173;0.247;0.227;0.581;0.237;0.061;0.051;0.066;0.024;0.027
21725;0.312;0.234;1.226;0.332;0.176;0.247;0.227;0.581;0.242;0.066;0.049;0.066;0.024;0.029
21726;0.312;0.237;1.206;0.327;0.173;0.244;0.225;0.579;0.242;0.061;0.049;0.066;0.022;0.032
21727;0.312;0.234;0.671;0.327;0.178;0.247;0.225;0.581;0.244;0.063;0.051;0.066;0.022;0.024
21728;0.312;0.237;0.784;0.327;0.173;0.247;0.225;0.583;0.247;0.059;0.049;0.063;0.022;0.027
21729;0.315;0.239;0.688;0.325;0.178;0.247;0.227;0.583;0.249;0.061;0.051;0.068;0.024;0.029
21730;0.315;0.237;0.801;0.325;0.178;0.247;0.225;0.583;0.249;0.061;0.051;0.068;0.024;0.029
21731;0.317;0.239;0.889;0.325;0.181;0.249;0.227;0.586;0.251;0.063;0.051;0.066;0.024;0.032
21732;0.317;0.237;2.395;0.327;0.178;0.247;0.225;0.583;0.254;0.063;0.049;0.063;0.024;0.027
21733;0.317;0.239;4.998;0.327;0.181;0.247;0.22;0.583;0.256;0.061;0.051;0.063;0.024;0.029
21734;0.32;0.239;4.998;0.33;0.181;0.247;0.22;0.586;0.259;0.061;0.051;0.063;0.024;0.027
21735;0.317;0.237;4.998;0.325;0.181;0.247;0.217;0.583;0.259;0.066;0.049;0.063;0.022;0.027
21736;0.317;0.237;4.998;0.322;0.181;0.249;0.217;0.583;0.254;0.061;0.049;0.061;0.027;0.029
21737;0.32;0.239;4.924;0.32;0.178;0.247;0.215;0.586;0.256;0.061;0.049;0.066;0.027;0.029
21738;0.322;0.234;4.998;0.317;0.181;0.249;0.215;0.586;0.256;0.061;0.049;0.066;0.027;0.029
21739;0.317;0.232;4.998;0.315;0.181;0.249;0.217;0.586;0.254;0.061;0.046;0.066;0.029;0.032
21740;0.32;0.234;4.998;0.312;0.178;0.249;0.22;0.586;0.256;0.063;0.049;0.063;0.027;0.029
21741;0.322;0.234;4.998;0.31;0.178;0.251;0.22;0.586;0.251;0.061;0.049;0.063;0.029;0.032
21742;0.322;0.232;4.998;0.31;0.176;0.247;0.222;0.588;0.251;0.063;0.046;0.066;0.027;0.029
21743;0.322;0.229;4.998;0.31;0.176;0.242;0.22;0.588;0.247;0.061;0.046;0.066;0.029;0.027
21744;0.32;0.229;4.998;0.312;0.173;0.242;0.222;0.588;0.249;0.063;0.046;0.063;0.029;0.024
21745;0.32;0.229;4.998;0.31;0.173;0.242;0.222;0.586;0.234;0.061;0.044;0.063;0.029;0.029
21746;0.322;0.229;4.998;0.312;0.176;0.244;0.225;0.588;0.242;0.063;0.049;0.063;0.029;0.029
21747;0.32;0.232;4.998;0.31;0.173;0.242;0.225;0.588;0.239;0.059;0.046;0.061;0.034;0.029
21748;0.32;0.229;4.998;0.312;0.173;0.242;0.225;0.586;0.239;0.059;0.046;0.063;0.029;0.029
21749;0.317;0.232;4.998;0.312;0.176;0.242;0.222;0.583;0.234;0.059;0.046;0.063;0.034;0.027
21750;0.317;0.232;4.998;0.31;0.173;0.242;0.22;0.586;0.234;0.059;0.049;0.066;0.034;0.029
21751;0.317;0.232;4.998;0.31;0.173;0.239;0.22;0.583;0.234;0.056;0.044;0.063;0.037;0.032
21752;0.317;0.232;4.998;0.315;0.176;0.242;0.217;0.583;0.232;0.059;0.044;0.061;0.037;0.029
21753;0.317;0.232;4.998;0.312;0.176;0.244;0.217;0.583;0.227;0.056;0.044;0.063;0.037;0.029
21754;0.315;0.234;4.998;0.312;0.176;0.242;0.217;0.583;0.227;0.056;0.046;0.063;0.037;0.029
21755;0.315;0.232;4.998;0.312;0.176;0.244;0.22;0.583;0.222;0.054;0.044;0.061;0.039;0.027
21756;0.315;0.234;4.998;0.31;0.173;0.244;0.22;0.581;0.22;0.054;0.046;0.061;0.039;0.027
21757;0.315;0.234;4.998;0.312;0.173;0.249;0.22;0.583;0.22;0.054;0.042;0.061;0.039;0.027
21758;0.315;0.234;4.998;0.315;0.176;0.244;0.22;0.581;0.22;0.054;0.046;0.063;0.039;0.029
21759;0.317;0.234;4.998;0.317;0.173;0.247;0.22;0.581;0.217;0.054;0.044;0.061;0.039;0.024
21760;0.317;0.232;4.998;0.312;0.173;0.242;0.22;0.581;0.215;0.051;0.044;0.066;0.044;0.027
21761;0.32;0.232;4.998;0.315;0.176;0.242;0.227;0.581;0.212;0.051;0.046;0.063;0.044;0.027
21762;0.317;0.234;4.998;0.312;0.173;0.244;0.222;0.583;0.21;0.051;0.044;0.061;0.044;0.027
21763;0.32;0.234;4.998;0.312;0.171;0.242;0.225;0.583;0.212;0.049;0.044;0.063;0.046;0.024
21764;0.32;0.234;4.998;0.312;0.168;0.239;0.222;0.581;0.208;0.049;0.044;0.061;0.046;0.027
21765;0.322;0.237;4.998;0.315;0.168;0.244;0.222;0.581;0.208;0.046;0.044;0.061;0.049;0.027
21766;0.322;0.237;4.998;0.317;0.168;0.242;0.22;0.583;0.208;0.046;0.042;0.059;0.044;0.024
21767;0.322;0.234;4.998;0.317;0.168;0.242;0.215;0.583;0.205;0.044;0.042;0.061;0.051;0.032
21768;0.32;0.234;4.998;0.315;0.166;0.244;0.215;0.583;0.205;0.049;0.044;0.063;0.049;0.027
21769;0.322;0.232;4.998;0.315;0.168;0.244;0.215;0.581;0.203;0.046;0.042;0.059;0.054;0.029
21770;0.322;0.229;4.998;0.315;0.166;0.244;0.215;0.583;0.205;0.046;0.044;0.063;0.054;0.029
21771;0.325;0.229;4.998;0.315;0.168;0.242;0.215;0.583;0.203;0.044;0.042;0.061;0.054;0.029
21772;0.327;0.229;4.998;0.315;0.166;0.242;0.215;0.583;0.203;0.046;0.044;0.059;0.056;0.027
21773;0.327;0.227;4.998;0.317;0.166;0.242;0.215;0.581;0.203;0.044;0.042;0.061;0.056;0.027
21774;0.33;0.227;4.998;0.315;0.171;0.244;0.22;0.586;0.2;0.046;0.042;0.061;0.056;0.029
21775;0.33;0.225;4.998;0.317;0.171;0.242;0.217;0.586;0.198;0.042;0.042;0.056;0.059;0.027
21776;0.33;0.227;4.998;0.317;0.173;0.242;0.22;0.583;0.203;0.044;0.044;0.061;0.061;0.029
21777;0.33;0.227;4.998;0.315;0.171;0.242;0.22;0.586;0.2;0.044;0.042;0.059;0.061;0.027
21778;0.33;0.229;4.998;0.315;0.173;0.239;0.22;0.586;0.195;0.042;0.042;0.056;0.061;0.029
21779;0.33;0.222;4.998;0.312;0.171;0.237;0.22;0.586;0.195;0.042;0.039;0.056;0.063;0.027
21780;0.33;0.229;4.998;0.317;0.173;0.239;0.22;0.583;0.195;0.042;0.042;0.059;0.061;0.029
21781;0.332;0.234;4.998;0.317;0.171;0.239;0.217;0.581;0.193;0.042;0.042;0.059;0.068;0.029
21782;0.327;0.232;4.998;0.317;0.171;0.239;0.215;0.583;0.19;0.042;0.042;0.056;0.061;0.024
21783;0.325;0.232;4.998;0.317;0.168;0.242;0.212;0.583;0.19;0.044;0.044;0.056;0.068;0.029
21784;0.327;0.232;4.998;0.317;0.168;0.239;0.212;0.583;0.186;0.042;0.042;0.056;0.071;0.027
21785;0.322;0.234;4.998;0.315;0.166;0.242;0.21;0.586;0.186;0.042;0.042;0.059;0.071;0.029
21786;0.322;0.239;4.998;0.315;0.164;0.242;0.21;0.583;0.186;0.039;0.042;0.056;0.071;0.027
21787;0.322;0.239;4.998;0.312;0.164;0.242;0.21;0.583;0.181;0.039;0.042;0.056;0.071;0.027
21788;0.322;0.239;4.998;0.315;0.164;0.242;0.212;0.586;0.178;0.037;0.042;0.056;0.071;0.032
21789;0.322;0.239;4.998;0.312;0.166;0.244;0.212;0.581;0.178;0.039;0.042;0.056;0.073;0.024
21790;0.322;0.239;4.998;0.31;0.164;0.244;0.212;0.583;0.173;0.042;0.042;0.054;0.068;0.027
21791;0.322;0.242;4.998;0.312;0.166;0.244;0.217;0.583;0.171;0.037;0.044;0.056;0.071;0.029
21792;0.322;0.239;4.998;0.312;0.166;0.242;0.222;0.581;0.173;0.042;0.042;0.056;0.076;0.029
21793;0.322;0.239;4.998;0.31;0.168;0.242;0.222;0.583;0.171;0.034;0.042;0.051;0.073;0.027
21794;0.325;0.239;4.998;0.312;0.171;0.242;0.222;0.583;0.166;0.037;0.042;0.054;0.076;0.029
21795;0.32;0.239;4.998;0.31;0.171;0.242;0.222;0.586;0.168;0.039;0.044;0.056;0.076;0.032
21796;0.322;0.239;4.998;0.31;0.176;0.242;0.22;0.583;0.161;0.037;0.042;0.051;0.076;0.029
21797;0.325;0.234;4.998;0.31;0.173;0.242;0.22;0.581;0.164;0.037;0.042;0.054;0.078;0.029
21798;0.325;0.237;4.998;0.315;0.173;0.239;0.217;0.583;0.161;0.037;0.044;0.054;0.076;0.029
21799;0.322;0.237;4.998;0.312;0.171;0.242;0.22;0.583;0.159;0.037;0.042;0.054;0.078;0.027
21800;0.325;0.237;4.998;0.312;0.168;0.239;0.217;0.583;0.156;0.037;0.044;0.054;0.081;0.029
21801;0.322;0.234;4.998;0.315;0.168;0.239;0.215;0.583;0.156;0.039;0.042;0.054;0.081;0.027
21802;0.325;0.234;4.998;0.315;0.166;0.242;0.215;0.586;0.156;0.039;0.042;0.056;0.083;0.029
21803;0.325;0.234;4.998;0.315;0.166;0.242;0.212;0.586;0.156;0.039;0.042;0.056;0.081;0.029
21804;0.325;0.234;4.998;0.315;0.166;0.239;0.215;0.583;0.151;0.042;0.044;0.051;0.083;0.032
21805;0.327;0.232;4.998;0.317;0.166;0.242;0.215;0.583;0.151;0.039;0.044;0.054;0.083;0.029
21806;0.327;0.232;4.998;0.315;0.164;0.242;0.212;0.581;0.151;0.042;0.044;0.054;0.085;0.029
21807;0.327;0.229;4.998;0.315;0.164;0.242;0.215;0.583;0.149;0.039;0.042;0.054;0.088;0.029
21808;0.327;0.229;4.998;0.312;0.164;0.239;0.215;0.581;0.144;0.037;0.039;0.051;0.085;0.027
21809;0.327;0.229;4.998;0.312;0.164;0.242;0.217;0.583;0.151;0.044;0.046;0.059;0.085;0.029
21810;0.33;0.227;4.998;0.31;0.164;0.239;0.215;0.583;0.149;0.042;0.044;0.056;0.088;0.034
21811;0.327;0.227;4.998;0.312;0.164;0.237;0.215;0.581;0.146;0.039;0.044;0.054;0.088;0.029
21812;0.33;0.227;4.998;0.312;0.164;0.239;0.215;0.581;0.149;0.042;0.044;0.054;0.088;0.029
21813;0.33;0.227;4.998;0.312;0.159;0.239;0.21;0.583;0.149;0.046;0.044;0.054;0.085;0.029
21814;0.327;0.227;4.998;0.312;0.159;0.237;0.212;0.583;0.149;0.044;0.042;0.054;0.088;0.029
21815;0.33;0.225;4.998;0.312;0.161;0.239;0.212;0.581;0.154;0.044;0.044;0.054;0.09;0.029
21816;0.33;0.229;4.998;0.312;0.161;0.239;0.21;0.583;0.154;0.044;0.042;0.054;0.09;0.029
21817;0.332;0.229;4.998;0.312;0.161;0.242;0.21;0.581;0.156;0.044;0.044;0.054;0.09;0.032
21818;0.332;0.232;4.998;0.31;0.164;0.242;0.21;0.581;0.154;0.046;0.042;0.054;0.09;0.027
21819;0.33;0.232;4.998;0.308;0.168;0.247;0.21;0.581;0.161;0.051;0.042;0.054;0.09;0.029
21820;0.332;0.232;4.998;0.31;0.171;0.244;0.208;0.579;0.161;0.051;0.044;0.054;0.095;0.032
21821;0.332;0.234;4.998;0.305;0.173;0.242;0.205;0.579;0.166;0.051;0.044;0.059;0.09;0.027
21822;0.332;0.234;4.998;0.303;0.173;0.242;0.208;0.579;0.171;0.054;0.046;0.056;0.09;0.029
21823;0.327;0.237;4.998;0.3;0.176;0.242;0.208;0.581;0.171;0.056;0.044;0.056;0.09;0.029
21824;0.327;0.239;4.998;0.303;0.176;0.239;0.21;0.581;0.178;0.056;0.044;0.056;0.093;0.029
21825;0.33;0.242;2.832;0.303;0.173;0.239;0.208;0.581;0.178;0.056;0.044;0.059;0.095;0.024
21826;0.33;0.239;1.885;0.305;0.173;0.237;0.208;0.581;0.181;0.056;0.044;0.054;0.09;0.029
21827;0.325;0.239;1.394;0.305;0.168;0.234;0.21;0.581;0.183;0.059;0.044;0.056;0.09;0.027
21828;0.327;0.244;1.35;0.305;0.166;0.234;0.208;0.581;0.186;0.061;0.046;0.056;0.09;0.027
21829;0.327;0.242;1.357;0.303;0.166;0.234;0.212;0.581;0.19;0.063;0.046;0.056;0.093;0.024
21830;0.327;0.244;1.165;0.305;0.164;0.239;0.212;0.579;0.193;0.066;0.046;0.056;0.093;0.027
21831;0.325;0.244;1.218;0.303;0.159;0.239;0.212;0.579;0.195;0.066;0.046;0.056;0.095;0.027
21832;0.325;0.244;1.252;0.305;0.161;0.239;0.212;0.579;0.198;0.071;0.046;0.059;0.095;0.027
21833;0.327;0.242;1.213;0.305;0.164;0.237;0.208;0.579;0.198;0.068;0.044;0.051;0.093;0.024
21834;0.325;0.244;1.116;0.305;0.164;0.239;0.205;0.576;0.203;0.078;0.046;0.056;0.095;0.032
21835;0.325;0.247;1.306;0.31;0.164;0.239;0.205;0.579;0.205;0.076;0.046;0.059;0.098;0.027
21836;0.322;0.244;1.272;0.312;0.168;0.237;0.203;0.579;0.21;0.081;0.046;0.056;0.095;0.027
21837;0.325;0.247;1.16;0.315;0.171;0.237;0.205;0.581;0.21;0.083;0.044;0.056;0.095;0.027
21838;0.325;0.244;1.768;0.315;0.173;0.239;0.208;0.581;0.217;0.088;0.046;0.059;0.098;0.032
21839;0.322;0.242;4.998;0.315;0.173;0.237;0.208;0.581;0.217;0.088;0.046;0.054;0.1;0.029
21840;0.325;0.242;4.998;0.32;0.176;0.239;0.21;0.576;0.22;0.09;0.049;0.061;0.098;0.024
21841;0.322;0.244;4.998;0.32;0.176;0.237;0.208;0.579;0.227;0.093;0.049;0.056;0.098;0.027
21842;0.325;0.242;4.998;0.32;0.176;0.237;0.205;0.571;0.232;0.098;0.049;0.059;0.095;0.024
21843;0.325;0.239;4.998;0.32;0.173;0.239;0.205;0.579;0.232;0.098;0.049;0.059;0.098;0.029
21844;0.327;0.237;4.998;0.32;0.173;0.237;0.208;0.576;0.237;0.095;0.049;0.059;0.098;0.027
21845;0.325;0.239;4.998;0.32;0.173;0.237;0.203;0.576;0.244;0.098;0.049;0.059;0.098;0.029
21846;0.325;0.234;4.998;0.32;0.173;0.237;0.205;0.576;0.249;0.095;0.049;0.059;0.098;0.029
21847;0.325;0.237;4.998;0.317;0.171;0.239;0.205;0.576;0.251;0.098;0.046;0.059;0.098;0.029
21848;0.322;0.239;4.998;0.32;0.173;0.237;0.203;0.574;0.256;0.095;0.049;0.059;0.098;0.027
21849;0.325;0.237;4.998;0.317;0.173;0.239;0.203;0.576;0.264;0.095;0.046;0.061;0.098;0.027
21850;0.327;0.239;4.998;0.315;0.171;0.234;0.203;0.574;0.269;0.093;0.049;0.059;0.1;0.029
21851;0.327;0.242;4.998;0.315;0.171;0.234;0.205;0.576;0.276;0.098;0.049;0.061;0.1;0.027
21852;0.327;0.242;4.998;0.317;0.171;0.232;0.21;0.574;0.278;0.09;0.044;0.056;0.098;0.024
21853;0.322;0.242;4.998;0.317;0.171;0.232;0.21;0.576;0.288;0.095;0.051;0.063;0.1;0.024
21854;0.327;0.244;4.998;0.32;0.168;0.229;0.208;0.571;0.295;0.093;0.049;0.061;0.098;0.024
21855;0.325;0.247;4.998;0.325;0.168;0.232;0.208;0.574;0.303;0.093;0.049;0.063;0.103;0.029
21856;0.327;0.247;4.998;0.327;0.168;0.229;0.208;0.571;0.308;0.09;0.049;0.061;0.103;0.029
21857;0.325;0.249;4.998;0.33;0.166;0.234;0.205;0.574;0.315;0.093;0.049;0.063;0.103;0.027
21858;0.322;0.247;4.998;0.33;0.168;0.229;0.205;0.574;0.322;0.085;0.046;0.063;0.103;0.029
21859;0.327;0.247;4.998;0.33;0.166;0.234;0.205;0.574;0.332;0.088;0.046;0.061;0.103;0.027
21860;0.327;0.249;4.998;0.332;0.168;0.232;0.208;0.571;0.337;0.085;0.046;0.061;0.103;0.029
21861;0.322;0.251;4.998;0.327;0.168;0.232;0.205;0.574;0.347;0.085;0.046;0.063;0.105;0.027
21862;0.322;0.254;4.998;0.33;0.168;0.229;0.205;0.576;0.354;0.083;0.049;0.063;0.103;0.029
21863;0.322;0.254;4.998;0.33;0.171;0.229;0.205;0.574;0.361;0.085;0.046;0.061;0.105;0.027
21864;0.322;0.254;4.998;0.33;0.171;0.227;0.205;0.574;0.371;0.085;0.046;0.066;0.107;0.027
21865;0.32;0.256;4.998;0.327;0.173;0.225;0.205;0.574;0.381;0.085;0.049;0.066;0.105;0.032
21866;0.32;0.256;4.998;0.33;0.171;0.227;0.203;0.574;0.386;0.078;0.046;0.061;0.105;0.024
21867;0.317;0.251;4.998;0.325;0.173;0.227;0.205;0.574;0.396;0.078;0.046;0.063;0.105;0.024
21868;0.32;0.256;4.998;0.33;0.171;0.227;0.205;0.576;0.403;0.076;0.046;0.063;0.11;0.029
21869;0.317;0.256;3.835;0.327;0.171;0.229;0.208;0.576;0.408;0.076;0.044;0.063;0.107;0.024
21870;0.32;0.256;1.934;0.325;0.171;0.232;0.205;0.576;0.42;0.073;0.046;0.066;0.107;0.032
21871;0.32;0.256;1.038;0.325;0.168;0.229;0.208;0.576;0.427;0.073;0.044;0.063;0.115;0.029
21872;0.322;0.254;0.62;0.322;0.168;0.229;0.21;0.576;0.435;0.071;0.046;0.066;0.112;0.032
21873;0.32;0.256;0.427;0.32;0.168;0.232;0.215;0.576;0.442;0.073;0.042;0.066;0.112;0.029
21874;0.32;0.256;0.342;0.317;0.168;0.232;0.217;0.576;0.447;0.068;0.042;0.061;0.11;0.029
21875;0.322;0.259;0.295;0.317;0.166;0.229;0.222;0.576;0.452;0.073;0.044;0.063;0.112;0.029
21876;0.32;0.259;0.271;0.312;0.168;0.229;0.225;0.574;0.457;0.071;0.044;0.066;0.11;0.027
21877;0.322;0.256;0.259;0.312;0.171;0.229;0.222;0.574;0.459;0.068;0.044;0.066;0.112;0.029
21878;0.322;0.259;0.259;0.312;0.168;0.227;0.225;0.574;0.461;0.071;0.044;0.063;0.112;0.027
21879;0.322;0.256;0.254;0.312;0.168;0.229;0.22;0.579;0.461;0.071;0.044;0.066;0.115;0.027
21880;0.32;0.259;0.256;0.312;0.168;0.229;0.22;0.574;0.457;0.066;0.042;0.066;0.117;0.029
21881;0.32;0.256;0.256;0.312;0.168;0.225;0.215;0.574;0.454;0.071;0.042;0.066;0.115;0.027
21882;0.32;0.256;0.256;0.315;0.171;0.227;0.215;0.576;0.447;0.066;0.042;0.063;0.12;0.027
21883;0.317;0.259;0.251;0.315;0.166;0.225;0.212;0.576;0.442;0.068;0.042;0.066;0.12;0.029
21884;0.32;0.254;0.249;0.315;0.166;0.227;0.212;0.574;0.435;0.066;0.042;0.063;0.12;0.029
21885;0.32;0.259;0.254;0.315;0.166;0.227;0.215;0.576;0.427;0.066;0.042;0.063;0.117;0.024
21886;0.32;0.256;0.251;0.308;0.166;0.227;0.212;0.574;0.42;0.066;0.044;0.066;0.12;0.027
21887;0.322;0.256;0.254;0.305;0.166;0.227;0.217;0.574;0.415;0.068;0.042;0.063;0.122;0.027
21888;0.32;0.256;0.254;0.305;0.164;0.232;0.215;0.576;0.405;0.066;0.042;0.063;0.117;0.027
21889;0.32;0.256;0.254;0.303;0.164;0.232;0.22;0.576;0.396;0.066;0.042;0.063;0.12;0.024
21890;0.317;0.256;0.256;0.305;0.164;0.232;0.22;0.576;0.391;0.068;0.044;0.066;0.122;0.029
21891;0.32;0.254;0.259;0.303;0.166;0.229;0.22;0.574;0.378;0.066;0.042;0.061;0.122;0.027
21892;0.322;0.256;0.259;0.308;0.164;0.232;0.217;0.574;0.374;0.066;0.042;0.063;0.125;0.029
21893;0.32;0.256;0.259;0.305;0.164;0.229;0.215;0.576;0.361;0.063;0.042;0.066;0.122;0.027
21894;0.322;0.254;0.259;0.305;0.164;0.232;0.215;0.576;0.359;0.068;0.039;0.066;0.122;0.027
21895;0.32;0.254;0.259;0.305;0.164;0.232;0.217;0.574;0.352;0.066;0.044;0.063;0.122;0.027
21896;0.322;0.254;0.259;0.305;0.164;0.229;0.212;0.576;0.344;0.066;0.039;0.063;0.125;0.027
21897;0.322;0.251;0.261;0.308;0.164;0.232;0.212;0.574;0.334;0.066;0.039;0.066;0.122;0.027
21898;0.322;0.251;0.259;0.308;0.164;0.229;0.215;0.571;0.33;0.068;0.039;0.063;0.125;0.027
21899;0.32;0.251;0.261;0.308;0.166;0.229;0.212;0.574;0.32;0.066;0.037;0.063;0.125;0.022
21900;0.322;0.251;0.259;0.308;0.166;0.232;0.212;0.574;0.317;0.068;0.039;0.066;0.125;0.027
21901;0.322;0.254;0.264;0.31;0.168;0.229;0.215;0.574;0.308;0.068;0.039;0.066;0.125;0.027
21902;0.322;0.251;0.259;0.303;0.168;0.229;0.212;0.571;0.3;0.068;0.037;0.061;0.127;0.024
21903;0.322;0.251;0.259;0.305;0.168;0.227;0.212;0.571;0.295;0.068;0.039;0.063;0.122;0.024
21904;0.322;0.251;0.259;0.303;0.168;0.227;0.217;0.571;0.288;0.073;0.039;0.063;0.127;0.029
21905;0.322;0.249;0.261;0.305;0.166;0.229;0.215;0.569;0.281;0.068;0.034;0.063;0.127;0.027
21906;0.322;0.249;0.264;0.305;0.168;0.229;0.217;0.569;0.276;0.073;0.037;0.061;0.125;0.029
21907;0.322;0.249;0.259;0.308;0.166;0.232;0.215;0.569;0.271;0.078;0.037;0.061;0.127;0.027
21908;0.322;0.251;0.261;0.308;0.166;0.234;0.215;0.571;0.266;0.078;0.037;0.063;0.125;0.027
21909;0.317;0.249;0.261;0.305;0.168;0.232;0.212;0.566;0.261;0.078;0.037;0.063;0.127;0.027
21910;0.322;0.249;0.261;0.303;0.166;0.232;0.215;0.569;0.256;0.078;0.037;0.061;0.127;0.027
21911;0.315;0.249;0.261;0.305;0.166;0.232;0.212;0.566;0.251;0.078;0.037;0.063;0.125;0.024
21912;0.315;0.249;0.261;0.303;0.166;0.232;0.215;0.569;0.247;0.081;0.037;0.063;0.127;0.027
21913;0.312;0.247;0.261;0.305;0.166;0.229;0.215;0.569;0.239;0.081;0.034;0.063;0.127;0.029
21914;0.317;0.249;0.261;0.308;0.164;0.232;0.212;0.566;0.234;0.076;0.034;0.061;0.125;0.024
21915;0.312;0.249;0.259;0.31;0.166;0.232;0.212;0.566;0.232;0.081;0.037;0.063;0.127;0.027
21916;0.312;0.251;0.259;0.308;0.164;0.232;0.21;0.566;0.229;0.083;0.034;0.063;0.125;0.027
21917;0.312;0.251;0.261;0.308;0.164;0.234;0.21;0.566;0.225;0.078;0.032;0.061;0.125;0.024
21918;0.312;0.251;0.261;0.308;0.164;0.232;0.21;0.566;0.22;0.081;0.034;0.061;0.125;0.027
21919;0.312;0.251;0.261;0.312;0.164;0.232;0.21;0.566;0.217;0.078;0.034;0.061;0.122;0.027
21920;0.31;0.251;0.261;0.315;0.164;0.229;0.212;0.566;0.212;0.078;0.032;0.061;0.12;0.027
21921;0.31;0.251;0.264;0.315;0.164;0.234;0.215;0.566;0.205;0.076;0.032;0.059;0.12;0.027
21922;0.312;0.254;0.256;0.317;0.159;0.229;0.215;0.566;0.203;0.081;0.029;0.059;0.122;0.027
21923;0.31;0.251;0.259;0.315;0.164;0.232;0.215;0.569;0.203;0.081;0.034;0.061;0.122;0.027
21924;0.31;0.254;0.259;0.312;0.161;0.229;0.22;0.566;0.195;0.081;0.032;0.063;0.12;0.029
21925;0.31;0.254;0.259;0.31;0.161;0.232;0.217;0.566;0.193;0.081;0.032;0.061;0.12;0.027
21926;0.31;0.256;0.259;0.308;0.164;0.229;0.217;0.566;0.19;0.078;0.032;0.059;0.115;0.022
21927;0.312;0.254;0.259;0.308;0.164;0.229;0.215;0.566;0.188;0.081;0.034;0.063;0.125;0.034
21928;0.31;0.254;0.259;0.305;0.166;0.229;0.22;0.566;0.186;0.081;0.032;0.061;0.117;0.024
21929;0.31;0.256;0.259;0.303;0.164;0.232;0.217;0.566;0.181;0.078;0.029;0.059;0.112;0.027
21930;0.31;0.254;0.259;0.298;0.166;0.232;0.217;0.564;0.176;0.081;0.032;0.061;0.115;0.027
21931;0.312;0.254;0.259;0.298;0.168;0.229;0.217;0.564;0.173;0.078;0.029;0.061;0.115;0.027
21932;0.312;0.256;0.259;0.295;0.171;0.229;0.22;0.564;0.171;0.078;0.027;0.061;0.115;0.027
21933;0.312;0.256;0.256;0.298;0.171;0.229;0.22;0.566;0.171;0.078;0.032;0.061;0.11;0.022
21934;0.315;0.256;0.259;0.298;0.171;0.232;0.217;0.566;0.166;0.081;0.032;0.061;0.112;0.027
21935;0.315;0.256;0.256;0.298;0.173;0.229;0.217;0.569;0.164;0.078;0.032;0.061;0.115;0.027
21936;0.315;0.256;0.254;0.3;0.173;0.232;0.217;0.566;0.161;0.076;0.029;0.061;0.11;0.029
21937;0.315;0.256;0.256;0.298;0.173;0.232;0.217;0.566;0.156;0.078;0.029;0.061;0.107;0.024
21938;0.315;0.256;0.256;0.298;0.173;0.227;0.215;0.564;0.156;0.076;0.029;0.063;0.11;0.027
21939;0.312;0.256;0.256;0.298;0.173;0.229;0.215;0.569;0.154;0.076;0.027;0.061;0.107;0.024
21940;0.317;0.256;0.259;0.298;0.173;0.229;0.212;0.566;0.154;0.076;0.027;0.061;0.107;0.029
21941;0.317;0.254;0.259;0.298;0.176;0.229;0.21;0.569;0.149;0.076;0.027;0.059;0.105;0.027
21942;0.315;0.256;0.259;0.295;0.178;0.232;0.212;0.569;0.151;0.076;0.027;0.059;0.107;0.029
21943;0.317;0.256;0.256;0.298;0.176;0.232;0.21;0.569;0.149;0.076;0.027;0.061;0.103;0.024
21944;0.317;0.254;0.251;0.298;0.178;0.229;0.21;0.569;0.146;0.078;0.027;0.061;0.103;0.029
21945;0.315;0.251;0.254;0.295;0.176;0.234;0.212;0.569;0.146;0.073;0.029;0.059;0.103;0.024
21946;0.317;0.251;0.254;0.295;0.176;0.229;0.212;0.574;0.142;0.073;0.027;0.059;0.1;0.027
21947;0.32;0.249;0.256;0.295;0.178;0.232;0.212;0.571;0.144;0.073;0.027;0.059;0.1;0.029
21948;0.317;0.249;0.256;0.295;0.178;0.229;0.212;0.571;0.146;0.076;0.029;0.061;0.1;0.027
21949;0.317;0.251;0.256;0.291;0.178;0.232;0.215;0.569;0.144;0.071;0.029;0.059;0.098;0.024
21950;0.32;0.251;0.256;0.293;0.181;0.229;0.212;0.571;0.144;0.071;0.027;0.059;0.098;0.027
21951;0.32;0.254;0.256;0.291;0.181;0.232;0.212;0.571;0.142;0.071;0.024;0.061;0.095;0.027
21952;0.32;0.251;0.259;0.291;0.181;0.232;0.212;0.571;0.144;0.068;0.029;0.061;0.093;0.027
21953;0.32;0.251;0.259;0.288;0.178;0.229;0.208;0.574;0.142;0.068;0.027;0.059;0.093;0.027
21954;0.322;0.254;0.261;0.291;0.178;0.229;0.208;0.571;0.142;0.066;0.027;0.059;0.093;0.027
21955;0.32;0.256;0.259;0.286;0.178;0.232;0.205;0.571;0.142;0.066;0.027;0.061;0.093;0.027
21956;0.322;0.256;0.259;0.286;0.178;0.229;0.203;0.571;0.139;0.063;0.027;0.061;0.09;0.027
21957;0.325;0.259;0.261;0.286;0.181;0.232;0.208;0.571;0.142;0.061;0.027;0.059;0.09;0.024
21958;0.322;0.259;0.261;0.288;0.181;0.234;0.205;0.571;0.142;0.063;0.027;0.061;0.088;0.027
21959;0.317;0.259;0.264;0.288;0.183;0.229;0.208;0.569;0.142;0.061;0.027;0.061;0.09;0.029
21960;0.322;0.259;0.266;0.293;0.183;0.232;0.208;0.569;0.139;0.061;0.024;0.059;0.085;0.027
21961;0.317;0.259;0.266;0.293;0.188;0.229;0.212;0.569;0.139;0.059;0.022;0.059;0.085;0.027
21962;0.32;0.259;0.266;0.298;0.186;0.229;0.212;0.569;0.139;0.059;0.024;0.059;0.088;0.024
21963;0.315;0.259;0.266;0.295;0.188;0.229;0.215;0.569;0.144;0.059;0.024;0.061;0.085;0.027
21964;0.315;0.259;0.269;0.295;0.19;0.229;0.217;0.571;0.144;0.056;0.024;0.059;0.085;0.027
21965;0.315;0.259;0.269;0.3;0.188;0.229;0.217;0.571;0.142;0.056;0.027;0.059;0.083;0.027
21966;0.312;0.256;0.271;0.293;0.188;0.227;0.217;0.571;0.139;0.056;0.024;0.059;0.081;0.027
21967;0.315;0.259;0.269;0.295;0.188;0.229;0.217;0.569;0.144;0.054;0.024;0.059;0.081;0.029
21968;0.312;0.256;0.269;0.293;0.188;0.229;0.215;0.566;0.146;0.054;0.024;0.059;0.081;0.024
21969;0.315;0.256;0.269;0.291;0.188;0.227;0.217;0.566;0.146;0.054;0.024;0.059;0.078;0.027
21970;0.312;0.256;0.269;0.295;0.19;0.229;0.212;0.569;0.151;0.054;0.027;0.061;0.078;0.027
21971;0.317;0.256;0.269;0.295;0.19;0.229;0.215;0.566;0.149;0.054;0.024;0.059;0.078;0.024
21972;0.315;0.256;0.266;0.293;0.193;0.229;0.215;0.566;0.151;0.051;0.024;0.059;0.073;0.027
21973;0.315;0.254;0.264;0.293;0.193;0.227;0.212;0.564;0.154;0.054;0.024;0.061;0.076;0.024
21974;0.312;0.254;0.264;0.293;0.19;0.227;0.215;0.564;0.159;0.051;0.027;0.061;0.073;0.029
21975;0.317;0.251;0.256;0.295;0.19;0.225;0.212;0.566;0.159;0.054;0.024;0.059;0.076;0.029
21976;0.32;0.254;0.256;0.295;0.19;0.225;0.215;0.564;0.161;0.054;0.022;0.059;0.071;0.024
21977;0.32;0.251;0.256;0.3;0.188;0.225;0.215;0.564;0.164;0.056;0.024;0.059;0.071;0.027
21978;0.317;0.254;0.256;0.298;0.188;0.227;0.217;0.564;0.164;0.056;0.027;0.059;0.071;0.027
21979;0.317;0.254;0.254;0.3;0.19;0.227;0.215;0.564;0.171;0.061;0.027;0.059;0.071;0.027
21980;0.317;0.251;0.256;0.298;0.19;0.227;0.215;0.562;0.171;0.063;0.022;0.056;0.066;0.024
21981;0.32;0.251;0.256;0.298;0.188;0.229;0.215;0.566;0.178;0.063;0.027;0.059;0.068;0.027
21982;0.32;0.251;0.256;0.298;0.188;0.229;0.215;0.562;0.181;0.071;0.024;0.059;0.066;0.027
21983;0.317;0.249;0.256;0.298;0.188;0.232;0.21;0.559;0.183;0.071;0.027;0.059;0.063;0.022
21984;0.32;0.249;0.261;0.298;0.186;0.234;0.208;0.559;0.186;0.076;0.024;0.056;0.066;0.029
21985;0.317;0.254;0.259;0.295;0.186;0.237;0.21;0.562;0.186;0.078;0.024;0.056;0.068;0.029
21986;0.32;0.251;0.261;0.295;0.188;0.232;0.208;0.559;0.19;0.085;0.024;0.059;0.063;0.029
21987;0.317;0.251;0.259;0.295;0.188;0.229;0.208;0.562;0.193;0.09;0.024;0.059;0.066;0.029
21988;0.317;0.254;0.261;0.295;0.188;0.229;0.208;0.562;0.198;0.093;0.024;0.056;0.063;0.027
21989;0.317;0.256;0.261;0.293;0.188;0.227;0.205;0.562;0.198;0.1;0.024;0.059;0.063;0.027
21990;0.317;0.256;0.261;0.293;0.188;0.227;0.205;0.564;0.203;0.107;0.029;0.059;0.063;0.027
21991;0.317;0.256;0.266;0.291;0.188;0.225;0.205;0.559;0.203;0.112;0.027;0.061;0.063;0.027
21992;0.317;0.256;0.266;0.291;0.188;0.229;0.2;0.562;0.203;0.115;0.022;0.056;0.059;0.027
21993;0.317;0.256;0.269;0.288;0.188;0.225;0.208;0.562;0.205;0.125;0.024;0.059;0.061;0.027
21994;0.317;0.259;0.266;0.288;0.188;0.229;0.205;0.562;0.208;0.129;0.027;0.059;0.059;0.024
21995;0.315;0.259;0.266;0.286;0.188;0.229;0.21;0.562;0.208;0.134;0.027;0.059;0.059;0.029
21996;0.315;0.259;0.266;0.286;0.19;0.229;0.21;0.562;0.21;0.139;0.027;0.059;0.056;0.027
21997;0.317;0.259;0.261;0.286;0.19;0.232;0.212;0.562;0.21;0.144;0.027;0.056;0.061;0.029
21998;0.315;0.259;0.264;0.286;0.193;0.234;0.212;0.564;0.21;0.149;0.027;0.059;0.056;0.027
21999;0.317;0.261;0.259;0.283;0.19;0.232;0.212;0.564;0.21;0.151;0.024;0.059;0.054;0.029
22000;0.317;0.259;0.256;0.283;0.195;0.232;0.215;0.566;0.212;0.159;0.024;0.059;0.059;0.024
22001;0.317;0.256;0.261;0.283;0.198;0.234;0.212;0.564;0.212;0.161;0.027;0.059;0.054;0.027
22002;0.317;0.256;0.259;0.281;0.198;0.234;0.215;0.562;0.215;0.166;0.027;0.061;0.054;0.027
22003;0.317;0.256;0.264;0.283;0.198;0.232;0.212;0.566;0.212;0.168;0.027;0.059;0.054;0.029
22004;0.317;0.254;0.261;0.281;0.198;0.232;0.212;0.564;0.21;0.173;0.024;0.056;0.054;0.027
22005;0.315;0.256;0.264;0.281;0.2;0.232;0.212;0.564;0.212;0.178;0.024;0.056;0.056;0.029
22006;0.317;0.256;0.264;0.278;0.198;0.229;0.21;0.564;0.212;0.183;0.027;0.059;0.054;0.027
22007;0.317;0.256;0.266;0.278;0.2;0.232;0.21;0.564;0.212;0.188;0.027;0.059;0.051;0.027
22008;0.315;0.256;0.269;0.276;0.203;0.232;0.21;0.564;0.212;0.193;0.027;0.056;0.046;0.024
22009;0.312;0.251;0.271;0.273;0.203;0.227;0.21;0.564;0.21;0.193;0.024;0.056;0.051;0.029
22010;0.315;0.254;0.276;0.273;0.203;0.229;0.212;0.566;0.21;0.2;0.027;0.059;0.049;0.027
22011;0.315;0.251;0.283;0.273;0.205;0.229;0.215;0.566;0.208;0.203;0.024;0.059;0.051;0.027
22012;0.312;0.251;0.281;0.278;0.203;0.232;0.215;0.564;0.21;0.208;0.027;0.056;0.049;0.027
22013;0.312;0.251;0.276;0.278;0.203;0.234;0.212;0.566;0.208;0.21;0.029;0.059;0.051;0.027
22014;0.312;0.247;0.273;0.283;0.203;0.234;0.215;0.569;0.205;0.215;0.027;0.059;0.049;0.029
22015;0.312;0.247;0.271;0.283;0.203;0.234;0.212;0.566;0.205;0.217;0.027;0.056;0.049;0.027
22016;0.31;0.247;0.271;0.278;0.205;0.234;0.217;0.564;0.205;0.22;0.027;0.056;0.049;0.029
22017;0.31;0.247;0.266;0.278;0.203;0.234;0.215;0.566;0.205;0.22;0.024;0.056;0.049;0.027
22018;0.308;0.244;0.271;0.281;0.203;0.232;0.217;0.566;0.203;0.222;0.024;0.056;0.046;0.024
22019;0.308;0.247;0.269;0.278;0.203;0.234;0.215;0.569;0.205;0.227;0.029;0.056;0.046;0.027
22020;0.305;0.244;0.264;0.278;0.208;0.234;0.217;0.566;0.205;0.222;0.027;0.056;0.044;0.027
22021;0.31;0.247;0.264;0.278;0.205;0.232;0.22;0.569;0.2;0.225;0.027;0.061;0.046;0.027
22022;0.305;0.247;0.264;0.276;0.203;0.232;0.217;0.569;0.2;0.222;0.027;0.059;0.044;0.029
22023;0.308;0.247;0.261;0.273;0.203;0.234;0.22;0.569;0.2;0.222;0.027;0.061;0.046;0.029
22024;0.305;0.247;0.259;0.273;0.203;0.232;0.22;0.571;0.195;0.22;0.024;0.054;0.042;0.027
22025;0.303;0.247;0.261;0.271;0.203;0.232;0.22;0.569;0.198;0.22;0.027;0.059;0.042;0.024
22026;0.305;0.247;0.259;0.276;0.205;0.229;0.217;0.566;0.198;0.215;0.024;0.059;0.042;0.024
22027;0.303;0.247;0.261;0.276;0.205;0.232;0.217;0.566;0.195;0.212;0.024;0.056;0.042;0.024
22028;0.303;0.247;0.259;0.278;0.203;0.232;0.22;0.566;0.193;0.208;0.024;0.054;0.039;0.024
22029;0.303;0.247;0.261;0.276;0.205;0.232;0.217;0.566;0.193;0.205;0.029;0.056;0.039;0.027
22030;0.303;0.244;0.256;0.278;0.203;0.232;0.212;0.566;0.193;0.203;0.027;0.059;0.042;0.024
22031;0.303;0.249;0.256;0.278;0.2;0.234;0.217;0.564;0.19;0.2;0.024;0.056;0.039;0.024
22032;0.3;0.247;0.254;0.278;0.203;0.232;0.215;0.566;0.19;0.195;0.027;0.054;0.042;0.027
22033;0.303;0.247;0.251;0.278;0.203;0.237;0.217;0.564;0.19;0.19;0.027;0.054;0.042;0.029
22034;0.303;0.247;0.256;0.278;0.203;0.237;0.22;0.569;0.188;0.188;0.027;0.054;0.039;0.029
22035;0.303;0.244;0.256;0.278;0.2;0.239;0.222;0.569;0.19;0.183;0.027;0.056;0.039;0.027
22036;0.305;0.244;0.256;0.276;0.2;0.239;0.22;0.566;0.186;0.181;0.027;0.054;0.039;0.024
22037;0.303;0.244;0.256;0.281;0.198;0.239;0.22;0.564;0.19;0.176;0.029;0.054;0.039;0.027
22038;0.308;0.247;0.261;0.283;0.195;0.237;0.222;0.564;0.186;0.173;0.027;0.054;0.037;0.027
22039;0.305;0.244;0.261;0.283;0.195;0.239;0.222;0.566;0.188;0.171;0.029;0.054;0.034;0.027
22040;0.305;0.244;0.264;0.281;0.193;0.237;0.222;0.569;0.186;0.168;0.029;0.051;0.039;0.027
22041;0.305;0.244;0.266;0.286;0.193;0.237;0.227;0.569;0.186;0.166;0.029;0.054;0.037;0.024
22042;0.305;0.242;0.264;0.283;0.188;0.237;0.227;0.569;0.183;0.166;0.032;0.056;0.037;0.029
22043;0.308;0.242;0.269;0.283;0.188;0.237;0.227;0.571;0.183;0.164;0.029;0.054;0.034;0.024
22044;0.308;0.242;0.271;0.283;0.186;0.237;0.227;0.571;0.183;0.161;0.027;0.054;0.034;0.024
22045;0.308;0.242;0.281;0.286;0.188;0.237;0.227;0.569;0.183;0.156;0.029;0.054;0.037;0.027
22046;0.305;0.239;0.308;0.283;0.186;0.237;0.229;0.569;0.186;0.159;0.032;0.054;0.034;0.027
22047;0.305;0.237;0.352;0.281;0.188;0.234;0.227;0.571;0.183;0.161;0.029;0.054;0.034;0.027
22048;0.305;0.237;0.422;0.281;0.188;0.237;0.232;0.569;0.181;0.159;0.029;0.051;0.034;0.024
22049;0.305;0.237;0.474;0.281;0.186;0.237;0.234;0.569;0.186;0.161;0.032;0.051;0.037;0.027
22050;0.305;0.239;0.637;0.281;0.188;0.234;0.232;0.569;0.178;0.161;0.032;0.051;0.034;0.024
22051;0.305;0.239;0.574;0.283;0.188;0.237;0.229;0.571;0.181;0.164;0.029;0.054;0.032;0.027
22052;0.303;0.237;0.649;0.286;0.188;0.234;0.232;0.569;0.181;0.164;0.034;0.054;0.034;0.024
22053;0.303;0.239;0.5;0.286;0.188;0.237;0.227;0.569;0.178;0.166;0.034;0.054;0.034;0.022
22054;0.303;0.242;0.461;0.288;0.188;0.234;0.225;0.569;0.181;0.168;0.032;0.051;0.029;0.024
22055;0.3;0.239;0.442;0.286;0.188;0.234;0.227;0.569;0.181;0.171;0.034;0.054;0.034;0.027
22056;0.3;0.242;0.4;0.286;0.19;0.234;0.227;0.569;0.178;0.171;0.032;0.054;0.027;0.024
22057;0.298;0.244;0.422;0.286;0.19;0.237;0.229;0.569;0.176;0.173;0.032;0.054;0.032;0.022
22058;0.303;0.244;0.52;0.286;0.19;0.239;0.229;0.569;0.181;0.178;0.034;0.056;0.032;0.024
22059;0.305;0.244;0.522;0.288;0.193;0.239;0.227;0.569;0.176;0.178;0.032;0.051;0.032;0.024
22060;0.305;0.247;0.464;0.286;0.19;0.237;0.227;0.569;0.176;0.181;0.034;0.054;0.032;0.027
22061;0.303;0.247;0.52;0.286;0.193;0.239;0.229;0.569;0.176;0.181;0.032;0.049;0.027;0.022
22062;0.305;0.249;0.525;0.286;0.193;0.239;0.229;0.569;0.176;0.183;0.034;0.051;0.029;0.024
22063;0.308;0.249;0.42;0.283;0.19;0.242;0.225;0.569;0.173;0.183;0.029;0.049;0.029;0.024
22064;0.305;0.251;0.52;0.283;0.188;0.239;0.227;0.569;0.176;0.183;0.032;0.051;0.029;0.024
22065;0.305;0.254;0.696;0.283;0.19;0.239;0.225;0.569;0.176;0.183;0.034;0.051;0.032;0.024
22066;0.308;0.247;0.85;0.281;0.193;0.242;0.227;0.569;0.176;0.181;0.032;0.051;0.032;0.029
22067;0.305;0.249;4.998;0.283;0.193;0.242;0.225;0.569;0.173;0.183;0.032;0.049;0.029;0.024
22068;0.308;0.254;4.998;0.286;0.193;0.239;0.222;0.571;0.173;0.181;0.032;0.051;0.029;0.024
22069;0.305;0.249;4.998;0.283;0.193;0.242;0.222;0.569;0.173;0.178;0.034;0.051;0.029;0.024
22070;0.308;0.251;4.998;0.283;0.193;0.242;0.222;0.569;0.171;0.181;0.032;0.051;0.029;0.024
22071;0.308;0.251;4.998;0.283;0.193;0.242;0.225;0.569;0.171;0.178;0.034;0.049;0.029;0.022
22072;0.308;0.249;4.998;0.281;0.193;0.242;0.225;0.566;0.173;0.176;0.032;0.051;0.029;0.024
22073;0.305;0.247;4.998;0.281;0.193;0.244;0.222;0.569;0.173;0.176;0.034;0.051;0.027;0.024
22074;0.305;0.247;4.998;0.281;0.195;0.244;0.227;0.566;0.173;0.173;0.029;0.049;0.027;0.024
22075;0.305;0.251;4.998;0.281;0.193;0.244;0.227;0.566;0.173;0.171;0.032;0.046;0.029;0.024
22076;0.303;0.249;4.998;0.278;0.193;0.244;0.225;0.566;0.173;0.171;0.029;0.049;0.029;0.024
22077;0.308;0.247;4.998;0.281;0.193;0.242;0.227;0.566;0.171;0.171;0.032;0.049;0.027;0.024
22078;0.305;0.244;4.998;0.281;0.193;0.244;0.225;0.566;0.173;0.168;0.032;0.049;0.029;0.024
22079;0.305;0.244;4.998;0.281;0.19;0.239;0.227;0.566;0.168;0.166;0.032;0.046;0.027;0.024
22080;0.303;0.242;4.998;0.278;0.19;0.242;0.225;0.564;0.173;0.166;0.029;0.049;0.024;0.02
22081;0.303;0.244;4.998;0.281;0.193;0.242;0.225;0.569;0.168;0.164;0.027;0.044;0.027;0.024
22082;0.303;0.242;4.998;0.281;0.19;0.239;0.222;0.566;0.171;0.164;0.029;0.046;0.029;0.024
22083;0.303;0.239;4.998;0.283;0.188;0.239;0.22;0.569;0.176;0.164;0.032;0.049;0.032;0.027
22084;0.303;0.239;4.998;0.286;0.186;0.237;0.215;0.564;0.173;0.166;0.029;0.049;0.029;0.024
22085;0.303;0.239;4.998;0.286;0.183;0.237;0.215;0.569;0.173;0.164;0.029;0.049;0.027;0.024
22086;0.3;0.237;4.998;0.286;0.186;0.239;0.22;0.569;0.173;0.161;0.027;0.046;0.027;0.022
22087;0.3;0.239;4.998;0.288;0.183;0.237;0.22;0.566;0.173;0.164;0.029;0.051;0.029;0.027
22088;0.303;0.234;4.998;0.288;0.181;0.239;0.217;0.564;0.176;0.166;0.029;0.049;0.029;0.024
22089;0.303;0.237;4.998;0.288;0.181;0.239;0.222;0.566;0.173;0.161;0.027;0.049;0.027;0.027
22090;0.3;0.239;4.998;0.288;0.181;0.242;0.222;0.564;0.171;0.164;0.027;0.046;0.027;0.024
22091;0.3;0.239;4.998;0.291;0.178;0.242;0.225;0.566;0.176;0.166;0.029;0.046;0.029;0.027
22092;0.303;0.239;4.998;0.291;0.178;0.242;0.225;0.566;0.176;0.168;0.029;0.046;0.029;0.024
22093;0.3;0.239;4.998;0.293;0.176;0.239;0.225;0.569;0.176;0.166;0.029;0.049;0.029;0.024
22094;0.3;0.239;4.998;0.293;0.178;0.242;0.225;0.566;0.176;0.166;0.027;0.046;0.029;0.029
22095;0.3;0.239;4.998;0.293;0.176;0.239;0.227;0.569;0.176;0.168;0.029;0.049;0.032;0.027
22096;0.298;0.242;4.998;0.293;0.181;0.242;0.227;0.569;0.176;0.168;0.027;0.046;0.032;0.027
22097;0.3;0.242;4.998;0.295;0.178;0.242;0.227;0.566;0.173;0.166;0.027;0.049;0.032;0.024
22098;0.303;0.242;4.998;0.298;0.181;0.239;0.227;0.569;0.173;0.168;0.029;0.049;0.034;0.024
22099;0.3;0.244;4.998;0.293;0.178;0.242;0.225;0.566;0.176;0.168;0.029;0.051;0.027;0.02
22100;0.303;0.242;4.998;0.298;0.183;0.244;0.222;0.569;0.176;0.171;0.032;0.051;0.032;0.024
22101;0.303;0.239;4.998;0.298;0.183;0.242;0.22;0.569;0.173;0.171;0.027;0.049;0.032;0.027
22102;0.303;0.242;4.998;0.298;0.195;0.247;0.22;0.569;0.173;0.173;0.027;0.049;0.034;0.027
22103;0.3;0.242;4.998;0.295;0.232;0.242;0.215;0.569;0.173;0.173;0.027;0.049;0.034;0.024
22104;0.3;0.244;4.998;0.298;0.247;0.242;0.217;0.569;0.176;0.173;0.027;0.049;0.034;0.027
22105;0.303;0.242;4.998;0.298;0.259;0.242;0.215;0.569;0.173;0.173;0.024;0.049;0.034;0.024
22106;0.305;0.242;4.998;0.298;0.261;0.239;0.215;0.569;0.173;0.173;0.024;0.046;0.037;0.024
22107;0.303;0.244;4.998;0.3;0.266;0.239;0.215;0.569;0.173;0.178;0.024;0.049;0.039;0.029
22108;0.305;0.242;4.998;0.3;0.278;0.239;0.215;0.569;0.173;0.176;0.024;0.049;0.039;0.027
22109;0.305;0.242;4.998;0.3;0.264;0.237;0.215;0.569;0.173;0.176;0.024;0.049;0.037;0.024
22110;0.305;0.242;4.998;0.3;0.249;0.237;0.215;0.569;0.173;0.178;0.027;0.049;0.039;0.024
22111;0.305;0.242;4.998;0.3;0.273;0.237;0.215;0.569;0.173;0.181;0.027;0.049;0.039;0.027
22112;0.308;0.239;4.998;0.3;0.271;0.237;0.217;0.569;0.173;0.183;0.024;0.049;0.039;0.024
22113;0.303;0.239;4.998;0.3;0.259;0.234;0.22;0.566;0.171;0.183;0.024;0.049;0.044;0.029
22114;0.303;0.242;4.998;0.3;0.269;0.237;0.217;0.569;0.171;0.181;0.022;0.046;0.042;0.029
22115;0.303;0.239;4.998;0.295;0.271;0.237;0.22;0.566;0.173;0.186;0.022;0.049;0.044;0.024
22116;0.303;0.234;4.998;0.298;0.273;0.239;0.22;0.569;0.171;0.186;0.024;0.049;0.046;0.027
22117;0.303;0.234;4.998;0.298;0.264;0.239;0.222;0.566;0.168;0.186;0.022;0.049;0.046;0.024
22118;0.3;0.234;4.998;0.3;0.264;0.239;0.222;0.569;0.171;0.183;0.024;0.049;0.054;0.034
22119;0.3;0.232;4.998;0.295;0.259;0.239;0.222;0.571;0.171;0.183;0.022;0.046;0.049;0.029
22120;0.3;0.234;4.998;0.298;0.264;0.242;0.225;0.569;0.168;0.183;0.024;0.049;0.056;0.032
22121;0.3;0.232;4.998;0.3;0.261;0.242;0.225;0.569;0.168;0.183;0.024;0.049;0.051;0.027
22122;0.3;0.229;4.998;0.3;0.254;0.242;0.227;0.569;0.171;0.181;0.024;0.046;0.051;0.024
22123;0.3;0.229;4.998;0.303;0.269;0.239;0.225;0.569;0.166;0.178;0.027;0.049;0.054;0.029
22124;0.298;0.229;4.998;0.303;0.264;0.242;0.222;0.569;0.166;0.176;0.027;0.049;0.051;0.027
22125;0.298;0.229;4.998;0.3;0.259;0.239;0.222;0.569;0.168;0.173;0.027;0.046;0.054;0.024
22126;0.295;0.229;4.998;0.303;0.273;0.242;0.22;0.569;0.168;0.168;0.029;0.049;0.054;0.024
22127;0.298;0.229;4.998;0.3;0.276;0.242;0.217;0.569;0.164;0.171;0.029;0.049;0.056;0.024
22128;0.298;0.227;4.998;0.3;0.266;0.239;0.215;0.571;0.166;0.166;0.032;0.049;0.059;0.027
22129;0.298;0.229;4.998;0.3;0.266;0.239;0.208;0.569;0.161;0.164;0.034;0.049;0.059;0.027
22130;0.298;0.227;4.998;0.3;0.276;0.239;0.208;0.574;0.161;0.159;0.037;0.049;0.061;0.027
22131;0.3;0.227;4.998;0.3;0.271;0.242;0.21;0.574;0.161;0.159;0.034;0.044;0.061;0.027
22132;0.298;0.227;4.998;0.3;0.269;0.242;0.21;0.571;0.164;0.154;0.039;0.049;0.063;0.027
22133;0.3;0.227;4.998;0.298;0.261;0.242;0.21;0.571;0.159;0.151;0.039;0.046;0.063;0.027
22134;0.298;0.227;4.998;0.3;0.266;0.242;0.215;0.571;0.159;0.151;0.042;0.049;0.063;0.024
22135;0.3;0.227;4.998;0.298;0.269;0.239;0.215;0.571;0.159;0.146;0.042;0.049;0.066;0.024
22136;0.3;0.225;4.998;0.3;0.254;0.242;0.22;0.571;0.156;0.144;0.046;0.046;0.066;0.027
22137;0.3;0.225;4.998;0.3;0.259;0.239;0.217;0.571;0.156;0.139;0.044;0.044;0.071;0.029
22138;0.3;0.222;4.998;0.3;0.259;0.242;0.217;0.569;0.154;0.139;0.046;0.049;0.068;0.027
22139;0.3;0.225;4.998;0.303;0.264;0.244;0.222;0.571;0.154;0.137;0.049;0.049;0.071;0.027
22140;0.3;0.222;4.998;0.298;0.256;0.244;0.22;0.571;0.151;0.137;0.051;0.046;0.073;0.027
22141;0.3;0.225;4.998;0.3;0.256;0.244;0.217;0.569;0.151;0.134;0.049;0.046;0.073;0.024
22142;0.3;0.222;4.998;0.3;0.266;0.244;0.217;0.571;0.151;0.132;0.054;0.046;0.073;0.027
22143;0.3;0.222;4.998;0.3;0.264;0.244;0.22;0.569;0.151;0.129;0.051;0.046;0.073;0.022
22144;0.3;0.225;4.998;0.3;0.264;0.244;0.217;0.574;0.149;0.127;0.056;0.046;0.076;0.024
22145;0.298;0.22;4.998;0.298;0.269;0.244;0.217;0.571;0.146;0.127;0.054;0.046;0.078;0.024
22146;0.298;0.222;4.998;0.3;0.271;0.249;0.217;0.569;0.146;0.127;0.056;0.049;0.078;0.027
22147;0.3;0.222;4.998;0.3;0.269;0.244;0.215;0.569;0.146;0.129;0.061;0.046;0.078;0.022
22148;0.298;0.217;4.998;0.3;0.264;0.244;0.215;0.571;0.146;0.129;0.059;0.046;0.078;0.029
22149;0.3;0.22;4.998;0.303;0.266;0.244;0.215;0.571;0.144;0.132;0.059;0.046;0.081;0.027
22150;0.298;0.217;4.998;0.305;0.266;0.247;0.215;0.569;0.142;0.129;0.056;0.044;0.081;0.024
22151;0.303;0.217;4.998;0.303;0.264;0.247;0.212;0.571;0.142;0.134;0.063;0.049;0.083;0.029
22152;0.303;0.217;4.998;0.3;0.259;0.247;0.212;0.571;0.144;0.137;0.061;0.046;0.081;0.027
22153;0.3;0.215;4.998;0.3;0.264;0.244;0.212;0.571;0.142;0.142;0.063;0.046;0.083;0.024
22154;0.303;0.217;4.998;0.303;0.266;0.247;0.212;0.571;0.142;0.144;0.066;0.046;0.085;0.027
22155;0.303;0.217;4.998;0.3;0.261;0.249;0.212;0.571;0.142;0.144;0.068;0.049;0.085;0.024
22156;0.3;0.215;4.998;0.3;0.259;0.249;0.215;0.569;0.139;0.146;0.066;0.046;0.085;0.027
22157;0.303;0.217;4.998;0.295;0.264;0.249;0.212;0.566;0.137;0.154;0.071;0.046;0.088;0.024
22158;0.303;0.217;4.998;0.295;0.261;0.249;0.212;0.569;0.142;0.156;0.073;0.051;0.088;0.029
22159;0.303;0.217;4.998;0.295;0.264;0.249;0.212;0.569;0.139;0.159;0.076;0.046;0.085;0.024
22160;0.303;0.217;4.998;0.295;0.264;0.247;0.21;0.571;0.139;0.164;0.073;0.049;0.088;0.024
22161;0.303;0.217;4.998;0.293;0.273;0.249;0.21;0.569;0.142;0.166;0.076;0.046;0.093;0.027
22162;0.303;0.217;4.998;0.295;0.271;0.247;0.212;0.569;0.142;0.171;0.076;0.049;0.093;0.027
22163;0.303;0.217;4.998;0.293;0.269;0.247;0.21;0.569;0.139;0.173;0.078;0.049;0.095;0.029
22164;0.305;0.22;4.998;0.293;0.266;0.244;0.21;0.569;0.139;0.176;0.081;0.046;0.09;0.024
22165;0.303;0.22;4.998;0.293;0.273;0.247;0.212;0.571;0.137;0.178;0.081;0.046;0.093;0.027
22166;0.303;0.217;4.998;0.293;0.269;0.247;0.212;0.566;0.142;0.181;0.083;0.049;0.093;0.029
22167;0.308;0.22;4.998;0.293;0.264;0.247;0.21;0.569;0.139;0.181;0.085;0.049;0.095;0.024
22168;0.308;0.22;4.998;0.293;0.266;0.244;0.212;0.566;0.139;0.183;0.083;0.049;0.095;0.027
22169;0.308;0.22;4.998;0.293;0.264;0.247;0.212;0.564;0.137;0.178;0.078;0.042;0.095;0.024
22170;0.31;0.217;4.998;0.293;0.264;0.244;0.212;0.564;0.142;0.181;0.085;0.046;0.098;0.022
22171;0.31;0.22;4.998;0.291;0.256;0.244;0.215;0.562;0.139;0.183;0.085;0.044;0.098;0.024
22172;0.312;0.22;4.998;0.293;0.259;0.242;0.217;0.564;0.142;0.183;0.088;0.044;0.1;0.027
22173;0.31;0.217;4.998;0.288;0.261;0.247;0.22;0.562;0.142;0.183;0.085;0.044;0.1;0.022
22174;0.312;0.217;4.998;0.295;0.249;0.247;0.22;0.562;0.142;0.181;0.085;0.046;0.1;0.027
22175;0.31;0.22;4.998;0.291;0.251;0.244;0.215;0.562;0.144;0.178;0.088;0.046;0.103;0.027
22176;0.312;0.217;4.998;0.298;0.251;0.244;0.215;0.562;0.142;0.176;0.085;0.044;0.098;0.024
22177;0.31;0.217;4.998;0.295;0.251;0.244;0.215;0.564;0.146;0.176;0.083;0.044;0.105;0.027
22178;0.312;0.217;4.998;0.295;0.249;0.244;0.212;0.562;0.146;0.176;0.088;0.046;0.103;0.027
22179;0.312;0.217;4.998;0.293;0.247;0.242;0.21;0.562;0.146;0.171;0.088;0.049;0.105;0.029
22180;0.31;0.217;4.998;0.295;0.251;0.244;0.21;0.562;0.149;0.168;0.09;0.046;0.103;0.027
22181;0.308;0.217;2.617;0.291;0.247;0.244;0.21;0.562;0.146;0.168;0.088;0.046;0.107;0.027
22182;0.31;0.212;1.35;0.291;0.247;0.244;0.205;0.559;0.146;0.166;0.093;0.044;0.107;0.027
22183;0.312;0.212;0.762;0.288;0.254;0.242;0.205;0.557;0.149;0.166;0.093;0.046;0.103;0.022
22184;0.31;0.212;0.498;0.288;0.256;0.244;0.205;0.559;0.149;0.161;0.093;0.046;0.107;0.029
22185;0.31;0.21;0.369;0.293;0.261;0.244;0.203;0.559;0.149;0.156;0.093;0.046;0.107;0.027
22186;0.31;0.208;0.308;0.291;0.259;0.244;0.203;0.559;0.149;0.156;0.093;0.044;0.107;0.024
22187;0.31;0.21;0.293;0.291;0.261;0.242;0.203;0.562;0.151;0.154;0.093;0.046;0.107;0.024
22188;0.31;0.21;0.33;0.293;0.266;0.242;0.2;0.559;0.154;0.151;0.093;0.044;0.107;0.024
22189;0.31;0.208;0.623;0.293;0.264;0.239;0.203;0.564;0.151;0.151;0.095;0.046;0.105;0.027
22190;0.312;0.208;0.452;0.293;0.261;0.242;0.203;0.562;0.156;0.146;0.095;0.046;0.112;0.027
22191;0.312;0.21;0.667;0.293;0.266;0.242;0.2;0.562;0.156;0.146;0.098;0.046;0.112;0.027
22192;0.312;0.208;0.461;0.291;0.264;0.239;0.203;0.564;0.154;0.139;0.095;0.044;0.11;0.024
22193;0.312;0.208;0.559;0.293;0.264;0.242;0.205;0.562;0.156;0.139;0.095;0.044;0.112;0.029
22194;0.31;0.21;0.837;0.293;0.256;0.242;0.205;0.562;0.156;0.137;0.095;0.046;0.112;0.027
22195;0.31;0.212;1.108;0.291;0.254;0.242;0.208;0.562;0.156;0.134;0.095;0.046;0.112;0.022
22196;0.31;0.21;0.552;0.291;0.256;0.242;0.208;0.564;0.156;0.132;0.095;0.044;0.112;0.027
22197;0.308;0.212;0.698;0.286;0.251;0.244;0.205;0.562;0.159;0.132;0.098;0.046;0.11;0.027
22198;0.312;0.21;0.728;0.286;0.249;0.244;0.205;0.564;0.156;0.129;0.098;0.044;0.115;0.027
22199;0.312;0.212;0.991;0.283;0.251;0.247;0.203;0.566;0.159;0.127;0.095;0.044;0.115;0.024
22200;0.312;0.212;1.304;0.286;0.251;0.244;0.2;0.564;0.161;0.125;0.098;0.046;0.11;0.024
22201;0.312;0.212;1.018;0.288;0.249;0.242;0.2;0.564;0.161;0.122;0.095;0.046;0.107;0.027
22202;0.31;0.212;0.525;0.286;0.249;0.242;0.205;0.566;0.161;0.12;0.098;0.046;0.115;0.027
22203;0.31;0.215;0.388;0.288;0.251;0.242;0.203;0.566;0.159;0.117;0.095;0.044;0.115;0.027
22204;0.31;0.212;0.576;0.286;0.251;0.242;0.203;0.566;0.164;0.117;0.095;0.046;0.115;0.027
22205;0.308;0.21;0.676;0.288;0.254;0.242;0.205;0.566;0.164;0.11;0.095;0.044;0.107;0.024
22206;0.31;0.212;0.522;0.291;0.256;0.242;0.205;0.564;0.161;0.107;0.095;0.046;0.115;0.027
22207;0.308;0.21;0.605;0.288;0.259;0.242;0.203;0.566;0.166;0.11;0.098;0.046;0.117;0.027
22208;0.308;0.21;0.884;0.291;0.259;0.239;0.205;0.566;0.161;0.105;0.093;0.046;0.112;0.024
22209;0.308;0.21;0.73;0.291;0.254;0.239;0.203;0.566;0.161;0.105;0.098;0.044;0.112;0.022
22210;0.305;0.21;0.735;0.291;0.254;0.242;0.203;0.566;0.164;0.1;0.095;0.046;0.115;0.027
22211;0.305;0.208;0.637;0.291;0.256;0.242;0.203;0.569;0.166;0.1;0.095;0.046;0.115;0.027
22212;0.305;0.208;0.508;0.288;0.254;0.239;0.203;0.569;0.164;0.093;0.095;0.046;0.11;0.024
22213;0.308;0.208;0.459;0.288;0.254;0.239;0.2;0.569;0.164;0.093;0.098;0.046;0.115;0.024
22214;0.308;0.205;0.898;0.288;0.249;0.242;0.198;0.569;0.164;0.093;0.095;0.046;0.115;0.024
22215;0.305;0.205;0.962;0.288;0.249;0.242;0.2;0.566;0.161;0.088;0.095;0.046;0.115;0.027
22216;0.305;0.203;0.933;0.288;0.244;0.239;0.2;0.566;0.164;0.088;0.093;0.046;0.115;0.027
22217;0.305;0.203;0.894;0.288;0.242;0.237;0.2;0.564;0.164;0.088;0.093;0.046;0.115;0.024
22218;0.308;0.203;0.62;0.288;0.242;0.237;0.203;0.566;0.161;0.085;0.095;0.049;0.115;0.027
22219;0.308;0.2;0.488;0.288;0.244;0.239;0.203;0.566;0.164;0.083;0.093;0.046;0.112;0.027
22220;0.308;0.2;0.483;0.288;0.244;0.239;0.205;0.566;0.164;0.078;0.09;0.044;0.115;0.024
22221;0.308;0.2;0.469;0.286;0.244;0.239;0.208;0.566;0.166;0.083;0.093;0.046;0.115;0.027
22222;0.305;0.203;0.53;0.286;0.247;0.239;0.205;0.569;0.166;0.081;0.093;0.046;0.112;0.027
22223;0.305;0.198;0.54;0.286;0.251;0.242;0.205;0.569;0.164;0.078;0.093;0.046;0.11;0.027
22224;0.305;0.198;0.671;0.283;0.251;0.239;0.203;0.569;0.164;0.073;0.088;0.046;0.117;0.024
22225;0.305;0.203;0.708;0.286;0.254;0.239;0.2;0.569;0.166;0.073;0.09;0.049;0.117;0.024
22226;0.305;0.2;0.684;0.281;0.254;0.242;0.203;0.566;0.166;0.073;0.088;0.046;0.115;0.027
22227;0.305;0.2;0.813;0.283;0.259;0.242;0.2;0.569;0.166;0.068;0.088;0.049;0.117;0.024
22228;0.303;0.205;0.693;0.281;0.259;0.242;0.203;0.569;0.168;0.071;0.09;0.049;0.115;0.029
22229;0.305;0.2;0.669;0.281;0.261;0.242;0.203;0.566;0.164;0.068;0.088;0.046;0.112;0.027
22230;0.305;0.205;0.881;0.281;0.261;0.239;0.203;0.564;0.164;0.061;0.083;0.044;0.112;0.022
22231;0.305;0.205;0.952;0.283;0.264;0.239;0.198;0.564;0.166;0.061;0.085;0.044;0.115;0.024
22232;0.305;0.208;1.084;0.283;0.264;0.237;0.198;0.566;0.166;0.063;0.085;0.046;0.112;0.024
22233;0.303;0.21;0.82;0.283;0.264;0.239;0.198;0.564;0.166;0.061;0.085;0.049;0.117;0.029
22234;0.303;0.208;0.881;0.281;0.266;0.237;0.2;0.566;0.166;0.059;0.085;0.044;0.115;0.029
22235;0.303;0.208;1.118;0.281;0.266;0.237;0.195;0.564;0.164;0.059;0.085;0.046;0.112;0.024
22236;0.305;0.21;0.994;0.281;0.266;0.237;0.195;0.562;0.164;0.059;0.088;0.046;0.115;0.024
22237;0.308;0.21;0.671;0.283;0.269;0.234;0.193;0.562;0.166;0.056;0.085;0.046;0.11;0.024
22238;0.308;0.21;0.623;0.281;0.266;0.237;0.19;0.562;0.166;0.056;0.088;0.051;0.115;0.027
22239;0.303;0.212;0.64;0.281;0.266;0.239;0.193;0.559;0.164;0.056;0.088;0.044;0.112;0.024
22240;0.303;0.212;0.977;0.281;0.264;0.234;0.19;0.559;0.164;0.054;0.088;0.046;0.112;0.022
22241;0.305;0.215;0.613;0.283;0.266;0.239;0.195;0.557;0.164;0.054;0.085;0.044;0.112;0.024
22242;0.303;0.215;0.874;0.281;0.266;0.237;0.195;0.559;0.171;0.054;0.088;0.044;0.112;0.024
22243;0.3;0.215;0.647;0.283;0.269;0.237;0.198;0.557;0.168;0.051;0.088;0.046;0.11;0.024
22244;0.3;0.215;0.823;0.286;0.266;0.239;0.2;0.559;0.166;0.051;0.085;0.046;0.11;0.027
22245;0.303;0.212;0.796;0.283;0.269;0.239;0.203;0.559;0.166;0.051;0.088;0.046;0.112;0.022
22246;0.303;0.212;0.645;0.283;0.266;0.237;0.205;0.559;0.166;0.051;0.09;0.049;0.11;0.024
22247;0.303;0.215;0.789;0.281;0.269;0.239;0.203;0.557;0.166;0.049;0.093;0.049;0.11;0.024
22248;0.303;0.215;0.732;0.283;0.269;0.237;0.205;0.557;0.166;0.044;0.088;0.046;0.11;0.024
22249;0.303;0.21;0.613;0.283;0.271;0.234;0.203;0.557;0.168;0.046;0.09;0.046;0.11;0.024
22250;0.303;0.21;0.527;0.281;0.271;0.234;0.203;0.557;0.166;0.046;0.095;0.046;0.11;0.027
22251;0.305;0.21;0.659;0.281;0.271;0.234;0.203;0.557;0.168;0.046;0.098;0.049;0.11;0.027
22252;0.305;0.208;0.815;0.278;0.273;0.234;0.2;0.557;0.166;0.044;0.093;0.046;0.107;0.024
22253;0.303;0.208;0.718;0.278;0.271;0.234;0.2;0.557;0.166;0.046;0.095;0.044;0.107;0.024
22254;0.303;0.205;0.811;0.276;0.271;0.234;0.203;0.557;0.166;0.042;0.1;0.046;0.107;0.024
22255;0.305;0.205;0.891;0.278;0.273;0.234;0.203;0.557;0.168;0.044;0.1;0.046;0.11;0.024
22256;0.303;0.203;0.823;0.278;0.271;0.234;0.203;0.557;0.166;0.044;0.1;0.046;0.107;0.022
22257;0.303;0.203;0.676;0.278;0.271;0.234;0.205;0.557;0.168;0.044;0.103;0.044;0.11;0.022
22258;0.3;0.203;0.981;0.278;0.273;0.237;0.205;0.559;0.166;0.039;0.1;0.046;0.105;0.024
22259;0.3;0.203;1.062;0.276;0.273;0.234;0.205;0.554;0.168;0.039;0.103;0.049;0.105;0.024
22260;0.3;0.203;0.842;0.278;0.271;0.234;0.203;0.554;0.171;0.042;0.107;0.049;0.107;0.027
22261;0.3;0.203;0.872;0.276;0.271;0.237;0.203;0.554;0.171;0.042;0.112;0.049;0.105;0.027
22262;0.303;0.203;0.869;0.278;0.273;0.237;0.203;0.557;0.168;0.042;0.107;0.046;0.103;0.024
22263;0.303;0.205;0.886;0.276;0.271;0.237;0.198;0.557;0.171;0.042;0.11;0.046;0.107;0.02
22264;0.303;0.205;0.835;0.276;0.269;0.234;0.198;0.557;0.171;0.039;0.112;0.049;0.107;0.027
22265;0.303;0.205;0.984;0.278;0.269;0.234;0.195;0.557;0.168;0.039;0.112;0.049;0.105;0.024
22266;0.303;0.208;1.03;0.276;0.269;0.232;0.195;0.557;0.171;0.039;0.115;0.046;0.105;0.022
22267;0.305;0.208;0.867;0.276;0.269;0.232;0.195;0.559;0.171;0.037;0.112;0.046;0.103;0.022
22268;0.303;0.208;1.016;0.278;0.266;0.229;0.195;0.557;0.171;0.039;0.115;0.049;0.105;0.027
22269;0.305;0.21;0.959;0.276;0.266;0.229;0.198;0.554;0.168;0.034;0.115;0.046;0.107;0.024
22270;0.305;0.208;0.996;0.276;0.264;0.229;0.198;0.557;0.168;0.037;0.117;0.044;0.103;0.022
22271;0.308;0.208;0.901;0.281;0.264;0.229;0.198;0.554;0.171;0.037;0.117;0.046;0.103;0.022
22272;0.305;0.21;1.191;0.278;0.264;0.232;0.2;0.557;0.168;0.037;0.12;0.049;0.103;0.022
22273;0.303;0.208;3.306;0.278;0.261;0.232;0.203;0.554;0.171;0.034;0.117;0.044;0.103;0.024
22274;0.305;0.208;4.998;0.283;0.264;0.232;0.2;0.554;0.168;0.034;0.12;0.046;0.105;0.024
22275;0.305;0.208;4.998;0.281;0.264;0.232;0.198;0.559;0.168;0.034;0.12;0.046;0.105;0.024
22276;0.308;0.208;4.998;0.283;0.264;0.229;0.2;0.554;0.171;0.037;0.12;0.046;0.105;0.024
22277;0.303;0.21;4.998;0.283;0.264;0.229;0.2;0.557;0.168;0.034;0.12;0.049;0.103;0.024
22278;0.305;0.208;4.998;0.283;0.266;0.232;0.203;0.557;0.166;0.034;0.12;0.044;0.103;0.024
22279;0.308;0.208;4.998;0.283;0.261;0.229;0.2;0.557;0.166;0.032;0.12;0.046;0.103;0.024
22280;0.305;0.21;4.998;0.283;0.264;0.229;0.2;0.554;0.166;0.034;0.12;0.046;0.1;0.027
22281;0.305;0.208;4.998;0.283;0.264;0.229;0.205;0.557;0.168;0.034;0.122;0.049;0.103;0.024
22282;0.308;0.21;4.998;0.283;0.261;0.232;0.205;0.557;0.164;0.032;0.12;0.046;0.1;0.022
22283;0.305;0.21;4.998;0.283;0.261;0.232;0.205;0.557;0.166;0.034;0.125;0.046;0.103;0.024
22284;0.305;0.208;4.998;0.283;0.259;0.232;0.203;0.557;0.161;0.032;0.12;0.044;0.103;0.027
22285;0.305;0.208;4.998;0.281;0.256;0.232;0.203;0.554;0.164;0.032;0.127;0.049;0.103;0.024
22286;0.303;0.208;4.998;0.281;0.256;0.229;0.2;0.557;0.164;0.032;0.125;0.044;0.103;0.024
22287;0.305;0.208;4.998;0.281;0.256;0.232;0.2;0.554;0.161;0.032;0.127;0.046;0.103;0.024
22288;0.305;0.208;4.998;0.281;0.256;0.234;0.203;0.554;0.164;0.032;0.127;0.044;0.103;0.024
22289;0.305;0.208;4.998;0.281;0.259;0.232;0.203;0.552;0.161;0.029;0.127;0.046;0.1;0.024
22290;0.305;0.208;4.998;0.281;0.261;0.232;0.203;0.557;0.161;0.032;0.132;0.046;0.1;0.022
22291;0.305;0.205;4.998;0.281;0.261;0.234;0.203;0.554;0.161;0.029;0.129;0.046;0.1;0.024
22292;0.305;0.205;4.998;0.281;0.264;0.234;0.2;0.552;0.164;0.032;0.134;0.046;0.1;0.027
22293;0.305;0.205;4.998;0.281;0.264;0.232;0.203;0.552;0.164;0.032;0.137;0.046;0.1;0.024
22294;0.308;0.205;4.998;0.278;0.264;0.232;0.198;0.554;0.159;0.032;0.139;0.044;0.1;0.024
22295;0.305;0.205;4.998;0.276;0.266;0.229;0.198;0.554;0.161;0.034;0.142;0.044;0.1;0.024
22296;0.303;0.205;4.998;0.276;0.264;0.232;0.198;0.557;0.161;0.029;0.144;0.044;0.103;0.024
22297;0.305;0.208;4.998;0.276;0.266;0.229;0.2;0.557;0.159;0.032;0.144;0.044;0.1;0.024
22298;0.305;0.208;4.998;0.273;0.266;0.232;0.198;0.554;0.159;0.029;0.146;0.044;0.103;0.027
22299;0.303;0.208;4.998;0.273;0.269;0.229;0.2;0.554;0.159;0.032;0.149;0.044;0.1;0.024
22300;0.305;0.21;4.998;0.271;0.269;0.232;0.198;0.554;0.159;0.029;0.151;0.044;0.1;0.024
22301;0.305;0.21;4.998;0.271;0.266;0.234;0.2;0.557;0.161;0.032;0.149;0.042;0.1;0.027
22302;0.303;0.21;4.998;0.273;0.266;0.234;0.2;0.554;0.159;0.029;0.149;0.042;0.098;0.027
22303;0.303;0.21;4.998;0.269;0.266;0.232;0.203;0.557;0.159;0.029;0.149;0.042;0.098;0.024
22304;0.303;0.21;4.998;0.271;0.266;0.232;0.205;0.552;0.159;0.032;0.154;0.044;0.1;0.024
22305;0.303;0.21;4.998;0.273;0.266;0.234;0.208;0.552;0.159;0.029;0.151;0.044;0.098;0.024
22306;0.305;0.208;4.998;0.273;0.266;0.232;0.208;0.554;0.159;0.029;0.146;0.042;0.098;0.022
22307;0.303;0.21;4.998;0.271;0.269;0.234;0.205;0.554;0.159;0.029;0.146;0.044;0.098;0.022
22308;0.303;0.208;4.998;0.271;0.266;0.229;0.208;0.552;0.156;0.029;0.144;0.044;0.098;0.027
22309;0.305;0.21;4.998;0.271;0.266;0.232;0.208;0.554;0.156;0.027;0.142;0.042;0.098;0.022
22310;0.303;0.21;4.998;0.276;0.266;0.232;0.208;0.557;0.156;0.029;0.139;0.042;0.095;0.024
22311;0.305;0.208;4.998;0.276;0.264;0.232;0.208;0.557;0.156;0.027;0.137;0.042;0.098;0.022
22312;0.303;0.21;4.998;0.278;0.266;0.229;0.208;0.554;0.156;0.027;0.132;0.042;0.1;0.022
22313;0.303;0.21;4.998;0.278;0.261;0.232;0.208;0.552;0.156;0.027;0.132;0.044;0.1;0.027
22314;0.303;0.21;4.998;0.276;0.261;0.229;0.21;0.554;0.156;0.029;0.132;0.042;0.098;0.024
22315;0.303;0.208;4.998;0.276;0.261;0.229;0.205;0.552;0.156;0.029;0.129;0.044;0.098;0.02
22316;0.303;0.208;4.998;0.278;0.261;0.232;0.208;0.554;0.156;0.029;0.129;0.044;0.095;0.022
22317;0.303;0.21;4.998;0.276;0.264;0.229;0.208;0.554;0.151;0.029;0.129;0.044;0.1;0.022
22318;0.3;0.21;2.883;0.273;0.266;0.232;0.205;0.554;0.156;0.032;0.127;0.044;0.098;0.022
22319;0.3;0.208;1.465;0.271;0.266;0.229;0.205;0.552;0.156;0.032;0.125;0.042;0.098;0.024
22320;0.298;0.208;0.811;0.273;0.266;0.227;0.203;0.552;0.159;0.029;0.127;0.046;0.095;0.022
22321;0.3;0.205;0.518;0.271;0.266;0.229;0.203;0.554;0.156;0.032;0.125;0.044;0.098;0.024
22322;0.298;0.205;0.391;0.276;0.266;0.229;0.203;0.554;0.156;0.027;0.125;0.042;0.093;0.022
22323;0.298;0.203;0.31;0.276;0.266;0.227;0.203;0.554;0.159;0.029;0.127;0.044;0.1;0.024
22324;0.298;0.203;0.266;0.276;0.266;0.232;0.2;0.554;0.159;0.027;0.125;0.044;0.098;0.022
22325;0.298;0.205;0.251;0.278;0.264;0.232;0.203;0.552;0.159;0.029;0.127;0.046;0.098;0.024
22326;0.298;0.203;0.242;0.278;0.264;0.234;0.2;0.552;0.161;0.027;0.127;0.044;0.095;0.022
22327;0.298;0.203;0.239;0.281;0.261;0.234;0.2;0.554;0.159;0.027;0.127;0.044;0.098;0.024
22328;0.298;0.203;0.242;0.281;0.261;0.232;0.205;0.552;0.161;0.029;0.127;0.044;0.095;0.024
22329;0.3;0.203;0.254;0.283;0.256;0.234;0.205;0.549;0.159;0.032;0.127;0.044;0.095;0.024
22330;0.3;0.203;0.242;0.278;0.256;0.237;0.205;0.552;0.164;0.029;0.127;0.044;0.095;0.024
22331;0.3;0.203;0.237;0.283;0.256;0.237;0.208;0.552;0.161;0.029;0.129;0.044;0.095;0.022
22332;0.298;0.205;0.239;0.281;0.256;0.239;0.208;0.552;0.159;0.027;0.132;0.042;0.093;0.024
22333;0.3;0.205;0.239;0.281;0.251;0.239;0.208;0.549;0.159;0.027;0.137;0.044;0.095;0.024
22334;0.298;0.205;0.237;0.281;0.254;0.237;0.208;0.552;0.159;0.027;0.139;0.042;0.095;0.022
22335;0.3;0.208;0.242;0.286;0.254;0.237;0.208;0.552;0.161;0.024;0.142;0.042;0.098;0.024
22336;0.3;0.208;0.237;0.283;0.254;0.234;0.205;0.549;0.161;0.029;0.146;0.044;0.093;0.022
22337;0.3;0.208;0.234;0.283;0.254;0.234;0.205;0.549;0.156;0.027;0.149;0.044;0.093;0.022
22338;0.3;0.205;0.232;0.283;0.256;0.234;0.205;0.554;0.146;0.017;0.142;0.034;0.105;0.034
22339;0.3;0.208;0.234;0.286;0.256;0.234;0.205;0.549;0.159;0.027;0.154;0.044;0.095;0.022
22340;0.3;0.208;0.232;0.286;0.259;0.232;0.205;0.549;0.159;0.029;0.156;0.046;0.095;0.027
22341;0.3;0.208;0.232;0.283;0.259;0.232;0.21;0.552;0.159;0.027;0.159;0.042;0.093;0.022
22342;0.298;0.208;0.232;0.286;0.259;0.232;0.21;0.552;0.159;0.027;0.161;0.044;0.093;0.022
22343;0.3;0.208;0.234;0.286;0.259;0.232;0.21;0.552;0.159;0.024;0.164;0.044;0.09;0.022
22344;0.303;0.21;0.234;0.286;0.259;0.232;0.21;0.552;0.159;0.029;0.166;0.044;0.093;0.022
22345;0.303;0.21;0.234;0.283;0.259;0.232;0.21;0.552;0.159;0.029;0.168;0.044;0.093;0.022
22346;0.303;0.21;0.237;0.283;0.261;0.232;0.21;0.552;0.159;0.029;0.168;0.042;0.093;0.027
22347;0.303;0.212;0.237;0.283;0.261;0.234;0.208;0.552;0.159;0.027;0.171;0.044;0.093;0.02
22348;0.3;0.212;0.239;0.286;0.261;0.234;0.208;0.552;0.156;0.027;0.166;0.044;0.093;0.022
22349;0.3;0.21;0.239;0.283;0.264;0.232;0.205;0.554;0.159;0.029;0.168;0.046;0.093;0.024
22350;0.303;0.215;0.239;0.283;0.261;0.234;0.205;0.552;0.156;0.029;0.168;0.042;0.09;0.022
22351;0.303;0.215;0.239;0.286;0.259;0.234;0.205;0.552;0.156;0.024;0.166;0.042;0.09;0.022
22352;0.303;0.21;0.242;0.283;0.261;0.229;0.203;0.552;0.156;0.029;0.166;0.042;0.09;0.02
22353;0.303;0.215;0.244;0.281;0.259;0.229;0.203;0.552;0.156;0.029;0.166;0.046;0.093;0.029
22354;0.303;0.212;0.244;0.283;0.259;0.232;0.2;0.552;0.151;0.024;0.161;0.042;0.09;0.022
22355;0.303;0.215;0.244;0.281;0.261;0.232;0.205;0.554;0.156;0.032;0.164;0.046;0.09;0.022
22356;0.303;0.212;0.242;0.281;0.259;0.229;0.203;0.552;0.154;0.029;0.161;0.044;0.088;0.024
22357;0.305;0.212;0.242;0.278;0.259;0.229;0.208;0.552;0.151;0.027;0.159;0.044;0.088;0.024
22358;0.305;0.212;0.242;0.281;0.264;0.229;0.205;0.549;0.151;0.029;0.156;0.044;0.09;0.024
22359;0.303;0.212;0.244;0.281;0.264;0.227;0.208;0.549;0.149;0.027;0.154;0.044;0.088;0.024
22360;0.3;0.21;0.242;0.278;0.264;0.229;0.21;0.552;0.149;0.029;0.156;0.044;0.088;0.024
22361;0.303;0.212;0.244;0.281;0.264;0.232;0.21;0.549;0.149;0.024;0.154;0.042;0.085;0.022
22362;0.303;0.215;0.242;0.278;0.264;0.229;0.208;0.549;0.149;0.029;0.151;0.044;0.088;0.022
22363;0.305;0.212;0.244;0.281;0.266;0.232;0.21;0.549;0.144;0.027;0.149;0.042;0.088;0.027
22364;0.303;0.212;0.242;0.278;0.266;0.234;0.21;0.549;0.146;0.029;0.149;0.042;0.088;0.022
22365;0.305;0.212;0.242;0.278;0.266;0.232;0.208;0.552;0.144;0.027;0.146;0.044;0.083;0.024
22366;0.303;0.215;0.242;0.278;0.266;0.234;0.208;0.552;0.146;0.029;0.146;0.044;0.088;0.024
22367;0.305;0.212;0.237;0.281;0.264;0.234;0.21;0.552;0.144;0.027;0.144;0.044;0.085;0.027
22368;0.305;0.215;0.237;0.281;0.261;0.234;0.205;0.549;0.142;0.029;0.144;0.044;0.083;0.024
22369;0.305;0.212;0.234;0.278;0.261;0.234;0.208;0.552;0.142;0.029;0.142;0.044;0.085;0.027
22370;0.303;0.212;0.237;0.281;0.261;0.239;0.208;0.549;0.142;0.027;0.142;0.042;0.081;0.022
22371;0.303;0.215;0.237;0.281;0.261;0.237;0.205;0.549;0.142;0.029;0.139;0.044;0.081;0.024
22372;0.303;0.215;0.234;0.281;0.264;0.237;0.21;0.552;0.139;0.027;0.137;0.044;0.083;0.024
22373;0.305;0.212;0.237;0.281;0.259;0.237;0.21;0.549;0.137;0.027;0.134;0.044;0.081;0.024
22374;0.303;0.215;0.237;0.281;0.256;0.239;0.208;0.554;0.139;0.027;0.134;0.042;0.081;0.022
22375;0.3;0.217;0.237;0.281;0.256;0.237;0.21;0.552;0.142;0.029;0.134;0.044;0.083;0.024
22376;0.305;0.217;0.234;0.281;0.254;0.234;0.21;0.552;0.139;0.029;0.129;0.046;0.081;0.022
22377;0.303;0.215;0.234;0.278;0.251;0.234;0.208;0.549;0.139;0.029;0.125;0.042;0.078;0.022
22378;0.303;0.215;0.237;0.278;0.254;0.237;0.21;0.552;0.139;0.029;0.125;0.046;0.081;0.024
22379;0.3;0.215;0.239;0.281;0.251;0.237;0.21;0.552;0.139;0.027;0.125;0.044;0.081;0.022
22380;0.303;0.217;0.234;0.276;0.254;0.239;0.21;0.554;0.137;0.027;0.125;0.042;0.078;0.024
22381;0.303;0.217;0.237;0.278;0.251;0.239;0.21;0.552;0.137;0.029;0.122;0.042;0.078;0.024
22382;0.3;0.217;0.234;0.276;0.249;0.237;0.21;0.552;0.137;0.027;0.12;0.044;0.076;0.024
22383;0.298;0.215;0.237;0.276;0.254;0.239;0.212;0.554;0.132;0.027;0.115;0.044;0.081;0.027
22384;0.298;0.215;0.234;0.278;0.251;0.239;0.215;0.552;0.127;0.029;0.117;0.044;0.076;0.024
22385;0.298;0.217;0.237;0.281;0.254;0.239;0.212;0.554;0.132;0.024;0.115;0.044;0.078;0.024
22386;0.298;0.215;0.232;0.278;0.254;0.237;0.21;0.552;0.129;0.027;0.11;0.044;0.076;0.024
22387;0.295;0.215;0.234;0.278;0.254;0.242;0.212;0.552;0.134;0.024;0.107;0.044;0.078;0.027
22388;0.298;0.215;0.234;0.278;0.256;0.239;0.212;0.552;0.127;0.027;0.107;0.042;0.076;0.024
22389;0.295;0.215;0.232;0.281;0.256;0.237;0.21;0.552;0.127;0.027;0.105;0.042;0.078;0.027
22390;0.295;0.212;0.232;0.281;0.254;0.237;0.21;0.552;0.122;0.027;0.107;0.042;0.078;0.024
22391;0.298;0.215;0.232;0.283;0.254;0.237;0.208;0.554;0.122;0.029;0.105;0.042;0.078;0.024
22392;0.298;0.215;0.234;0.281;0.254;0.237;0.21;0.554;0.132;0.032;0.105;0.044;0.076;0.022
22393;0.298;0.215;0.237;0.281;0.254;0.239;0.212;0.552;0.129;0.027;0.103;0.044;0.076;0.024
22394;0.298;0.212;0.234;0.283;0.251;0.237;0.215;0.557;0.127;0.027;0.1;0.044;0.076;0.022
22395;0.303;0.212;0.237;0.283;0.251;0.239;0.215;0.552;0.134;0.027;0.1;0.044;0.078;0.027
22396;0.298;0.215;0.232;0.283;0.249;0.239;0.215;0.554;0.132;0.027;0.098;0.044;0.073;0.024
22397;0.298;0.21;0.237;0.283;0.251;0.239;0.215;0.554;0.132;0.024;0.098;0.044;0.071;0.022
22398;0.3;0.212;0.239;0.283;0.249;0.239;0.212;0.554;0.132;0.027;0.093;0.042;0.078;0.024
22399;0.303;0.215;0.239;0.283;0.254;0.239;0.212;0.557;0.137;0.027;0.095;0.046;0.071;0.024
22400;0.3;0.212;0.242;0.283;0.254;0.239;0.212;0.557;0.137;0.027;0.095;0.046;0.073;0.024
22401;0.303;0.217;0.242;0.283;0.256;0.239;0.212;0.557;0.137;0.024;0.093;0.044;0.073;0.024
22402;0.303;0.215;0.242;0.283;0.256;0.239;0.212;0.554;0.134;0.027;0.093;0.044;0.073;0.027
22403;0.303;0.215;0.242;0.278;0.256;0.239;0.212;0.554;0.137;0.027;0.093;0.044;0.071;0.022
22404;0.303;0.22;0.244;0.278;0.256;0.242;0.212;0.554;0.139;0.027;0.09;0.044;0.071;0.024
22405;0.303;0.217;0.247;0.276;0.259;0.242;0.21;0.554;0.142;0.024;0.09;0.042;0.071;0.024
22406;0.303;0.217;0.247;0.276;0.254;0.242;0.212;0.554;0.139;0.027;0.093;0.042;0.071;0.024
22407;0.3;0.22;0.249;0.276;0.254;0.242;0.21;0.554;0.142;0.029;0.093;0.044;0.073;0.024
22408;0.303;0.22;0.244;0.273;0.251;0.242;0.21;0.554;0.139;0.029;0.09;0.044;0.071;0.024
22409;0.303;0.217;0.249;0.271;0.254;0.244;0.21;0.552;0.142;0.024;0.09;0.044;0.071;0.022
22410;0.3;0.217;0.247;0.273;0.256;0.239;0.212;0.554;0.144;0.027;0.093;0.046;0.071;0.022
22411;0.3;0.222;0.247;0.269;0.256;0.242;0.21;0.554;0.144;0.024;0.09;0.042;0.071;0.024
22412;0.3;0.22;0.247;0.269;0.256;0.239;0.21;0.552;0.144;0.027;0.093;0.044;0.068;0.022
22413;0.298;0.22;0.247;0.266;0.259;0.234;0.21;0.552;0.144;0.024;0.09;0.042;0.068;0.02
22414;0.298;0.22;0.244;0.266;0.259;0.237;0.21;0.557;0.146;0.024;0.093;0.044;0.068;0.024
22415;0.3;0.22;0.244;0.266;0.261;0.234;0.21;0.552;0.146;0.022;0.09;0.039;0.071;0.027
22416;0.298;0.22;0.242;0.266;0.261;0.234;0.215;0.554;0.149;0.024;0.093;0.044;0.066;0.02
22417;0.295;0.222;0.249;0.264;0.264;0.234;0.215;0.554;0.149;0.027;0.093;0.044;0.068;0.024
22418;0.298;0.22;0.244;0.261;0.261;0.234;0.217;0.554;0.149;0.027;0.09;0.044;0.073;0.027
22419;0.298;0.22;0.244;0.261;0.261;0.237;0.217;0.554;0.151;0.027;0.093;0.044;0.071;0.024
22420;0.298;0.22;0.247;0.261;0.256;0.234;0.217;0.554;0.151;0.024;0.09;0.044;0.071;0.027
22421;0.298;0.217;0.247;0.259;0.256;0.237;0.22;0.554;0.154;0.027;0.093;0.044;0.071;0.022
22422;0.295;0.22;0.247;0.259;0.256;0.239;0.217;0.554;0.151;0.029;0.088;0.044;0.063;0.022
22423;0.295;0.217;0.247;0.261;0.256;0.239;0.217;0.557;0.154;0.027;0.09;0.044;0.066;0.024
22424;0.298;0.22;0.249;0.261;0.256;0.239;0.217;0.557;0.154;0.027;0.09;0.044;0.071;0.022
22425;0.3;0.217;0.251;0.261;0.254;0.239;0.217;0.557;0.154;0.027;0.085;0.044;0.066;0.022
22426;0.3;0.22;0.254;0.261;0.254;0.242;0.217;0.557;0.151;0.027;0.088;0.046;0.071;0.027
22427;0.3;0.215;0.254;0.261;0.256;0.242;0.215;0.554;0.151;0.024;0.083;0.044;0.068;0.027
22428;0.303;0.22;0.256;0.261;0.254;0.239;0.215;0.557;0.154;0.027;0.083;0.044;0.068;0.027
22429;0.303;0.217;0.261;0.261;0.254;0.242;0.217;0.557;0.154;0.029;0.083;0.042;0.071;0.024
22430;0.3;0.217;0.264;0.261;0.254;0.237;0.215;0.559;0.156;0.029;0.081;0.046;0.066;0.024
22431;0.303;0.222;0.266;0.261;0.256;0.239;0.215;0.554;0.151;0.027;0.078;0.042;0.068;0.024
22432;0.303;0.22;0.273;0.261;0.256;0.239;0.21;0.557;0.151;0.027;0.081;0.042;0.071;0.027
22433;0.303;0.222;0.276;0.261;0.256;0.237;0.21;0.554;0.149;0.027;0.076;0.044;0.066;0.027
22434;0.305;0.222;0.288;0.264;0.254;0.242;0.21;0.557;0.154;0.029;0.073;0.042;0.066;0.022
22435;0.305;0.225;0.293;0.261;0.254;0.239;0.208;0.557;0.149;0.027;0.076;0.044;0.073;0.029
22436;0.303;0.225;0.293;0.261;0.251;0.239;0.208;0.559;0.151;0.027;0.076;0.046;0.066;0.024
22437;0.303;0.227;0.286;0.264;0.254;0.237;0.205;0.554;0.151;0.027;0.076;0.044;0.068;0.027
22438;0.303;0.227;0.303;0.264;0.254;0.239;0.205;0.554;0.149;0.029;0.071;0.044;0.066;0.027
22439;0.305;0.227;0.327;0.261;0.254;0.234;0.208;0.552;0.149;0.027;0.068;0.044;0.066;0.022
22440;0.303;0.227;0.33;0.264;0.254;0.237;0.208;0.557;0.146;0.027;0.071;0.046;0.063;0.024
22441;0.303;0.227;0.347;0.261;0.259;0.237;0.208;0.554;0.146;0.027;0.071;0.044;0.066;0.024
22442;0.3;0.229;0.381;0.261;0.261;0.239;0.21;0.554;0.142;0.027;0.068;0.044;0.066;0.024
22443;0.303;0.227;0.364;0.261;0.259;0.237;0.21;0.554;0.144;0.024;0.068;0.044;0.066;0.024
22444;0.3;0.227;0.376;0.259;0.261;0.239;0.215;0.552;0.144;0.029;0.071;0.049;0.066;0.024
22445;0.3;0.229;0.369;0.264;0.261;0.254;0.217;0.554;0.142;0.027;0.066;0.044;0.066;0.022
22446;0.3;0.227;0.364;0.264;0.261;0.291;0.215;0.554;0.142;0.027;0.066;0.046;0.066;0.024
22447;0.305;0.232;0.337;0.259;0.261;0.312;0.217;0.554;0.142;0.027;0.066;0.046;0.066;0.024
22448;0.303;0.227;0.342;0.259;0.259;0.339;0.217;0.557;0.137;0.024;0.063;0.039;0.066;0.022
22449;0.303;0.229;0.352;0.259;0.261;0.349;0.215;0.554;0.142;0.029;0.066;0.044;0.068;0.024
22450;0.3;0.227;0.364;0.261;0.261;0.352;0.212;0.554;0.139;0.027;0.066;0.044;0.063;0.022
22451;0.3;0.227;0.366;0.261;0.259;0.352;0.212;0.557;0.139;0.027;0.063;0.042;0.066;0.027
22452;0.303;0.227;0.388;0.259;0.259;0.354;0.212;0.554;0.137;0.027;0.066;0.044;0.066;0.02
22453;0.298;0.227;0.376;0.259;0.259;0.352;0.212;0.554;0.137;0.029;0.063;0.039;0.063;0.024
22454;0.3;0.227;0.376;0.261;0.261;0.369;0.212;0.557;0.134;0.027;0.063;0.042;0.066;0.029
22455;0.3;0.227;0.378;0.259;0.259;0.356;0.212;0.552;0.134;0.029;0.063;0.042;0.066;0.022
22456;0.3;0.227;0.376;0.256;0.259;0.374;0.21;0.554;0.134;0.027;0.066;0.042;0.068;0.024
22457;0.298;0.225;0.381;0.256;0.261;0.366;0.212;0.554;0.132;0.029;0.063;0.042;0.066;0.024
22458;0.298;0.222;0.317;0.256;0.261;0.369;0.21;0.557;0.129;0.027;0.066;0.042;0.066;0.024
22459;0.3;0.225;0.334;0.256;0.261;0.359;0.212;0.554;0.132;0.027;0.066;0.042;0.066;0.024
22460;0.298;0.225;0.317;0.254;0.261;0.347;0.212;0.554;0.132;0.027;0.071;0.039;0.066;0.022
22461;0.3;0.225;0.3;0.254;0.264;0.339;0.212;0.554;0.132;0.029;0.071;0.042;0.066;0.024
22462;0.298;0.222;0.325;0.251;0.264;0.342;0.21;0.554;0.132;0.029;0.073;0.042;0.063;0.022
22463;0.303;0.222;0.32;0.249;0.264;0.327;0.212;0.552;0.129;0.029;0.076;0.042;0.066;0.027
22464;0.303;0.22;0.3;0.249;0.269;0.33;0.21;0.554;0.132;0.029;0.078;0.044;0.063;0.027
22465;0.298;0.222;0.312;0.251;0.269;0.332;0.21;0.554;0.127;0.027;0.083;0.044;0.066;0.024
22466;0.303;0.22;0.315;0.251;0.271;0.31;0.21;0.557;0.129;0.032;0.085;0.044;0.063;0.024
22467;0.303;0.222;0.315;0.249;0.271;0.327;0.208;0.557;0.122;0.024;0.088;0.037;0.061;0.027
22468;0.303;0.225;0.295;0.251;0.271;0.317;0.21;0.557;0.127;0.029;0.093;0.044;0.063;0.027
22469;0.305;0.225;0.303;0.251;0.271;0.32;0.21;0.557;0.129;0.029;0.098;0.046;0.063;0.024
22470;0.303;0.225;0.31;0.251;0.271;0.317;0.208;0.557;0.125;0.029;0.103;0.046;0.061;0.022
22471;0.308;0.225;0.322;0.249;0.271;0.32;0.21;0.557;0.122;0.027;0.105;0.046;0.061;0.024
22472;0.305;0.225;0.33;0.247;0.269;0.327;0.208;0.557;0.122;0.029;0.11;0.044;0.061;0.022
22473;0.305;0.229;0.344;0.249;0.266;0.317;0.208;0.557;0.125;0.029;0.117;0.049;0.063;0.027
22474;0.305;0.227;0.337;0.249;0.266;0.325;0.208;0.557;0.122;0.029;0.12;0.046;0.066;0.027
22475;0.303;0.227;0.325;0.247;0.269;0.325;0.208;0.557;0.122;0.027;0.127;0.049;0.059;0.024
22476;0.305;0.229;0.325;0.249;0.269;0.327;0.205;0.557;0.12;0.029;0.132;0.051;0.061;0.027
22477;0.305;0.229;0.327;0.249;0.269;0.327;0.203;0.559;0.12;0.029;0.137;0.049;0.063;0.027
22478;0.305;0.229;0.315;0.249;0.271;0.332;0.205;0.559;0.122;0.029;0.142;0.054;0.063;0.027
22479;0.303;0.227;0.298;0.247;0.273;0.337;0.203;0.559;0.12;0.024;0.146;0.054;0.059;0.024
22480;0.303;0.227;0.31;0.247;0.276;0.33;0.203;0.562;0.12;0.027;0.151;0.054;0.059;0.027
22481;0.303;0.229;0.317;0.249;0.276;0.334;0.203;0.562;0.122;0.027;0.161;0.054;0.061;0.024
22482;0.3;0.229;0.312;0.247;0.278;0.327;0.205;0.557;0.12;0.027;0.164;0.056;0.059;0.027
22483;0.3;0.229;0.305;0.247;0.278;0.325;0.203;0.559;0.117;0.027;0.168;0.059;0.061;0.027
22484;0.303;0.227;0.291;0.249;0.276;0.332;0.203;0.562;0.12;0.027;0.173;0.054;0.063;0.027
22485;0.3;0.227;0.295;0.247;0.276;0.325;0.203;0.562;0.12;0.024;0.178;0.056;0.061;0.024
22486;0.3;0.229;0.293;0.247;0.276;0.32;0.203;0.562;0.117;0.024;0.183;0.056;0.059;0.024
22487;0.3;0.227;0.305;0.247;0.273;0.317;0.205;0.562;0.12;0.029;0.188;0.056;0.061;0.027
22488;0.303;0.227;0.312;0.249;0.276;0.317;0.205;0.562;0.122;0.029;0.193;0.061;0.061;0.024
22489;0.303;0.229;0.327;0.249;0.273;0.32;0.208;0.562;0.122;0.027;0.195;0.061;0.061;0.029
22490;0.3;0.225;0.349;0.251;0.273;0.312;0.205;0.564;0.117;0.024;0.198;0.061;0.059;0.024
22491;0.3;0.225;0.339;0.251;0.273;0.322;0.208;0.562;0.117;0.027;0.203;0.061;0.059;0.024
22492;0.303;0.225;0.315;0.254;0.273;0.327;0.21;0.562;0.12;0.027;0.208;0.061;0.059;0.027
22493;0.3;0.222;0.325;0.254;0.273;0.317;0.205;0.564;0.12;0.029;0.21;0.063;0.054;0.024
22494;0.303;0.225;0.293;0.254;0.273;0.325;0.208;0.562;0.12;0.027;0.217;0.061;0.056;0.024
22495;0.303;0.222;0.3;0.259;0.273;0.325;0.208;0.562;0.122;0.029;0.225;0.061;0.061;0.027
22496;0.3;0.222;0.293;0.256;0.271;0.322;0.208;0.564;0.12;0.027;0.232;0.063;0.059;0.027
22497;0.3;0.222;0.32;0.254;0.271;0.322;0.208;0.562;0.122;0.024;0.237;0.063;0.056;0.029
22498;0.298;0.22;0.303;0.256;0.271;0.325;0.212;0.562;0.12;0.024;0.244;0.066;0.054;0.024
22499;0.298;0.222;0.332;0.251;0.271;0.33;0.21;0.559;0.122;0.027;0.251;0.063;0.056;0.024
22500;0.3;0.22;0.312;0.256;0.271;0.325;0.212;0.562;0.127;0.037;0.266;0.071;0.061;0.029
22501;0.3;0.225;0.308;0.254;0.269;0.325;0.212;0.562;0.117;0.027;0.269;0.063;0.059;0.024
22502;0.3;0.222;0.308;0.256;0.271;0.327;0.215;0.562;0.12;0.027;0.278;0.063;0.056;0.024
22503;0.298;0.225;0.298;0.251;0.269;0.325;0.215;0.562;0.122;0.029;0.286;0.066;0.056;0.024
22504;0.298;0.225;0.33;0.254;0.271;0.322;0.215;0.562;0.125;0.032;0.298;0.068;0.054;0.027
22505;0.3;0.225;0.334;0.251;0.271;0.325;0.215;0.562;0.125;0.034;0.31;0.068;0.056;0.027
22506;0.3;0.225;0.315;0.254;0.271;0.322;0.212;0.564;0.12;0.029;0.315;0.068;0.056;0.027
22507;0.295;0.227;0.32;0.254;0.271;0.322;0.208;0.562;0.12;0.029;0.322;0.066;0.054;0.024
22508;0.295;0.227;0.312;0.254;0.273;0.325;0.208;0.564;0.122;0.029;0.33;0.068;0.051;0.024
22509;0.298;0.227;0.305;0.254;0.273;0.317;0.205;0.562;0.122;0.029;0.342;0.071;0.056;0.027
22510;0.298;0.227;0.31;0.251;0.276;0.32;0.205;0.564;0.122;0.029;0.344;0.068;0.056;0.027
22511;0.298;0.227;0.295;0.249;0.276;0.322;0.205;0.562;0.122;0.032;0.354;0.071;0.056;0.027
22512;0.295;0.225;0.308;0.249;0.273;0.32;0.205;0.562;0.12;0.029;0.361;0.071;0.054;0.029
22513;0.295;0.227;0.298;0.247;0.276;0.322;0.205;0.562;0.122;0.032;0.366;0.071;0.054;0.024
22514;0.295;0.227;0.305;0.247;0.273;0.325;0.205;0.564;0.122;0.032;0.369;0.071;0.056;0.027
22515;0.295;0.225;0.315;0.249;0.276;0.322;0.205;0.562;0.125;0.032;0.376;0.071;0.054;0.027
22516;0.293;0.227;0.312;0.247;0.276;0.322;0.208;0.564;0.12;0.032;0.381;0.073;0.051;0.024
22517;0.295;0.225;0.303;0.249;0.276;0.327;0.21;0.559;0.12;0.032;0.381;0.071;0.054;0.024
22518;0.295;0.225;0.286;0.251;0.276;0.317;0.21;0.564;0.12;0.032;0.383;0.071;0.054;0.027
22519;0.298;0.222;0.291;0.249;0.276;0.327;0.212;0.562;0.122;0.032;0.386;0.076;0.054;0.027
22520;0.298;0.222;0.303;0.251;0.276;0.32;0.21;0.562;0.12;0.032;0.388;0.071;0.049;0.024
22521;0.298;0.225;0.322;0.251;0.276;0.325;0.215;0.564;0.122;0.034;0.393;0.073;0.054;0.024
22522;0.298;0.222;0.315;0.251;0.273;0.32;0.212;0.564;0.12;0.034;0.396;0.071;0.051;0.027
22523;0.3;0.222;0.315;0.249;0.273;0.32;0.212;0.564;0.122;0.032;0.396;0.076;0.054;0.027
22524;0.3;0.222;0.325;0.249;0.271;0.32;0.212;0.562;0.122;0.034;0.398;0.076;0.056;0.029
22525;0.3;0.22;0.305;0.251;0.271;0.317;0.21;0.564;0.12;0.032;0.398;0.076;0.054;0.027
22526;0.3;0.22;0.315;0.251;0.271;0.317;0.212;0.562;0.122;0.034;0.4;0.078;0.054;0.024
22527;0.303;0.217;0.308;0.249;0.269;0.32;0.21;0.562;0.122;0.032;0.4;0.078;0.051;0.024
22528;0.305;0.22;0.31;0.251;0.271;0.315;0.212;0.559;0.12;0.034;0.403;0.078;0.049;0.022
22529;0.305;0.22;0.322;0.251;0.273;0.32;0.21;0.564;0.122;0.032;0.405;0.076;0.051;0.029
22530;0.303;0.217;0.337;0.256;0.271;0.317;0.208;0.559;0.122;0.034;0.405;0.078;0.049;0.024
22531;0.308;0.22;0.332;0.254;0.271;0.32;0.208;0.559;0.12;0.032;0.405;0.078;0.049;0.027
22532;0.308;0.22;0.383;0.254;0.273;0.32;0.208;0.559;0.122;0.034;0.408;0.081;0.051;0.024
22533;0.305;0.222;0.347;0.254;0.271;0.322;0.212;0.562;0.12;0.032;0.408;0.078;0.051;0.027
22534;0.305;0.22;0.364;0.256;0.266;0.32;0.21;0.559;0.125;0.032;0.408;0.083;0.046;0.024
22535;0.308;0.225;0.337;0.256;0.271;0.322;0.215;0.559;0.122;0.032;0.403;0.078;0.046;0.024
22536;0.305;0.225;0.378;0.256;0.269;0.325;0.215;0.557;0.12;0.034;0.403;0.081;0.049;0.024
22537;0.303;0.222;0.459;0.256;0.266;0.327;0.215;0.562;0.125;0.032;0.398;0.078;0.046;0.024
22538;0.303;0.225;0.435;0.254;0.266;0.325;0.215;0.557;0.122;0.032;0.393;0.078;0.046;0.027
22539;0.303;0.227;0.486;0.259;0.264;0.327;0.217;0.562;0.122;0.032;0.393;0.081;0.046;0.024
22540;0.3;0.227;0.547;0.254;0.264;0.327;0.217;0.562;0.127;0.034;0.393;0.083;0.049;0.024
22541;0.3;0.225;0.571;0.259;0.264;0.327;0.217;0.562;0.122;0.029;0.383;0.081;0.046;0.024
22542;0.298;0.227;0.471;0.256;0.264;0.325;0.217;0.559;0.122;0.029;0.378;0.076;0.046;0.022
22543;0.295;0.227;0.42;0.259;0.264;0.322;0.22;0.562;0.125;0.037;0.378;0.081;0.046;0.027
22544;0.295;0.227;0.417;0.261;0.261;0.322;0.217;0.559;0.122;0.032;0.369;0.081;0.046;0.024
22545;0.295;0.225;0.535;0.264;0.264;0.32;0.215;0.559;0.12;0.032;0.361;0.076;0.046;0.022
22546;0.298;0.225;0.532;0.261;0.266;0.325;0.217;0.559;0.12;0.032;0.359;0.081;0.044;0.022
22547;0.293;0.225;0.618;0.264;0.266;0.325;0.215;0.559;0.125;0.034;0.354;0.081;0.046;0.027
22548;0.295;0.225;0.5;0.264;0.264;0.322;0.217;0.559;0.12;0.032;0.347;0.081;0.044;0.024
22549;0.295;0.222;0.466;0.261;0.266;0.325;0.215;0.562;0.122;0.032;0.339;0.078;0.044;0.024
22550;0.295;0.225;0.476;0.261;0.264;0.322;0.215;0.559;0.12;0.032;0.332;0.078;0.044;0.027
22551;0.293;0.225;0.481;0.261;0.261;0.322;0.215;0.562;0.122;0.032;0.327;0.081;0.044;0.027
22552;0.293;0.222;0.498;0.259;0.261;0.322;0.212;0.562;0.122;0.032;0.325;0.081;0.042;0.024
22553;0.295;0.222;0.488;0.259;0.256;0.32;0.215;0.559;0.122;0.032;0.317;0.081;0.046;0.029
22554;0.293;0.222;0.369;0.259;0.256;0.322;0.212;0.562;0.122;0.032;0.308;0.081;0.044;0.024
22555;0.291;0.222;0.388;0.259;0.256;0.322;0.215;0.562;0.122;0.034;0.305;0.081;0.044;0.024
22556;0.293;0.222;0.361;0.261;0.256;0.322;0.215;0.562;0.115;0.027;0.293;0.076;0.044;0.027
22557;0.293;0.217;0.334;0.259;0.254;0.325;0.215;0.559;0.122;0.034;0.295;0.083;0.042;0.022
22558;0.291;0.217;0.425;0.259;0.254;0.325;0.217;0.562;0.122;0.034;0.288;0.083;0.037;0.024
22559;0.293;0.217;0.417;0.259;0.256;0.325;0.22;0.564;0.122;0.034;0.283;0.081;0.042;0.024
22560;0.295;0.215;0.337;0.259;0.256;0.327;0.22;0.562;0.122;0.034;0.278;0.083;0.039;0.024
22561;0.293;0.212;0.327;0.256;0.259;0.327;0.217;0.559;0.122;0.034;0.273;0.081;0.039;0.02
22562;0.293;0.217;0.435;0.259;0.261;0.33;0.215;0.559;0.125;0.037;0.269;0.083;0.049;0.029
22563;0.293;0.212;0.554;0.259;0.259;0.33;0.217;0.562;0.125;0.034;0.264;0.085;0.039;0.022
22564;0.293;0.215;0.51;0.259;0.259;0.325;0.212;0.559;0.122;0.034;0.256;0.083;0.039;0.024
22565;0.293;0.212;0.625;0.256;0.259;0.327;0.215;0.559;0.122;0.034;0.251;0.083;0.039;0.022
22566;0.293;0.212;0.544;0.259;0.259;0.327;0.212;0.559;0.125;0.034;0.244;0.081;0.039;0.024
22567;0.291;0.215;0.576;0.256;0.261;0.327;0.212;0.559;0.122;0.032;0.239;0.081;0.039;0.024
22568;0.291;0.215;0.803;0.254;0.261;0.327;0.208;0.562;0.125;0.034;0.237;0.081;0.037;0.022
22569;0.291;0.215;0.676;0.259;0.256;0.327;0.208;0.562;0.122;0.034;0.227;0.078;0.034;0.02
22570;0.291;0.215;0.833;0.256;0.261;0.325;0.21;0.562;0.125;0.037;0.225;0.078;0.042;0.024
22571;0.291;0.215;0.876;0.256;0.259;0.322;0.212;0.564;0.125;0.037;0.22;0.081;0.039;0.022
22572;0.288;0.217;0.876;0.259;0.259;0.32;0.21;0.562;0.122;0.039;0.217;0.083;0.037;0.022
22573;0.293;0.215;0.95;0.259;0.259;0.322;0.21;0.566;0.125;0.037;0.21;0.081;0.037;0.022
22574;0.291;0.22;0.986;0.259;0.259;0.32;0.21;0.562;0.125;0.034;0.203;0.078;0.034;0.022
22575;0.291;0.222;1.035;0.261;0.256;0.322;0.212;0.564;0.125;0.037;0.198;0.083;0.039;0.024
22576;0.293;0.222;1.094;0.259;0.256;0.317;0.208;0.566;0.122;0.037;0.195;0.081;0.037;0.022
22577;0.293;0.222;1.104;0.259;0.261;0.325;0.212;0.564;0.125;0.037;0.193;0.083;0.037;0.022
22578;0.293;0.22;1.099;0.259;0.256;0.327;0.21;0.562;0.125;0.037;0.188;0.081;0.034;0.02
22579;0.293;0.22;4.998;0.259;0.254;0.327;0.21;0.562;0.125;0.039;0.183;0.083;0.034;0.024
22580;0.291;0.222;4.998;0.256;0.254;0.325;0.21;0.564;0.125;0.042;0.176;0.081;0.034;0.017
22581;0.291;0.222;2.349;0.256;0.256;0.33;0.21;0.562;0.122;0.039;0.173;0.081;0.037;0.029
22582;0.293;0.225;1.638;0.259;0.259;0.332;0.208;0.564;0.122;0.037;0.166;0.078;0.032;0.024
22583;0.293;0.222;4.998;0.259;0.256;0.332;0.208;0.564;0.127;0.042;0.166;0.083;0.034;0.022
22584;0.293;0.222;4.998;0.259;0.259;0.33;0.21;0.564;0.122;0.042;0.161;0.083;0.037;0.024
22585;0.293;0.222;4.998;0.261;0.256;0.33;0.205;0.562;0.125;0.042;0.159;0.081;0.034;0.024
22586;0.288;0.225;4.998;0.261;0.259;0.33;0.205;0.562;0.12;0.042;0.154;0.083;0.034;0.024
22587;0.291;0.222;4.998;0.261;0.259;0.332;0.205;0.559;0.122;0.042;0.151;0.085;0.032;0.022
22588;0.291;0.217;4.998;0.264;0.259;0.332;0.205;0.562;0.125;0.042;0.146;0.081;0.032;0.024
22589;0.293;0.22;4.998;0.264;0.259;0.332;0.208;0.559;0.125;0.042;0.146;0.085;0.032;0.024
22590;0.293;0.217;4.998;0.264;0.256;0.33;0.205;0.559;0.125;0.044;0.142;0.083;0.032;0.024
22591;0.291;0.22;4.998;0.266;0.256;0.33;0.208;0.562;0.122;0.044;0.137;0.083;0.034;0.027
22592;0.288;0.217;4.998;0.266;0.256;0.33;0.208;0.559;0.12;0.049;0.134;0.083;0.032;0.022
22593;0.293;0.217;4.998;0.266;0.256;0.327;0.208;0.559;0.122;0.046;0.134;0.088;0.032;0.024
22594;0.291;0.212;4.998;0.266;0.254;0.332;0.208;0.562;0.122;0.049;0.134;0.085;0.029;0.02
22595;0.293;0.212;4.998;0.266;0.254;0.33;0.21;0.562;0.122;0.049;0.129;0.085;0.034;0.024
22596;0.291;0.21;4.998;0.264;0.256;0.327;0.21;0.559;0.117;0.046;0.127;0.085;0.032;0.022
22597;0.291;0.212;4.998;0.266;0.256;0.327;0.21;0.562;0.12;0.049;0.125;0.085;0.029;0.022
22598;0.288;0.21;4.998;0.269;0.256;0.327;0.21;0.564;0.12;0.046;0.122;0.085;0.034;0.027
22599;0.291;0.21;4.998;0.269;0.254;0.327;0.21;0.562;0.117;0.046;0.117;0.083;0.032;0.022
22600;0.288;0.208;4.998;0.269;0.256;0.327;0.208;0.562;0.12;0.049;0.117;0.083;0.029;0.024
22601;0.286;0.21;4.998;0.266;0.256;0.325;0.21;0.562;0.117;0.046;0.117;0.083;0.029;0.02
22602;0.288;0.208;4.998;0.269;0.259;0.327;0.21;0.562;0.117;0.049;0.115;0.088;0.032;0.024
22603;0.288;0.208;4.998;0.271;0.256;0.33;0.21;0.562;0.117;0.044;0.11;0.088;0.029;0.022
22604;0.288;0.208;4.998;0.269;0.256;0.327;0.21;0.562;0.115;0.046;0.107;0.083;0.029;0.022
22605;0.291;0.208;4.998;0.269;0.259;0.322;0.212;0.559;0.115;0.046;0.105;0.085;0.034;0.024
22606;0.291;0.21;4.998;0.269;0.259;0.327;0.21;0.562;0.115;0.049;0.105;0.083;0.027;0.02
22607;0.288;0.21;4.998;0.269;0.259;0.325;0.208;0.559;0.112;0.046;0.103;0.083;0.032;0.022
22608;0.288;0.212;4.998;0.269;0.254;0.327;0.21;0.559;0.115;0.044;0.103;0.085;0.029;0.022
22609;0.291;0.208;4.998;0.269;0.259;0.33;0.205;0.559;0.112;0.046;0.098;0.083;0.032;0.022
22610;0.286;0.21;4.998;0.269;0.251;0.33;0.208;0.562;0.112;0.046;0.1;0.085;0.032;0.024
22611;0.288;0.21;4.998;0.269;0.256;0.327;0.208;0.559;0.112;0.046;0.098;0.083;0.032;0.022
22612;0.288;0.212;4.998;0.269;0.254;0.325;0.203;0.564;0.11;0.044;0.095;0.083;0.032;0.02
22613;0.288;0.21;4.998;0.269;0.254;0.325;0.205;0.562;0.11;0.044;0.095;0.083;0.032;0.02
22614;0.288;0.21;4.998;0.266;0.254;0.325;0.203;0.562;0.112;0.046;0.095;0.085;0.032;0.024
22615;0.288;0.21;4.998;0.269;0.251;0.327;0.205;0.562;0.11;0.042;0.093;0.085;0.032;0.022
22616;0.286;0.208;4.998;0.269;0.254;0.325;0.205;0.559;0.11;0.044;0.088;0.083;0.032;0.024
22617;0.288;0.21;4.998;0.266;0.254;0.327;0.203;0.559;0.11;0.042;0.085;0.083;0.032;0.022
22618;0.286;0.208;4.998;0.269;0.251;0.325;0.205;0.559;0.11;0.044;0.088;0.083;0.027;0.02
22619;0.288;0.208;4.998;0.269;0.254;0.322;0.205;0.559;0.11;0.042;0.085;0.083;0.032;0.022
22620;0.286;0.205;4.998;0.266;0.249;0.322;0.205;0.562;0.11;0.044;0.085;0.083;0.032;0.022
22621;0.286;0.208;4.998;0.269;0.247;0.322;0.205;0.559;0.11;0.042;0.081;0.083;0.032;0.024
22622;0.286;0.208;4.998;0.266;0.247;0.322;0.205;0.562;0.11;0.042;0.081;0.081;0.034;0.022
22623;0.288;0.208;4.998;0.269;0.249;0.322;0.203;0.564;0.112;0.044;0.081;0.083;0.032;0.022
22624;0.286;0.203;4.998;0.271;0.247;0.322;0.203;0.559;0.112;0.042;0.081;0.083;0.029;0.022
22625;0.286;0.203;4.998;0.273;0.247;0.322;0.203;0.562;0.11;0.039;0.078;0.081;0.032;0.024
22626;0.288;0.203;4.998;0.273;0.247;0.322;0.205;0.562;0.11;0.039;0.076;0.078;0.032;0.022
22627;0.286;0.2;4.998;0.276;0.247;0.317;0.203;0.559;0.11;0.039;0.076;0.076;0.034;0.027
22628;0.286;0.2;4.998;0.278;0.249;0.32;0.203;0.562;0.112;0.039;0.073;0.081;0.032;0.024
22629;0.288;0.198;4.998;0.276;0.249;0.32;0.203;0.562;0.107;0.037;0.071;0.076;0.032;0.024
22630;0.286;0.195;4.998;0.276;0.249;0.322;0.203;0.559;0.11;0.039;0.071;0.076;0.029;0.022
22631;0.286;0.193;4.998;0.276;0.247;0.32;0.203;0.559;0.112;0.039;0.071;0.078;0.029;0.022
22632;0.288;0.193;4.998;0.278;0.249;0.315;0.2;0.562;0.11;0.039;0.068;0.076;0.034;0.024
22633;0.288;0.19;4.998;0.276;0.247;0.317;0.2;0.564;0.107;0.039;0.066;0.073;0.032;0.022
22634;0.286;0.19;4.998;0.276;0.247;0.315;0.2;0.562;0.112;0.037;0.068;0.076;0.034;0.027
22635;0.286;0.188;4.998;0.276;0.247;0.312;0.2;0.559;0.112;0.034;0.066;0.073;0.029;0.02
22636;0.288;0.19;4.998;0.281;0.247;0.312;0.2;0.562;0.107;0.037;0.063;0.076;0.029;0.022
22637;0.286;0.19;4.998;0.278;0.249;0.31;0.2;0.559;0.11;0.037;0.066;0.076;0.034;0.024
22638;0.286;0.188;4.998;0.278;0.247;0.308;0.2;0.562;0.112;0.037;0.063;0.076;0.032;0.022
22639;0.286;0.19;4.998;0.278;0.247;0.308;0.2;0.559;0.11;0.034;0.063;0.076;0.032;0.02
22640;0.283;0.19;4.998;0.278;0.247;0.312;0.2;0.559;0.112;0.039;0.063;0.073;0.034;0.022
22641;0.283;0.19;4.998;0.278;0.247;0.31;0.2;0.559;0.107;0.034;0.059;0.076;0.034;0.022
22642;0.283;0.19;4.998;0.278;0.247;0.312;0.2;0.559;0.112;0.037;0.061;0.076;0.034;0.027
22643;0.281;0.19;4.998;0.281;0.249;0.312;0.2;0.559;0.107;0.034;0.061;0.076;0.029;0.024
22644;0.283;0.193;4.998;0.281;0.247;0.315;0.198;0.557;0.107;0.034;0.059;0.076;0.034;0.024
22645;0.283;0.195;4.998;0.278;0.247;0.312;0.2;0.559;0.107;0.029;0.056;0.071;0.032;0.022
22646;0.286;0.195;4.998;0.278;0.244;0.315;0.2;0.557;0.107;0.034;0.056;0.073;0.032;0.02
22647;0.283;0.193;4.998;0.276;0.242;0.317;0.2;0.559;0.107;0.032;0.056;0.076;0.032;0.024
22648;0.283;0.195;4.998;0.276;0.242;0.315;0.2;0.557;0.107;0.032;0.056;0.076;0.034;0.024
22649;0.286;0.195;4.998;0.278;0.242;0.315;0.203;0.559;0.107;0.034;0.056;0.076;0.034;0.02
22650;0.286;0.195;4.998;0.281;0.242;0.317;0.205;0.557;0.103;0.034;0.054;0.073;0.032;0.022
22651;0.286;0.198;4.998;0.281;0.244;0.315;0.205;0.559;0.105;0.032;0.054;0.073;0.037;0.02
22652;0.283;0.195;4.998;0.283;0.242;0.312;0.205;0.557;0.103;0.032;0.054;0.071;0.034;0.02
22653;0.286;0.195;4.998;0.283;0.244;0.312;0.208;0.559;0.105;0.034;0.056;0.076;0.032;0.024
22654;0.288;0.195;4.998;0.286;0.244;0.312;0.205;0.557;0.103;0.029;0.054;0.073;0.034;0.022
22655;0.286;0.195;4.998;0.288;0.247;0.312;0.205;0.557;0.1;0.032;0.051;0.071;0.037;0.024
22656;0.283;0.198;4.998;0.288;0.247;0.31;0.205;0.557;0.1;0.032;0.051;0.076;0.034;0.022
22657;0.286;0.198;4.998;0.291;0.247;0.312;0.208;0.557;0.103;0.032;0.051;0.073;0.039;0.027
22658;0.283;0.195;4.998;0.286;0.244;0.312;0.205;0.557;0.1;0.032;0.051;0.073;0.037;0.02
22659;0.286;0.195;4.998;0.286;0.242;0.31;0.205;0.552;0.098;0.032;0.051;0.073;0.034;0.02
22660;0.286;0.193;4.998;0.286;0.242;0.31;0.205;0.557;0.1;0.029;0.051;0.073;0.037;0.022
22661;0.288;0.198;4.998;0.288;0.242;0.31;0.205;0.557;0.098;0.034;0.049;0.071;0.037;0.024
22662;0.286;0.195;4.998;0.286;0.237;0.31;0.205;0.557;0.1;0.029;0.051;0.073;0.039;0.022
22663;0.288;0.193;4.998;0.286;0.239;0.312;0.208;0.557;0.095;0.032;0.049;0.071;0.039;0.022
22664;0.283;0.19;4.998;0.286;0.239;0.315;0.208;0.557;0.098;0.029;0.049;0.071;0.042;0.024
22665;0.283;0.19;4.998;0.283;0.237;0.315;0.208;0.557;0.098;0.029;0.049;0.071;0.037;0.02
22666;0.286;0.188;4.998;0.283;0.237;0.312;0.205;0.557;0.098;0.029;0.051;0.073;0.037;0.024
22667;0.283;0.188;4.998;0.281;0.237;0.315;0.205;0.557;0.095;0.027;0.046;0.071;0.037;0.022
22668;0.283;0.188;4.998;0.283;0.237;0.312;0.208;0.557;0.095;0.027;0.049;0.071;0.037;0.02
22669;0.286;0.186;4.998;0.283;0.237;0.315;0.203;0.554;0.095;0.032;0.051;0.071;0.039;0.022
22670;0.286;0.188;4.998;0.281;0.237;0.315;0.203;0.557;0.095;0.032;0.051;0.073;0.039;0.022
22671;0.281;0.188;4.998;0.281;0.237;0.315;0.203;0.557;0.093;0.027;0.051;0.071;0.039;0.022
22672;0.286;0.188;4.998;0.281;0.239;0.312;0.203;0.557;0.098;0.029;0.056;0.073;0.042;0.024
22673;0.283;0.188;4.998;0.281;0.239;0.315;0.203;0.557;0.093;0.027;0.054;0.073;0.044;0.024
22674;0.281;0.188;4.998;0.278;0.237;0.315;0.2;0.554;0.093;0.027;0.054;0.073;0.042;0.022
22675;0.281;0.188;4.998;0.278;0.239;0.312;0.2;0.557;0.093;0.024;0.054;0.073;0.039;0.022
22676;0.283;0.19;4.998;0.276;0.237;0.312;0.203;0.557;0.093;0.027;0.059;0.076;0.039;0.022
22677;0.283;0.19;4.998;0.276;0.234;0.31;0.2;0.554;0.095;0.024;0.063;0.081;0.042;0.024
22678;0.281;0.188;4.998;0.278;0.239;0.31;0.203;0.557;0.09;0.027;0.059;0.081;0.044;0.024
22679;0.278;0.193;4.998;0.278;0.242;0.31;0.198;0.557;0.088;0.024;0.063;0.081;0.042;0.022
22680;0.281;0.193;4.998;0.278;0.244;0.308;0.203;0.559;0.09;0.027;0.063;0.083;0.042;0.022
22681;0.278;0.193;4.998;0.276;0.244;0.31;0.2;0.557;0.088;0.027;0.066;0.088;0.042;0.022
22682;0.276;0.193;4.998;0.276;0.244;0.31;0.2;0.557;0.093;0.024;0.066;0.088;0.042;0.024
22683;0.276;0.19;4.998;0.276;0.247;0.308;0.2;0.554;0.09;0.024;0.068;0.09;0.042;0.022
22684;0.276;0.193;4.998;0.278;0.247;0.312;0.2;0.557;0.09;0.027;0.066;0.09;0.042;0.022
22685;0.276;0.19;4.998;0.278;0.247;0.312;0.203;0.557;0.09;0.027;0.068;0.093;0.042;0.022
22686;0.273;0.188;4.998;0.278;0.249;0.315;0.203;0.557;0.088;0.024;0.066;0.093;0.044;0.024
22687;0.276;0.19;4.094;0.276;0.249;0.315;0.205;0.554;0.09;0.027;0.066;0.095;0.046;0.022
22688;0.273;0.188;2.078;0.276;0.244;0.315;0.203;0.557;0.088;0.029;0.068;0.098;0.044;0.022
22689;0.276;0.188;1.211;0.276;0.244;0.317;0.2;0.557;0.09;0.027;0.068;0.095;0.042;0.022
22690;0.278;0.193;0.874;0.273;0.242;0.317;0.2;0.557;0.088;0.029;0.068;0.098;0.046;0.024
22691;0.273;0.186;0.669;0.276;0.242;0.315;0.2;0.557;0.088;0.029;0.068;0.1;0.044;0.027
22692;0.276;0.188;0.693;0.276;0.242;0.317;0.198;0.557;0.088;0.029;0.068;0.1;0.044;0.022
22693;0.273;0.186;1.023;0.273;0.239;0.317;0.198;0.557;0.095;0.034;0.073;0.105;0.044;0.024
22694;0.273;0.186;1.013;0.276;0.237;0.317;0.198;0.557;0.088;0.032;0.066;0.1;0.044;0.022
22695;0.278;0.188;0.747;0.278;0.239;0.315;0.198;0.557;0.093;0.029;0.066;0.103;0.042;0.017
22696;0.276;0.186;1.211;0.276;0.237;0.312;0.2;0.557;0.088;0.032;0.063;0.103;0.046;0.024
22697;0.273;0.186;0.798;0.276;0.242;0.315;0.2;0.557;0.09;0.032;0.066;0.105;0.046;0.027
22698;0.273;0.186;1.426;0.273;0.239;0.315;0.203;0.557;0.09;0.032;0.061;0.105;0.046;0.024
22699;0.273;0.186;0.972;0.276;0.239;0.312;0.203;0.557;0.088;0.032;0.059;0.103;0.049;0.027
22700;0.276;0.183;1.104;0.276;0.242;0.315;0.205;0.557;0.093;0.037;0.061;0.105;0.049;0.022
22701;0.273;0.181;1.121;0.278;0.242;0.312;0.205;0.559;0.093;0.034;0.059;0.107;0.049;0.027
22702;0.273;0.181;1.003;0.278;0.244;0.308;0.21;0.559;0.09;0.032;0.063;0.107;0.046;0.024
22703;0.273;0.183;1.082;0.278;0.239;0.31;0.208;0.557;0.09;0.029;0.059;0.105;0.049;0.024
22704;0.271;0.181;0.945;0.276;0.242;0.31;0.208;0.557;0.095;0.034;0.063;0.11;0.044;0.022
22705;0.276;0.183;0.872;0.276;0.242;0.308;0.205;0.559;0.093;0.032;0.061;0.11;0.049;0.022
22706;0.273;0.181;0.95;0.273;0.237;0.308;0.203;0.557;0.093;0.034;0.061;0.107;0.049;0.022
22707;0.273;0.178;0.737;0.276;0.237;0.308;0.203;0.559;0.09;0.029;0.061;0.107;0.046;0.022
22708;0.273;0.181;0.796;0.276;0.237;0.308;0.203;0.557;0.09;0.032;0.059;0.107;0.051;0.024
22709;0.276;0.183;0.825;0.273;0.237;0.308;0.205;0.559;0.095;0.032;0.061;0.11;0.049;0.027
22710;0.273;0.181;0.999;0.271;0.237;0.305;0.203;0.557;0.093;0.032;0.061;0.107;0.049;0.024
22711;0.271;0.181;0.718;0.269;0.237;0.308;0.205;0.557;0.093;0.029;0.059;0.112;0.046;0.022
22712;0.271;0.183;0.825;0.271;0.234;0.308;0.203;0.557;0.093;0.032;0.061;0.115;0.049;0.022
22713;0.273;0.183;1.179;0.271;0.237;0.308;0.205;0.557;0.095;0.032;0.063;0.115;0.049;0.027
22714;0.273;0.186;1.208;0.271;0.234;0.308;0.203;0.554;0.093;0.029;0.061;0.11;0.046;0.02
22715;0.271;0.183;0.864;0.273;0.237;0.31;0.205;0.554;0.093;0.029;0.063;0.112;0.049;0.024
22716;0.273;0.183;0.862;0.269;0.237;0.31;0.203;0.557;0.093;0.029;0.063;0.112;0.046;0.024
22717;0.273;0.186;1.191;0.271;0.237;0.308;0.205;0.554;0.09;0.029;0.068;0.112;0.049;0.024
22718;0.273;0.183;0.803;0.271;0.242;0.31;0.205;0.554;0.093;0.034;0.071;0.115;0.051;0.024
22719;0.271;0.186;0.71;0.271;0.239;0.308;0.2;0.557;0.093;0.029;0.071;0.112;0.049;0.024
22720;0.271;0.183;0.759;0.271;0.242;0.308;0.203;0.557;0.095;0.029;0.076;0.112;0.049;0.024
22721;0.273;0.183;0.845;0.271;0.244;0.308;0.203;0.554;0.098;0.032;0.081;0.117;0.051;0.024
22722;0.273;0.183;1.235;0.269;0.244;0.308;0.205;0.552;0.093;0.027;0.083;0.11;0.049;0.027
22723;0.273;0.183;0.991;0.271;0.244;0.305;0.205;0.554;0.095;0.029;0.085;0.112;0.049;0.029
22724;0.276;0.183;1.252;0.273;0.244;0.308;0.205;0.552;0.095;0.029;0.083;0.11;0.049;0.029
22725;0.276;0.183;0.703;0.273;0.244;0.31;0.208;0.552;0.093;0.027;0.09;0.11;0.049;0.024
22726;0.276;0.186;0.845;0.273;0.247;0.305;0.205;0.554;0.093;0.032;0.093;0.112;0.051;0.024
22727;0.276;0.186;0.667;0.271;0.247;0.308;0.205;0.554;0.095;0.032;0.095;0.112;0.051;0.027
22728;0.276;0.183;0.483;0.271;0.244;0.305;0.205;0.557;0.095;0.029;0.1;0.11;0.049;0.027
22729;0.273;0.186;0.491;0.271;0.244;0.3;0.205;0.554;0.093;0.029;0.1;0.107;0.046;0.022
22730;0.276;0.181;0.83;0.269;0.244;0.3;0.208;0.554;0.095;0.032;0.107;0.107;0.049;0.024
22731;0.276;0.181;0.659;0.271;0.244;0.303;0.208;0.557;0.093;0.032;0.107;0.105;0.049;0.024
22732;0.276;0.181;0.835;0.269;0.244;0.303;0.208;0.557;0.093;0.029;0.11;0.107;0.049;0.024
22733;0.276;0.181;0.579;0.273;0.242;0.3;0.21;0.554;0.095;0.032;0.112;0.107;0.049;0.024
22734;0.276;0.181;0.925;0.273;0.239;0.3;0.208;0.554;0.093;0.032;0.112;0.105;0.049;0.024
22735;0.276;0.178;0.94;0.273;0.239;0.3;0.208;0.554;0.093;0.029;0.112;0.105;0.051;0.024
22736;0.276;0.176;0.933;0.271;0.242;0.303;0.208;0.552;0.095;0.032;0.115;0.105;0.049;0.024
22737;0.276;0.176;0.627;0.273;0.239;0.3;0.208;0.549;0.09;0.032;0.115;0.105;0.046;0.024
22738;0.276;0.176;0.801;0.273;0.239;0.3;0.205;0.552;0.093;0.032;0.117;0.107;0.051;0.024
22739;0.278;0.176;0.842;0.273;0.239;0.3;0.205;0.554;0.093;0.032;0.117;0.107;0.051;0.024
22740;0.276;0.173;1.482;0.273;0.239;0.3;0.208;0.552;0.09;0.032;0.117;0.11;0.056;0.027
22741;0.273;0.173;0.554;0.273;0.242;0.303;0.208;0.549;0.093;0.034;0.122;0.11;0.054;0.029
22742;0.276;0.176;0.444;0.271;0.242;0.3;0.208;0.552;0.095;0.032;0.115;0.112;0.054;0.029
22743;0.273;0.176;0.642;0.269;0.244;0.303;0.208;0.547;0.09;0.032;0.117;0.112;0.051;0.027
22744;0.273;0.173;0.278;0.269;0.242;0.303;0.21;0.549;0.088;0.029;0.115;0.11;0.051;0.027
22745;0.271;0.178;0.249;0.269;0.242;0.303;0.212;0.549;0.085;0.029;0.115;0.115;0.051;0.024
22746;0.271;0.176;0.239;0.273;0.242;0.305;0.212;0.549;0.088;0.032;0.112;0.115;0.051;0.027
22747;0.273;0.178;0.247;0.273;0.244;0.308;0.212;0.549;0.088;0.034;0.115;0.12;0.056;0.029
22748;0.271;0.176;0.269;0.276;0.242;0.303;0.212;0.549;0.085;0.034;0.112;0.12;0.049;0.027
22749;0.269;0.176;0.261;0.276;0.242;0.305;0.212;0.549;0.083;0.029;0.105;0.122;0.051;0.027
22750;0.271;0.176;0.288;0.273;0.239;0.303;0.212;0.552;0.085;0.032;0.11;0.127;0.051;0.027
22751;0.271;0.176;0.32;0.273;0.242;0.305;0.212;0.549;0.088;0.034;0.11;0.132;0.051;0.027
22752;0.271;0.176;0.312;0.278;0.242;0.305;0.21;0.552;0.088;0.032;0.112;0.139;0.061;0.034
22753;0.271;0.178;0.339;0.273;0.239;0.303;0.212;0.549;0.085;0.032;0.11;0.139;0.054;0.029
22754;0.269;0.176;0.342;0.276;0.239;0.303;0.212;0.549;0.085;0.032;0.105;0.149;0.054;0.027
22755;0.271;0.176;0.361;0.273;0.239;0.303;0.21;0.549;0.088;0.032;0.107;0.151;0.059;0.034
22756;0.273;0.176;0.364;0.273;0.237;0.303;0.212;0.549;0.088;0.032;0.103;0.156;0.054;0.029
22757;0.271;0.176;0.376;0.273;0.237;0.303;0.212;0.549;0.085;0.034;0.105;0.159;0.056;0.029
22758;0.273;0.176;0.422;0.276;0.239;0.3;0.215;0.549;0.088;0.034;0.105;0.166;0.056;0.029
22759;0.271;0.173;0.461;0.273;0.237;0.298;0.212;0.549;0.085;0.032;0.1;0.166;0.054;0.029
22760;0.271;0.173;0.679;0.273;0.237;0.298;0.212;0.552;0.085;0.032;0.103;0.173;0.056;0.029
22761;0.271;0.173;0.41;0.273;0.239;0.298;0.212;0.552;0.088;0.034;0.1;0.173;0.054;0.027
22762;0.271;0.173;0.339;0.273;0.239;0.298;0.21;0.552;0.085;0.037;0.1;0.181;0.054;0.027
22763;0.271;0.173;0.354;0.278;0.239;0.3;0.212;0.552;0.085;0.037;0.098;0.183;0.056;0.027
22764;0.273;0.171;0.498;0.278;0.242;0.298;0.215;0.549;0.085;0.037;0.098;0.186;0.056;0.029
22765;0.276;0.173;0.403;0.278;0.242;0.3;0.239;0.547;0.083;0.037;0.093;0.186;0.059;0.027
22766;0.273;0.171;0.391;0.278;0.239;0.298;0.271;0.549;0.085;0.039;0.098;0.195;0.056;0.027
22767;0.273;0.168;1.042;0.276;0.244;0.295;0.298;0.552;0.085;0.042;0.093;0.195;0.063;0.029
22768;0.273;0.168;0.959;0.273;0.242;0.295;0.33;0.549;0.085;0.042;0.095;0.205;0.061;0.024
22769;0.271;0.168;0.981;0.271;0.242;0.293;0.359;0.549;0.085;0.044;0.095;0.208;0.068;0.027
22770;0.273;0.171;0.847;0.273;0.239;0.295;0.317;0.549;0.083;0.046;0.095;0.212;0.068;0.027
22771;0.273;0.168;1.453;0.273;0.239;0.295;0.334;0.549;0.085;0.044;0.095;0.22;0.076;0.032
22772;0.276;0.171;1.589;0.273;0.239;0.295;0.334;0.549;0.088;0.046;0.095;0.227;0.078;0.024
22773;0.273;0.171;0.776;0.271;0.239;0.293;0.32;0.552;0.085;0.049;0.095;0.232;0.078;0.024
22774;0.273;0.168;0.706;0.271;0.234;0.295;0.312;0.549;0.083;0.044;0.095;0.244;0.085;0.027
22775;0.273;0.171;0.681;0.271;0.237;0.293;0.339;0.549;0.085;0.051;0.095;0.251;0.088;0.024
22776;0.276;0.173;0.437;0.273;0.234;0.291;0.317;0.549;0.085;0.051;0.098;0.264;0.085;0.022
22777;0.273;0.171;0.408;0.269;0.234;0.293;0.332;0.552;0.085;0.051;0.098;0.269;0.09;0.027
22778;0.273;0.173;0.291;0.269;0.232;0.295;0.33;0.549;0.083;0.049;0.1;0.281;0.093;0.022
22779;0.273;0.173;0.242;0.271;0.234;0.295;0.325;0.549;0.088;0.051;0.105;0.295;0.1;0.027
22780;0.271;0.176;0.256;0.271;0.237;0.295;0.317;0.552;0.088;0.051;0.103;0.3;0.103;0.024
22781;0.271;0.173;0.249;0.269;0.237;0.3;0.315;0.549;0.088;0.054;0.11;0.312;0.107;0.024
22782;0.273;0.176;0.281;0.269;0.237;0.298;0.305;0.552;0.088;0.056;0.115;0.32;0.11;0.027
22783;0.271;0.176;0.31;0.266;0.237;0.298;0.31;0.549;0.09;0.051;0.117;0.334;0.112;0.022
22784;0.271;0.176;0.3;0.266;0.237;0.3;0.3;0.552;0.088;0.049;0.115;0.334;0.115;0.027
22785;0.271;0.178;0.254;0.271;0.237;0.298;0.312;0.552;0.09;0.054;0.127;0.352;0.12;0.024
22786;0.273;0.178;0.247;0.271;0.237;0.3;0.3;0.549;0.09;0.054;0.129;0.361;0.12;0.024
22787;0.273;0.178;0.237;0.269;0.237;0.3;0.298;0.547;0.09;0.054;0.134;0.371;0.12;0.027
22788;0.273;0.176;0.229;0.271;0.239;0.3;0.31;0.549;0.09;0.051;0.139;0.378;0.125;0.029
22789;0.271;0.176;0.229;0.269;0.237;0.303;0.295;0.549;0.093;0.051;0.144;0.386;0.127;0.024
22790;0.271;0.176;0.225;0.273;0.237;0.303;0.295;0.549;0.093;0.049;0.149;0.396;0.132;0.029
22791;0.271;0.176;0.222;0.271;0.239;0.303;0.31;0.552;0.095;0.051;0.156;0.403;0.132;0.022
22792;0.271;0.176;0.222;0.271;0.237;0.303;0.315;0.549;0.093;0.051;0.164;0.408;0.129;0.024
22793;0.271;0.173;0.22;0.271;0.237;0.3;0.3;0.549;0.095;0.049;0.171;0.415;0.132;0.027
22794;0.273;0.173;0.225;0.271;0.237;0.303;0.32;0.552;0.093;0.046;0.171;0.413;0.132;0.024
22795;0.273;0.173;0.232;0.271;0.237;0.303;0.3;0.552;0.098;0.046;0.181;0.42;0.134;0.029
22796;0.273;0.176;0.249;0.271;0.237;0.303;0.315;0.552;0.098;0.049;0.186;0.425;0.134;0.024
22797;0.273;0.173;0.239;0.271;0.237;0.305;0.308;0.552;0.095;0.046;0.19;0.425;0.137;0.029
22798;0.276;0.173;0.229;0.273;0.237;0.305;0.31;0.552;0.095;0.049;0.193;0.432;0.139;0.027
22799;0.273;0.171;0.227;0.271;0.239;0.308;0.31;0.552;0.098;0.049;0.198;0.437;0.142;0.027
22800;0.271;0.171;0.22;0.271;0.237;0.305;0.315;0.552;0.095;0.051;0.203;0.437;0.139;0.024
22801;0.276;0.173;0.217;0.273;0.237;0.305;0.32;0.552;0.095;0.046;0.205;0.442;0.139;0.022
22802;0.276;0.171;0.215;0.273;0.237;0.305;0.312;0.552;0.098;0.049;0.208;0.447;0.146;0.029
22803;0.276;0.171;0.212;0.273;0.234;0.308;0.32;0.552;0.095;0.044;0.205;0.447;0.144;0.024
22804;0.276;0.171;0.212;0.273;0.234;0.305;0.315;0.554;0.095;0.049;0.21;0.449;0.146;0.024
22805;0.273;0.168;0.212;0.273;0.234;0.305;0.308;0.552;0.095;0.044;0.208;0.452;0.149;0.027
22806;0.273;0.171;0.212;0.271;0.234;0.308;0.31;0.554;0.098;0.049;0.21;0.454;0.149;0.024
22807;0.273;0.168;0.21;0.269;0.237;0.31;0.312;0.554;0.098;0.049;0.212;0.454;0.146;0.024
22808;0.271;0.168;0.208;0.271;0.234;0.308;0.3;0.554;0.095;0.044;0.205;0.452;0.149;0.017
22809;0.273;0.173;0.212;0.269;0.232;0.31;0.308;0.557;0.098;0.044;0.208;0.452;0.149;0.024
22810;0.273;0.173;0.205;0.269;0.234;0.31;0.305;0.554;0.1;0.046;0.203;0.452;0.149;0.024
22811;0.271;0.173;0.203;0.266;0.234;0.31;0.303;0.554;0.095;0.046;0.205;0.449;0.146;0.02
22812;0.273;0.173;0.203;0.264;0.234;0.308;0.305;0.554;0.098;0.042;0.2;0.447;0.149;0.022
22813;0.276;0.173;0.203;0.266;0.232;0.305;0.308;0.554;0.095;0.044;0.2;0.447;0.146;0.02
22814;0.273;0.176;0.205;0.264;0.232;0.308;0.312;0.557;0.095;0.042;0.195;0.442;0.151;0.024
22815;0.276;0.176;0.2;0.264;0.234;0.308;0.312;0.552;0.095;0.044;0.193;0.444;0.154;0.024
22816;0.276;0.176;0.203;0.266;0.232;0.308;0.31;0.554;0.095;0.042;0.19;0.437;0.149;0.022
22817;0.276;0.176;0.203;0.269;0.229;0.305;0.308;0.554;0.093;0.044;0.186;0.439;0.154;0.027
22818;0.276;0.176;0.205;0.264;0.232;0.303;0.308;0.554;0.095;0.044;0.183;0.439;0.151;0.022
22819;0.278;0.178;0.208;0.264;0.229;0.303;0.312;0.554;0.093;0.039;0.178;0.437;0.151;0.02
22820;0.278;0.176;0.208;0.266;0.229;0.303;0.308;0.554;0.095;0.039;0.173;0.437;0.154;0.024
22821;0.276;0.178;0.208;0.269;0.229;0.303;0.312;0.554;0.093;0.039;0.173;0.437;0.151;0.022
22822;0.276;0.176;0.205;0.266;0.229;0.305;0.32;0.557;0.1;0.044;0.171;0.439;0.154;0.027
22823;0.276;0.176;0.208;0.266;0.229;0.305;0.31;0.554;0.09;0.037;0.166;0.437;0.154;0.02
22824;0.276;0.176;0.205;0.266;0.227;0.303;0.31;0.554;0.095;0.039;0.161;0.437;0.156;0.022
22825;0.276;0.176;0.208;0.266;0.229;0.305;0.312;0.552;0.093;0.037;0.154;0.435;0.159;0.024
22826;0.276;0.176;0.208;0.264;0.229;0.305;0.308;0.554;0.093;0.039;0.151;0.435;0.161;0.022
22827;0.278;0.176;0.205;0.269;0.227;0.305;0.308;0.554;0.095;0.037;0.149;0.432;0.161;0.024
22828;0.278;0.176;0.205;0.264;0.229;0.305;0.308;0.554;0.095;0.037;0.146;0.432;0.161;0.024
22829;0.281;0.176;0.205;0.264;0.229;0.308;0.308;0.554;0.095;0.034;0.139;0.435;0.164;0.022
22830;0.281;0.178;0.203;0.264;0.229;0.308;0.31;0.554;0.098;0.037;0.137;0.435;0.166;0.022
22831;0.278;0.176;0.203;0.264;0.232;0.31;0.31;0.554;0.093;0.032;0.132;0.435;0.164;0.024
22832;0.276;0.173;0.198;0.261;0.232;0.31;0.31;0.557;0.093;0.032;0.129;0.435;0.164;0.024
22833;0.281;0.176;0.203;0.264;0.229;0.305;0.308;0.554;0.093;0.034;0.125;0.435;0.168;0.024
22834;0.278;0.173;0.208;0.261;0.229;0.308;0.31;0.554;0.093;0.034;0.125;0.437;0.168;0.024
22835;0.281;0.173;0.203;0.259;0.232;0.31;0.308;0.554;0.093;0.032;0.117;0.432;0.161;0.02
22836;0.281;0.173;0.205;0.261;0.232;0.31;0.308;0.554;0.093;0.032;0.117;0.432;0.161;0.02
22837;0.278;0.173;0.205;0.256;0.232;0.31;0.312;0.557;0.095;0.029;0.112;0.435;0.168;0.024
22838;0.278;0.173;0.203;0.256;0.234;0.31;0.308;0.554;0.098;0.032;0.115;0.435;0.168;0.024
22839;0.281;0.173;0.205;0.256;0.237;0.308;0.305;0.554;0.093;0.034;0.11;0.435;0.161;0.024
22840;0.278;0.173;0.205;0.256;0.234;0.308;0.308;0.557;0.09;0.029;0.107;0.435;0.161;0.024
22841;0.278;0.176;0.208;0.254;0.237;0.308;0.308;0.557;0.098;0.034;0.105;0.435;0.161;0.022
22842;0.278;0.173;0.208;0.259;0.239;0.308;0.305;0.557;0.093;0.029;0.1;0.432;0.156;0.024
22843;0.281;0.173;0.203;0.259;0.239;0.308;0.303;0.554;0.093;0.032;0.105;0.435;0.156;0.024
22844;0.278;0.173;0.203;0.256;0.239;0.308;0.305;0.557;0.09;0.029;0.1;0.432;0.154;0.022
22845;0.278;0.178;0.2;0.256;0.239;0.303;0.303;0.557;0.093;0.032;0.1;0.432;0.151;0.022
22846;0.276;0.176;0.2;0.256;0.242;0.305;0.303;0.557;0.088;0.029;0.1;0.432;0.146;0.022
22847;0.278;0.176;0.203;0.254;0.242;0.303;0.305;0.557;0.088;0.029;0.098;0.43;0.146;0.022
22848;0.276;0.181;0.203;0.254;0.242;0.303;0.298;0.557;0.09;0.027;0.095;0.425;0.146;0.024
22849;0.278;0.181;0.203;0.254;0.244;0.303;0.3;0.557;0.09;0.029;0.098;0.425;0.142;0.024
22850;0.278;0.181;0.203;0.254;0.242;0.303;0.305;0.554;0.09;0.027;0.095;0.422;0.139;0.024
22851;0.276;0.178;0.205;0.251;0.242;0.303;0.3;0.559;0.088;0.027;0.095;0.415;0.137;0.022
22852;0.281;0.178;0.203;0.251;0.244;0.303;0.303;0.559;0.088;0.027;0.095;0.417;0.134;0.024
22853;0.278;0.181;0.205;0.249;0.242;0.303;0.303;0.559;0.088;0.027;0.095;0.41;0.132;0.022
22854;0.278;0.181;0.205;0.251;0.239;0.3;0.3;0.559;0.085;0.024;0.095;0.405;0.129;0.022
22855;0.278;0.181;0.2;0.249;0.237;0.303;0.3;0.559;0.085;0.032;0.093;0.403;0.129;0.024
22856;0.278;0.181;0.205;0.249;0.239;0.303;0.308;0.557;0.09;0.029;0.095;0.403;0.132;0.027
22857;0.278;0.181;0.205;0.249;0.239;0.303;0.308;0.559;0.085;0.029;0.093;0.396;0.125;0.022
22858;0.278;0.183;0.208;0.249;0.234;0.303;0.308;0.559;0.088;0.027;0.093;0.393;0.125;0.022
22859;0.281;0.181;0.208;0.249;0.234;0.303;0.308;0.557;0.088;0.029;0.093;0.393;0.125;0.022
22860;0.276;0.181;0.205;0.249;0.234;0.303;0.312;0.559;0.09;0.029;0.093;0.388;0.122;0.024
22861;0.278;0.178;0.208;0.254;0.234;0.305;0.31;0.562;0.088;0.029;0.09;0.383;0.122;0.024
22862;0.278;0.178;0.208;0.254;0.234;0.305;0.31;0.559;0.088;0.027;0.09;0.381;0.12;0.022
22863;0.281;0.181;0.208;0.254;0.234;0.303;0.315;0.557;0.085;0.029;0.09;0.378;0.12;0.022
22864;0.278;0.181;0.21;0.254;0.237;0.305;0.315;0.559;0.083;0.029;0.088;0.376;0.12;0.022
22865;0.278;0.178;0.208;0.256;0.234;0.305;0.315;0.557;0.085;0.029;0.088;0.374;0.117;0.024
22866;0.278;0.181;0.205;0.256;0.239;0.305;0.32;0.559;0.085;0.032;0.09;0.371;0.115;0.027
22867;0.281;0.183;0.205;0.254;0.239;0.305;0.317;0.559;0.088;0.029;0.09;0.366;0.117;0.022
22868;0.278;0.181;0.205;0.259;0.239;0.303;0.32;0.557;0.085;0.029;0.085;0.366;0.112;0.022
22869;0.278;0.178;0.205;0.259;0.239;0.305;0.32;0.559;0.088;0.029;0.085;0.361;0.112;0.024
22870;0.276;0.178;0.205;0.256;0.239;0.305;0.317;0.559;0.088;0.029;0.088;0.359;0.11;0.024
22871;0.278;0.181;0.208;0.259;0.244;0.305;0.317;0.559;0.09;0.032;0.085;0.356;0.112;0.024
22872;0.276;0.181;0.21;0.261;0.244;0.305;0.317;0.559;0.09;0.029;0.085;0.352;0.11;0.022
22873;0.276;0.178;0.21;0.259;0.244;0.305;0.315;0.559;0.09;0.029;0.085;0.349;0.107;0.022
22874;0.278;0.181;0.21;0.259;0.242;0.305;0.312;0.562;0.088;0.029;0.083;0.344;0.105;0.022
22875;0.276;0.181;0.208;0.261;0.242;0.305;0.312;0.562;0.09;0.032;0.083;0.339;0.107;0.022
22876;0.276;0.183;0.21;0.261;0.242;0.303;0.31;0.562;0.09;0.034;0.085;0.337;0.105;0.022
22877;0.276;0.181;0.208;0.259;0.242;0.303;0.308;0.562;0.093;0.032;0.088;0.332;0.103;0.027
22878;0.278;0.181;0.21;0.259;0.242;0.305;0.308;0.562;0.09;0.032;0.085;0.33;0.103;0.024
22879;0.276;0.183;0.212;0.259;0.242;0.305;0.308;0.562;0.093;0.034;0.083;0.322;0.1;0.024
22880;0.278;0.183;0.212;0.261;0.242;0.303;0.305;0.562;0.095;0.034;0.083;0.317;0.098;0.024
22881;0.273;0.183;0.215;0.259;0.242;0.303;0.305;0.562;0.098;0.037;0.085;0.315;0.095;0.02
22882;0.278;0.183;0.212;0.261;0.239;0.303;0.312;0.562;0.098;0.042;0.085;0.312;0.095;0.024
22883;0.276;0.186;0.215;0.261;0.242;0.303;0.312;0.564;0.098;0.039;0.088;0.305;0.093;0.022
22884;0.276;0.186;0.215;0.259;0.242;0.305;0.32;0.562;0.098;0.039;0.085;0.305;0.09;0.022
22885;0.276;0.186;0.215;0.261;0.237;0.305;0.315;0.562;0.1;0.042;0.09;0.303;0.088;0.027
22886;0.276;0.188;0.22;0.259;0.239;0.308;0.32;0.564;0.105;0.049;0.095;0.303;0.09;0.022
22887;0.273;0.188;0.217;0.259;0.242;0.308;0.315;0.564;0.1;0.046;0.095;0.298;0.085;0.022
22888;0.276;0.19;0.217;0.261;0.242;0.305;0.317;0.564;0.1;0.046;0.098;0.295;0.083;0.024
22889;0.276;0.188;0.222;0.256;0.242;0.305;0.312;0.562;0.098;0.046;0.095;0.291;0.083;0.022
22890;0.276;0.188;0.225;0.259;0.242;0.308;0.315;0.564;0.103;0.049;0.1;0.293;0.083;0.024
22891;0.276;0.188;0.225;0.254;0.242;0.303;0.312;0.564;0.1;0.051;0.103;0.291;0.078;0.02
22892;0.276;0.188;0.225;0.256;0.239;0.303;0.312;0.564;0.103;0.054;0.105;0.288;0.081;0.022
22893;0.273;0.188;0.227;0.256;0.239;0.303;0.31;0.566;0.103;0.051;0.105;0.286;0.076;0.02
22894;0.273;0.19;0.225;0.254;0.242;0.303;0.31;0.566;0.103;0.051;0.107;0.286;0.076;0.022
22895;0.276;0.188;0.229;0.256;0.239;0.303;0.305;0.566;0.105;0.054;0.112;0.283;0.073;0.022
22896;0.273;0.19;0.227;0.254;0.237;0.303;0.305;0.566;0.103;0.054;0.115;0.281;0.071;0.022
22897;0.276;0.188;0.227;0.251;0.239;0.305;0.308;0.566;0.103;0.054;0.115;0.276;0.071;0.022
22898;0.276;0.19;0.225;0.251;0.237;0.303;0.305;0.566;0.105;0.056;0.12;0.278;0.071;0.022
22899;0.276;0.19;0.227;0.254;0.239;0.305;0.305;0.566;0.105;0.051;0.122;0.278;0.068;0.022
22900;0.276;0.19;0.229;0.256;0.237;0.303;0.308;0.569;0.107;0.054;0.127;0.273;0.068;0.024
22901;0.273;0.19;0.229;0.256;0.239;0.303;0.308;0.569;0.105;0.051;0.127;0.276;0.066;0.022
22902;0.276;0.188;0.232;0.256;0.242;0.303;0.305;0.569;0.105;0.051;0.132;0.273;0.063;0.022
22903;0.276;0.188;0.229;0.256;0.242;0.3;0.308;0.569;0.105;0.049;0.129;0.273;0.066;0.022
22904;0.276;0.186;0.229;0.256;0.242;0.3;0.308;0.569;0.107;0.049;0.134;0.273;0.066;0.022
22905;0.273;0.186;0.234;0.256;0.242;0.3;0.308;0.571;0.105;0.049;0.134;0.273;0.061;0.02
22906;0.276;0.19;0.229;0.256;0.242;0.3;0.308;0.571;0.107;0.049;0.137;0.273;0.063;0.024
22907;0.276;0.188;0.232;0.254;0.244;0.298;0.308;0.574;0.107;0.049;0.137;0.276;0.061;0.024
22908;0.273;0.186;0.232;0.254;0.244;0.298;0.308;0.571;0.107;0.046;0.139;0.278;0.063;0.022
22909;0.276;0.183;0.232;0.251;0.242;0.3;0.308;0.571;0.11;0.046;0.139;0.278;0.061;0.022
22910;0.276;0.183;0.232;0.254;0.244;0.298;0.308;0.574;0.107;0.049;0.142;0.278;0.063;0.024
22911;0.278;0.186;0.229;0.251;0.244;0.298;0.305;0.574;0.107;0.046;0.142;0.281;0.063;0.024
22912;0.276;0.183;0.232;0.254;0.244;0.3;0.303;0.574;0.107;0.044;0.144;0.281;0.063;0.024
22913;0.278;0.183;0.234;0.251;0.242;0.303;0.305;0.574;0.107;0.044;0.144;0.283;0.061;0.024
22914;0.276;0.186;0.234;0.251;0.239;0.303;0.303;0.574;0.107;0.046;0.149;0.283;0.061;0.022
22915;0.276;0.183;0.234;0.251;0.239;0.3;0.303;0.574;0.105;0.042;0.146;0.288;0.061;0.022
22916;0.278;0.186;0.232;0.251;0.239;0.303;0.3;0.576;0.107;0.042;0.144;0.288;0.061;0.024
22917;0.278;0.183;0.234;0.249;0.242;0.303;0.3;0.576;0.107;0.044;0.149;0.291;0.059;0.024
22918;0.278;0.186;0.234;0.249;0.239;0.303;0.295;0.576;0.105;0.042;0.146;0.295;0.061;0.024
22919;0.278;0.186;0.234;0.247;0.239;0.303;0.3;0.574;0.105;0.042;0.149;0.298;0.061;0.024
22920;0.281;0.188;0.232;0.249;0.242;0.305;0.295;0.576;0.103;0.039;0.149;0.298;0.063;0.022
22921;0.283;0.188;0.234;0.249;0.242;0.303;0.298;0.574;0.103;0.042;0.149;0.305;0.063;0.024
22922;0.281;0.188;0.234;0.247;0.242;0.305;0.3;0.579;0.1;0.042;0.149;0.303;0.061;0.024
22923;0.281;0.188;0.232;0.244;0.239;0.303;0.305;0.576;0.1;0.037;0.149;0.305;0.061;0.024
22924;0.283;0.188;0.234;0.247;0.242;0.305;0.308;0.576;0.1;0.039;0.146;0.308;0.061;0.024
22925;0.283;0.19;0.234;0.244;0.242;0.303;0.31;0.579;0.1;0.039;0.146;0.31;0.061;0.024
22926;0.283;0.188;0.232;0.247;0.242;0.305;0.31;0.576;0.1;0.039;0.146;0.312;0.059;0.024
22927;0.288;0.19;0.229;0.247;0.242;0.305;0.312;0.576;0.1;0.037;0.144;0.31;0.063;0.022
22928;0.286;0.19;0.227;0.247;0.244;0.303;0.315;0.579;0.1;0.037;0.139;0.31;0.059;0.022
22929;0.288;0.19;0.229;0.247;0.247;0.305;0.312;0.576;0.1;0.037;0.139;0.312;0.059;0.027
22930;0.283;0.19;0.229;0.249;0.247;0.303;0.315;0.579;0.098;0.037;0.137;0.305;0.061;0.024
22931;0.286;0.19;0.229;0.244;0.249;0.303;0.315;0.579;0.098;0.034;0.137;0.305;0.054;0.022
22932;0.286;0.19;0.227;0.251;0.249;0.3;0.312;0.579;0.098;0.037;0.134;0.303;0.054;0.027
22933;0.283;0.19;0.232;0.247;0.247;0.3;0.31;0.581;0.095;0.029;0.132;0.3;0.054;0.022
22934;0.283;0.193;0.227;0.247;0.249;0.3;0.308;0.581;0.098;0.034;0.129;0.295;0.051;0.024
22935;0.281;0.19;0.225;0.247;0.247;0.298;0.31;0.581;0.095;0.034;0.127;0.291;0.051;0.024
22936;0.283;0.19;0.225;0.247;0.249;0.298;0.305;0.581;0.098;0.034;0.127;0.283;0.049;0.02
22937;0.283;0.188;0.225;0.247;0.249;0.298;0.303;0.581;0.095;0.032;0.122;0.278;0.051;0.027
22938;0.283;0.19;0.229;0.249;0.247;0.298;0.303;0.581;0.098;0.029;0.122;0.273;0.049;0.022
22939;0.283;0.188;0.227;0.249;0.247;0.3;0.305;0.583;0.098;0.032;0.12;0.269;0.049;0.024
22940;0.283;0.19;0.227;0.247;0.247;0.3;0.305;0.581;0.098;0.034;0.117;0.264;0.046;0.024
22941;0.283;0.188;0.227;0.244;0.247;0.3;0.308;0.581;0.1;0.032;0.12;0.256;0.042;0.024
22942;0.283;0.188;0.232;0.244;0.244;0.3;0.31;0.581;0.095;0.029;0.112;0.247;0.042;0.022
22943;0.283;0.188;0.229;0.244;0.247;0.3;0.308;0.583;0.1;0.032;0.115;0.244;0.042;0.024
22944;0.286;0.188;0.237;0.244;0.244;0.3;0.312;0.581;0.103;0.034;0.115;0.237;0.042;0.022
22945;0.283;0.188;0.239;0.242;0.244;0.3;0.312;0.581;0.103;0.029;0.11;0.232;0.042;0.022
22946;0.283;0.19;0.242;0.242;0.242;0.303;0.315;0.581;0.1;0.029;0.11;0.225;0.042;0.024
22947;0.283;0.188;0.237;0.242;0.247;0.303;0.317;0.583;0.103;0.029;0.105;0.22;0.039;0.027
22948;0.286;0.188;0.237;0.242;0.247;0.3;0.312;0.581;0.103;0.032;0.105;0.215;0.044;0.029
22949;0.283;0.19;0.242;0.239;0.247;0.3;0.312;0.581;0.105;0.029;0.103;0.21;0.037;0.024
22950;0.283;0.193;0.242;0.239;0.249;0.3;0.312;0.581;0.105;0.029;0.103;0.203;0.037;0.022
22951;0.283;0.19;0.237;0.239;0.247;0.298;0.31;0.579;0.105;0.029;0.103;0.198;0.037;0.027
22952;0.286;0.19;0.242;0.239;0.244;0.303;0.308;0.583;0.105;0.029;0.1;0.193;0.037;0.024
22953;0.286;0.193;0.244;0.239;0.247;0.3;0.305;0.581;0.105;0.034;0.1;0.19;0.034;0.022
22954;0.283;0.195;0.242;0.242;0.247;0.3;0.305;0.581;0.105;0.032;0.1;0.186;0.037;0.022
22955;0.286;0.193;0.244;0.242;0.244;0.303;0.303;0.581;0.105;0.032;0.1;0.183;0.034;0.022
22956;0.283;0.195;0.244;0.239;0.244;0.3;0.3;0.581;0.107;0.034;0.1;0.176;0.037;0.022
22957;0.286;0.193;0.247;0.237;0.244;0.3;0.298;0.581;0.107;0.032;0.098;0.176;0.037;0.027
22958;0.286;0.195;0.247;0.239;0.242;0.303;0.295;0.581;0.107;0.034;0.1;0.171;0.039;0.024
22959;0.283;0.198;0.247;0.237;0.244;0.303;0.3;0.583;0.103;0.034;0.098;0.168;0.039;0.024
22960;0.286;0.198;0.244;0.239;0.242;0.303;0.3;0.579;0.107;0.037;0.1;0.166;0.039;0.022
22961;0.283;0.198;0.244;0.237;0.242;0.305;0.298;0.579;0.107;0.034;0.095;0.159;0.042;0.024
22962;0.283;0.195;0.244;0.234;0.242;0.303;0.298;0.579;0.107;0.037;0.098;0.156;0.039;0.024
22963;0.283;0.198;0.247;0.232;0.242;0.305;0.3;0.576;0.107;0.039;0.098;0.156;0.044;0.027
22964;0.283;0.198;0.249;0.232;0.242;0.303;0.3;0.576;0.11;0.042;0.098;0.154;0.042;0.027
22965;0.286;0.195;0.239;0.232;0.242;0.305;0.3;0.579;0.107;0.044;0.098;0.151;0.044;0.024
22966;0.286;0.198;0.242;0.232;0.239;0.303;0.3;0.579;0.107;0.044;0.095;0.146;0.046;0.022
22967;0.288;0.2;0.247;0.232;0.242;0.303;0.303;0.579;0.105;0.042;0.093;0.144;0.049;0.024
22968;0.283;0.198;0.244;0.234;0.242;0.305;0.303;0.581;0.11;0.049;0.095;0.144;0.046;0.024
22969;0.286;0.198;0.239;0.234;0.242;0.3;0.3;0.576;0.107;0.046;0.095;0.142;0.046;0.027
22970;0.283;0.195;0.244;0.234;0.244;0.305;0.303;0.576;0.11;0.051;0.095;0.142;0.046;0.024
22971;0.286;0.198;0.244;0.234;0.247;0.305;0.3;0.576;0.107;0.054;0.093;0.137;0.051;0.027
22972;0.283;0.198;0.239;0.237;0.247;0.305;0.3;0.576;0.107;0.056;0.093;0.137;0.051;0.029
22973;0.283;0.198;0.244;0.234;0.249;0.303;0.3;0.576;0.11;0.059;0.093;0.134;0.051;0.027
22974;0.283;0.193;0.244;0.234;0.247;0.303;0.298;0.576;0.107;0.061;0.09;0.134;0.051;0.027
22975;0.283;0.195;0.244;0.232;0.249;0.303;0.298;0.579;0.11;0.066;0.093;0.132;0.049;0.024
22976;0.281;0.193;0.242;0.232;0.249;0.303;0.3;0.576;0.107;0.063;0.09;0.132;0.051;0.027
22977;0.281;0.195;0.239;0.232;0.249;0.303;0.3;0.579;0.11;0.068;0.088;0.132;0.049;0.024
22978;0.281;0.193;0.242;0.229;0.247;0.3;0.3;0.576;0.11;0.068;0.088;0.129;0.046;0.022
22979;0.281;0.195;0.244;0.232;0.247;0.3;0.303;0.579;0.11;0.068;0.088;0.129;0.046;0.024
22980;0.281;0.195;0.249;0.232;0.247;0.303;0.303;0.579;0.11;0.073;0.088;0.129;0.049;0.024
22981;0.281;0.193;0.259;0.232;0.244;0.298;0.305;0.576;0.107;0.073;0.088;0.129;0.049;0.024
22982;0.281;0.193;0.261;0.237;0.244;0.3;0.303;0.579;0.11;0.073;0.088;0.127;0.049;0.024
22983;0.281;0.193;0.264;0.229;0.247;0.298;0.303;0.579;0.11;0.076;0.085;0.127;0.049;0.022
22984;0.283;0.198;0.261;0.234;0.244;0.298;0.303;0.576;0.11;0.076;0.085;0.127;0.051;0.024
22985;0.281;0.195;0.266;0.232;0.242;0.298;0.303;0.576;0.11;0.078;0.085;0.127;0.051;0.024
22986;0.283;0.198;0.266;0.234;0.244;0.298;0.3;0.581;0.11;0.076;0.083;0.127;0.044;0.02
22987;0.283;0.195;0.269;0.237;0.244;0.3;0.298;0.576;0.115;0.081;0.085;0.127;0.049;0.027
22988;0.283;0.2;0.269;0.234;0.247;0.298;0.295;0.579;0.112;0.081;0.088;0.127;0.046;0.022
22989;0.286;0.198;0.269;0.234;0.244;0.3;0.295;0.579;0.11;0.081;0.083;0.127;0.051;0.022
22990;0.283;0.2;0.261;0.237;0.247;0.298;0.291;0.576;0.112;0.081;0.085;0.125;0.049;0.024
22991;0.286;0.195;0.264;0.237;0.247;0.3;0.293;0.576;0.11;0.085;0.083;0.125;0.051;0.024
22992;0.283;0.2;0.273;0.237;0.247;0.3;0.293;0.579;0.112;0.081;0.081;0.127;0.046;0.022
22993;0.281;0.198;0.276;0.234;0.244;0.298;0.291;0.576;0.112;0.083;0.083;0.127;0.051;0.022
22994;0.281;0.2;0.264;0.237;0.244;0.3;0.291;0.576;0.112;0.083;0.083;0.127;0.049;0.027
22995;0.281;0.2;0.264;0.237;0.244;0.303;0.291;0.579;0.112;0.085;0.085;0.127;0.049;0.027
22996;0.278;0.2;0.266;0.237;0.244;0.303;0.293;0.576;0.112;0.083;0.083;0.129;0.049;0.024
22997;0.281;0.2;0.261;0.237;0.244;0.3;0.291;0.576;0.112;0.083;0.083;0.132;0.049;0.024
22998;0.278;0.2;0.315;0.237;0.242;0.3;0.293;0.574;0.112;0.083;0.083;0.129;0.049;0.022
22999;0.276;0.203;0.288;0.239;0.239;0.303;0.293;0.576;0.112;0.083;0.085;0.132;0.049;0.029
23000;0.278;0.203;0.283;0.239;0.242;0.3;0.293;0.576;0.11;0.081;0.085;0.132;0.046;0.024
23001;0.276;0.203;0.291;0.239;0.242;0.303;0.291;0.576;0.112;0.083;0.083;0.137;0.046;0.024
23002;0.273;0.203;0.31;0.239;0.242;0.3;0.291;0.579;0.112;0.081;0.085;0.139;0.051;0.027
23003;0.273;0.203;0.298;0.239;0.244;0.3;0.293;0.576;0.115;0.083;0.088;0.139;0.051;0.027
23004;0.273;0.2;0.291;0.237;0.242;0.298;0.295;0.576;0.11;0.083;0.088;0.142;0.051;0.027
23005;0.276;0.203;0.315;0.239;0.239;0.3;0.293;0.576;0.112;0.083;0.088;0.144;0.049;0.022
23006;0.271;0.2;0.288;0.237;0.237;0.298;0.293;0.576;0.117;0.081;0.088;0.149;0.051;0.029
23007;0.273;0.2;0.425;0.237;0.239;0.298;0.295;0.576;0.11;0.078;0.09;0.149;0.051;0.027
23008;0.271;0.203;0.552;0.234;0.237;0.298;0.295;0.574;0.115;0.078;0.09;0.146;0.049;0.022
23009;0.271;0.198;0.505;0.237;0.237;0.298;0.298;0.574;0.11;0.073;0.09;0.149;0.049;0.024
23010;0.271;0.198;0.747;0.237;0.239;0.298;0.298;0.574;0.112;0.078;0.09;0.149;0.054;0.027
23011;0.273;0.198;0.669;0.237;0.239;0.298;0.293;0.579;0.115;0.078;0.093;0.151;0.049;0.024
23012;0.273;0.198;0.859;0.237;0.239;0.298;0.295;0.574;0.112;0.073;0.093;0.151;0.051;0.02
23013;0.271;0.198;0.713;0.237;0.239;0.298;0.293;0.574;0.115;0.076;0.093;0.149;0.054;0.027
23014;0.271;0.198;0.337;0.237;0.237;0.298;0.291;0.576;0.117;0.076;0.095;0.151;0.054;0.024
23015;0.273;0.2;0.342;0.237;0.239;0.3;0.291;0.574;0.115;0.078;0.095;0.154;0.056;0.024
23016;0.273;0.198;0.544;0.237;0.234;0.3;0.293;0.576;0.115;0.078;0.098;0.156;0.054;0.024
23017;0.273;0.198;0.596;0.237;0.237;0.303;0.288;0.576;0.117;0.078;0.1;0.154;0.056;0.024
23018;0.271;0.198;0.693;0.237;0.234;0.3;0.286;0.574;0.117;0.076;0.098;0.151;0.059;0.027
23019;0.273;0.198;0.947;0.239;0.232;0.3;0.283;0.574;0.112;0.076;0.095;0.151;0.056;0.024
23020;0.273;0.203;0.615;0.237;0.237;0.3;0.286;0.574;0.12;0.076;0.095;0.156;0.059;0.022
23021;0.271;0.2;0.767;0.242;0.239;0.3;0.286;0.576;0.117;0.073;0.1;0.156;0.063;0.024
23022;0.273;0.198;0.715;0.237;0.239;0.298;0.291;0.576;0.12;0.078;0.095;0.156;0.063;0.027
23023;0.273;0.2;0.881;0.237;0.239;0.3;0.291;0.576;0.12;0.078;0.095;0.156;0.061;0.024
23024;0.273;0.203;0.767;0.239;0.239;0.3;0.291;0.576;0.12;0.076;0.095;0.154;0.063;0.022
23025;0.271;0.203;0.759;0.237;0.239;0.3;0.293;0.576;0.122;0.078;0.098;0.156;0.071;0.027
23026;0.273;0.2;0.752;0.237;0.244;0.303;0.293;0.574;0.12;0.076;0.095;0.159;0.066;0.022
23027;0.273;0.203;0.518;0.234;0.239;0.3;0.295;0.574;0.122;0.076;0.095;0.156;0.071;0.022
23028;0.273;0.2;0.688;0.239;0.244;0.3;0.293;0.576;0.12;0.073;0.098;0.161;0.066;0.027
23029;0.273;0.2;0.73;0.237;0.242;0.3;0.291;0.576;0.122;0.076;0.095;0.159;0.073;0.027
23030;0.271;0.2;0.625;0.237;0.242;0.303;0.291;0.579;0.122;0.071;0.095;0.161;0.068;0.022
23031;0.273;0.198;0.552;0.234;0.242;0.303;0.293;0.576;0.12;0.073;0.095;0.161;0.066;0.022
23032;0.273;0.2;0.479;0.237;0.239;0.303;0.293;0.576;0.122;0.073;0.095;0.161;0.068;0.022
23033;0.276;0.2;0.776;0.237;0.242;0.303;0.293;0.579;0.125;0.073;0.098;0.164;0.073;0.027
23034;0.273;0.2;0.442;0.239;0.239;0.303;0.291;0.576;0.125;0.073;0.095;0.164;0.071;0.027
23035;0.273;0.195;0.52;0.239;0.239;0.303;0.291;0.576;0.125;0.073;0.1;0.168;0.071;0.024
23036;0.273;0.2;0.322;0.239;0.237;0.305;0.291;0.576;0.122;0.068;0.098;0.166;0.073;0.022
23037;0.276;0.2;0.342;0.242;0.237;0.305;0.288;0.576;0.125;0.068;0.098;0.168;0.073;0.024
23038;0.271;0.198;0.352;0.239;0.237;0.305;0.288;0.571;0.127;0.068;0.103;0.171;0.073;0.027
23039;0.273;0.198;0.369;0.239;0.237;0.305;0.291;0.579;0.125;0.068;0.098;0.171;0.073;0.029
23040;0.271;0.198;0.344;0.239;0.239;0.308;0.291;0.576;0.127;0.066;0.1;0.173;0.071;0.024
23041;0.271;0.198;0.352;0.239;0.239;0.305;0.291;0.576;0.127;0.066;0.1;0.176;0.073;0.024
23042;0.269;0.195;0.366;0.239;0.237;0.305;0.291;0.576;0.132;0.066;0.103;0.178;0.073;0.027
23043;0.269;0.198;0.374;0.237;0.239;0.305;0.293;0.576;0.129;0.063;0.1;0.178;0.073;0.024
23044;0.269;0.195;0.427;0.234;0.239;0.303;0.288;0.574;0.134;0.066;0.105;0.181;0.073;0.024
23045;0.266;0.195;0.488;0.234;0.239;0.305;0.291;0.576;0.132;0.066;0.105;0.183;0.071;0.024
23046;0.266;0.195;0.479;0.234;0.237;0.305;0.288;0.576;0.134;0.061;0.107;0.186;0.071;0.024
23047;0.269;0.195;0.403;0.234;0.237;0.308;0.288;0.576;0.134;0.061;0.107;0.183;0.073;0.024
23048;0.264;0.195;0.334;0.234;0.237;0.308;0.288;0.579;0.134;0.059;0.107;0.183;0.068;0.022
23049;0.266;0.198;0.391;0.234;0.234;0.308;0.288;0.576;0.137;0.059;0.107;0.188;0.073;0.024
23050;0.266;0.195;0.427;0.234;0.239;0.305;0.291;0.574;0.139;0.059;0.112;0.188;0.068;0.024
23051;0.264;0.195;0.596;0.237;0.237;0.31;0.291;0.576;0.137;0.059;0.11;0.186;0.073;0.027
23052;0.266;0.195;0.579;0.239;0.237;0.31;0.291;0.574;0.139;0.056;0.11;0.186;0.071;0.022
23053;0.264;0.195;0.662;0.237;0.234;0.308;0.291;0.574;0.139;0.059;0.107;0.19;0.071;0.022
23054;0.264;0.195;0.73;0.237;0.232;0.308;0.291;0.574;0.142;0.056;0.11;0.188;0.068;0.027
23055;0.264;0.193;1.177;0.239;0.232;0.31;0.291;0.574;0.142;0.056;0.11;0.188;0.071;0.024
23056;0.266;0.195;0.74;0.237;0.232;0.308;0.291;0.574;0.144;0.056;0.11;0.188;0.066;0.024
23057;0.266;0.195;0.542;0.237;0.229;0.308;0.291;0.566;0.144;0.056;0.11;0.19;0.071;0.024
23058;0.266;0.195;0.75;0.239;0.229;0.305;0.291;0.571;0.146;0.054;0.11;0.186;0.066;0.024
23059;0.264;0.193;0.664;0.237;0.232;0.308;0.291;0.571;0.146;0.051;0.107;0.186;0.063;0.02
23060;0.264;0.195;0.647;0.237;0.232;0.305;0.291;0.574;0.146;0.054;0.11;0.183;0.063;0.024
23061;0.264;0.193;0.742;0.234;0.232;0.305;0.291;0.571;0.149;0.051;0.11;0.183;0.068;0.027
23062;0.261;0.195;0.586;0.234;0.232;0.308;0.293;0.574;0.149;0.049;0.107;0.178;0.063;0.022
23063;0.261;0.195;0.667;0.234;0.234;0.305;0.293;0.569;0.146;0.049;0.107;0.176;0.063;0.022
23064;0.261;0.188;0.515;0.234;0.234;0.303;0.291;0.569;0.151;0.049;0.11;0.171;0.063;0.024
23065;0.261;0.193;0.603;0.237;0.234;0.305;0.293;0.571;0.154;0.051;0.11;0.166;0.066;0.027
23066;0.261;0.193;0.654;0.239;0.234;0.305;0.295;0.571;0.154;0.051;0.112;0.159;0.063;0.027
23067;0.261;0.193;0.576;0.234;0.232;0.3;0.291;0.571;0.154;0.049;0.11;0.151;0.061;0.022
23068;0.261;0.19;3.77;0.237;0.234;0.3;0.291;0.571;0.159;0.049;0.112;0.146;0.061;0.024
23069;0.261;0.19;1.287;0.237;0.234;0.303;0.291;0.574;0.156;0.051;0.112;0.139;0.066;0.029
23070;0.261;0.193;3.921;0.237;0.234;0.303;0.288;0.574;0.156;0.046;0.112;0.134;0.059;0.02
23071;0.261;0.19;4.998;0.239;0.232;0.298;0.283;0.571;0.159;0.049;0.115;0.127;0.056;0.024
23072;0.261;0.19;4.998;0.239;0.232;0.298;0.283;0.571;0.161;0.051;0.115;0.125;0.056;0.024
23073;0.259;0.193;4.998;0.237;0.232;0.3;0.281;0.574;0.161;0.046;0.115;0.117;0.056;0.024
23074;0.259;0.193;4.998;0.237;0.229;0.303;0.281;0.571;0.164;0.046;0.117;0.115;0.054;0.02
23075;0.261;0.19;4.998;0.234;0.229;0.303;0.278;0.571;0.164;0.044;0.12;0.11;0.054;0.022
23076;0.256;0.19;4.998;0.234;0.229;0.303;0.281;0.574;0.164;0.046;0.12;0.107;0.056;0.027
23077;0.259;0.19;4.998;0.232;0.229;0.303;0.281;0.574;0.166;0.046;0.125;0.103;0.054;0.027
23078;0.256;0.193;4.998;0.234;0.229;0.303;0.281;0.576;0.164;0.046;0.122;0.1;0.054;0.022
23079;0.259;0.19;4.998;0.234;0.232;0.303;0.283;0.576;0.171;0.051;0.129;0.1;0.054;0.022
23080;0.256;0.19;4.998;0.234;0.232;0.3;0.283;0.574;0.168;0.044;0.129;0.095;0.051;0.022
23081;0.259;0.193;4.998;0.237;0.229;0.3;0.281;0.571;0.171;0.046;0.132;0.093;0.054;0.027
23082;0.259;0.19;4.998;0.234;0.232;0.3;0.283;0.576;0.168;0.042;0.127;0.093;0.054;0.024
23083;0.254;0.19;4.998;0.234;0.232;0.298;0.281;0.576;0.173;0.044;0.132;0.085;0.054;0.024
23084;0.256;0.19;4.998;0.234;0.229;0.298;0.278;0.576;0.173;0.044;0.134;0.088;0.051;0.024
23085;0.259;0.19;4.998;0.234;0.229;0.3;0.281;0.574;0.176;0.046;0.137;0.085;0.051;0.027
23086;0.254;0.188;4.998;0.237;0.229;0.3;0.276;0.576;0.178;0.042;0.137;0.085;0.051;0.024
23087;0.256;0.188;4.998;0.237;0.229;0.3;0.278;0.576;0.176;0.044;0.139;0.081;0.049;0.022
23088;0.254;0.19;4.998;0.237;0.232;0.3;0.276;0.576;0.178;0.044;0.142;0.081;0.054;0.027
23089;0.254;0.188;4.998;0.237;0.232;0.305;0.278;0.576;0.178;0.046;0.142;0.078;0.049;0.024
23090;0.254;0.19;4.998;0.237;0.232;0.303;0.278;0.576;0.181;0.044;0.144;0.078;0.049;0.022
23091;0.256;0.19;4.998;0.237;0.232;0.305;0.278;0.579;0.181;0.044;0.144;0.073;0.051;0.024
23092;0.256;0.19;4.998;0.237;0.232;0.305;0.276;0.579;0.183;0.044;0.146;0.073;0.049;0.024
23093;0.254;0.188;4.998;0.234;0.232;0.308;0.281;0.576;0.183;0.046;0.146;0.073;0.049;0.024
23094;0.254;0.188;4.998;0.234;0.234;0.305;0.278;0.576;0.181;0.042;0.146;0.071;0.046;0.024
23095;0.254;0.188;4.998;0.237;0.232;0.305;0.276;0.581;0.178;0.044;0.146;0.071;0.051;0.022
23096;0.251;0.19;4.998;0.234;0.229;0.305;0.273;0.579;0.183;0.044;0.149;0.071;0.054;0.029
23097;0.251;0.188;4.998;0.234;0.229;0.3;0.271;0.579;0.183;0.046;0.146;0.068;0.046;0.024
23098;0.251;0.188;4.998;0.234;0.227;0.3;0.271;0.581;0.183;0.046;0.146;0.068;0.049;0.022
23099;0.249;0.186;4.998;0.232;0.227;0.303;0.271;0.581;0.186;0.046;0.149;0.066;0.049;0.022
23100;0.251;0.188;4.998;0.232;0.225;0.298;0.273;0.579;0.186;0.049;0.149;0.066;0.049;0.022
23101;0.249;0.188;4.998;0.232;0.227;0.3;0.273;0.581;0.181;0.044;0.146;0.063;0.049;0.02
23102;0.247;0.188;4.998;0.234;0.225;0.3;0.271;0.579;0.183;0.046;0.149;0.068;0.044;0.022
23103;0.249;0.188;4.998;0.237;0.225;0.3;0.273;0.576;0.186;0.051;0.149;0.063;0.046;0.024
23104;0.249;0.186;4.998;0.237;0.225;0.298;0.271;0.574;0.188;0.051;0.149;0.063;0.051;0.027
23105;0.247;0.188;4.998;0.234;0.222;0.3;0.273;0.574;0.188;0.056;0.149;0.061;0.051;0.024
23106;0.247;0.188;4.998;0.239;0.22;0.298;0.273;0.569;0.183;0.051;0.146;0.061;0.054;0.027
23107;0.247;0.188;4.998;0.234;0.22;0.298;0.273;0.571;0.188;0.054;0.146;0.063;0.049;0.024
23108;0.249;0.183;4.998;0.237;0.222;0.298;0.271;0.579;0.188;0.056;0.149;0.063;0.054;0.027
23109;0.247;0.188;4.998;0.237;0.22;0.298;0.271;0.576;0.188;0.056;0.149;0.061;0.054;0.027
23110;0.249;0.186;4.998;0.239;0.22;0.295;0.273;0.579;0.188;0.056;0.146;0.061;0.051;0.022
23111;0.244;0.186;4.998;0.234;0.22;0.298;0.271;0.576;0.193;0.059;0.146;0.059;0.054;0.027
23112;0.247;0.183;4.998;0.237;0.22;0.298;0.273;0.579;0.186;0.059;0.144;0.056;0.056;0.027
23113;0.244;0.183;4.998;0.237;0.22;0.298;0.271;0.579;0.19;0.059;0.149;0.059;0.059;0.029
23114;0.244;0.183;4.998;0.237;0.217;0.298;0.271;0.574;0.188;0.059;0.146;0.059;0.059;0.032
23115;0.247;0.183;4.998;0.239;0.22;0.295;0.271;0.574;0.188;0.059;0.144;0.059;0.059;0.034
23116;0.249;0.183;4.998;0.237;0.22;0.298;0.271;0.576;0.188;0.061;0.146;0.059;0.059;0.034
23117;0.247;0.183;4.998;0.242;0.22;0.298;0.271;0.613;0.186;0.059;0.144;0.059;0.056;0.037
23118;0.244;0.178;4.998;0.242;0.22;0.295;0.271;0.859;0.186;0.061;0.144;0.056;0.061;0.042
23119;0.247;0.181;4.998;0.244;0.222;0.293;0.273;0.916;0.183;0.059;0.146;0.056;0.059;0.044
23120;0.247;0.181;4.998;0.244;0.222;0.295;0.269;0.928;0.183;0.059;0.144;0.059;0.059;0.049
23121;0.249;0.178;4.998;0.244;0.22;0.293;0.269;0.991;0.186;0.059;0.146;0.056;0.059;0.054
23122;0.247;0.178;4.998;0.247;0.22;0.295;0.269;1.106;0.183;0.061;0.146;0.059;0.061;0.054
23123;0.247;0.178;4.998;0.247;0.217;0.295;0.266;1.067;0.183;0.061;0.146;0.056;0.059;0.059
23124;0.247;0.178;4.998;0.247;0.217;0.293;0.266;1.023;0.186;0.059;0.151;0.056;0.059;0.063
23125;0.247;0.178;4.998;0.247;0.217;0.293;0.269;1.025;0.183;0.056;0.151;0.056;0.059;0.063
23126;0.249;0.178;4.998;0.249;0.217;0.291;0.269;1.021;0.178;0.059;0.149;0.056;0.059;0.071
23127;0.247;0.178;4.998;0.251;0.217;0.291;0.266;1.011;0.181;0.059;0.151;0.056;0.059;0.076
23128;0.247;0.178;4.998;0.251;0.217;0.293;0.269;1.025;0.181;0.061;0.154;0.056;0.056;0.078
23129;0.247;0.176;4.998;0.251;0.217;0.293;0.269;1.006;0.173;0.054;0.149;0.054;0.054;0.083
23130;0.247;0.176;4.998;0.254;0.217;0.291;0.269;1.001;0.176;0.059;0.151;0.056;0.054;0.085
23131;0.249;0.178;4.998;0.256;0.22;0.293;0.269;1.035;0.173;0.056;0.151;0.056;0.054;0.093
23132;0.249;0.176;4.998;0.251;0.22;0.293;0.269;1.016;0.173;0.056;0.151;0.056;0.056;0.098
23133;0.249;0.178;4.998;0.251;0.217;0.291;0.269;1.05;0.168;0.054;0.149;0.056;0.056;0.1
23134;0.249;0.173;4.998;0.251;0.215;0.291;0.266;1.033;0.171;0.056;0.151;0.056;0.056;0.105
23135;0.249;0.176;4.998;0.251;0.215;0.288;0.269;1.013;0.171;0.059;0.154;0.059;0.056;0.112
23136;0.251;0.176;4.998;0.256;0.212;0.293;0.269;1.023;0.168;0.051;0.149;0.054;0.056;0.115
23137;0.251;0.176;4.998;0.254;0.215;0.291;0.271;1.023;0.164;0.051;0.146;0.054;0.056;0.117
23138;0.251;0.176;4.998;0.254;0.212;0.291;0.271;0.994;0.164;0.051;0.149;0.054;0.056;0.12
23139;0.251;0.178;4.998;0.254;0.212;0.293;0.271;1.008;0.164;0.054;0.151;0.054;0.059;0.125
23140;0.249;0.176;4.998;0.254;0.215;0.291;0.271;1.03;0.161;0.051;0.149;0.054;0.059;0.125
23141;0.249;0.176;4.998;0.254;0.21;0.291;0.271;1.001;0.159;0.049;0.146;0.051;0.061;0.132
23142;0.247;0.176;4.998;0.254;0.212;0.291;0.269;0.989;0.159;0.054;0.146;0.054;0.059;0.127
23143;0.249;0.178;4.998;0.254;0.215;0.291;0.269;0.974;0.156;0.054;0.144;0.051;0.061;0.129
23144;0.249;0.178;3.447;0.254;0.215;0.288;0.273;0.977;0.159;0.054;0.146;0.051;0.061;0.132
23145;0.249;0.176;2.246;0.254;0.215;0.291;0.273;0.94;0.154;0.051;0.144;0.049;0.066;0.134
23146;0.249;0.178;1.506;0.254;0.212;0.293;0.276;0.93;0.154;0.054;0.142;0.051;0.063;0.134
23147;0.249;0.173;1.16;0.254;0.215;0.291;0.273;0.935;0.149;0.051;0.139;0.054;0.068;0.142
23148;0.249;0.173;1.052;0.254;0.215;0.291;0.273;0.901;0.151;0.054;0.142;0.051;0.066;0.137
23149;0.251;0.173;0.923;0.254;0.212;0.291;0.276;0.879;0.149;0.054;0.139;0.049;0.068;0.137
23150;0.251;0.173;0.879;0.256;0.212;0.291;0.276;0.874;0.151;0.051;0.137;0.049;0.071;0.139
23151;0.249;0.173;0.735;0.256;0.212;0.288;0.276;0.872;0.146;0.054;0.137;0.051;0.076;0.144
23152;0.251;0.173;0.703;0.254;0.212;0.291;0.278;0.859;0.151;0.054;0.134;0.049;0.076;0.137
23153;0.249;0.173;0.547;0.251;0.21;0.288;0.276;0.852;0.151;0.056;0.134;0.051;0.081;0.139
23154;0.249;0.173;0.793;0.249;0.208;0.291;0.273;0.889;0.146;0.054;0.132;0.046;0.083;0.139
23155;0.249;0.176;0.825;0.249;0.208;0.291;0.273;0.876;0.149;0.051;0.129;0.049;0.085;0.139
23156;0.251;0.176;0.918;0.249;0.205;0.286;0.271;0.867;0.146;0.056;0.127;0.051;0.088;0.139
23157;0.251;0.173;0.771;0.249;0.205;0.288;0.269;0.852;0.146;0.051;0.125;0.049;0.093;0.137
23158;0.249;0.176;0.735;0.251;0.208;0.288;0.266;0.864;0.149;0.056;0.129;0.049;0.1;0.139
23159;0.251;0.173;0.635;0.249;0.208;0.291;0.266;0.867;0.146;0.049;0.125;0.046;0.1;0.134
23160;0.254;0.173;0.388;0.249;0.21;0.291;0.266;0.857;0.146;0.051;0.125;0.051;0.103;0.137
23161;0.251;0.176;0.527;0.251;0.208;0.291;0.271;0.864;0.146;0.049;0.12;0.051;0.107;0.134
23162;0.251;0.173;0.698;0.249;0.208;0.291;0.269;0.862;0.146;0.051;0.125;0.049;0.11;0.132
23163;0.251;0.173;0.671;0.249;0.208;0.291;0.269;0.852;0.146;0.049;0.12;0.046;0.112;0.129
23164;0.251;0.173;0.735;0.251;0.205;0.291;0.271;0.85;0.146;0.049;0.122;0.049;0.115;0.129
23165;0.251;0.176;0.771;0.251;0.205;0.291;0.271;0.845;0.144;0.046;0.12;0.046;0.122;0.129
23166;0.249;0.173;0.654;0.251;0.205;0.291;0.273;0.857;0.149;0.051;0.12;0.049;0.129;0.132
23167;0.249;0.173;0.972;0.249;0.205;0.293;0.276;0.84;0.146;0.049;0.12;0.046;0.127;0.127
23168;0.249;0.173;0.845;0.249;0.208;0.293;0.276;0.83;0.146;0.046;0.117;0.051;0.129;0.125
23169;0.249;0.173;0.879;0.251;0.208;0.291;0.276;0.818;0.146;0.046;0.117;0.049;0.134;0.125
23170;0.251;0.173;0.737;0.249;0.21;0.293;0.276;0.813;0.149;0.049;0.117;0.049;0.134;0.125
23171;0.247;0.178;0.737;0.249;0.21;0.293;0.273;0.801;0.149;0.049;0.117;0.049;0.142;0.122
23172;0.247;0.176;0.889;0.247;0.208;0.291;0.271;0.801;0.149;0.049;0.117;0.051;0.142;0.122
23173;0.249;0.176;0.854;0.251;0.208;0.293;0.271;0.796;0.149;0.049;0.115;0.049;0.142;0.117
23174;0.249;0.176;0.854;0.247;0.21;0.288;0.273;0.791;0.154;0.051;0.117;0.051;0.144;0.117
23175;0.249;0.176;0.793;0.244;0.212;0.288;0.273;0.801;0.154;0.054;0.117;0.051;0.144;0.115
23176;0.251;0.176;0.339;0.247;0.21;0.288;0.273;0.796;0.151;0.049;0.115;0.049;0.146;0.115
23177;0.251;0.176;1.055;0.247;0.208;0.286;0.276;0.793;0.151;0.051;0.112;0.049;0.144;0.115
23178;0.249;0.176;0.747;0.247;0.208;0.288;0.278;0.793;0.151;0.051;0.115;0.051;0.146;0.112
23179;0.251;0.176;0.469;0.247;0.208;0.288;0.278;0.796;0.154;0.049;0.112;0.051;0.146;0.107
23180;0.254;0.176;0.415;0.244;0.208;0.288;0.276;0.791;0.154;0.054;0.112;0.051;0.149;0.107
23181;0.251;0.173;0.405;0.247;0.21;0.286;0.273;0.793;0.156;0.054;0.112;0.051;0.144;0.105
23182;0.254;0.173;0.312;0.247;0.208;0.286;0.273;0.801;0.154;0.056;0.112;0.051;0.144;0.107
23183;0.251;0.171;0.264;0.249;0.21;0.286;0.273;0.798;0.161;0.061;0.115;0.049;0.144;0.105
23184;0.254;0.173;0.227;0.247;0.208;0.286;0.271;0.791;0.159;0.059;0.11;0.051;0.146;0.103
23185;0.254;0.173;0.21;0.247;0.208;0.286;0.269;0.789;0.161;0.059;0.107;0.049;0.144;0.103
23186;0.251;0.168;0.21;0.247;0.208;0.288;0.269;0.789;0.164;0.061;0.11;0.049;0.144;0.103
23187;0.251;0.168;0.208;0.249;0.21;0.286;0.269;0.781;0.164;0.063;0.112;0.049;0.144;0.1
23188;0.251;0.168;0.208;0.247;0.212;0.286;0.269;0.779;0.164;0.066;0.11;0.051;0.139;0.1
23189;0.251;0.166;0.205;0.247;0.21;0.288;0.264;0.781;0.166;0.071;0.112;0.051;0.139;0.098
23190;0.256;0.166;0.205;0.247;0.212;0.286;0.266;0.789;0.168;0.071;0.107;0.051;0.139;0.1
23191;0.254;0.168;0.2;0.247;0.212;0.288;0.266;0.781;0.168;0.073;0.107;0.049;0.137;0.093
23192;0.256;0.166;0.205;0.247;0.208;0.286;0.269;0.786;0.173;0.078;0.112;0.051;0.139;0.103
23193;0.256;0.164;0.203;0.242;0.21;0.288;0.266;0.789;0.173;0.081;0.11;0.049;0.134;0.098
23194;0.254;0.164;0.2;0.247;0.208;0.288;0.271;0.779;0.178;0.085;0.112;0.049;0.132;0.1
23195;0.251;0.164;0.203;0.244;0.205;0.291;0.273;0.767;0.181;0.088;0.115;0.049;0.129;0.1
23196;0.254;0.164;0.2;0.242;0.205;0.286;0.276;0.776;0.181;0.093;0.115;0.051;0.125;0.098
23197;0.254;0.164;0.203;0.242;0.205;0.291;0.276;0.764;0.183;0.095;0.112;0.049;0.129;0.1
23198;0.254;0.161;0.205;0.244;0.21;0.291;0.276;0.757;0.188;0.1;0.117;0.049;0.125;0.1
23199;0.251;0.164;0.203;0.242;0.208;0.291;0.278;0.75;0.188;0.105;0.117;0.049;0.125;0.105
23200;0.251;0.164;0.2;0.242;0.21;0.291;0.278;0.762;0.188;0.107;0.117;0.049;0.117;0.1
23201;0.249;0.161;0.198;0.244;0.21;0.293;0.276;0.759;0.195;0.115;0.117;0.049;0.115;0.1
23202;0.251;0.161;0.198;0.242;0.21;0.291;0.278;0.759;0.193;0.117;0.115;0.046;0.115;0.103
23203;0.251;0.164;0.203;0.244;0.208;0.291;0.276;0.769;0.198;0.122;0.117;0.049;0.112;0.103
23204;0.254;0.164;0.203;0.242;0.208;0.291;0.273;0.774;0.2;0.122;0.117;0.049;0.112;0.103
23205;0.251;0.164;0.2;0.242;0.21;0.291;0.271;0.769;0.203;0.127;0.115;0.046;0.107;0.098
23206;0.254;0.164;0.2;0.239;0.208;0.288;0.273;0.769;0.205;0.132;0.12;0.049;0.11;0.105
23207;0.251;0.161;0.2;0.239;0.208;0.291;0.276;0.771;0.208;0.132;0.12;0.049;0.105;0.105
23208;0.254;0.164;0.198;0.239;0.208;0.291;0.276;0.767;0.205;0.134;0.117;0.049;0.103;0.1
23209;0.254;0.164;0.193;0.239;0.205;0.293;0.273;0.762;0.21;0.139;0.12;0.046;0.1;0.105
23210;0.254;0.164;0.193;0.237;0.205;0.291;0.276;0.762;0.215;0.137;0.117;0.049;0.103;0.107
23211;0.254;0.164;0.195;0.237;0.205;0.291;0.273;0.762;0.217;0.139;0.115;0.049;0.1;0.103
23212;0.254;0.164;0.193;0.239;0.208;0.288;0.271;0.762;0.215;0.142;0.117;0.051;0.095;0.103
23213;0.254;0.164;0.198;0.237;0.205;0.288;0.273;0.764;0.22;0.139;0.117;0.049;0.095;0.103
23214;0.254;0.161;0.198;0.234;0.205;0.286;0.273;0.774;0.22;0.142;0.117;0.049;0.098;0.103
23215;0.256;0.161;0.2;0.237;0.208;0.288;0.271;0.779;0.225;0.142;0.122;0.049;0.098;0.105
23216;0.256;0.161;0.2;0.237;0.21;0.286;0.271;0.776;0.222;0.134;0.12;0.049;0.098;0.105
23217;0.256;0.159;0.193;0.237;0.21;0.286;0.271;0.781;0.225;0.137;0.122;0.049;0.095;0.103
23218;0.254;0.159;0.193;0.237;0.212;0.286;0.269;0.776;0.229;0.134;0.122;0.049;0.095;0.1
23219;0.254;0.159;0.195;0.239;0.212;0.286;0.271;0.779;0.229;0.134;0.122;0.049;0.095;0.103
23220;0.254;0.156;0.193;0.242;0.215;0.286;0.271;0.771;0.229;0.132;0.125;0.049;0.095;0.1
23221;0.254;0.156;0.195;0.237;0.212;0.283;0.271;0.769;0.232;0.127;0.125;0.049;0.095;0.095
23222;0.254;0.159;0.188;0.242;0.215;0.286;0.273;0.771;0.232;0.127;0.127;0.049;0.095;0.098
23223;0.254;0.159;0.193;0.239;0.215;0.286;0.276;0.769;0.234;0.122;0.132;0.049;0.095;0.098
23224;0.256;0.159;0.19;0.239;0.215;0.288;0.278;0.762;0.234;0.122;0.134;0.046;0.098;0.098
23225;0.254;0.156;0.19;0.242;0.212;0.286;0.283;0.767;0.234;0.117;0.139;0.046;0.093;0.095
23226;0.254;0.156;0.19;0.239;0.212;0.288;0.278;0.762;0.232;0.117;0.139;0.046;0.098;0.095
23227;0.254;0.156;0.19;0.242;0.21;0.286;0.281;0.762;0.234;0.115;0.146;0.049;0.093;0.093
23228;0.254;0.156;0.188;0.239;0.215;0.288;0.278;0.754;0.232;0.112;0.151;0.049;0.095;0.095
23229;0.256;0.159;0.188;0.239;0.215;0.288;0.281;0.757;0.229;0.105;0.154;0.049;0.093;0.095
23230;0.254;0.156;0.188;0.239;0.212;0.288;0.276;0.754;0.232;0.107;0.159;0.049;0.093;0.09
23231;0.256;0.159;0.188;0.237;0.215;0.288;0.278;0.752;0.232;0.105;0.164;0.051;0.09;0.09
23232;0.256;0.159;0.183;0.237;0.212;0.288;0.276;0.75;0.229;0.103;0.168;0.054;0.088;0.09
23233;0.251;0.156;0.186;0.237;0.212;0.288;0.276;0.747;0.229;0.1;0.173;0.049;0.09;0.09
23234;0.254;0.156;0.183;0.237;0.212;0.288;0.276;0.742;0.229;0.098;0.178;0.054;0.09;0.093
23235;0.254;0.156;0.186;0.237;0.215;0.288;0.278;0.735;0.229;0.095;0.181;0.056;0.085;0.088
23236;0.254;0.159;0.186;0.237;0.215;0.288;0.281;0.74;0.229;0.093;0.186;0.059;0.083;0.088
23237;0.254;0.161;0.188;0.239;0.215;0.291;0.278;0.742;0.227;0.088;0.188;0.063;0.085;0.093
23238;0.256;0.159;0.186;0.239;0.217;0.288;0.278;0.74;0.227;0.09;0.19;0.068;0.083;0.09
23239;0.256;0.159;0.186;0.239;0.217;0.291;0.276;0.737;0.225;0.085;0.195;0.081;0.083;0.088
23240;0.254;0.161;0.183;0.242;0.217;0.291;0.278;0.745;0.225;0.083;0.198;0.093;0.078;0.09
23241;0.254;0.159;0.188;0.242;0.222;0.288;0.276;0.745;0.225;0.081;0.2;0.11;0.081;0.09
23242;0.256;0.159;0.186;0.242;0.22;0.291;0.278;0.747;0.227;0.081;0.203;0.12;0.081;0.09
23243;0.254;0.159;0.186;0.242;0.225;0.291;0.278;0.747;0.227;0.078;0.203;0.129;0.081;0.088
23244;0.254;0.161;0.183;0.244;0.222;0.291;0.278;0.75;0.225;0.076;0.205;0.134;0.081;0.088
23245;0.254;0.164;0.188;0.239;0.222;0.288;0.278;0.742;0.225;0.073;0.208;0.139;0.081;0.09
23246;0.256;0.159;0.186;0.242;0.22;0.288;0.276;0.737;0.225;0.073;0.208;0.146;0.081;0.09
23247;0.256;0.156;0.186;0.242;0.222;0.291;0.278;0.737;0.22;0.071;0.21;0.149;0.078;0.088
23248;0.256;0.159;0.188;0.242;0.225;0.291;0.278;0.742;0.222;0.068;0.21;0.156;0.076;0.088
23249;0.256;0.159;0.188;0.242;0.225;0.291;0.278;0.74;0.222;0.071;0.21;0.159;0.081;0.09
23250;0.256;0.159;0.19;0.242;0.225;0.291;0.278;0.74;0.222;0.068;0.21;0.164;0.078;0.09
23251;0.259;0.159;0.186;0.244;0.225;0.291;0.281;0.74;0.22;0.068;0.212;0.168;0.076;0.09
23252;0.256;0.156;0.19;0.239;0.222;0.293;0.278;0.745;0.217;0.066;0.21;0.168;0.073;0.088
23253;0.256;0.154;0.19;0.242;0.225;0.293;0.278;0.747;0.217;0.063;0.21;0.171;0.071;0.085
23254;0.256;0.156;0.19;0.239;0.222;0.293;0.278;0.754;0.217;0.061;0.212;0.171;0.071;0.088
23255;0.256;0.156;0.188;0.242;0.222;0.293;0.281;0.757;0.215;0.061;0.212;0.171;0.071;0.088
23256;0.256;0.156;0.188;0.239;0.22;0.291;0.278;0.759;0.215;0.059;0.21;0.168;0.068;0.088
23257;0.254;0.156;0.186;0.237;0.22;0.293;0.281;0.752;0.212;0.056;0.21;0.166;0.068;0.088
23258;0.256;0.154;0.186;0.237;0.217;0.293;0.276;0.757;0.215;0.056;0.212;0.164;0.066;0.088
23259;0.254;0.156;0.183;0.239;0.217;0.293;0.276;0.752;0.208;0.056;0.208;0.164;0.066;0.085
23260;0.256;0.156;0.183;0.237;0.22;0.291;0.276;0.75;0.205;0.054;0.203;0.161;0.063;0.088
23261;0.256;0.154;0.183;0.239;0.212;0.291;0.273;0.745;0.205;0.054;0.203;0.159;0.063;0.085
23262;0.256;0.156;0.188;0.239;0.217;0.291;0.271;0.742;0.203;0.051;0.198;0.154;0.059;0.083
23263;0.256;0.154;0.186;0.239;0.215;0.293;0.273;0.742;0.203;0.054;0.2;0.154;0.059;0.083
23264;0.256;0.159;0.186;0.239;0.215;0.291;0.276;0.737;0.2;0.054;0.195;0.154;0.061;0.083
23265;0.256;0.154;0.188;0.239;0.212;0.293;0.276;0.74;0.195;0.051;0.19;0.151;0.059;0.081
23266;0.256;0.154;0.186;0.239;0.212;0.291;0.276;0.735;0.198;0.054;0.19;0.149;0.054;0.081
23267;0.259;0.156;0.188;0.237;0.21;0.288;0.276;0.737;0.193;0.054;0.188;0.146;0.056;0.078
23268;0.259;0.159;0.188;0.239;0.215;0.288;0.278;0.735;0.19;0.049;0.183;0.144;0.051;0.076
23269;0.259;0.154;0.188;0.237;0.212;0.291;0.276;0.737;0.188;0.051;0.183;0.146;0.051;0.076
23270;0.256;0.154;0.188;0.237;0.212;0.291;0.276;0.74;0.186;0.049;0.178;0.142;0.051;0.078
23271;0.256;0.156;0.186;0.239;0.215;0.288;0.278;0.742;0.181;0.051;0.171;0.139;0.049;0.076
23272;0.256;0.156;0.188;0.239;0.215;0.288;0.276;0.745;0.186;0.054;0.171;0.139;0.054;0.076
23273;0.254;0.156;0.186;0.237;0.212;0.288;0.276;0.747;0.181;0.049;0.166;0.137;0.049;0.073
23274;0.256;0.154;0.186;0.239;0.215;0.291;0.276;0.742;0.176;0.049;0.164;0.137;0.051;0.078
23275;0.254;0.159;0.188;0.237;0.212;0.291;0.273;0.74;0.176;0.049;0.159;0.132;0.049;0.071
23276;0.254;0.154;0.186;0.239;0.212;0.288;0.276;0.737;0.173;0.051;0.156;0.132;0.049;0.073
23277;0.254;0.154;0.19;0.239;0.21;0.291;0.273;0.737;0.168;0.049;0.154;0.129;0.049;0.078
23278;0.256;0.154;0.186;0.239;0.212;0.293;0.276;0.735;0.181;0.059;0.161;0.142;0.051;0.076
23279;0.254;0.154;0.186;0.237;0.215;0.293;0.276;0.737;0.166;0.049;0.146;0.132;0.039;0.063
23280;0.254;0.151;0.186;0.237;0.212;0.293;0.276;0.737;0.161;0.042;0.142;0.127;0.034;0.063
23281;0.254;0.154;0.186;0.237;0.212;0.291;0.278;0.732;0.161;0.046;0.142;0.127;0.044;0.068
23282;0.254;0.154;0.186;0.237;0.212;0.291;0.276;0.732;0.161;0.049;0.144;0.127;0.044;0.073
23283;0.254;0.154;0.186;0.234;0.212;0.291;0.278;0.735;0.159;0.046;0.144;0.125;0.044;0.068
23284;0.251;0.154;0.188;0.234;0.215;0.291;0.278;0.742;0.154;0.046;0.139;0.125;0.042;0.068
23285;0.254;0.154;0.193;0.234;0.212;0.288;0.278;0.75;0.156;0.046;0.139;0.125;0.042;0.068
23286;0.254;0.154;0.19;0.234;0.215;0.288;0.281;0.754;0.154;0.044;0.139;0.122;0.042;0.066
23287;0.259;0.154;0.193;0.237;0.212;0.288;0.281;0.754;0.154;0.046;0.142;0.122;0.039;0.068
23288;0.256;0.154;0.19;0.234;0.212;0.286;0.281;0.754;0.149;0.044;0.142;0.12;0.042;0.063
23289;0.256;0.156;0.193;0.234;0.212;0.288;0.283;0.752;0.151;0.042;0.142;0.12;0.039;0.066
23290;0.256;0.151;0.193;0.232;0.21;0.288;0.283;0.752;0.149;0.044;0.146;0.12;0.037;0.066
23291;0.259;0.154;0.193;0.234;0.21;0.288;0.283;0.757;0.146;0.042;0.146;0.12;0.042;0.066
23292;0.261;0.159;0.193;0.234;0.21;0.286;0.283;0.762;0.146;0.042;0.151;0.12;0.039;0.066
23293;0.261;0.156;0.193;0.232;0.212;0.288;0.283;0.762;0.146;0.044;0.151;0.12;0.034;0.061
23294;0.259;0.156;0.195;0.232;0.21;0.288;0.283;0.764;0.146;0.044;0.156;0.12;0.039;0.063
23295;0.261;0.156;0.195;0.232;0.212;0.288;0.286;0.767;0.146;0.044;0.161;0.117;0.039;0.066
23296;0.256;0.159;0.193;0.232;0.212;0.291;0.288;0.767;0.142;0.042;0.161;0.12;0.034;0.061
23297;0.256;0.159;0.195;0.232;0.215;0.288;0.288;0.767;0.142;0.044;0.168;0.117;0.037;0.063
23298;0.256;0.159;0.198;0.232;0.215;0.291;0.288;0.769;0.142;0.042;0.166;0.115;0.034;0.061
23299;0.259;0.161;0.195;0.229;0.215;0.291;0.288;0.776;0.139;0.042;0.173;0.112;0.032;0.059
23300;0.256;0.161;0.193;0.229;0.217;0.288;0.288;0.786;0.142;0.042;0.178;0.115;0.034;0.063
23301;0.254;0.161;0.198;0.227;0.217;0.291;0.293;0.793;0.139;0.042;0.178;0.115;0.034;0.059
23302;0.254;0.161;0.193;0.229;0.22;0.288;0.291;0.791;0.139;0.042;0.183;0.115;0.032;0.061
23303;0.251;0.164;0.193;0.229;0.217;0.288;0.293;0.791;0.137;0.044;0.188;0.112;0.027;0.056
23304;0.254;0.164;0.193;0.227;0.22;0.286;0.295;0.791;0.139;0.042;0.19;0.115;0.032;0.061
23305;0.251;0.161;0.195;0.227;0.222;0.286;0.295;0.791;0.137;0.042;0.193;0.11;0.032;0.059
23306;0.256;0.161;0.193;0.227;0.217;0.283;0.291;0.789;0.139;0.042;0.198;0.112;0.032;0.061
23307;0.254;0.161;0.193;0.227;0.225;0.286;0.293;0.791;0.134;0.039;0.198;0.107;0.032;0.059
23308;0.251;0.161;0.19;0.227;0.222;0.288;0.293;0.791;0.137;0.042;0.203;0.11;0.032;0.059
23309;0.256;0.161;0.19;0.225;0.222;0.286;0.295;0.796;0.139;0.042;0.205;0.11;0.032;0.056
23310;0.251;0.161;0.193;0.225;0.225;0.283;0.293;0.793;0.137;0.042;0.208;0.11;0.029;0.059
23311;0.256;0.159;0.193;0.225;0.225;0.283;0.298;0.796;0.139;0.044;0.21;0.107;0.029;0.054
23312;0.256;0.164;0.19;0.225;0.227;0.286;0.293;0.796;0.137;0.039;0.212;0.105;0.034;0.056
23313;0.256;0.161;0.198;0.225;0.227;0.286;0.293;0.796;0.142;0.042;0.215;0.107;0.029;0.056
23314;0.256;0.159;0.195;0.227;0.227;0.286;0.291;0.793;0.142;0.042;0.217;0.103;0.029;0.054
23315;0.256;0.164;0.195;0.225;0.229;0.283;0.291;0.791;0.139;0.042;0.217;0.1;0.032;0.056
23316;0.256;0.161;0.19;0.227;0.229;0.286;0.291;0.791;0.139;0.042;0.22;0.103;0.032;0.056
23317;0.259;0.161;0.193;0.225;0.227;0.283;0.293;0.786;0.142;0.039;0.222;0.1;0.032;0.054
23318;0.259;0.159;0.19;0.225;0.227;0.286;0.293;0.784;0.144;0.042;0.225;0.1;0.032;0.059
23319;0.256;0.159;0.19;0.225;0.227;0.286;0.291;0.784;0.144;0.039;0.225;0.098;0.032;0.056
23320;0.256;0.159;0.193;0.225;0.225;0.286;0.288;0.784;0.144;0.037;0.225;0.095;0.029;0.054
23321;0.259;0.159;0.195;0.225;0.227;0.286;0.288;0.784;0.146;0.039;0.225;0.095;0.034;0.056
23322;0.256;0.159;0.19;0.222;0.225;0.283;0.288;0.781;0.144;0.037;0.222;0.095;0.029;0.051
23323;0.256;0.159;0.195;0.225;0.227;0.286;0.291;0.774;0.146;0.037;0.225;0.093;0.032;0.054
23324;0.256;0.159;0.193;0.222;0.227;0.286;0.291;0.769;0.146;0.034;0.222;0.095;0.034;0.051
23325;0.254;0.159;0.195;0.225;0.225;0.283;0.293;0.764;0.146;0.039;0.22;0.093;0.032;0.054
23326;0.256;0.161;0.198;0.225;0.225;0.283;0.291;0.762;0.146;0.037;0.217;0.093;0.037;0.054
23327;0.254;0.159;0.2;0.225;0.222;0.283;0.293;0.771;0.151;0.039;0.217;0.09;0.032;0.054
23328;0.254;0.156;0.198;0.227;0.225;0.281;0.293;0.774;0.151;0.039;0.215;0.088;0.034;0.056
23329;0.254;0.156;0.203;0.225;0.222;0.283;0.293;0.771;0.149;0.034;0.212;0.088;0.032;0.046
23330;0.254;0.159;0.198;0.227;0.225;0.286;0.293;0.774;0.149;0.034;0.21;0.088;0.034;0.054
23331;0.254;0.156;0.195;0.229;0.225;0.283;0.295;0.771;0.151;0.032;0.208;0.088;0.034;0.054
23332;0.256;0.159;0.198;0.229;0.225;0.283;0.295;0.769;0.151;0.034;0.205;0.088;0.034;0.051
23333;0.254;0.159;0.198;0.227;0.227;0.281;0.295;0.767;0.151;0.034;0.2;0.085;0.034;0.051
23334;0.254;0.159;0.195;0.229;0.225;0.283;0.298;0.769;0.149;0.029;0.195;0.085;0.034;0.054
23335;0.251;0.159;0.198;0.229;0.225;0.281;0.295;0.769;0.154;0.034;0.198;0.081;0.034;0.049
23336;0.251;0.159;0.198;0.229;0.225;0.283;0.293;0.764;0.151;0.034;0.193;0.083;0.034;0.049
23337;0.251;0.156;0.198;0.227;0.225;0.283;0.293;0.769;0.151;0.034;0.188;0.081;0.039;0.051
23338;0.251;0.159;0.2;0.227;0.227;0.286;0.295;0.769;0.149;0.034;0.186;0.078;0.034;0.046
23339;0.254;0.161;0.2;0.227;0.225;0.283;0.295;0.774;0.151;0.034;0.178;0.076;0.037;0.049
23340;0.254;0.156;0.195;0.227;0.225;0.288;0.293;0.776;0.151;0.037;0.178;0.083;0.039;0.051
23341;0.254;0.156;0.198;0.227;0.225;0.288;0.293;0.781;0.149;0.032;0.176;0.078;0.037;0.049
23342;0.254;0.156;0.198;0.229;0.225;0.291;0.293;0.776;0.149;0.032;0.171;0.081;0.037;0.049
23343;0.254;0.159;0.2;0.227;0.227;0.291;0.293;0.779;0.149;0.034;0.171;0.078;0.037;0.051
23344;0.254;0.156;0.203;0.229;0.227;0.291;0.291;0.779;0.149;0.034;0.166;0.081;0.039;0.049
23345;0.254;0.156;0.203;0.225;0.227;0.293;0.288;0.779;0.149;0.034;0.159;0.078;0.037;0.049
23346;0.251;0.156;0.2;0.225;0.227;0.293;0.291;0.776;0.146;0.034;0.156;0.076;0.042;0.046
23347;0.256;0.156;0.205;0.225;0.227;0.293;0.293;0.771;0.149;0.034;0.156;0.078;0.039;0.049
23348;0.256;0.156;0.203;0.225;0.227;0.293;0.293;0.769;0.149;0.034;0.151;0.076;0.037;0.044
23349;0.256;0.156;0.208;0.225;0.227;0.293;0.291;0.771;0.151;0.034;0.149;0.073;0.044;0.049
23350;0.254;0.156;0.205;0.225;0.227;0.291;0.293;0.771;0.151;0.032;0.142;0.073;0.037;0.046
23351;0.254;0.156;0.208;0.227;0.227;0.293;0.291;0.774;0.151;0.037;0.142;0.076;0.042;0.046
23352;0.256;0.154;0.203;0.227;0.227;0.291;0.288;0.774;0.154;0.037;0.137;0.073;0.046;0.046
23353;0.259;0.156;0.205;0.227;0.225;0.291;0.291;0.769;0.156;0.037;0.134;0.073;0.042;0.049
23354;0.256;0.154;0.205;0.225;0.225;0.291;0.291;0.764;0.156;0.034;0.134;0.076;0.042;0.044
23355;0.259;0.156;0.203;0.225;0.227;0.291;0.288;0.764;0.161;0.037;0.127;0.071;0.044;0.046
23356;0.259;0.156;0.203;0.227;0.222;0.288;0.291;0.759;0.161;0.037;0.129;0.071;0.044;0.046
23357;0.259;0.154;0.208;0.227;0.225;0.291;0.293;0.757;0.166;0.034;0.125;0.073;0.044;0.044
23358;0.261;0.154;0.205;0.229;0.225;0.291;0.295;0.762;0.168;0.034;0.122;0.071;0.046;0.044
23359;0.254;0.156;0.205;0.225;0.225;0.288;0.293;0.759;0.171;0.034;0.122;0.071;0.049;0.046
23360;0.256;0.156;0.205;0.227;0.227;0.288;0.295;0.759;0.173;0.034;0.117;0.073;0.044;0.046
23361;0.259;0.156;0.203;0.229;0.227;0.288;0.298;0.757;0.183;0.034;0.115;0.073;0.051;0.046
23362;0.256;0.156;0.205;0.227;0.227;0.291;0.3;0.759;0.186;0.034;0.112;0.073;0.054;0.046
23363;0.256;0.156;0.203;0.229;0.225;0.291;0.303;0.754;0.188;0.034;0.11;0.071;0.051;0.044
23364;0.254;0.154;0.205;0.227;0.227;0.293;0.303;0.757;0.195;0.034;0.107;0.071;0.054;0.044
23365;0.256;0.159;0.205;0.227;0.227;0.291;0.305;0.759;0.198;0.032;0.105;0.071;0.054;0.044
23366;0.256;0.159;0.208;0.232;0.229;0.293;0.303;0.757;0.203;0.037;0.105;0.071;0.056;0.044
23367;0.256;0.159;0.205;0.229;0.227;0.293;0.303;0.762;0.203;0.034;0.103;0.071;0.056;0.044
23368;0.256;0.156;0.208;0.227;0.227;0.293;0.3;0.757;0.21;0.037;0.103;0.071;0.056;0.042
23369;0.259;0.159;0.205;0.225;0.225;0.295;0.3;0.757;0.212;0.034;0.098;0.071;0.056;0.044
23370;0.256;0.156;0.212;0.227;0.222;0.293;0.3;0.762;0.217;0.034;0.095;0.071;0.061;0.046
23371;0.256;0.159;0.21;0.225;0.225;0.293;0.3;0.757;0.217;0.037;0.098;0.071;0.061;0.044
23372;0.259;0.156;0.212;0.229;0.222;0.295;0.303;0.757;0.222;0.037;0.098;0.071;0.059;0.044
23373;0.256;0.159;0.212;0.227;0.222;0.293;0.303;0.762;0.225;0.034;0.093;0.071;0.061;0.042
23374;0.259;0.159;0.21;0.227;0.222;0.291;0.303;0.762;0.227;0.037;0.095;0.071;0.066;0.044
23375;0.259;0.161;0.212;0.227;0.222;0.295;0.3;0.759;0.232;0.039;0.093;0.071;0.068;0.044
23376;0.259;0.159;0.21;0.229;0.222;0.291;0.303;0.762;0.232;0.042;0.093;0.071;0.068;0.044
23377;0.259;0.159;0.215;0.232;0.222;0.291;0.303;0.762;0.234;0.039;0.088;0.068;0.071;0.044
23378;0.256;0.159;0.212;0.229;0.22;0.288;0.303;0.762;0.237;0.042;0.088;0.068;0.068;0.044
23379;0.256;0.156;0.215;0.229;0.222;0.288;0.298;0.764;0.239;0.037;0.088;0.068;0.073;0.044
23380;0.256;0.159;0.22;0.229;0.222;0.288;0.303;0.767;0.234;0.039;0.083;0.068;0.073;0.042
23381;0.254;0.156;0.244;0.229;0.225;0.288;0.3;0.767;0.239;0.042;0.085;0.071;0.073;0.042
23382;0.254;0.159;0.461;0.232;0.225;0.288;0.3;0.762;0.237;0.039;0.083;0.066;0.076;0.044
23383;0.256;0.156;0.618;0.232;0.227;0.291;0.303;0.764;0.237;0.042;0.085;0.071;0.076;0.042
23384;0.256;0.156;0.52;0.229;0.229;0.291;0.303;0.769;0.234;0.042;0.081;0.068;0.081;0.044
23385;0.256;0.156;0.659;0.232;0.229;0.288;0.303;0.767;0.234;0.042;0.083;0.066;0.078;0.039
23386;0.256;0.156;0.769;0.229;0.229;0.288;0.308;0.767;0.234;0.039;0.081;0.068;0.083;0.046
23387;0.256;0.156;0.706;0.232;0.229;0.286;0.305;0.764;0.237;0.042;0.081;0.068;0.083;0.042
23388;0.256;0.159;0.862;0.232;0.229;0.286;0.305;0.764;0.237;0.039;0.078;0.066;0.085;0.042
23389;0.254;0.156;0.757;0.229;0.227;0.286;0.305;0.762;0.234;0.039;0.078;0.066;0.085;0.042
23390;0.256;0.156;1.047;0.229;0.227;0.288;0.31;0.762;0.234;0.044;0.078;0.066;0.088;0.046
23391;0.251;0.156;0.789;0.229;0.229;0.286;0.308;0.764;0.237;0.042;0.076;0.066;0.088;0.044
23392;0.254;0.159;0.652;0.229;0.227;0.286;0.305;0.764;0.237;0.042;0.081;0.066;0.088;0.042
23393;0.254;0.156;0.732;0.229;0.225;0.291;0.308;0.762;0.237;0.039;0.078;0.063;0.085;0.042
23394;0.254;0.159;0.784;0.229;0.227;0.288;0.305;0.759;0.242;0.039;0.078;0.066;0.088;0.042
23395;0.254;0.159;0.857;0.232;0.225;0.288;0.305;0.757;0.239;0.039;0.076;0.068;0.085;0.044
23396;0.254;0.156;0.894;0.232;0.229;0.288;0.308;0.759;0.244;0.042;0.076;0.063;0.093;0.044
23397;0.254;0.159;0.867;0.232;0.225;0.288;0.305;0.757;0.244;0.042;0.076;0.063;0.09;0.042
23398;0.251;0.161;1.074;0.232;0.225;0.288;0.308;0.759;0.247;0.042;0.078;0.066;0.088;0.042
23399;0.251;0.159;1.003;0.234;0.225;0.288;0.305;0.759;0.247;0.039;0.076;0.061;0.09;0.042
23400;0.249;0.164;1.064;0.232;0.225;0.291;0.31;0.762;0.254;0.039;0.076;0.063;0.093;0.046
23401;0.249;0.161;4.998;0.232;0.225;0.288;0.308;0.764;0.259;0.039;0.078;0.063;0.093;0.039
23402;0.249;0.159;4.998;0.232;0.222;0.288;0.308;0.762;0.261;0.039;0.081;0.066;0.095;0.042
23403;0.251;0.159;4.998;0.237;0.222;0.288;0.305;0.759;0.264;0.042;0.078;0.063;0.093;0.042
23404;0.249;0.159;4.998;0.232;0.222;0.286;0.308;0.762;0.271;0.039;0.078;0.063;0.093;0.039
23405;0.249;0.161;4.998;0.232;0.22;0.286;0.305;0.762;0.273;0.037;0.078;0.063;0.093;0.042
23406;0.251;0.161;4.998;0.232;0.225;0.283;0.305;0.762;0.281;0.042;0.083;0.066;0.095;0.042
23407;0.251;0.161;4.998;0.229;0.222;0.283;0.305;0.759;0.283;0.039;0.078;0.063;0.098;0.039
23408;0.251;0.159;4.998;0.229;0.225;0.283;0.303;0.762;0.283;0.037;0.076;0.061;0.095;0.039
23409;0.251;0.159;4.998;0.232;0.222;0.283;0.303;0.762;0.288;0.037;0.076;0.061;0.098;0.042
23410;0.254;0.161;4.998;0.227;0.222;0.281;0.3;0.759;0.295;0.034;0.076;0.063;0.093;0.042
23411;0.254;0.159;4.998;0.232;0.222;0.283;0.303;0.759;0.3;0.037;0.078;0.061;0.093;0.042
23412;0.251;0.159;4.998;0.229;0.225;0.283;0.303;0.762;0.305;0.039;0.078;0.063;0.093;0.039
23413;0.254;0.161;4.998;0.229;0.227;0.283;0.3;0.759;0.308;0.037;0.078;0.063;0.095;0.042
23414;0.256;0.159;4.998;0.232;0.225;0.286;0.303;0.759;0.312;0.039;0.076;0.061;0.093;0.042
23415;0.256;0.164;4.998;0.229;0.225;0.283;0.305;0.759;0.317;0.042;0.078;0.061;0.09;0.042
23416;0.254;0.161;4.998;0.225;0.227;0.288;0.3;0.757;0.322;0.037;0.076;0.066;0.095;0.042
23417;0.254;0.159;4.998;0.227;0.227;0.286;0.308;0.754;0.322;0.034;0.073;0.061;0.085;0.039
23418;0.256;0.161;4.998;0.232;0.229;0.286;0.303;0.757;0.325;0.032;0.071;0.059;0.09;0.039
23419;0.256;0.159;4.998;0.227;0.227;0.288;0.305;0.759;0.332;0.037;0.076;0.061;0.088;0.042
23420;0.256;0.161;4.998;0.227;0.227;0.286;0.305;0.757;0.334;0.037;0.076;0.063;0.088;0.039
23421;0.256;0.161;4.998;0.227;0.227;0.288;0.308;0.754;0.342;0.039;0.076;0.061;0.085;0.042
23422;0.256;0.161;4.998;0.227;0.227;0.288;0.305;0.757;0.344;0.037;0.076;0.059;0.088;0.039
23423;0.256;0.161;4.998;0.227;0.227;0.288;0.305;0.757;0.352;0.039;0.076;0.063;0.085;0.042
23424;0.254;0.161;4.998;0.229;0.225;0.288;0.305;0.759;0.354;0.037;0.078;0.061;0.085;0.044
23425;0.254;0.159;4.998;0.227;0.229;0.291;0.303;0.759;0.361;0.037;0.073;0.061;0.083;0.044
23426;0.256;0.161;4.998;0.227;0.229;0.288;0.303;0.762;0.364;0.037;0.073;0.061;0.083;0.046
23427;0.254;0.161;4.998;0.227;0.232;0.288;0.303;0.762;0.371;0.039;0.071;0.061;0.081;0.044
23428;0.256;0.161;4.998;0.227;0.227;0.288;0.303;0.762;0.376;0.034;0.073;0.061;0.078;0.042
23429;0.254;0.161;4.998;0.227;0.232;0.288;0.3;0.764;0.383;0.042;0.071;0.063;0.076;0.044
23430;0.256;0.164;4.998;0.227;0.232;0.288;0.298;0.764;0.391;0.037;0.071;0.061;0.078;0.044
23431;0.254;0.166;4.998;0.225;0.229;0.288;0.298;0.767;0.4;0.037;0.071;0.061;0.076;0.046
23432;0.254;0.164;4.998;0.227;0.232;0.291;0.303;0.771;0.405;0.037;0.068;0.061;0.078;0.044
23433;0.254;0.166;4.998;0.225;0.232;0.288;0.3;0.771;0.41;0.037;0.071;0.061;0.078;0.044
23434;0.254;0.166;4.998;0.227;0.232;0.288;0.305;0.771;0.42;0.034;0.068;0.061;0.076;0.049
23435;0.254;0.164;4.998;0.227;0.232;0.291;0.3;0.769;0.427;0.037;0.071;0.059;0.078;0.046
23436;0.254;0.168;4.998;0.229;0.232;0.288;0.303;0.774;0.437;0.037;0.068;0.059;0.073;0.042
23437;0.254;0.168;4.998;0.227;0.227;0.288;0.303;0.771;0.447;0.039;0.068;0.056;0.076;0.046
23438;0.256;0.171;4.998;0.227;0.227;0.288;0.303;0.771;0.454;0.039;0.071;0.061;0.076;0.046
23439;0.254;0.168;4.998;0.227;0.225;0.288;0.303;0.769;0.461;0.042;0.068;0.061;0.076;0.049
23440;0.254;0.168;4.998;0.229;0.222;0.288;0.305;0.769;0.469;0.039;0.068;0.061;0.073;0.049
23441;0.256;0.168;4.998;0.227;0.225;0.291;0.305;0.767;0.476;0.039;0.063;0.061;0.073;0.046
23442;0.256;0.166;4.998;0.227;0.222;0.291;0.303;0.764;0.481;0.042;0.068;0.063;0.073;0.049
23443;0.256;0.168;4.998;0.229;0.222;0.288;0.305;0.767;0.488;0.044;0.066;0.063;0.073;0.046
23444;0.254;0.168;4.998;0.227;0.225;0.293;0.303;0.769;0.493;0.042;0.066;0.063;0.071;0.049
23445;0.256;0.166;4.998;0.229;0.222;0.293;0.3;0.769;0.498;0.046;0.066;0.066;0.073;0.049
23446;0.256;0.166;4.998;0.229;0.22;0.295;0.3;0.767;0.503;0.046;0.066;0.063;0.068;0.046
23447;0.254;0.166;4.998;0.227;0.222;0.295;0.3;0.769;0.505;0.046;0.066;0.063;0.071;0.049
23448;0.259;0.164;4.998;0.227;0.22;0.293;0.298;0.769;0.508;0.049;0.063;0.066;0.073;0.049
23449;0.256;0.166;4.998;0.229;0.222;0.295;0.298;0.767;0.508;0.049;0.066;0.066;0.073;0.051
23450;0.256;0.166;4.998;0.227;0.22;0.295;0.293;0.762;0.513;0.054;0.063;0.068;0.071;0.051
23451;0.256;0.161;4.998;0.227;0.222;0.295;0.295;0.764;0.513;0.056;0.066;0.068;0.071;0.051
23452;0.259;0.161;4.998;0.227;0.22;0.293;0.293;0.764;0.51;0.051;0.063;0.068;0.071;0.054
23453;0.261;0.161;4.998;0.229;0.222;0.295;0.298;0.759;0.508;0.056;0.066;0.073;0.068;0.054
23454;0.259;0.161;4.998;0.229;0.222;0.295;0.293;0.759;0.508;0.061;0.066;0.071;0.071;0.051
23455;0.259;0.156;4.998;0.229;0.222;0.295;0.295;0.757;0.503;0.061;0.066;0.073;0.073;0.054
23456;0.259;0.161;4.998;0.229;0.222;0.295;0.295;0.757;0.505;0.066;0.068;0.078;0.071;0.051
23457;0.256;0.159;3.914;0.227;0.222;0.291;0.295;0.752;0.498;0.063;0.061;0.076;0.071;0.054
23458;0.259;0.161;4.998;0.227;0.222;0.291;0.293;0.752;0.496;0.068;0.066;0.076;0.073;0.056
23459;0.259;0.161;1.873;0.232;0.222;0.288;0.295;0.752;0.488;0.071;0.066;0.078;0.073;0.054
23460;0.259;0.161;1.006;0.227;0.22;0.293;0.293;0.754;0.483;0.071;0.063;0.081;0.073;0.056
23461;0.259;0.161;0.598;0.225;0.222;0.293;0.293;0.757;0.476;0.073;0.066;0.083;0.073;0.051
23462;0.261;0.161;1.079;0.227;0.22;0.293;0.295;0.759;0.466;0.071;0.063;0.081;0.073;0.054
23463;0.259;0.159;0.525;0.227;0.22;0.293;0.293;0.759;0.466;0.073;0.063;0.083;0.076;0.056
23464;0.259;0.161;0.652;0.229;0.22;0.293;0.298;0.757;0.457;0.071;0.063;0.083;0.076;0.056
23465;0.256;0.161;0.544;0.229;0.215;0.293;0.298;0.759;0.457;0.078;0.068;0.09;0.078;0.054
23466;0.259;0.164;0.886;0.229;0.217;0.293;0.3;0.762;0.444;0.071;0.063;0.088;0.076;0.054
23467;0.259;0.161;0.312;0.229;0.215;0.293;0.3;0.759;0.437;0.073;0.061;0.085;0.076;0.054
23468;0.259;0.166;0.718;0.227;0.215;0.293;0.298;0.762;0.43;0.071;0.063;0.088;0.078;0.054
23469;0.259;0.166;0.662;0.225;0.217;0.293;0.3;0.762;0.422;0.073;0.063;0.085;0.081;0.059
23470;0.259;0.166;0.61;0.227;0.217;0.293;0.298;0.759;0.415;0.073;0.061;0.088;0.081;0.054
23471;0.259;0.166;0.662;0.227;0.215;0.293;0.298;0.754;0.408;0.071;0.063;0.085;0.081;0.054
23472;0.254;0.166;0.674;0.225;0.217;0.295;0.3;0.757;0.398;0.068;0.061;0.085;0.081;0.056
23473;0.256;0.166;0.652;0.227;0.217;0.293;0.3;0.752;0.391;0.071;0.061;0.088;0.083;0.054
23474;0.251;0.166;0.605;0.229;0.217;0.295;0.3;0.752;0.381;0.068;0.061;0.088;0.083;0.054
23475;0.254;0.166;1.108;0.227;0.217;0.295;0.3;0.75;0.378;0.068;0.066;0.09;0.088;0.056
23476;0.254;0.166;1.162;0.229;0.217;0.298;0.298;0.752;0.366;0.068;0.061;0.088;0.083;0.049
23477;0.254;0.164;4.998;0.232;0.217;0.295;0.298;0.752;0.359;0.066;0.061;0.085;0.088;0.051
23478;0.254;0.166;4.998;0.234;0.22;0.3;0.295;0.75;0.352;0.066;0.061;0.088;0.088;0.049
23479;0.254;0.164;4.998;0.232;0.22;0.298;0.293;0.747;0.344;0.068;0.061;0.088;0.081;0.046
23480;0.254;0.164;3.662;0.232;0.222;0.295;0.295;0.75;0.337;0.066;0.059;0.088;0.085;0.046
23481;0.256;0.161;0.92;0.229;0.222;0.295;0.293;0.752;0.332;0.068;0.061;0.09;0.09;0.051
23482;0.256;0.161;0.579;0.232;0.222;0.295;0.293;0.754;0.325;0.068;0.061;0.088;0.088;0.049
23483;0.254;0.164;0.42;0.229;0.222;0.295;0.293;0.752;0.317;0.063;0.061;0.088;0.095;0.051
23484;0.256;0.164;0.359;0.232;0.225;0.293;0.291;0.752;0.312;0.063;0.059;0.088;0.09;0.049
23485;0.256;0.164;0.312;0.227;0.225;0.291;0.291;0.752;0.305;0.066;0.061;0.088;0.093;0.046
23486;0.254;0.161;0.286;0.232;0.227;0.291;0.288;0.752;0.298;0.066;0.059;0.088;0.095;0.049
23487;0.256;0.164;0.271;0.232;0.225;0.291;0.288;0.754;0.291;0.066;0.059;0.088;0.093;0.046
23488;0.256;0.164;0.393;0.232;0.225;0.291;0.291;0.754;0.286;0.063;0.059;0.088;0.095;0.044
23489;0.254;0.161;0.525;0.232;0.225;0.291;0.295;0.757;0.278;0.063;0.059;0.088;0.095;0.046
23490;0.259;0.164;0.664;0.229;0.225;0.291;0.3;0.754;0.278;0.063;0.059;0.085;0.095;0.044
23491;0.256;0.164;0.493;0.232;0.222;0.288;0.31;0.752;0.273;0.061;0.056;0.088;0.095;0.044
23492;0.256;0.161;0.996;0.232;0.222;0.288;0.315;0.752;0.269;0.061;0.056;0.083;0.093;0.044
23493;0.256;0.164;0.933;0.227;0.22;0.293;0.32;0.754;0.266;0.061;0.056;0.085;0.093;0.042
23494;0.254;0.161;0.886;0.229;0.217;0.288;0.32;0.757;0.261;0.061;0.059;0.088;0.093;0.044
23495;0.254;0.161;4.998;0.229;0.217;0.291;0.322;0.757;0.259;0.059;0.056;0.083;0.093;0.044
23496;0.251;0.164;4.998;0.232;0.215;0.291;0.317;0.759;0.254;0.059;0.056;0.088;0.088;0.039
23497;0.254;0.164;4.998;0.229;0.215;0.291;0.32;0.757;0.251;0.061;0.054;0.085;0.093;0.039
23498;0.251;0.166;4.998;0.227;0.217;0.291;0.32;0.762;0.251;0.059;0.054;0.088;0.088;0.037
23499;0.249;0.166;4.998;0.227;0.217;0.293;0.32;0.759;0.247;0.056;0.054;0.085;0.09;0.039
23500;0.249;0.164;4.998;0.229;0.217;0.291;0.32;0.762;0.244;0.061;0.054;0.088;0.09;0.039
23501;0.249;0.166;4.998;0.229;0.215;0.291;0.32;0.759;0.244;0.061;0.056;0.088;0.093;0.042
23502;0.249;0.166;4.998;0.227;0.215;0.291;0.32;0.764;0.247;0.061;0.054;0.09;0.093;0.039
23503;0.251;0.164;4.998;0.229;0.217;0.295;0.317;0.759;0.244;0.059;0.051;0.088;0.09;0.039
23504;0.251;0.166;4.998;0.232;0.215;0.293;0.317;0.757;0.244;0.059;0.054;0.088;0.095;0.039
23505;0.249;0.164;4.998;0.229;0.217;0.293;0.315;0.757;0.244;0.059;0.054;0.09;0.093;0.037
23506;0.249;0.166;4.998;0.232;0.217;0.293;0.308;0.757;0.244;0.056;0.051;0.09;0.095;0.037
23507;0.249;0.166;4.998;0.229;0.22;0.295;0.32;0.757;0.247;0.061;0.051;0.09;0.09;0.039
23508;0.249;0.166;4.998;0.229;0.217;0.293;0.349;0.757;0.249;0.059;0.051;0.09;0.093;0.037
23509;0.249;0.166;4.998;0.229;0.217;0.293;0.361;0.754;0.251;0.061;0.054;0.093;0.093;0.039
23510;0.249;0.168;4.998;0.232;0.215;0.293;0.405;0.759;0.256;0.061;0.051;0.09;0.093;0.042
23511;0.247;0.166;4.998;0.232;0.215;0.295;0.435;0.754;0.261;0.059;0.051;0.093;0.088;0.037
23512;0.247;0.166;4.998;0.229;0.215;0.295;0.447;0.754;0.264;0.061;0.051;0.093;0.09;0.039
23513;0.249;0.166;4.998;0.232;0.215;0.293;0.439;0.757;0.271;0.061;0.056;0.093;0.09;0.039
23514;0.247;0.168;4.998;0.227;0.215;0.295;0.464;0.754;0.273;0.061;0.051;0.09;0.088;0.037
23515;0.247;0.168;4.998;0.229;0.212;0.293;0.447;0.75;0.281;0.063;0.054;0.093;0.09;0.034
23516;0.247;0.166;4.998;0.229;0.21;0.293;0.435;0.75;0.291;0.063;0.054;0.093;0.09;0.037
23517;0.247;0.166;4.998;0.229;0.208;0.293;0.442;0.747;0.295;0.061;0.051;0.09;0.093;0.037
23518;0.247;0.166;4.998;0.227;0.21;0.293;0.439;0.75;0.303;0.063;0.054;0.093;0.09;0.037
23519;0.244;0.166;4.998;0.229;0.21;0.291;0.427;0.747;0.312;0.063;0.056;0.09;0.09;0.037
23520;0.247;0.166;4.998;0.229;0.21;0.293;0.439;0.75;0.32;0.063;0.054;0.09;0.093;0.037
23521;0.242;0.164;4.998;0.229;0.21;0.293;0.432;0.75;0.334;0.063;0.056;0.093;0.098;0.039
23522;0.242;0.164;4.998;0.229;0.21;0.293;0.415;0.745;0.344;0.063;0.054;0.093;0.095;0.037
23523;0.244;0.166;4.998;0.229;0.21;0.293;0.415;0.745;0.354;0.063;0.054;0.093;0.098;0.039
23524;0.244;0.166;4.998;0.234;0.21;0.293;0.41;0.747;0.366;0.066;0.054;0.09;0.095;0.037
23525;0.242;0.164;4.998;0.234;0.208;0.293;0.391;0.742;0.376;0.061;0.054;0.093;0.098;0.037
23526;0.242;0.166;4.998;0.232;0.208;0.293;0.393;0.742;0.391;0.063;0.054;0.093;0.1;0.034
23527;0.242;0.164;4.998;0.229;0.208;0.293;0.393;0.74;0.403;0.063;0.054;0.093;0.103;0.039
23528;0.239;0.164;4.998;0.232;0.208;0.293;0.378;0.745;0.415;0.063;0.051;0.093;0.1;0.037
23529;0.242;0.164;4.998;0.229;0.205;0.295;0.381;0.745;0.427;0.063;0.051;0.093;0.1;0.032
23530;0.242;0.164;4.998;0.229;0.205;0.293;0.393;0.747;0.439;0.066;0.051;0.095;0.1;0.034
23531;0.242;0.164;4.998;0.229;0.203;0.295;0.386;0.754;0.452;0.066;0.049;0.095;0.1;0.037
23532;0.244;0.161;4.998;0.229;0.205;0.291;0.386;0.754;0.461;0.066;0.049;0.098;0.105;0.039
23533;0.242;0.164;4.998;0.229;0.205;0.291;0.398;0.747;0.476;0.066;0.051;0.1;0.103;0.037
23534;0.242;0.161;4.998;0.229;0.203;0.288;0.396;0.752;0.488;0.063;0.054;0.1;0.105;0.034
23535;0.242;0.164;4.998;0.232;0.205;0.291;0.396;0.75;0.496;0.066;0.051;0.103;0.105;0.034
23536;0.244;0.164;4.998;0.229;0.203;0.291;0.405;0.747;0.503;0.063;0.049;0.103;0.105;0.037
23537;0.242;0.164;4.998;0.229;0.203;0.291;0.405;0.745;0.51;0.063;0.049;0.105;0.107;0.034
23538;0.242;0.164;4.998;0.229;0.203;0.291;0.403;0.747;0.518;0.063;0.049;0.105;0.107;0.034
23539;0.239;0.166;4.998;0.229;0.203;0.291;0.405;0.75;0.522;0.063;0.049;0.107;0.11;0.034
23540;0.239;0.166;4.998;0.229;0.203;0.288;0.403;0.75;0.53;0.061;0.049;0.11;0.107;0.037
23541;0.239;0.164;4.998;0.229;0.2;0.291;0.398;0.75;0.532;0.066;0.049;0.11;0.107;0.032
23542;0.239;0.166;4.998;0.229;0.2;0.291;0.398;0.754;0.537;0.061;0.049;0.112;0.11;0.034
23543;0.239;0.166;4.998;0.229;0.203;0.293;0.393;0.75;0.537;0.063;0.046;0.112;0.112;0.034
23544;0.242;0.166;4.998;0.229;0.2;0.291;0.386;0.752;0.54;0.061;0.049;0.115;0.11;0.032
23545;0.242;0.166;4.998;0.232;0.203;0.288;0.383;0.752;0.542;0.059;0.046;0.112;0.112;0.034
23546;0.244;0.166;4.998;0.229;0.203;0.286;0.386;0.754;0.535;0.061;0.044;0.112;0.11;0.032
23547;0.244;0.166;4.998;0.227;0.203;0.283;0.381;0.75;0.537;0.061;0.046;0.112;0.115;0.034
23548;0.244;0.166;4.998;0.229;0.205;0.286;0.378;0.754;0.537;0.059;0.046;0.115;0.112;0.034
23549;0.247;0.166;4.998;0.227;0.203;0.288;0.383;0.754;0.535;0.056;0.044;0.117;0.115;0.034
23550;0.244;0.164;4.998;0.229;0.203;0.283;0.381;0.754;0.535;0.056;0.044;0.117;0.115;0.034
23551;0.247;0.164;4.998;0.229;0.2;0.283;0.381;0.754;0.53;0.056;0.046;0.112;0.117;0.034
23552;0.244;0.166;4.998;0.232;0.198;0.283;0.378;0.752;0.527;0.059;0.044;0.115;0.117;0.034
23553;0.247;0.166;4.998;0.229;0.2;0.286;0.374;0.754;0.527;0.054;0.046;0.117;0.12;0.034
23554;0.244;0.164;4.998;0.229;0.198;0.286;0.376;0.754;0.52;0.051;0.044;0.115;0.12;0.034
23555;0.247;0.164;4.998;0.227;0.198;0.286;0.381;0.754;0.52;0.056;0.046;0.117;0.12;0.032
23556;0.247;0.161;4.998;0.227;0.195;0.286;0.381;0.757;0.518;0.054;0.046;0.117;0.12;0.034
23557;0.247;0.161;4.998;0.232;0.195;0.288;0.388;0.759;0.513;0.051;0.046;0.12;0.12;0.032
23558;0.244;0.159;4.998;0.229;0.193;0.286;0.386;0.759;0.51;0.051;0.044;0.117;0.122;0.034
23559;0.244;0.161;4.998;0.229;0.193;0.286;0.388;0.754;0.51;0.051;0.046;0.12;0.122;0.034
23560;0.247;0.161;4.998;0.229;0.193;0.283;0.388;0.754;0.508;0.051;0.046;0.117;0.122;0.032
23561;0.247;0.159;4.998;0.227;0.193;0.283;0.386;0.757;0.503;0.046;0.044;0.115;0.125;0.034
23562;0.247;0.159;4.998;0.227;0.193;0.286;0.391;0.757;0.503;0.049;0.044;0.117;0.125;0.032
23563;0.247;0.159;4.998;0.229;0.193;0.283;0.388;0.757;0.503;0.049;0.044;0.117;0.125;0.032
23564;0.239;0.159;4.998;0.229;0.193;0.281;0.396;0.759;0.503;0.046;0.046;0.117;0.122;0.032
23565;0.244;0.159;4.998;0.232;0.193;0.283;0.396;0.759;0.5;0.049;0.046;0.115;0.125;0.034
23566;0.244;0.159;4.998;0.229;0.195;0.286;0.396;0.762;0.5;0.049;0.044;0.115;0.125;0.032
23567;0.244;0.161;4.998;0.229;0.2;0.283;0.396;0.757;0.503;0.046;0.046;0.115;0.127;0.034
23568;0.242;0.161;4.998;0.232;0.2;0.283;0.398;0.762;0.5;0.049;0.046;0.112;0.127;0.027
23569;0.244;0.159;4.998;0.234;0.2;0.283;0.393;0.757;0.503;0.046;0.044;0.112;0.129;0.034
23570;0.242;0.161;4.998;0.234;0.2;0.286;0.398;0.754;0.5;0.049;0.049;0.107;0.127;0.029
23571;0.244;0.161;4.998;0.234;0.2;0.288;0.4;0.754;0.505;0.051;0.049;0.107;0.129;0.034
23572;0.242;0.161;4.998;0.234;0.2;0.291;0.405;0.752;0.503;0.049;0.049;0.107;0.132;0.034
23573;0.239;0.159;4.998;0.234;0.2;0.291;0.408;0.752;0.503;0.046;0.049;0.105;0.129;0.034
23574;0.242;0.164;4.998;0.234;0.195;0.291;0.405;0.752;0.505;0.049;0.046;0.105;0.127;0.032
23575;0.239;0.161;4.998;0.234;0.195;0.291;0.4;0.752;0.508;0.051;0.049;0.103;0.132;0.034
23576;0.239;0.161;4.998;0.229;0.195;0.291;0.396;0.75;0.51;0.054;0.049;0.103;0.129;0.034
23577;0.242;0.161;4.998;0.229;0.193;0.288;0.396;0.747;0.505;0.049;0.046;0.103;0.127;0.032
23578;0.239;0.161;4.998;0.234;0.19;0.291;0.393;0.747;0.508;0.054;0.051;0.1;0.129;0.032
23579;0.239;0.161;4.998;0.234;0.188;0.291;0.393;0.742;0.51;0.056;0.054;0.1;0.132;0.034
23580;0.239;0.161;4.998;0.232;0.19;0.291;0.393;0.74;0.505;0.056;0.051;0.098;0.132;0.032
23581;0.242;0.161;4.998;0.234;0.19;0.291;0.393;0.735;0.505;0.056;0.049;0.095;0.132;0.034
23582;0.237;0.159;4.998;0.229;0.19;0.286;0.393;0.74;0.505;0.056;0.049;0.093;0.129;0.032
23583;0.239;0.161;4.998;0.229;0.193;0.286;0.388;0.74;0.505;0.059;0.051;0.09;0.137;0.037
23584;0.239;0.161;4.998;0.229;0.188;0.286;0.391;0.74;0.5;0.054;0.046;0.085;0.132;0.034
23585;0.239;0.156;4.998;0.227;0.19;0.286;0.391;0.747;0.5;0.063;0.051;0.083;0.127;0.029
23586;0.237;0.159;4.998;0.229;0.188;0.286;0.391;0.745;0.496;0.061;0.049;0.083;0.127;0.032
23587;0.237;0.161;4.998;0.229;0.19;0.288;0.391;0.745;0.493;0.066;0.051;0.078;0.132;0.034
23588;0.237;0.159;4.998;0.227;0.193;0.288;0.388;0.747;0.488;0.063;0.051;0.078;0.132;0.037
23589;0.237;0.156;4.998;0.227;0.188;0.286;0.386;0.745;0.488;0.066;0.051;0.078;0.132;0.037
23590;0.237;0.156;4.998;0.229;0.188;0.286;0.388;0.745;0.483;0.066;0.051;0.078;0.127;0.032
23591;0.237;0.156;4.998;0.229;0.188;0.288;0.386;0.742;0.481;0.066;0.051;0.073;0.129;0.032
23592;0.234;0.154;4.998;0.229;0.186;0.288;0.383;0.747;0.479;0.071;0.054;0.071;0.129;0.034
23593;0.237;0.156;4.998;0.232;0.186;0.286;0.383;0.747;0.476;0.073;0.051;0.073;0.127;0.032
23594;0.234;0.156;4.998;0.232;0.186;0.286;0.383;0.747;0.471;0.071;0.051;0.068;0.125;0.032
23595;0.234;0.154;4.998;0.229;0.186;0.283;0.386;0.745;0.469;0.073;0.051;0.068;0.127;0.029
23596;0.237;0.154;4.998;0.232;0.183;0.283;0.381;0.745;0.466;0.076;0.051;0.068;0.127;0.032
23597;0.232;0.154;4.998;0.232;0.186;0.286;0.381;0.75;0.464;0.076;0.054;0.066;0.127;0.032
23598;0.234;0.154;4.998;0.232;0.183;0.288;0.376;0.747;0.461;0.078;0.054;0.066;0.127;0.032
23599;0.232;0.154;4.998;0.234;0.188;0.288;0.381;0.75;0.457;0.078;0.054;0.066;0.125;0.029
23600;0.232;0.154;4.998;0.232;0.183;0.283;0.378;0.752;0.454;0.081;0.054;0.066;0.127;0.029
23601;0.234;0.151;4.998;0.232;0.183;0.286;0.378;0.75;0.454;0.083;0.051;0.066;0.127;0.032
23602;0.232;0.156;4.998;0.237;0.183;0.288;0.381;0.747;0.452;0.085;0.054;0.063;0.127;0.034
23603;0.232;0.154;4.998;0.237;0.183;0.288;0.378;0.75;0.452;0.085;0.051;0.061;0.117;0.027
23604;0.232;0.156;4.998;0.237;0.181;0.288;0.381;0.747;0.454;0.083;0.051;0.061;0.122;0.029
23605;0.232;0.151;4.998;0.237;0.178;0.288;0.378;0.747;0.452;0.085;0.054;0.059;0.125;0.032
23606;0.232;0.159;4.998;0.239;0.181;0.291;0.374;0.745;0.454;0.088;0.054;0.059;0.12;0.027
23607;0.234;0.154;4.998;0.234;0.183;0.291;0.374;0.745;0.454;0.088;0.056;0.059;0.125;0.034
23608;0.234;0.154;4.998;0.234;0.181;0.288;0.374;0.745;0.454;0.088;0.056;0.059;0.12;0.029
23609;0.232;0.156;4.998;0.234;0.183;0.288;0.371;0.747;0.452;0.088;0.051;0.059;0.122;0.029
23610;0.232;0.156;4.998;0.229;0.183;0.291;0.371;0.745;0.454;0.088;0.054;0.059;0.122;0.032
23611;0.232;0.156;4.998;0.232;0.186;0.291;0.369;0.747;0.459;0.088;0.056;0.056;0.12;0.032
23612;0.232;0.154;4.998;0.234;0.183;0.286;0.369;0.742;0.459;0.085;0.056;0.056;0.122;0.034
23613;0.234;0.156;4.998;0.232;0.183;0.288;0.366;0.745;0.457;0.085;0.054;0.056;0.12;0.032
23614;0.232;0.156;4.998;0.234;0.183;0.286;0.366;0.745;0.457;0.088;0.056;0.054;0.12;0.029
23615;0.232;0.154;4.998;0.237;0.186;0.286;0.366;0.75;0.459;0.085;0.056;0.054;0.12;0.032
23616;0.232;0.154;4.998;0.232;0.183;0.286;0.364;0.75;0.459;0.088;0.061;0.054;0.12;0.032
23617;0.232;0.154;4.998;0.232;0.181;0.283;0.361;0.75;0.457;0.081;0.056;0.054;0.12;0.034
23618;0.234;0.154;4.998;0.234;0.183;0.286;0.364;0.75;0.457;0.081;0.056;0.054;0.117;0.032
23619;0.232;0.151;4.998;0.234;0.181;0.286;0.361;0.75;0.454;0.081;0.059;0.054;0.115;0.029
23620;0.232;0.156;4.998;0.234;0.181;0.286;0.364;0.752;0.454;0.081;0.059;0.054;0.117;0.032
23621;0.232;0.154;4.998;0.232;0.183;0.286;0.366;0.752;0.452;0.081;0.059;0.054;0.12;0.034
23622;0.234;0.151;4.998;0.232;0.186;0.286;0.364;0.75;0.452;0.078;0.061;0.054;0.117;0.032
23623;0.232;0.151;4.485;0.234;0.186;0.286;0.364;0.75;0.452;0.081;0.061;0.054;0.115;0.032
23624;0.232;0.151;2.126;0.234;0.188;0.286;0.369;0.75;0.447;0.076;0.059;0.051;0.112;0.029
23625;0.234;0.156;1.099;0.234;0.19;0.286;0.366;0.745;0.447;0.076;0.059;0.051;0.117;0.034
23626;0.232;0.154;0.603;0.232;0.19;0.286;0.369;0.75;0.447;0.076;0.063;0.054;0.117;0.034
23627;0.234;0.151;0.376;0.232;0.19;0.288;0.371;0.752;0.442;0.073;0.059;0.051;0.112;0.027
23628;0.234;0.154;0.269;0.232;0.188;0.283;0.374;0.75;0.444;0.073;0.059;0.051;0.115;0.034
23629;0.232;0.149;0.22;0.232;0.19;0.288;0.371;0.75;0.442;0.076;0.063;0.051;0.107;0.027
23630;0.234;0.151;0.2;0.229;0.19;0.286;0.374;0.752;0.439;0.073;0.059;0.051;0.117;0.037
23631;0.234;0.149;0.181;0.232;0.19;0.286;0.374;0.754;0.439;0.073;0.063;0.054;0.112;0.032
23632;0.232;0.149;0.171;0.229;0.19;0.286;0.374;0.747;0.439;0.071;0.061;0.051;0.11;0.029
23633;0.234;0.151;0.168;0.232;0.19;0.286;0.374;0.747;0.439;0.071;0.063;0.051;0.115;0.037
23634;0.232;0.149;0.168;0.229;0.19;0.283;0.374;0.747;0.439;0.071;0.066;0.051;0.112;0.032
23635;0.234;0.151;0.166;0.229;0.19;0.281;0.371;0.747;0.435;0.068;0.063;0.051;0.11;0.029
23636;0.234;0.149;0.164;0.232;0.19;0.281;0.371;0.75;0.435;0.068;0.063;0.054;0.11;0.032
23637;0.232;0.149;0.164;0.232;0.186;0.283;0.371;0.745;0.432;0.071;0.063;0.051;0.11;0.032
23638;0.234;0.149;0.164;0.229;0.188;0.281;0.369;0.747;0.43;0.071;0.068;0.054;0.112;0.032
23639;0.234;0.149;0.164;0.229;0.188;0.281;0.369;0.747;0.427;0.066;0.063;0.051;0.105;0.024
23640;0.232;0.151;0.164;0.232;0.188;0.281;0.369;0.742;0.427;0.068;0.063;0.051;0.105;0.032
23641;0.234;0.149;0.164;0.232;0.186;0.281;0.371;0.74;0.425;0.066;0.066;0.049;0.11;0.029
23642;0.234;0.151;0.164;0.229;0.183;0.283;0.374;0.745;0.425;0.068;0.066;0.051;0.11;0.034
23643;0.234;0.151;0.161;0.232;0.186;0.283;0.374;0.742;0.417;0.063;0.066;0.049;0.107;0.032
23644;0.234;0.151;0.161;0.229;0.183;0.283;0.374;0.747;0.415;0.063;0.066;0.051;0.107;0.029
23645;0.234;0.149;0.168;0.227;0.181;0.281;0.376;0.745;0.415;0.063;0.066;0.051;0.11;0.032
23646;0.232;0.149;0.166;0.227;0.183;0.281;0.378;0.745;0.41;0.061;0.061;0.051;0.1;0.027
23647;0.232;0.146;0.164;0.229;0.183;0.283;0.383;0.742;0.408;0.061;0.063;0.051;0.11;0.034
23648;0.234;0.149;0.164;0.229;0.183;0.283;0.383;0.745;0.405;0.061;0.063;0.049;0.103;0.029
23649;0.229;0.149;0.161;0.229;0.181;0.283;0.383;0.742;0.403;0.063;0.063;0.051;0.107;0.032
23650;0.234;0.149;0.164;0.229;0.186;0.281;0.383;0.742;0.4;0.061;0.061;0.051;0.103;0.029
23651;0.232;0.149;0.161;0.232;0.183;0.283;0.383;0.74;0.393;0.056;0.061;0.051;0.11;0.032
23652;0.232;0.146;0.161;0.234;0.186;0.283;0.381;0.745;0.396;0.063;0.061;0.051;0.105;0.034
23653;0.234;0.149;0.161;0.232;0.188;0.281;0.378;0.742;0.391;0.063;0.061;0.051;0.105;0.029
23654;0.229;0.146;0.164;0.232;0.186;0.281;0.378;0.74;0.383;0.056;0.059;0.049;0.103;0.029
23655;0.232;0.146;0.161;0.234;0.188;0.281;0.376;0.74;0.381;0.059;0.059;0.051;0.105;0.034
23656;0.232;0.146;0.161;0.232;0.188;0.283;0.374;0.742;0.381;0.061;0.059;0.051;0.105;0.032
23657;0.232;0.146;0.161;0.232;0.188;0.281;0.376;0.74;0.378;0.059;0.056;0.051;0.103;0.027
23658;0.229;0.146;0.164;0.234;0.193;0.283;0.374;0.74;0.374;0.059;0.059;0.051;0.103;0.032
23659;0.234;0.146;0.168;0.234;0.193;0.281;0.371;0.74;0.374;0.063;0.056;0.049;0.098;0.027
23660;0.232;0.146;0.166;0.232;0.195;0.281;0.369;0.742;0.369;0.059;0.054;0.051;0.1;0.032
23661;0.232;0.146;0.168;0.229;0.198;0.283;0.371;0.742;0.366;0.061;0.056;0.051;0.105;0.034
23662;0.232;0.146;0.168;0.234;0.195;0.283;0.371;0.742;0.359;0.059;0.054;0.051;0.103;0.032
23663;0.232;0.149;0.168;0.234;0.198;0.286;0.369;0.745;0.356;0.059;0.054;0.051;0.098;0.029
23664;0.232;0.144;0.171;0.234;0.195;0.286;0.371;0.742;0.352;0.061;0.051;0.049;0.1;0.029
23665;0.232;0.146;0.171;0.232;0.193;0.283;0.371;0.737;0.349;0.059;0.051;0.049;0.098;0.029
23666;0.232;0.146;0.168;0.229;0.193;0.283;0.371;0.74;0.342;0.059;0.051;0.051;0.103;0.029
23667;0.234;0.146;0.168;0.234;0.19;0.283;0.371;0.742;0.339;0.061;0.049;0.049;0.103;0.032
23668;0.234;0.146;0.168;0.232;0.19;0.283;0.374;0.745;0.339;0.061;0.049;0.049;0.103;0.029
23669;0.237;0.146;0.171;0.234;0.188;0.283;0.376;0.745;0.334;0.061;0.046;0.049;0.107;0.032
23670;0.237;0.144;0.173;0.234;0.19;0.283;0.381;0.747;0.33;0.063;0.046;0.051;0.107;0.032
23671;0.234;0.144;0.173;0.237;0.188;0.283;0.383;0.75;0.322;0.063;0.046;0.049;0.105;0.029
23672;0.237;0.146;0.173;0.237;0.19;0.281;0.383;0.747;0.32;0.063;0.046;0.054;0.105;0.034
23673;0.237;0.144;0.173;0.232;0.193;0.283;0.386;0.75;0.317;0.063;0.049;0.054;0.105;0.032
23674;0.237;0.149;0.178;0.237;0.198;0.281;0.383;0.752;0.312;0.066;0.044;0.051;0.103;0.029
23675;0.237;0.146;0.176;0.234;0.198;0.281;0.383;0.752;0.308;0.061;0.044;0.054;0.105;0.032
23676;0.239;0.144;0.171;0.234;0.195;0.283;0.383;0.752;0.303;0.063;0.044;0.051;0.103;0.027
23677;0.237;0.144;0.171;0.237;0.198;0.283;0.383;0.747;0.3;0.063;0.044;0.054;0.107;0.034
23678;0.234;0.144;0.171;0.237;0.2;0.283;0.381;0.75;0.293;0.063;0.044;0.054;0.107;0.029
23679;0.237;0.144;0.166;0.237;0.198;0.283;0.378;0.75;0.288;0.063;0.042;0.051;0.105;0.029
23680;0.239;0.146;0.166;0.237;0.203;0.288;0.386;0.747;0.286;0.063;0.039;0.054;0.107;0.029
23681;0.242;0.146;0.168;0.237;0.2;0.286;0.388;0.747;0.286;0.063;0.046;0.056;0.105;0.032
23682;0.237;0.144;0.168;0.234;0.198;0.283;0.386;0.747;0.276;0.063;0.042;0.056;0.105;0.037
23683;0.239;0.146;0.164;0.237;0.198;0.281;0.388;0.747;0.273;0.063;0.042;0.056;0.107;0.034
23684;0.237;0.146;0.171;0.234;0.198;0.283;0.388;0.747;0.266;0.061;0.039;0.054;0.107;0.032
23685;0.239;0.144;0.173;0.234;0.2;0.283;0.388;0.747;0.261;0.063;0.039;0.054;0.105;0.029
23686;0.237;0.149;0.171;0.232;0.203;0.283;0.391;0.745;0.261;0.061;0.039;0.056;0.1;0.032
23687;0.237;0.146;0.171;0.232;0.2;0.283;0.388;0.742;0.259;0.063;0.039;0.059;0.103;0.032
23688;0.237;0.146;0.166;0.232;0.195;0.286;0.383;0.74;0.254;0.063;0.039;0.061;0.105;0.034
23689;0.237;0.146;0.168;0.229;0.2;0.283;0.386;0.74;0.251;0.061;0.037;0.061;0.1;0.029
23690;0.237;0.144;0.161;0.232;0.203;0.281;0.383;0.742;0.249;0.063;0.039;0.061;0.105;0.032
23691;0.234;0.144;0.161;0.227;0.203;0.283;0.381;0.742;0.247;0.059;0.037;0.063;0.103;0.029
23692;0.232;0.144;0.161;0.227;0.2;0.283;0.378;0.742;0.244;0.061;0.039;0.061;0.103;0.032
23693;0.234;0.144;0.164;0.225;0.2;0.283;0.378;0.74;0.242;0.061;0.037;0.061;0.103;0.032
23694;0.234;0.144;0.161;0.225;0.2;0.286;0.378;0.74;0.239;0.061;0.037;0.061;0.103;0.032
23695;0.237;0.144;0.159;0.229;0.198;0.286;0.378;0.737;0.237;0.061;0.034;0.063;0.1;0.032
23696;0.234;0.144;0.164;0.227;0.195;0.286;0.378;0.737;0.234;0.059;0.034;0.061;0.1;0.032
23697;0.234;0.146;0.159;0.227;0.195;0.286;0.378;0.74;0.234;0.056;0.034;0.066;0.103;0.034
23698;0.234;0.146;0.161;0.227;0.195;0.286;0.381;0.74;0.232;0.056;0.034;0.066;0.1;0.032
23699;0.237;0.146;0.161;0.227;0.198;0.288;0.381;0.74;0.232;0.056;0.037;0.068;0.1;0.032
23700;0.232;0.146;0.161;0.225;0.198;0.286;0.378;0.745;0.227;0.054;0.034;0.063;0.103;0.034
23701;0.232;0.146;0.161;0.227;0.198;0.286;0.378;0.74;0.227;0.054;0.034;0.066;0.093;0.029
23702;0.232;0.146;0.156;0.225;0.198;0.286;0.376;0.74;0.229;0.054;0.034;0.066;0.098;0.032
23703;0.232;0.146;0.156;0.225;0.2;0.283;0.378;0.74;0.222;0.054;0.032;0.066;0.098;0.034
23704;0.229;0.146;0.161;0.225;0.203;0.283;0.376;0.742;0.225;0.054;0.032;0.066;0.095;0.034
23705;0.229;0.146;0.159;0.225;0.203;0.283;0.376;0.74;0.225;0.054;0.029;0.066;0.095;0.037
23706;0.232;0.149;0.159;0.222;0.208;0.286;0.376;0.74;0.222;0.051;0.032;0.068;0.093;0.037
23707;0.229;0.146;0.164;0.225;0.203;0.288;0.378;0.737;0.217;0.051;0.029;0.066;0.095;0.034
23708;0.229;0.146;0.164;0.225;0.203;0.288;0.378;0.742;0.22;0.049;0.027;0.066;0.093;0.032
23709;0.232;0.149;0.164;0.222;0.203;0.286;0.376;0.742;0.217;0.051;0.029;0.063;0.093;0.034
23710;0.229;0.149;0.166;0.225;0.203;0.286;0.374;0.745;0.215;0.049;0.027;0.066;0.093;0.032
23711;0.229;0.149;0.166;0.225;0.203;0.286;0.378;0.745;0.217;0.049;0.027;0.068;0.09;0.034
23712;0.229;0.149;0.168;0.225;0.2;0.286;0.376;0.75;0.215;0.046;0.027;0.066;0.09;0.034
23713;0.229;0.149;0.168;0.227;0.2;0.286;0.376;0.75;0.217;0.046;0.027;0.063;0.09;0.037
23714;0.232;0.149;0.168;0.225;0.2;0.283;0.378;0.75;0.215;0.046;0.027;0.066;0.085;0.032
23715;0.229;0.151;0.168;0.225;0.198;0.283;0.378;0.75;0.212;0.046;0.027;0.066;0.085;0.032
23716;0.229;0.149;0.171;0.227;0.198;0.286;0.378;0.75;0.21;0.042;0.022;0.068;0.083;0.032
23717;0.229;0.149;0.171;0.227;0.198;0.281;0.381;0.747;0.212;0.049;0.027;0.066;0.085;0.037
23718;0.229;0.149;0.171;0.229;0.198;0.283;0.383;0.75;0.215;0.049;0.027;0.068;0.085;0.037
23719;0.229;0.146;0.168;0.225;0.198;0.281;0.383;0.752;0.212;0.044;0.027;0.068;0.083;0.032
23720;0.229;0.146;0.164;0.227;0.198;0.281;0.383;0.75;0.212;0.046;0.022;0.068;0.083;0.037
23721;0.229;0.149;0.173;0.222;0.198;0.281;0.386;0.752;0.21;0.046;0.02;0.066;0.083;0.034
23722;0.232;0.146;0.166;0.222;0.198;0.283;0.386;0.752;0.208;0.046;0.022;0.066;0.081;0.037
23723;0.234;0.149;0.168;0.222;0.198;0.283;0.388;0.752;0.205;0.044;0.02;0.068;0.076;0.032
23724;0.234;0.149;0.171;0.222;0.2;0.281;0.391;0.752;0.208;0.044;0.02;0.066;0.081;0.037
23725;0.234;0.149;0.168;0.225;0.2;0.283;0.393;0.75;0.21;0.044;0.02;0.068;0.081;0.039
23726;0.234;0.146;0.166;0.222;0.2;0.283;0.388;0.75;0.208;0.046;0.02;0.066;0.078;0.039
23727;0.234;0.144;0.168;0.222;0.2;0.281;0.391;0.757;0.208;0.044;0.017;0.068;0.076;0.039
23728;0.234;0.146;0.168;0.225;0.203;0.281;0.391;0.752;0.208;0.046;0.017;0.068;0.078;0.034
23729;0.232;0.146;0.171;0.225;0.205;0.278;0.388;0.75;0.208;0.044;0.015;0.066;0.073;0.034
23730;0.234;0.146;0.168;0.225;0.205;0.281;0.388;0.747;0.208;0.042;0.017;0.068;0.071;0.039
23731;0.234;0.146;0.171;0.227;0.203;0.281;0.386;0.745;0.205;0.044;0.015;0.066;0.071;0.034
23732;0.232;0.146;0.171;0.225;0.203;0.281;0.383;0.742;0.208;0.044;0.017;0.068;0.073;0.037
23733;0.232;0.146;0.171;0.229;0.203;0.283;0.383;0.742;0.203;0.042;0.012;0.068;0.071;0.034
23734;0.234;0.144;0.173;0.227;0.2;0.283;0.381;0.74;0.208;0.046;0.017;0.066;0.068;0.037
23735;0.234;0.146;0.171;0.227;0.2;0.283;0.381;0.74;0.205;0.042;0.01;0.066;0.068;0.034
23736;0.232;0.146;0.168;0.227;0.2;0.281;0.376;0.735;0.205;0.044;0.012;0.066;0.068;0.034
23737;0.234;0.149;0.173;0.227;0.198;0.281;0.376;0.735;0.205;0.042;0.012;0.068;0.068;0.037
23738;0.232;0.146;0.173;0.225;0.198;0.278;0.376;0.732;0.208;0.042;0.01;0.066;0.071;0.037
23739;0.234;0.146;0.171;0.225;0.198;0.278;0.376;0.73;0.208;0.044;0.01;0.068;0.066;0.032
23740;0.237;0.146;0.168;0.222;0.203;0.278;0.381;0.732;0.21;0.044;0.015;0.066;0.068;0.037
23741;0.237;0.146;0.171;0.222;0.2;0.278;0.378;0.73;0.208;0.044;0.01;0.063;0.066;0.037
23742;0.234;0.149;0.171;0.225;0.203;0.278;0.386;0.73;0.208;0.044;0.012;0.066;0.066;0.037
23743;0.234;0.149;0.173;0.225;0.203;0.276;0.388;0.732;0.21;0.042;0.012;0.066;0.063;0.037
23744;0.237;0.149;0.173;0.222;0.205;0.276;0.393;0.737;0.21;0.044;0.01;0.066;0.066;0.037
23745;0.237;0.149;0.173;0.222;0.205;0.276;0.398;0.735;0.21;0.044;0.007;0.063;0.061;0.037
23746;0.234;0.149;0.173;0.222;0.2;0.276;0.398;0.732;0.208;0.044;0.01;0.063;0.061;0.034
23747;0.237;0.149;0.173;0.222;0.205;0.273;0.398;0.735;0.21;0.042;0.01;0.063;0.061;0.034
23748;0.237;0.146;0.173;0.222;0.208;0.278;0.4;0.74;0.21;0.044;0.01;0.063;0.061;0.037
23749;0.239;0.149;0.173;0.222;0.208;0.276;0.398;0.735;0.21;0.042;0.012;0.063;0.061;0.037
23750;0.239;0.146;0.173;0.222;0.205;0.278;0.398;0.735;0.208;0.046;0.012;0.061;0.061;0.039
23751;0.242;0.151;0.176;0.222;0.21;0.278;0.4;0.737;0.208;0.042;0.01;0.063;0.059;0.037
23752;0.239;0.149;0.173;0.222;0.21;0.273;0.398;0.737;0.21;0.046;0.01;0.066;0.059;0.039
23753;0.239;0.149;0.176;0.227;0.212;0.276;0.4;0.737;0.208;0.044;0.01;0.063;0.059;0.037
23754;0.239;0.149;0.173;0.225;0.212;0.278;0.4;0.735;0.21;0.049;0.015;0.061;0.056;0.037
23755;0.239;0.149;0.173;0.225;0.212;0.278;0.403;0.735;0.212;0.044;0.012;0.061;0.056;0.037
23756;0.242;0.149;0.171;0.225;0.212;0.278;0.403;0.737;0.21;0.044;0.012;0.061;0.061;0.042
23757;0.237;0.154;0.176;0.227;0.212;0.281;0.4;0.732;0.212;0.044;0.012;0.061;0.056;0.039
23758;0.239;0.149;0.173;0.225;0.21;0.281;0.4;0.732;0.208;0.044;0.007;0.061;0.054;0.034
23759;0.237;0.149;0.176;0.225;0.208;0.281;0.398;0.737;0.21;0.044;0.012;0.061;0.056;0.034
23760;0.239;0.149;0.178;0.225;0.208;0.278;0.393;0.735;0.21;0.044;0.012;0.059;0.054;0.037
23761;0.234;0.149;0.173;0.225;0.205;0.281;0.393;0.735;0.212;0.046;0.012;0.061;0.054;0.037
23762;0.237;0.149;0.178;0.222;0.208;0.286;0.391;0.735;0.212;0.046;0.015;0.063;0.054;0.034
23763;0.237;0.151;0.173;0.222;0.205;0.283;0.388;0.737;0.21;0.044;0.01;0.061;0.054;0.034
23764;0.237;0.149;0.176;0.22;0.203;0.283;0.386;0.735;0.212;0.046;0.012;0.061;0.056;0.039
23765;0.239;0.151;0.181;0.22;0.203;0.286;0.386;0.737;0.208;0.046;0.01;0.061;0.051;0.034
23766;0.239;0.149;0.183;0.222;0.205;0.286;0.388;0.74;0.21;0.049;0.015;0.063;0.051;0.034
23767;0.237;0.149;0.186;0.22;0.203;0.283;0.383;0.737;0.208;0.046;0.01;0.061;0.049;0.034
23768;0.237;0.149;0.178;0.22;0.205;0.283;0.388;0.74;0.205;0.049;0.015;0.063;0.051;0.032
23769;0.239;0.149;0.186;0.222;0.203;0.283;0.386;0.742;0.205;0.049;0.015;0.063;0.049;0.032
23770;0.239;0.149;0.188;0.217;0.2;0.281;0.386;0.742;0.2;0.044;0.007;0.061;0.051;0.029
23771;0.239;0.146;0.188;0.217;0.2;0.281;0.386;0.74;0.205;0.046;0.015;0.063;0.046;0.032
23772;0.239;0.146;0.186;0.215;0.203;0.283;0.386;0.735;0.203;0.051;0.015;0.063;0.049;0.037
23773;0.239;0.151;0.19;0.217;0.203;0.281;0.383;0.737;0.203;0.049;0.015;0.063;0.051;0.037
23774;0.239;0.151;0.186;0.217;0.205;0.283;0.386;0.74;0.198;0.049;0.012;0.061;0.051;0.037
23775;0.239;0.151;0.183;0.215;0.203;0.278;0.386;0.737;0.203;0.044;0.012;0.063;0.049;0.032
23776;0.237;0.151;0.183;0.215;0.205;0.281;0.386;0.737;0.198;0.046;0.017;0.063;0.051;0.039
23777;0.239;0.146;0.181;0.215;0.208;0.278;0.388;0.737;0.2;0.046;0.012;0.066;0.049;0.032
23778;0.239;0.151;0.186;0.215;0.208;0.281;0.391;0.735;0.198;0.049;0.017;0.063;0.046;0.032
23779;0.239;0.151;0.181;0.215;0.212;0.281;0.388;0.732;0.198;0.046;0.012;0.063;0.046;0.034
23780;0.239;0.146;0.181;0.217;0.212;0.281;0.391;0.73;0.198;0.049;0.012;0.063;0.049;0.034
23781;0.239;0.151;0.186;0.22;0.215;0.283;0.391;0.735;0.195;0.046;0.012;0.063;0.046;0.037
23782;0.237;0.151;0.186;0.22;0.212;0.283;0.388;0.73;0.195;0.044;0.015;0.063;0.046;0.032
23783;0.237;0.151;0.183;0.22;0.217;0.283;0.388;0.73;0.198;0.046;0.015;0.063;0.051;0.039
23784;0.239;0.151;0.181;0.22;0.215;0.286;0.388;0.73;0.195;0.046;0.017;0.063;0.046;0.037
23785;0.239;0.149;0.188;0.217;0.215;0.288;0.388;0.73;0.193;0.046;0.015;0.063;0.046;0.032
23786;0.239;0.151;0.186;0.215;0.212;0.286;0.386;0.73;0.19;0.044;0.015;0.063;0.046;0.034
23787;0.239;0.149;0.188;0.217;0.215;0.286;0.383;0.73;0.193;0.044;0.015;0.063;0.049;0.032
23788;0.239;0.151;0.19;0.217;0.215;0.288;0.381;0.73;0.19;0.044;0.015;0.063;0.046;0.037
23789;0.239;0.151;0.193;0.217;0.212;0.291;0.383;0.73;0.188;0.042;0.017;0.063;0.046;0.034
23790;0.239;0.151;0.19;0.215;0.215;0.288;0.383;0.732;0.186;0.044;0.015;0.063;0.046;0.032
23791;0.239;0.151;0.19;0.217;0.212;0.291;0.381;0.735;0.186;0.046;0.017;0.063;0.046;0.034
23792;0.237;0.149;0.193;0.217;0.212;0.291;0.383;0.732;0.188;0.046;0.02;0.063;0.044;0.032
23793;0.239;0.149;0.186;0.217;0.21;0.288;0.386;0.732;0.186;0.042;0.017;0.063;0.046;0.034
23794;0.239;0.146;0.193;0.22;0.212;0.291;0.386;0.73;0.181;0.042;0.017;0.063;0.046;0.034
23795;0.239;0.146;0.19;0.217;0.212;0.291;0.386;0.735;0.181;0.044;0.017;0.063;0.046;0.032
23796;0.239;0.146;0.19;0.217;0.21;0.288;0.388;0.732;0.176;0.037;0.017;0.063;0.049;0.037
23797;0.242;0.144;0.19;0.215;0.21;0.288;0.388;0.73;0.176;0.039;0.017;0.061;0.046;0.032
23798;0.239;0.144;0.193;0.215;0.208;0.288;0.386;0.732;0.176;0.042;0.022;0.063;0.049;0.034
23799;0.239;0.144;0.188;0.217;0.21;0.291;0.388;0.735;0.173;0.039;0.017;0.063;0.046;0.034
23800;0.242;0.144;0.19;0.217;0.21;0.291;0.388;0.732;0.173;0.042;0.017;0.063;0.051;0.034
23801;0.242;0.142;0.193;0.215;0.21;0.286;0.386;0.732;0.171;0.034;0.017;0.063;0.046;0.034
23802;0.242;0.142;0.19;0.212;0.21;0.288;0.388;0.735;0.173;0.039;0.017;0.063;0.049;0.037
23803;0.239;0.142;0.19;0.215;0.212;0.288;0.388;0.737;0.168;0.037;0.017;0.063;0.046;0.034
23804;0.239;0.142;0.193;0.215;0.21;0.288;0.388;0.735;0.166;0.039;0.017;0.063;0.049;0.034
23805;0.239;0.144;0.195;0.212;0.212;0.288;0.388;0.735;0.166;0.034;0.017;0.061;0.046;0.037
23806;0.239;0.142;0.195;0.215;0.212;0.286;0.386;0.732;0.166;0.037;0.017;0.063;0.049;0.039
23807;0.239;0.139;0.19;0.212;0.21;0.288;0.391;0.73;0.161;0.034;0.017;0.061;0.046;0.034
23808;0.239;0.142;0.195;0.212;0.21;0.286;0.386;0.735;0.164;0.037;0.02;0.063;0.046;0.034
23809;0.239;0.139;0.195;0.212;0.21;0.288;0.386;0.735;0.164;0.037;0.022;0.063;0.046;0.037
23810;0.237;0.139;0.198;0.215;0.21;0.286;0.383;0.737;0.164;0.037;0.02;0.061;0.046;0.037
23811;0.242;0.144;0.2;0.215;0.212;0.286;0.381;0.732;0.164;0.039;0.022;0.063;0.054;0.039
23812;0.239;0.142;0.195;0.215;0.21;0.286;0.381;0.732;0.159;0.037;0.02;0.063;0.046;0.034
23813;0.239;0.144;0.193;0.215;0.21;0.286;0.381;0.73;0.161;0.037;0.02;0.063;0.046;0.037
23814;0.239;0.144;0.188;0.215;0.212;0.283;0.378;0.73;0.164;0.034;0.022;0.063;0.049;0.039
23815;0.242;0.142;0.19;0.215;0.212;0.283;0.378;0.73;0.164;0.037;0.022;0.063;0.046;0.034
23816;0.242;0.144;0.193;0.215;0.21;0.286;0.383;0.732;0.164;0.037;0.022;0.063;0.044;0.037
23817;0.239;0.146;0.19;0.215;0.212;0.286;0.378;0.732;0.164;0.034;0.02;0.061;0.049;0.037
23818;0.242;0.146;0.193;0.215;0.212;0.283;0.378;0.735;0.164;0.032;0.022;0.063;0.046;0.037
23819;0.242;0.144;0.19;0.215;0.21;0.286;0.378;0.735;0.166;0.037;0.024;0.066;0.046;0.034
23820;0.242;0.144;0.193;0.215;0.21;0.286;0.378;0.737;0.166;0.029;0.022;0.063;0.049;0.032
23821;0.242;0.142;0.19;0.215;0.21;0.286;0.378;0.735;0.171;0.034;0.024;0.061;0.049;0.034
23822;0.239;0.144;0.193;0.215;0.21;0.283;0.378;0.737;0.173;0.034;0.022;0.063;0.049;0.037
23823;0.242;0.142;0.198;0.215;0.21;0.281;0.378;0.735;0.178;0.037;0.022;0.061;0.051;0.034
23824;0.244;0.144;0.217;0.215;0.21;0.283;0.378;0.735;0.181;0.037;0.024;0.061;0.051;0.039
23825;0.239;0.146;0.344;0.215;0.21;0.283;0.381;0.735;0.178;0.034;0.022;0.061;0.046;0.032
23826;0.242;0.144;0.479;0.215;0.208;0.283;0.381;0.737;0.183;0.034;0.024;0.063;0.051;0.037
23827;0.244;0.144;0.405;0.215;0.205;0.278;0.381;0.737;0.188;0.034;0.024;0.059;0.051;0.037
23828;0.239;0.144;0.339;0.215;0.208;0.278;0.386;0.737;0.195;0.034;0.027;0.061;0.054;0.037
23829;0.242;0.142;0.417;0.21;0.205;0.286;0.386;0.74;0.2;0.032;0.024;0.061;0.051;0.034
23830;0.239;0.144;0.413;0.21;0.208;0.281;0.386;0.74;0.205;0.032;0.027;0.061;0.054;0.037
23831;0.242;0.142;0.422;0.21;0.208;0.286;0.391;0.745;0.21;0.034;0.027;0.059;0.054;0.037
23832;0.242;0.142;0.5;0.21;0.208;0.286;0.391;0.74;0.215;0.029;0.027;0.061;0.054;0.032
23833;0.242;0.142;0.503;0.21;0.208;0.286;0.393;0.742;0.225;0.034;0.027;0.059;0.056;0.032
23834;0.242;0.137;0.474;0.208;0.205;0.286;0.396;0.74;0.229;0.034;0.029;0.059;0.059;0.037
23835;0.242;0.142;0.481;0.21;0.205;0.286;0.398;0.742;0.239;0.034;0.027;0.061;0.059;0.037
23836;0.242;0.142;0.515;0.21;0.203;0.283;0.4;0.735;0.247;0.034;0.027;0.059;0.061;0.037
23837;0.242;0.142;0.542;0.212;0.205;0.286;0.403;0.737;0.256;0.034;0.027;0.059;0.059;0.034
23838;0.244;0.142;0.598;0.212;0.208;0.286;0.405;0.737;0.264;0.034;0.032;0.059;0.061;0.034
23839;0.244;0.144;0.693;0.215;0.208;0.283;0.408;0.737;0.273;0.034;0.027;0.059;0.063;0.034
23840;0.244;0.142;0.649;0.215;0.208;0.283;0.405;0.735;0.278;0.032;0.029;0.059;0.063;0.034
23841;0.244;0.142;0.872;0.215;0.21;0.283;0.405;0.737;0.293;0.037;0.032;0.061;0.063;0.037
23842;0.244;0.142;1.038;0.212;0.21;0.281;0.403;0.735;0.298;0.037;0.032;0.061;0.068;0.037
23843;0.244;0.142;1.97;0.212;0.21;0.283;0.405;0.737;0.308;0.034;0.032;0.056;0.068;0.037
23844;0.244;0.139;0.747;0.215;0.21;0.281;0.403;0.732;0.312;0.032;0.029;0.059;0.066;0.037
23845;0.242;0.142;3.926;0.215;0.212;0.286;0.403;0.73;0.32;0.034;0.029;0.059;0.063;0.034
23846;0.244;0.142;4.998;0.215;0.21;0.281;0.403;0.732;0.325;0.034;0.034;0.061;0.068;0.034
23847;0.244;0.142;4.998;0.215;0.208;0.281;0.4;0.732;0.33;0.034;0.032;0.059;0.071;0.037
23848;0.244;0.144;4.998;0.215;0.21;0.281;0.4;0.73;0.334;0.037;0.032;0.059;0.068;0.034
23849;0.244;0.142;4.998;0.21;0.208;0.283;0.398;0.725;0.332;0.029;0.032;0.056;0.066;0.034
23850;0.244;0.142;4.998;0.215;0.205;0.286;0.4;0.728;0.332;0.032;0.029;0.056;0.071;0.034
23851;0.244;0.142;4.998;0.215;0.208;0.286;0.4;0.73;0.334;0.032;0.034;0.059;0.071;0.029
23852;0.244;0.144;4.998;0.215;0.208;0.288;0.4;0.73;0.332;0.034;0.032;0.056;0.066;0.032
23853;0.247;0.142;4.998;0.215;0.208;0.288;0.4;0.732;0.332;0.034;0.034;0.059;0.068;0.034
23854;0.242;0.144;4.998;0.212;0.208;0.283;0.398;0.735;0.327;0.032;0.034;0.056;0.068;0.029
23855;0.244;0.142;4.998;0.212;0.21;0.286;0.396;0.735;0.322;0.029;0.034;0.056;0.068;0.032
23856;0.244;0.144;4.998;0.215;0.21;0.283;0.396;0.735;0.32;0.032;0.032;0.056;0.068;0.032
23857;0.244;0.144;4.998;0.217;0.212;0.283;0.396;0.737;0.317;0.029;0.032;0.056;0.066;0.029
23858;0.247;0.144;4.998;0.217;0.212;0.286;0.396;0.737;0.312;0.032;0.032;0.056;0.068;0.032
23859;0.244;0.144;4.998;0.217;0.212;0.283;0.391;0.737;0.305;0.029;0.034;0.054;0.066;0.034
23860;0.247;0.142;3.525;0.212;0.212;0.286;0.391;0.737;0.303;0.029;0.032;0.056;0.068;0.034
23861;0.244;0.144;1.755;0.215;0.212;0.286;0.393;0.735;0.298;0.029;0.037;0.059;0.066;0.032
23862;0.244;0.144;0.933;0.217;0.215;0.283;0.393;0.732;0.293;0.029;0.032;0.056;0.063;0.034
23863;0.244;0.142;0.549;0.217;0.215;0.286;0.391;0.732;0.288;0.027;0.034;0.056;0.068;0.034
23864;0.244;0.144;0.369;0.217;0.215;0.286;0.393;0.735;0.283;0.029;0.037;0.059;0.061;0.032
23865;0.242;0.144;0.308;0.22;0.215;0.288;0.393;0.735;0.278;0.029;0.037;0.056;0.061;0.032
23866;0.242;0.142;0.405;0.22;0.212;0.286;0.393;0.735;0.273;0.027;0.037;0.054;0.061;0.034
23867;0.242;0.142;0.471;0.22;0.212;0.288;0.391;0.737;0.271;0.029;0.039;0.054;0.061;0.032
23868;0.237;0.144;0.457;0.215;0.217;0.288;0.388;0.737;0.266;0.029;0.039;0.054;0.056;0.032
23869;0.239;0.146;0.527;0.22;0.215;0.286;0.383;0.735;0.264;0.029;0.039;0.054;0.059;0.032
23870;0.242;0.144;0.518;0.22;0.217;0.288;0.386;0.735;0.256;0.029;0.039;0.056;0.059;0.032
23871;0.239;0.144;0.544;0.22;0.217;0.286;0.381;0.735;0.251;0.029;0.039;0.056;0.056;0.029
23872;0.239;0.142;0.71;0.22;0.215;0.286;0.381;0.732;0.249;0.029;0.044;0.056;0.059;0.034
23873;0.239;0.142;0.542;0.22;0.215;0.288;0.381;0.73;0.247;0.029;0.042;0.056;0.054;0.029
23874;0.242;0.142;0.562;0.217;0.212;0.286;0.383;0.735;0.242;0.029;0.044;0.054;0.056;0.034
23875;0.239;0.142;0.488;0.217;0.212;0.286;0.378;0.732;0.239;0.032;0.044;0.054;0.056;0.034
23876;0.239;0.144;0.457;0.22;0.212;0.291;0.381;0.732;0.237;0.032;0.046;0.054;0.051;0.032
23877;0.239;0.142;0.471;0.217;0.21;0.288;0.378;0.73;0.229;0.024;0.042;0.054;0.056;0.032
23878;0.244;0.144;0.835;0.215;0.21;0.288;0.378;0.728;0.229;0.029;0.046;0.054;0.051;0.032
23879;0.242;0.142;1.228;0.217;0.21;0.288;0.381;0.728;0.229;0.034;0.051;0.059;0.051;0.032
23880;0.242;0.144;1.392;0.217;0.21;0.288;0.381;0.73;0.222;0.027;0.046;0.051;0.051;0.032
23881;0.242;0.139;4.631;0.217;0.21;0.286;0.383;0.73;0.22;0.029;0.049;0.056;0.049;0.032
23882;0.242;0.139;4.998;0.217;0.21;0.286;0.383;0.73;0.215;0.027;0.046;0.054;0.044;0.027
23883;0.237;0.144;4.998;0.215;0.215;0.295;0.383;0.732;0.212;0.029;0.051;0.056;0.049;0.032
23884;0.242;0.142;2.124;0.215;0.212;0.327;0.388;0.735;0.212;0.027;0.051;0.056;0.049;0.032
23885;0.242;0.142;1.089;0.215;0.212;0.349;0.383;0.73;0.205;0.029;0.046;0.054;0.046;0.029
23886;0.239;0.142;0.64;0.217;0.21;0.369;0.388;0.728;0.205;0.027;0.049;0.054;0.049;0.034
23887;0.239;0.142;0.557;0.215;0.208;0.405;0.383;0.732;0.203;0.027;0.051;0.056;0.049;0.034
23888;0.239;0.142;0.596;0.215;0.208;0.396;0.383;0.73;0.2;0.027;0.051;0.054;0.044;0.029
23889;0.242;0.144;0.64;0.217;0.208;0.413;0.383;0.728;0.195;0.024;0.054;0.054;0.046;0.034
23890;0.239;0.139;0.488;0.215;0.208;0.408;0.383;0.728;0.193;0.029;0.054;0.054;0.044;0.032
23891;0.239;0.142;0.417;0.215;0.205;0.398;0.381;0.73;0.193;0.029;0.056;0.056;0.042;0.032
23892;0.239;0.144;0.444;0.215;0.205;0.408;0.378;0.732;0.19;0.029;0.054;0.056;0.046;0.037
23893;0.239;0.142;0.41;0.217;0.203;0.396;0.381;0.735;0.183;0.029;0.056;0.054;0.042;0.032
23894;0.239;0.142;0.41;0.217;0.205;0.405;0.381;0.737;0.186;0.029;0.056;0.056;0.042;0.032
23895;0.237;0.139;0.422;0.215;0.208;0.41;0.381;0.737;0.181;0.029;0.056;0.054;0.044;0.032
23896;0.237;0.142;0.457;0.215;0.205;0.403;0.381;0.737;0.173;0.027;0.056;0.054;0.042;0.034
23897;0.237;0.142;0.291;0.217;0.205;0.413;0.378;0.737;0.168;0.027;0.056;0.054;0.044;0.034
23898;0.239;0.139;0.208;0.22;0.205;0.403;0.376;0.735;0.171;0.029;0.056;0.054;0.039;0.032
23899;0.237;0.137;0.2;0.222;0.203;0.398;0.378;0.735;0.166;0.029;0.054;0.054;0.042;0.034
23900;0.237;0.139;0.198;0.22;0.205;0.4;0.376;0.735;0.166;0.032;0.061;0.056;0.042;0.029
23901;0.234;0.139;0.198;0.22;0.203;0.391;0.374;0.735;0.164;0.029;0.059;0.056;0.039;0.032
23902;0.237;0.139;0.195;0.222;0.205;0.391;0.369;0.735;0.159;0.029;0.059;0.054;0.039;0.034
23903;0.239;0.139;0.208;0.222;0.198;0.388;0.369;0.732;0.159;0.029;0.059;0.054;0.039;0.032
23904;0.237;0.139;0.225;0.22;0.203;0.378;0.364;0.732;0.154;0.029;0.056;0.054;0.037;0.032
23905;0.239;0.139;0.21;0.222;0.203;0.388;0.366;0.732;0.151;0.029;0.056;0.054;0.037;0.029
23906;0.237;0.139;0.19;0.222;0.203;0.388;0.366;0.728;0.146;0.032;0.056;0.054;0.037;0.034
23907;0.237;0.137;0.195;0.222;0.205;0.391;0.366;0.73;0.151;0.032;0.059;0.051;0.037;0.037
23908;0.234;0.139;0.186;0.22;0.208;0.398;0.366;0.732;0.144;0.029;0.056;0.056;0.034;0.029
23909;0.237;0.137;0.183;0.22;0.208;0.393;0.366;0.732;0.144;0.029;0.054;0.056;0.034;0.032
23910;0.237;0.139;0.2;0.22;0.208;0.396;0.369;0.735;0.139;0.029;0.056;0.054;0.037;0.034
23911;0.237;0.137;0.281;0.215;0.205;0.391;0.374;0.732;0.137;0.029;0.054;0.054;0.034;0.032
23912;0.237;0.137;0.317;0.22;0.208;0.398;0.374;0.732;0.137;0.029;0.054;0.054;0.037;0.032
23913;0.237;0.139;0.383;0.217;0.208;0.388;0.374;0.73;0.137;0.029;0.056;0.056;0.032;0.032
23914;0.234;0.137;0.383;0.217;0.208;0.391;0.374;0.728;0.132;0.027;0.051;0.054;0.034;0.034
23915;0.234;0.137;0.474;0.217;0.205;0.393;0.371;0.725;0.132;0.029;0.054;0.051;0.032;0.027
23916;0.232;0.139;0.469;0.217;0.208;0.398;0.371;0.728;0.132;0.029;0.051;0.051;0.029;0.027
23917;0.234;0.137;0.51;0.22;0.205;0.396;0.371;0.728;0.129;0.029;0.051;0.054;0.034;0.032
23918;0.234;0.137;0.481;0.217;0.205;0.396;0.366;0.728;0.125;0.024;0.046;0.051;0.032;0.034
23919;0.234;0.137;0.483;0.22;0.203;0.396;0.369;0.73;0.127;0.027;0.049;0.051;0.034;0.032
23920;0.237;0.137;0.432;0.217;0.205;0.391;0.369;0.728;0.125;0.029;0.049;0.051;0.032;0.034
23921;0.232;0.137;0.51;0.22;0.203;0.388;0.369;0.728;0.125;0.029;0.049;0.051;0.032;0.032
23922;0.232;0.137;0.52;0.22;0.205;0.391;0.366;0.728;0.125;0.024;0.049;0.051;0.032;0.029
23923;0.234;0.137;0.522;0.22;0.205;0.383;0.369;0.728;0.122;0.029;0.046;0.054;0.032;0.029
23924;0.234;0.137;0.559;0.217;0.205;0.383;0.366;0.725;0.12;0.024;0.046;0.054;0.029;0.029
23925;0.234;0.137;0.51;0.217;0.205;0.383;0.364;0.728;0.122;0.027;0.046;0.051;0.029;0.032
23926;0.232;0.137;0.544;0.22;0.205;0.383;0.364;0.73;0.12;0.024;0.044;0.051;0.027;0.029
23927;0.234;0.137;0.686;0.217;0.205;0.381;0.364;0.73;0.12;0.029;0.046;0.049;0.029;0.032
23928;0.232;0.137;0.559;0.217;0.208;0.388;0.366;0.728;0.117;0.027;0.044;0.054;0.027;0.029
23929;0.232;0.137;0.615;0.217;0.205;0.383;0.364;0.73;0.117;0.029;0.042;0.051;0.027;0.029
23930;0.234;0.137;0.596;0.217;0.203;0.396;0.366;0.732;0.12;0.027;0.046;0.054;0.029;0.034
23931;0.237;0.137;0.581;0.217;0.203;0.383;0.366;0.732;0.117;0.029;0.044;0.054;0.024;0.027
23932;0.234;0.139;0.542;0.215;0.203;0.383;0.364;0.732;0.12;0.027;0.044;0.054;0.029;0.034
23933;0.234;0.137;0.591;0.217;0.203;0.386;0.361;0.73;0.117;0.027;0.044;0.051;0.029;0.032
23934;0.234;0.137;0.464;0.215;0.203;0.381;0.364;0.728;0.115;0.024;0.044;0.054;0.027;0.029
23935;0.234;0.137;0.41;0.21;0.203;0.383;0.364;0.728;0.117;0.027;0.042;0.054;0.029;0.029
23936;0.234;0.137;0.413;0.21;0.2;0.383;0.366;0.725;0.115;0.024;0.044;0.054;0.024;0.029
23937;0.232;0.137;0.303;0.212;0.205;0.378;0.371;0.725;0.115;0.027;0.044;0.051;0.027;0.029
23938;0.232;0.139;0.222;0.212;0.203;0.383;0.371;0.723;0.115;0.027;0.044;0.051;0.029;0.029
23939;0.232;0.139;0.244;0.21;0.203;0.376;0.376;0.725;0.117;0.024;0.042;0.051;0.027;0.029
23940;0.232;0.137;0.266;0.21;0.203;0.381;0.376;0.725;0.117;0.029;0.042;0.051;0.024;0.029
23941;0.232;0.139;0.278;0.208;0.203;0.378;0.381;0.725;0.117;0.027;0.044;0.051;0.029;0.032
23942;0.232;0.139;0.276;0.21;0.205;0.378;0.381;0.725;0.115;0.027;0.042;0.051;0.029;0.034
23943;0.232;0.139;0.32;0.208;0.203;0.381;0.386;0.728;0.115;0.027;0.042;0.051;0.029;0.032
23944;0.232;0.139;0.303;0.208;0.2;0.376;0.386;0.73;0.112;0.027;0.042;0.049;0.029;0.032
23945;0.229;0.139;0.273;0.205;0.2;0.383;0.383;0.728;0.112;0.027;0.039;0.051;0.029;0.032
23946;0.227;0.139;0.3;0.208;0.2;0.376;0.381;0.73;0.115;0.024;0.042;0.051;0.032;0.029
23947;0.229;0.139;0.33;0.208;0.2;0.378;0.381;0.73;0.115;0.024;0.042;0.049;0.032;0.029
23948;0.232;0.142;0.266;0.208;0.2;0.376;0.376;0.73;0.112;0.024;0.042;0.049;0.032;0.034
23949;0.232;0.142;0.312;0.21;0.2;0.374;0.371;0.73;0.112;0.027;0.042;0.051;0.029;0.032
23950;0.232;0.139;0.325;0.208;0.2;0.376;0.369;0.73;0.11;0.022;0.042;0.051;0.032;0.032
23951;0.232;0.139;0.315;0.208;0.203;0.378;0.366;0.73;0.107;0.02;0.039;0.049;0.032;0.034
23952;0.232;0.139;0.291;0.208;0.2;0.376;0.364;0.73;0.112;0.024;0.042;0.051;0.032;0.034
23953;0.229;0.139;0.278;0.208;0.2;0.376;0.364;0.732;0.115;0.027;0.042;0.049;0.032;0.029
23954;0.232;0.137;0.293;0.208;0.2;0.378;0.364;0.735;0.112;0.024;0.039;0.049;0.034;0.032
23955;0.232;0.137;0.288;0.208;0.2;0.378;0.364;0.728;0.112;0.024;0.042;0.046;0.029;0.032
23956;0.234;0.139;0.295;0.21;0.2;0.376;0.369;0.728;0.11;0.022;0.042;0.049;0.032;0.032
23957;0.232;0.137;0.295;0.205;0.2;0.378;0.369;0.725;0.112;0.024;0.042;0.049;0.034;0.032
23958;0.232;0.137;0.364;0.208;0.198;0.378;0.371;0.725;0.112;0.022;0.039;0.051;0.029;0.032
23959;0.229;0.137;0.383;0.205;0.2;0.378;0.376;0.725;0.112;0.022;0.042;0.049;0.034;0.032
23960;0.232;0.137;0.33;0.205;0.198;0.376;0.374;0.728;0.112;0.02;0.042;0.051;0.032;0.032
23961;0.229;0.137;0.325;0.205;0.2;0.378;0.374;0.725;0.117;0.022;0.042;0.049;0.032;0.034
23962;0.232;0.137;0.317;0.205;0.203;0.378;0.374;0.723;0.112;0.022;0.039;0.049;0.032;0.032
23963;0.229;0.137;0.327;0.208;0.203;0.376;0.376;0.725;0.115;0.022;0.039;0.051;0.027;0.027
23964;0.232;0.137;0.332;0.208;0.205;0.376;0.378;0.72;0.117;0.024;0.042;0.049;0.034;0.034
23965;0.229;0.137;0.291;0.21;0.203;0.378;0.381;0.72;0.117;0.022;0.039;0.049;0.032;0.032
23966;0.227;0.139;0.315;0.208;0.205;0.374;0.381;0.72;0.117;0.024;0.042;0.049;0.032;0.034
23967;0.229;0.139;0.334;0.208;0.205;0.378;0.383;0.72;0.115;0.024;0.042;0.051;0.034;0.034
23968;0.229;0.137;0.339;0.208;0.208;0.378;0.386;0.718;0.115;0.022;0.039;0.049;0.032;0.029
23969;0.225;0.137;0.359;0.21;0.208;0.376;0.388;0.715;0.117;0.02;0.044;0.051;0.042;0.042
23970;0.227;0.137;0.369;0.208;0.208;0.376;0.388;0.718;0.12;0.024;0.042;0.049;0.032;0.032
23971;0.229;0.134;0.408;0.208;0.21;0.376;0.386;0.72;0.12;0.022;0.042;0.049;0.034;0.032
23972;0.229;0.137;0.393;0.208;0.208;0.376;0.383;0.715;0.12;0.02;0.039;0.049;0.032;0.034
23973;0.229;0.139;0.447;0.205;0.208;0.378;0.381;0.718;0.117;0.02;0.042;0.051;0.032;0.029
23974;0.227;0.134;0.417;0.205;0.21;0.381;0.383;0.718;0.12;0.022;0.042;0.051;0.029;0.032
23975;0.229;0.137;0.51;0.203;0.208;0.378;0.378;0.72;0.122;0.024;0.042;0.054;0.032;0.032
23976;0.229;0.137;0.52;0.203;0.21;0.381;0.381;0.72;0.125;0.024;0.044;0.049;0.032;0.034
23977;0.229;0.134;0.63;0.203;0.208;0.378;0.378;0.72;0.122;0.022;0.039;0.049;0.029;0.032
23978;0.229;0.137;0.376;0.203;0.21;0.378;0.376;0.72;0.125;0.022;0.042;0.051;0.032;0.032
23979;0.232;0.137;0.542;0.203;0.208;0.378;0.376;0.72;0.127;0.022;0.042;0.049;0.032;0.037
23980;0.229;0.137;0.938;0.203;0.205;0.378;0.374;0.72;0.125;0.022;0.042;0.049;0.032;0.032
23981;0.229;0.134;0.747;0.203;0.208;0.378;0.376;0.723;0.125;0.02;0.042;0.051;0.029;0.032
23982;0.227;0.137;0.784;0.203;0.21;0.381;0.374;0.723;0.127;0.022;0.039;0.049;0.027;0.027
23983;0.227;0.137;0.825;0.2;0.208;0.381;0.371;0.723;0.129;0.02;0.039;0.051;0.029;0.034
23984;0.229;0.137;1.077;0.2;0.208;0.378;0.371;0.725;0.129;0.022;0.042;0.049;0.029;0.032
23985;0.227;0.137;4.998;0.2;0.208;0.381;0.371;0.723;0.134;0.022;0.042;0.051;0.027;0.032
23986;0.227;0.139;4.998;0.2;0.21;0.381;0.374;0.725;0.132;0.02;0.039;0.051;0.029;0.032
23987;0.227;0.139;4.998;0.198;0.205;0.376;0.371;0.725;0.134;0.022;0.039;0.049;0.027;0.027
23988;0.227;0.137;4.998;0.203;0.205;0.378;0.371;0.725;0.132;0.02;0.037;0.051;0.024;0.029
23989;0.227;0.134;4.998;0.195;0.205;0.381;0.371;0.728;0.139;0.02;0.039;0.051;0.029;0.029
23990;0.225;0.134;4.998;0.2;0.205;0.381;0.369;0.725;0.139;0.024;0.037;0.049;0.027;0.032
23991;0.225;0.137;4.998;0.198;0.203;0.381;0.369;0.73;0.137;0.022;0.037;0.051;0.027;0.029
23992;0.222;0.137;4.998;0.198;0.2;0.381;0.369;0.725;0.139;0.022;0.039;0.054;0.027;0.032
23993;0.227;0.137;4.998;0.198;0.2;0.381;0.366;0.725;0.139;0.024;0.039;0.051;0.024;0.029
23994;0.227;0.137;4.998;0.2;0.2;0.383;0.369;0.725;0.137;0.022;0.037;0.049;0.029;0.032
23995;0.225;0.134;4.998;0.2;0.2;0.386;0.369;0.73;0.144;0.027;0.039;0.049;0.024;0.029
23996;0.225;0.137;4.998;0.198;0.2;0.386;0.369;0.732;0.142;0.022;0.039;0.051;0.024;0.029
23997;0.225;0.137;4.998;0.2;0.2;0.386;0.369;0.73;0.139;0.022;0.037;0.051;0.024;0.029
23998;0.225;0.134;4.998;0.2;0.2;0.383;0.369;0.73;0.139;0.022;0.039;0.051;0.027;0.029
23999;0.225;0.134;4.998;0.203;0.203;0.386;0.369;0.73;0.142;0.022;0.037;0.051;0.024;0.029
24000;0.225;0.132;4.998;0.2;0.203;0.388;0.371;0.732;0.142;0.022;0.039;0.049;0.024;0.032
24001;0.222;0.137;4.998;0.2;0.2;0.388;0.369;0.73;0.142;0.024;0.039;0.051;0.027;0.032
24002;0.222;0.134;4.998;0.2;0.203;0.388;0.366;0.73;0.142;0.022;0.039;0.049;0.024;0.029
24003;0.222;0.134;4.998;0.203;0.203;0.388;0.369;0.73;0.142;0.022;0.042;0.049;0.027;0.032
24004;0.225;0.134;4.998;0.203;0.203;0.393;0.361;0.728;0.144;0.022;0.039;0.049;0.027;0.029
24005;0.222;0.132;4.998;0.203;0.2;0.391;0.364;0.73;0.142;0.022;0.039;0.051;0.024;0.027
24006;0.22;0.134;4.998;0.205;0.2;0.391;0.364;0.73;0.142;0.022;0.039;0.051;0.022;0.029
24007;0.222;0.132;4.998;0.205;0.2;0.391;0.359;0.728;0.139;0.022;0.042;0.054;0.022;0.032
24008;0.22;0.134;4.998;0.205;0.2;0.396;0.359;0.732;0.139;0.02;0.039;0.051;0.022;0.027
24009;0.222;0.134;4.998;0.21;0.2;0.393;0.359;0.732;0.139;0.022;0.037;0.051;0.027;0.029
24010;0.225;0.132;4.998;0.208;0.203;0.396;0.356;0.73;0.139;0.02;0.042;0.051;0.022;0.027
24011;0.225;0.129;4.998;0.205;0.203;0.398;0.359;0.73;0.142;0.022;0.042;0.049;0.027;0.029
24012;0.225;0.132;4.998;0.208;0.2;0.396;0.356;0.73;0.137;0.024;0.039;0.046;0.024;0.032
24013;0.227;0.134;4.998;0.205;0.203;0.396;0.361;0.728;0.137;0.02;0.039;0.051;0.022;0.029
24014;0.225;0.132;4.998;0.208;0.2;0.396;0.359;0.728;0.139;0.022;0.039;0.049;0.024;0.029
24015;0.225;0.134;4.998;0.208;0.203;0.396;0.359;0.732;0.137;0.024;0.042;0.051;0.022;0.029
24016;0.227;0.134;4.998;0.205;0.2;0.396;0.356;0.728;0.137;0.02;0.042;0.051;0.022;0.029
24017;0.229;0.137;4.998;0.205;0.2;0.393;0.359;0.728;0.139;0.022;0.042;0.051;0.02;0.027
24018;0.229;0.134;4.998;0.203;0.2;0.393;0.359;0.73;0.137;0.022;0.042;0.049;0.022;0.029
24019;0.229;0.132;4.998;0.2;0.205;0.393;0.354;0.73;0.137;0.022;0.044;0.049;0.022;0.029
24020;0.229;0.134;4.998;0.203;0.203;0.393;0.356;0.728;0.134;0.022;0.044;0.049;0.024;0.032
24021;0.227;0.134;4.998;0.203;0.205;0.391;0.354;0.728;0.139;0.024;0.044;0.051;0.022;0.027
24022;0.229;0.134;4.998;0.203;0.208;0.393;0.354;0.73;0.137;0.022;0.044;0.049;0.022;0.032
24023;0.227;0.132;4.998;0.203;0.205;0.391;0.356;0.725;0.134;0.024;0.044;0.051;0.022;0.029
24024;0.225;0.134;4.998;0.208;0.205;0.393;0.354;0.725;0.134;0.027;0.042;0.054;0.02;0.027
24025;0.227;0.134;4.998;0.208;0.205;0.396;0.356;0.728;0.137;0.024;0.042;0.049;0.015;0.024
24026;0.225;0.132;4.998;0.205;0.203;0.398;0.356;0.728;0.137;0.027;0.044;0.049;0.02;0.029
24027;0.225;0.134;4.998;0.208;0.2;0.398;0.359;0.725;0.137;0.024;0.044;0.054;0.022;0.029
24028;0.225;0.132;4.998;0.208;0.2;0.398;0.354;0.728;0.134;0.022;0.044;0.051;0.02;0.029
24029;0.225;0.132;4.998;0.205;0.2;0.396;0.356;0.725;0.137;0.024;0.044;0.051;0.022;0.032
24030;0.227;0.132;4.998;0.205;0.198;0.396;0.356;0.723;0.134;0.027;0.044;0.051;0.02;0.029
24031;0.225;0.132;4.998;0.205;0.198;0.393;0.356;0.725;0.137;0.022;0.044;0.051;0.02;0.027
24032;0.225;0.132;4.998;0.208;0.195;0.396;0.356;0.725;0.137;0.029;0.042;0.051;0.022;0.029
24033;0.227;0.134;4.998;0.205;0.195;0.393;0.359;0.725;0.132;0.022;0.042;0.051;0.022;0.027
24034;0.229;0.132;4.998;0.2;0.195;0.393;0.356;0.725;0.137;0.029;0.044;0.051;0.024;0.032
24035;0.227;0.132;4.998;0.2;0.195;0.391;0.359;0.723;0.137;0.027;0.044;0.049;0.017;0.029
24036;0.227;0.129;4.998;0.2;0.193;0.393;0.361;0.725;0.134;0.027;0.042;0.049;0.017;0.029
24037;0.229;0.132;4.998;0.203;0.195;0.391;0.361;0.725;0.134;0.027;0.042;0.051;0.02;0.029
24038;0.229;0.132;4.998;0.2;0.19;0.388;0.361;0.723;0.134;0.029;0.044;0.049;0.02;0.032
24039;0.227;0.129;4.998;0.203;0.195;0.391;0.361;0.723;0.134;0.029;0.042;0.051;0.022;0.027
24040;0.227;0.127;4.998;0.203;0.193;0.393;0.364;0.723;0.129;0.022;0.039;0.051;0.017;0.029
24041;0.227;0.129;4.998;0.2;0.19;0.391;0.361;0.723;0.132;0.027;0.042;0.051;0.022;0.029
24042;0.227;0.127;4.998;0.205;0.193;0.393;0.361;0.723;0.132;0.024;0.039;0.051;0.02;0.029
24043;0.227;0.127;4.998;0.2;0.193;0.391;0.361;0.72;0.127;0.027;0.042;0.051;0.022;0.027
24044;0.227;0.127;4.998;0.203;0.19;0.388;0.359;0.723;0.125;0.029;0.039;0.051;0.02;0.029
24045;0.227;0.127;4.998;0.203;0.19;0.388;0.361;0.725;0.125;0.029;0.039;0.051;0.022;0.027
24046;0.225;0.129;4.998;0.203;0.193;0.391;0.361;0.725;0.127;0.027;0.042;0.046;0.024;0.032
24047;0.225;0.129;4.998;0.2;0.193;0.393;0.361;0.728;0.125;0.027;0.042;0.049;0.022;0.029
24048;0.225;0.127;2.976;0.203;0.193;0.391;0.359;0.728;0.12;0.029;0.039;0.051;0.02;0.027
24049;0.225;0.129;1.519;0.203;0.193;0.386;0.359;0.728;0.12;0.027;0.042;0.051;0.022;0.032
24050;0.225;0.125;0.796;0.2;0.19;0.388;0.359;0.725;0.117;0.029;0.042;0.051;0.02;0.027
24051;0.222;0.127;0.51;0.2;0.19;0.388;0.361;0.728;0.117;0.029;0.039;0.051;0.027;0.034
24052;0.225;0.127;0.381;0.198;0.193;0.388;0.361;0.728;0.112;0.022;0.034;0.051;0.02;0.027
24053;0.222;0.127;0.32;0.198;0.19;0.388;0.364;0.725;0.117;0.027;0.037;0.051;0.022;0.032
24054;0.225;0.127;0.281;0.2;0.188;0.388;0.364;0.728;0.112;0.029;0.037;0.049;0.024;0.032
24055;0.222;0.127;0.251;0.198;0.186;0.386;0.364;0.728;0.115;0.027;0.037;0.049;0.024;0.029
24056;0.225;0.127;0.222;0.198;0.188;0.391;0.366;0.72;0.112;0.027;0.039;0.051;0.022;0.029
24057;0.222;0.129;0.249;0.195;0.186;0.386;0.366;0.72;0.112;0.029;0.039;0.054;0.024;0.029
24058;0.222;0.127;0.398;0.198;0.183;0.388;0.366;0.723;0.112;0.027;0.039;0.051;0.027;0.029
24059;0.222;0.127;0.703;0.198;0.186;0.388;0.369;0.718;0.112;0.029;0.039;0.051;0.024;0.029
24060;0.22;0.127;0.479;0.2;0.183;0.388;0.369;0.72;0.11;0.027;0.037;0.051;0.024;0.027
24061;0.222;0.125;0.588;0.203;0.188;0.388;0.369;0.72;0.11;0.027;0.037;0.049;0.024;0.029
24062;0.22;0.125;0.496;0.203;0.186;0.388;0.369;0.723;0.11;0.027;0.037;0.049;0.027;0.032
24063;0.222;0.129;0.405;0.208;0.188;0.391;0.369;0.72;0.107;0.027;0.037;0.049;0.029;0.032
24064;0.225;0.127;0.605;0.208;0.188;0.391;0.369;0.72;0.107;0.027;0.042;0.051;0.027;0.029
24065;0.222;0.127;0.72;0.21;0.19;0.393;0.366;0.72;0.107;0.027;0.039;0.051;0.029;0.032
24066;0.222;0.125;0.676;0.21;0.19;0.396;0.366;0.718;0.107;0.027;0.039;0.051;0.032;0.032
24067;0.225;0.125;0.789;0.205;0.193;0.393;0.366;0.718;0.105;0.022;0.039;0.051;0.032;0.029
24068;0.222;0.127;0.818;0.21;0.193;0.393;0.366;0.72;0.105;0.027;0.042;0.051;0.027;0.029
24069;0.222;0.125;0.508;0.205;0.193;0.396;0.366;0.72;0.103;0.024;0.037;0.051;0.029;0.029
24070;0.222;0.127;0.476;0.205;0.195;0.396;0.366;0.72;0.105;0.027;0.039;0.051;0.032;0.034
24071;0.225;0.125;0.234;0.208;0.193;0.393;0.366;0.718;0.105;0.027;0.039;0.049;0.027;0.027
24072;0.222;0.127;0.229;0.205;0.195;0.393;0.366;0.723;0.105;0.027;0.039;0.051;0.034;0.032
24073;0.225;0.127;0.273;0.205;0.195;0.396;0.364;0.72;0.107;0.024;0.039;0.051;0.032;0.029
24074;0.225;0.125;0.391;0.205;0.198;0.393;0.364;0.723;0.105;0.027;0.042;0.051;0.034;0.032
24075;0.222;0.127;0.464;0.205;0.193;0.393;0.364;0.723;0.103;0.024;0.039;0.051;0.032;0.029
24076;0.225;0.125;0.471;0.205;0.193;0.393;0.364;0.723;0.103;0.024;0.037;0.051;0.032;0.029
24077;0.222;0.127;0.398;0.208;0.188;0.393;0.361;0.723;0.103;0.024;0.037;0.051;0.032;0.034
24078;0.222;0.127;0.303;0.205;0.19;0.393;0.364;0.725;0.105;0.024;0.039;0.051;0.029;0.027
24079;0.225;0.127;0.222;0.208;0.188;0.391;0.364;0.728;0.103;0.024;0.039;0.051;0.032;0.029
24080;0.222;0.125;0.2;0.208;0.186;0.388;0.366;0.728;0.103;0.027;0.042;0.051;0.027;0.029
24081;0.222;0.129;0.183;0.208;0.186;0.388;0.369;0.725;0.105;0.027;0.042;0.051;0.032;0.024
24082;0.222;0.129;0.168;0.208;0.186;0.391;0.369;0.728;0.103;0.024;0.039;0.051;0.029;0.029
24083;0.222;0.127;0.171;0.205;0.188;0.391;0.374;0.728;0.105;0.022;0.039;0.051;0.032;0.027
24084;0.222;0.127;0.164;0.205;0.19;0.391;0.376;0.728;0.1;0.024;0.039;0.049;0.029;0.027
24085;0.222;0.129;0.161;0.205;0.188;0.388;0.376;0.728;0.103;0.027;0.039;0.051;0.034;0.029
24086;0.222;0.127;0.159;0.203;0.188;0.391;0.378;0.725;0.1;0.024;0.042;0.051;0.032;0.032
24087;0.227;0.129;0.161;0.205;0.186;0.388;0.376;0.725;0.105;0.024;0.039;0.051;0.032;0.029
24088;0.222;0.129;0.164;0.203;0.186;0.388;0.376;0.728;0.103;0.027;0.042;0.049;0.029;0.027
24089;0.225;0.129;0.164;0.2;0.186;0.388;0.374;0.728;0.105;0.027;0.039;0.051;0.029;0.029
24090;0.225;0.127;0.164;0.203;0.186;0.386;0.374;0.73;0.11;0.029;0.042;0.054;0.037;0.029
24091;0.225;0.129;0.168;0.2;0.186;0.386;0.374;0.73;0.107;0.024;0.042;0.051;0.029;0.027
24092;0.222;0.125;0.173;0.198;0.186;0.391;0.371;0.73;0.105;0.027;0.039;0.051;0.034;0.032
24093;0.222;0.129;0.168;0.2;0.183;0.388;0.371;0.725;0.105;0.024;0.042;0.051;0.032;0.029
24094;0.225;0.127;0.168;0.198;0.186;0.393;0.371;0.73;0.105;0.024;0.039;0.051;0.034;0.029
24095;0.222;0.125;0.171;0.198;0.188;0.391;0.371;0.73;0.105;0.024;0.039;0.051;0.032;0.027
24096;0.222;0.127;0.166;0.2;0.186;0.393;0.371;0.73;0.105;0.027;0.039;0.051;0.034;0.029
24097;0.222;0.127;0.166;0.2;0.186;0.393;0.371;0.728;0.105;0.024;0.042;0.051;0.034;0.029
24098;0.222;0.127;0.164;0.195;0.188;0.391;0.371;0.728;0.107;0.027;0.042;0.049;0.034;0.029
24099;0.22;0.127;0.161;0.195;0.188;0.388;0.369;0.725;0.105;0.024;0.042;0.051;0.037;0.029
24100;0.22;0.125;0.156;0.195;0.188;0.391;0.369;0.725;0.112;0.029;0.046;0.051;0.037;0.029
24101;0.22;0.122;0.159;0.198;0.188;0.391;0.369;0.73;0.105;0.022;0.042;0.051;0.034;0.027
24102;0.22;0.127;0.156;0.195;0.188;0.391;0.369;0.73;0.103;0.024;0.042;0.051;0.037;0.027
24103;0.217;0.125;0.159;0.198;0.188;0.388;0.369;0.732;0.103;0.022;0.039;0.049;0.034;0.029
24104;0.22;0.125;0.159;0.195;0.183;0.386;0.366;0.73;0.1;0.022;0.042;0.051;0.032;0.024
24105;0.22;0.125;0.159;0.198;0.183;0.386;0.369;0.73;0.1;0.024;0.042;0.051;0.034;0.029
24106;0.22;0.125;0.156;0.195;0.183;0.386;0.366;0.732;0.1;0.024;0.042;0.049;0.032;0.024
24107;0.22;0.125;0.159;0.198;0.181;0.386;0.371;0.728;0.098;0.024;0.042;0.051;0.034;0.027
24108;0.217;0.125;0.156;0.198;0.183;0.386;0.369;0.73;0.095;0.024;0.044;0.049;0.032;0.029
24109;0.22;0.122;0.156;0.198;0.183;0.386;0.371;0.725;0.098;0.029;0.044;0.049;0.037;0.029
24110;0.22;0.122;0.159;0.195;0.181;0.383;0.374;0.728;0.095;0.022;0.042;0.049;0.034;0.027
24111;0.22;0.122;0.154;0.198;0.181;0.386;0.371;0.73;0.095;0.024;0.044;0.051;0.034;0.027
24112;0.225;0.122;0.154;0.198;0.183;0.383;0.369;0.728;0.095;0.024;0.044;0.049;0.039;0.029
24113;0.222;0.125;0.154;0.195;0.181;0.386;0.371;0.73;0.093;0.029;0.046;0.051;0.034;0.029
24114;0.222;0.122;0.156;0.198;0.183;0.383;0.371;0.728;0.093;0.027;0.046;0.049;0.034;0.027
24115;0.225;0.127;0.151;0.195;0.186;0.386;0.371;0.73;0.093;0.024;0.044;0.049;0.034;0.027
24116;0.222;0.125;0.151;0.198;0.186;0.383;0.369;0.728;0.093;0.024;0.044;0.049;0.034;0.027
24117;0.222;0.127;0.151;0.198;0.188;0.386;0.371;0.73;0.095;0.024;0.049;0.051;0.039;0.032
24118;0.225;0.125;0.154;0.198;0.19;0.386;0.371;0.732;0.093;0.029;0.049;0.051;0.034;0.029
24119;0.225;0.127;0.154;0.198;0.188;0.386;0.371;0.728;0.09;0.024;0.046;0.049;0.032;0.024
24120;0.222;0.127;0.156;0.2;0.188;0.383;0.374;0.73;0.093;0.024;0.046;0.049;0.034;0.029
24121;0.222;0.127;0.154;0.203;0.19;0.386;0.374;0.728;0.093;0.027;0.046;0.049;0.034;0.027
24122;0.222;0.127;0.151;0.203;0.193;0.386;0.371;0.728;0.09;0.027;0.046;0.049;0.034;0.029
24123;0.225;0.127;0.151;0.2;0.193;0.386;0.371;0.73;0.09;0.024;0.049;0.049;0.037;0.024
24124;0.225;0.127;0.149;0.205;0.195;0.386;0.371;0.73;0.088;0.027;0.046;0.049;0.034;0.027
24125;0.222;0.125;0.149;0.203;0.193;0.386;0.369;0.725;0.093;0.029;0.049;0.051;0.039;0.029
24126;0.222;0.127;0.151;0.203;0.193;0.383;0.366;0.728;0.09;0.027;0.046;0.049;0.039;0.027
24127;0.225;0.127;0.154;0.2;0.198;0.386;0.364;0.728;0.09;0.027;0.049;0.051;0.037;0.027
24128;0.222;0.127;0.154;0.2;0.198;0.386;0.364;0.728;0.088;0.029;0.046;0.051;0.037;0.024
24129;0.225;0.125;0.154;0.2;0.203;0.388;0.364;0.728;0.09;0.029;0.049;0.049;0.039;0.029
24130;0.222;0.127;0.156;0.2;0.203;0.391;0.361;0.73;0.09;0.027;0.049;0.049;0.039;0.029
24131;0.225;0.125;0.154;0.2;0.2;0.391;0.364;0.73;0.088;0.027;0.046;0.049;0.034;0.022
24132;0.225;0.127;0.154;0.2;0.2;0.391;0.361;0.73;0.085;0.024;0.046;0.049;0.037;0.029
24133;0.222;0.127;0.154;0.2;0.198;0.391;0.364;0.73;0.085;0.027;0.046;0.049;0.039;0.032
24134;0.225;0.127;0.151;0.2;0.198;0.393;0.364;0.732;0.085;0.027;0.046;0.051;0.037;0.027
24135;0.225;0.122;0.151;0.2;0.2;0.393;0.366;0.732;0.088;0.029;0.046;0.049;0.037;0.027
24136;0.222;0.125;0.154;0.2;0.198;0.393;0.366;0.728;0.085;0.029;0.046;0.049;0.037;0.024
24137;0.222;0.125;0.149;0.2;0.203;0.393;0.366;0.73;0.085;0.027;0.044;0.051;0.039;0.029
24138;0.222;0.125;0.149;0.2;0.195;0.391;0.369;0.728;0.085;0.024;0.044;0.051;0.039;0.024
24139;0.225;0.125;0.151;0.2;0.198;0.391;0.371;0.73;0.085;0.027;0.042;0.051;0.039;0.027
24140;0.225;0.125;0.149;0.203;0.198;0.388;0.369;0.732;0.081;0.024;0.039;0.051;0.037;0.027
24141;0.222;0.12;0.151;0.203;0.195;0.388;0.369;0.73;0.078;0.022;0.042;0.051;0.039;0.027
24142;0.222;0.122;0.151;0.203;0.195;0.386;0.366;0.73;0.083;0.027;0.042;0.049;0.039;0.024
24143;0.225;0.122;0.151;0.205;0.195;0.386;0.366;0.728;0.081;0.027;0.042;0.051;0.042;0.024
24144;0.225;0.122;0.151;0.203;0.195;0.386;0.364;0.728;0.081;0.027;0.042;0.049;0.042;0.027
24145;0.22;0.122;0.151;0.203;0.198;0.388;0.364;0.728;0.083;0.027;0.042;0.051;0.039;0.024
24146;0.22;0.12;0.151;0.203;0.195;0.386;0.364;0.725;0.083;0.029;0.044;0.051;0.039;0.029
24147;0.222;0.122;0.151;0.2;0.193;0.383;0.361;0.728;0.083;0.024;0.042;0.051;0.044;0.027
24148;0.222;0.12;0.156;0.2;0.195;0.386;0.361;0.728;0.081;0.024;0.042;0.049;0.042;0.024
24149;0.22;0.12;0.151;0.2;0.193;0.383;0.359;0.725;0.078;0.027;0.042;0.051;0.046;0.029
24150;0.22;0.122;0.156;0.2;0.195;0.383;0.364;0.725;0.083;0.027;0.044;0.054;0.039;0.027
24151;0.22;0.12;0.156;0.198;0.195;0.388;0.361;0.723;0.078;0.027;0.042;0.051;0.046;0.029
24152;0.22;0.125;0.159;0.2;0.195;0.386;0.364;0.725;0.081;0.029;0.044;0.049;0.044;0.024
24153;0.217;0.12;0.156;0.198;0.195;0.388;0.364;0.725;0.081;0.027;0.042;0.051;0.046;0.029
24154;0.217;0.122;0.154;0.2;0.195;0.388;0.366;0.725;0.078;0.027;0.042;0.049;0.044;0.027
24155;0.217;0.122;0.154;0.2;0.198;0.391;0.366;0.725;0.078;0.027;0.042;0.051;0.046;0.024
24156;0.217;0.125;0.151;0.203;0.195;0.388;0.364;0.725;0.078;0.024;0.037;0.049;0.046;0.027
24157;0.217;0.122;0.149;0.203;0.198;0.391;0.364;0.725;0.078;0.029;0.039;0.051;0.044;0.022
24158;0.215;0.122;0.151;0.203;0.198;0.391;0.366;0.728;0.081;0.027;0.042;0.051;0.044;0.027
24159;0.212;0.125;0.151;0.2;0.198;0.391;0.364;0.728;0.078;0.024;0.039;0.051;0.046;0.024
24160;0.215;0.122;0.146;0.2;0.2;0.393;0.366;0.73;0.078;0.029;0.039;0.051;0.049;0.024
24161;0.215;0.122;0.151;0.198;0.2;0.393;0.366;0.73;0.081;0.027;0.037;0.051;0.049;0.027
24162;0.212;0.125;0.154;0.198;0.2;0.396;0.369;0.728;0.081;0.029;0.039;0.049;0.059;0.032
24163;0.212;0.122;0.156;0.2;0.2;0.393;0.361;0.73;0.081;0.027;0.034;0.049;0.054;0.027
24164;0.21;0.122;0.159;0.198;0.2;0.391;0.366;0.73;0.078;0.027;0.037;0.049;0.054;0.024
24165;0.212;0.125;0.159;0.198;0.198;0.393;0.366;0.73;0.078;0.029;0.037;0.049;0.054;0.024
24166;0.212;0.122;0.159;0.198;0.2;0.391;0.369;0.732;0.078;0.027;0.037;0.049;0.059;0.032
24167;0.212;0.122;0.159;0.198;0.198;0.393;0.369;0.73;0.081;0.022;0.034;0.051;0.056;0.024
24168;0.212;0.12;0.159;0.195;0.195;0.393;0.371;0.73;0.081;0.024;0.034;0.051;0.059;0.027
24169;0.212;0.12;0.161;0.198;0.195;0.391;0.374;0.73;0.078;0.027;0.034;0.051;0.059;0.024
24170;0.212;0.122;0.156;0.195;0.195;0.388;0.374;0.73;0.078;0.024;0.034;0.046;0.056;0.027
24171;0.212;0.12;0.164;0.195;0.198;0.391;0.378;0.73;0.078;0.027;0.032;0.051;0.063;0.029
24172;0.212;0.122;0.161;0.193;0.195;0.386;0.376;0.73;0.078;0.029;0.037;0.051;0.063;0.027
24173;0.212;0.12;0.164;0.195;0.195;0.388;0.378;0.728;0.078;0.029;0.037;0.049;0.061;0.024
24174;0.215;0.117;0.164;0.198;0.198;0.386;0.376;0.725;0.076;0.027;0.032;0.049;0.063;0.024
24175;0.215;0.117;0.164;0.198;0.195;0.388;0.378;0.725;0.078;0.029;0.034;0.051;0.061;0.024
24176;0.215;0.117;0.161;0.2;0.198;0.383;0.376;0.725;0.076;0.027;0.032;0.051;0.063;0.027
24177;0.212;0.117;0.164;0.198;0.2;0.386;0.376;0.73;0.076;0.027;0.032;0.051;0.068;0.027
24178;0.217;0.12;0.164;0.195;0.2;0.383;0.374;0.728;0.076;0.027;0.032;0.051;0.068;0.024
24179;0.215;0.117;0.164;0.195;0.198;0.381;0.374;0.728;0.078;0.027;0.032;0.049;0.068;0.027
24180;0.217;0.12;0.161;0.195;0.2;0.381;0.376;0.725;0.078;0.027;0.034;0.049;0.071;0.027
24181;0.22;0.12;0.166;0.193;0.2;0.383;0.376;0.728;0.073;0.024;0.029;0.049;0.071;0.029
24182;0.217;0.12;0.161;0.193;0.198;0.381;0.374;0.73;0.078;0.024;0.029;0.049;0.073;0.027
24183;0.217;0.117;0.164;0.193;0.198;0.381;0.374;0.728;0.076;0.027;0.029;0.051;0.073;0.024
24184;0.217;0.12;0.164;0.193;0.198;0.378;0.376;0.728;0.076;0.027;0.029;0.049;0.071;0.027
24185;0.217;0.12;0.164;0.19;0.198;0.381;0.378;0.732;0.076;0.027;0.027;0.051;0.076;0.027
24186;0.217;0.122;0.161;0.193;0.195;0.378;0.378;0.73;0.076;0.029;0.027;0.051;0.073;0.029
24187;0.217;0.122;0.161;0.193;0.198;0.378;0.381;0.73;0.078;0.029;0.024;0.054;0.078;0.027
24188;0.217;0.12;0.159;0.19;0.198;0.378;0.378;0.732;0.073;0.024;0.022;0.051;0.076;0.029
24189;0.217;0.122;0.161;0.195;0.198;0.378;0.378;0.728;0.078;0.027;0.022;0.051;0.078;0.027
24190;0.22;0.125;0.161;0.195;0.198;0.376;0.378;0.728;0.076;0.024;0.022;0.049;0.078;0.027
24191;0.22;0.125;0.159;0.195;0.2;0.376;0.378;0.728;0.076;0.027;0.02;0.051;0.076;0.027
24192;0.217;0.122;0.159;0.195;0.198;0.374;0.378;0.73;0.076;0.024;0.02;0.051;0.078;0.027
24193;0.217;0.125;0.159;0.195;0.198;0.374;0.376;0.73;0.076;0.024;0.017;0.051;0.078;0.027
24194;0.217;0.125;0.159;0.195;0.198;0.374;0.381;0.73;0.076;0.024;0.02;0.049;0.076;0.027
24195;0.215;0.127;0.156;0.198;0.198;0.374;0.376;0.73;0.076;0.022;0.017;0.054;0.078;0.027
24196;0.217;0.127;0.151;0.198;0.198;0.369;0.381;0.73;0.076;0.024;0.017;0.049;0.081;0.029
24197;0.217;0.125;0.151;0.198;0.198;0.369;0.378;0.732;0.076;0.024;0.015;0.049;0.078;0.027
24198;0.215;0.125;0.151;0.198;0.195;0.369;0.376;0.732;0.076;0.027;0.015;0.051;0.081;0.027
24199;0.215;0.125;0.154;0.2;0.195;0.369;0.378;0.732;0.076;0.027;0.015;0.049;0.076;0.02
24200;0.215;0.125;0.156;0.198;0.195;0.369;0.378;0.732;0.076;0.024;0.015;0.049;0.078;0.024
24201;0.215;0.122;0.154;0.2;0.195;0.371;0.378;0.732;0.081;0.027;0.015;0.049;0.076;0.029
24202;0.215;0.125;0.156;0.203;0.198;0.369;0.376;0.732;0.076;0.027;0.015;0.051;0.078;0.024
24203;0.215;0.122;0.156;0.2;0.195;0.371;0.378;0.737;0.078;0.027;0.017;0.051;0.081;0.029
24204;0.215;0.12;0.151;0.198;0.198;0.369;0.376;0.737;0.076;0.024;0.01;0.051;0.076;0.022
24205;0.215;0.125;0.156;0.2;0.203;0.369;0.374;0.74;0.078;0.027;0.012;0.049;0.078;0.024
24206;0.215;0.125;0.159;0.2;0.2;0.369;0.376;0.74;0.076;0.027;0.012;0.049;0.078;0.027
24207;0.215;0.125;0.161;0.198;0.2;0.369;0.376;0.737;0.076;0.022;0.01;0.049;0.076;0.02
24208;0.212;0.125;0.159;0.2;0.203;0.364;0.376;0.737;0.078;0.024;0.01;0.049;0.078;0.027
24209;0.212;0.122;0.164;0.198;0.203;0.369;0.376;0.737;0.078;0.024;0.01;0.051;0.076;0.027
24210;0.215;0.125;0.161;0.2;0.203;0.364;0.376;0.74;0.078;0.027;0.007;0.051;0.073;0.027
24211;0.217;0.125;0.164;0.198;0.205;0.366;0.376;0.737;0.078;0.022;0.01;0.051;0.073;0.024
24212;0.215;0.122;0.164;0.198;0.205;0.364;0.381;0.735;0.076;0.027;0.007;0.051;0.076;0.022
24213;0.215;0.125;0.168;0.195;0.208;0.366;0.381;0.737;0.078;0.024;0.007;0.051;0.073;0.027
24214;0.215;0.125;0.171;0.195;0.208;0.369;0.381;0.735;0.081;0.022;0.007;0.051;0.073;0.027
24215;0.215;0.125;0.173;0.195;0.208;0.366;0.378;0.73;0.081;0.027;0.007;0.051;0.073;0.029
24216;0.212;0.125;0.176;0.195;0.208;0.369;0.383;0.73;0.078;0.027;0.007;0.046;0.078;0.027
24217;0.215;0.122;0.173;0.195;0.208;0.366;0.376;0.732;0.081;0.022;0.01;0.049;0.076;0.024
24218;0.215;0.122;0.176;0.195;0.208;0.369;0.378;0.732;0.078;0.027;0.01;0.049;0.068;0.022
24219;0.212;0.125;0.183;0.195;0.205;0.369;0.378;0.73;0.083;0.027;0.012;0.049;0.073;0.024
24220;0.215;0.125;0.183;0.193;0.205;0.369;0.381;0.73;0.081;0.024;0.01;0.049;0.073;0.027
24221;0.217;0.125;0.195;0.193;0.208;0.366;0.378;0.73;0.081;0.024;0.007;0.049;0.073;0.027
24222;0.215;0.125;0.2;0.19;0.205;0.366;0.376;0.728;0.078;0.024;0.007;0.049;0.071;0.024
24223;0.215;0.125;0.215;0.193;0.205;0.366;0.378;0.73;0.081;0.022;0.01;0.049;0.071;0.027
24224;0.215;0.125;0.229;0.193;0.203;0.366;0.376;0.73;0.081;0.027;0.01;0.046;0.073;0.027
24225;0.22;0.125;0.278;0.193;0.203;0.369;0.378;0.73;0.081;0.024;0.01;0.049;0.073;0.027
24226;0.217;0.125;0.396;0.193;0.203;0.366;0.376;0.73;0.081;0.024;0.007;0.049;0.071;0.024
24227;0.217;0.125;0.413;0.198;0.203;0.364;0.378;0.73;0.085;0.027;0.01;0.049;0.071;0.027
24228;0.22;0.127;0.442;0.195;0.198;0.366;0.381;0.73;0.078;0.024;0.007;0.049;0.071;0.024
24229;0.215;0.125;0.569;0.198;0.2;0.361;0.378;0.73;0.081;0.024;0.01;0.049;0.071;0.027
24230;0.217;0.127;0.52;0.198;0.203;0.364;0.378;0.73;0.081;0.024;0.01;0.051;0.071;0.027
24231;0.22;0.127;0.483;0.198;0.203;0.361;0.376;0.732;0.083;0.024;0.012;0.049;0.071;0.027
24232;0.217;0.127;0.469;0.195;0.203;0.364;0.374;0.73;0.083;0.027;0.012;0.049;0.068;0.027
24233;0.217;0.127;0.537;0.195;0.203;0.364;0.369;0.725;0.081;0.024;0.01;0.049;0.066;0.024
24234;0.22;0.127;0.447;0.198;0.205;0.361;0.369;0.73;0.083;0.027;0.01;0.051;0.068;0.029
24235;0.217;0.129;0.337;0.195;0.203;0.361;0.366;0.732;0.081;0.027;0.012;0.049;0.068;0.027
24236;0.22;0.125;0.261;0.2;0.205;0.364;0.369;0.73;0.083;0.027;0.012;0.051;0.068;0.027
24237;0.217;0.125;0.234;0.2;0.205;0.366;0.366;0.73;0.083;0.027;0.015;0.049;0.063;0.024
24238;0.22;0.125;0.239;0.198;0.205;0.366;0.369;0.728;0.081;0.024;0.01;0.049;0.066;0.027
24239;0.22;0.125;0.312;0.198;0.208;0.366;0.366;0.728;0.081;0.024;0.012;0.049;0.068;0.024
24240;0.22;0.122;0.327;0.198;0.208;0.369;0.366;0.728;0.083;0.027;0.012;0.049;0.066;0.029
24241;0.222;0.125;0.356;0.198;0.208;0.366;0.364;0.728;0.083;0.024;0.012;0.049;0.068;0.024
24242;0.225;0.125;0.4;0.195;0.212;0.371;0.369;0.725;0.085;0.027;0.015;0.051;0.068;0.029
24243;0.222;0.122;0.461;0.195;0.212;0.369;0.366;0.725;0.083;0.024;0.015;0.049;0.059;0.022
24244;0.225;0.125;0.459;0.195;0.208;0.369;0.369;0.725;0.081;0.027;0.012;0.049;0.063;0.027
24245;0.225;0.122;0.386;0.195;0.21;0.374;0.369;0.725;0.081;0.027;0.015;0.049;0.063;0.024
24246;0.225;0.122;0.42;0.193;0.21;0.371;0.369;0.725;0.083;0.024;0.015;0.049;0.063;0.029
24247;0.225;0.125;0.364;0.193;0.212;0.371;0.369;0.725;0.083;0.027;0.012;0.049;0.066;0.027
24248;0.225;0.122;0.464;0.19;0.212;0.374;0.369;0.723;0.083;0.024;0.012;0.049;0.063;0.027
24249;0.225;0.125;0.583;0.19;0.212;0.371;0.366;0.723;0.083;0.024;0.015;0.049;0.063;0.024
24250;0.225;0.125;0.469;0.19;0.215;0.376;0.369;0.72;0.081;0.024;0.015;0.051;0.063;0.027
24251;0.227;0.125;0.54;0.19;0.212;0.374;0.366;0.72;0.081;0.027;0.015;0.049;0.066;0.029
24252;0.227;0.125;0.535;0.19;0.215;0.376;0.364;0.723;0.078;0.022;0.012;0.049;0.059;0.024
24253;0.222;0.122;0.527;0.188;0.217;0.376;0.361;0.725;0.081;0.027;0.015;0.049;0.063;0.027
24254;0.225;0.122;0.449;0.193;0.215;0.376;0.359;0.725;0.078;0.024;0.015;0.051;0.061;0.024
24255;0.225;0.122;0.488;0.193;0.217;0.378;0.356;0.723;0.083;0.024;0.012;0.051;0.059;0.027
24256;0.222;0.122;0.413;0.198;0.217;0.376;0.356;0.723;0.083;0.027;0.015;0.049;0.063;0.027
24257;0.222;0.125;0.466;0.198;0.217;0.376;0.354;0.723;0.078;0.024;0.017;0.051;0.061;0.027
24258;0.222;0.122;0.549;0.198;0.215;0.376;0.356;0.725;0.081;0.027;0.017;0.051;0.061;0.027
24259;0.225;0.125;0.371;0.198;0.217;0.374;0.359;0.72;0.078;0.024;0.015;0.049;0.061;0.027
24260;0.22;0.12;0.469;0.198;0.22;0.376;0.361;0.72;0.076;0.024;0.015;0.049;0.059;0.024
24261;0.22;0.125;0.432;0.198;0.212;0.376;0.359;0.723;0.081;0.029;0.017;0.049;0.059;0.027
24262;0.222;0.125;0.491;0.198;0.217;0.376;0.359;0.723;0.078;0.027;0.015;0.049;0.061;0.027
24263;0.222;0.127;0.886;0.198;0.215;0.378;0.356;0.72;0.076;0.029;0.017;0.049;0.059;0.029
24264;0.22;0.125;0.513;0.195;0.212;0.378;0.361;0.723;0.078;0.027;0.017;0.049;0.056;0.024
24265;0.22;0.122;0.916;0.195;0.212;0.381;0.359;0.72;0.076;0.029;0.015;0.049;0.059;0.024
24266;0.22;0.122;1.111;0.198;0.215;0.378;0.361;0.72;0.073;0.029;0.015;0.051;0.056;0.027
24267;0.22;0.122;1.069;0.198;0.212;0.378;0.359;0.72;0.078;0.032;0.02;0.049;0.059;0.029
24268;0.222;0.122;0.964;0.198;0.212;0.381;0.361;0.718;0.076;0.032;0.017;0.049;0.056;0.024
24269;0.222;0.12;0.957;0.2;0.217;0.381;0.361;0.72;0.076;0.032;0.017;0.049;0.056;0.027
24270;0.22;0.12;1.516;0.198;0.217;0.381;0.361;0.72;0.076;0.032;0.017;0.049;0.056;0.022
24271;0.217;0.117;0.947;0.2;0.251;0.381;0.364;0.72;0.078;0.032;0.02;0.046;0.054;0.024
24272;0.222;0.12;0.583;0.2;0.315;0.378;0.364;0.72;0.076;0.032;0.02;0.051;0.059;0.027
24273;0.225;0.117;0.447;0.198;0.332;0.378;0.364;0.72;0.073;0.032;0.02;0.051;0.056;0.027
24274;0.222;0.12;0.388;0.198;0.344;0.378;0.364;0.72;0.076;0.034;0.017;0.051;0.056;0.024
24275;0.222;0.117;0.359;0.2;0.342;0.376;0.364;0.72;0.076;0.034;0.017;0.051;0.054;0.024
24276;0.222;0.117;0.342;0.198;0.359;0.376;0.364;0.723;0.076;0.032;0.017;0.049;0.056;0.029
24277;0.22;0.115;0.339;0.2;0.361;0.374;0.364;0.718;0.076;0.034;0.02;0.049;0.054;0.027
24278;0.222;0.117;0.342;0.2;0.334;0.374;0.359;0.72;0.076;0.034;0.02;0.049;0.054;0.029
24279;0.222;0.117;0.352;0.2;0.334;0.371;0.359;0.723;0.076;0.034;0.017;0.049;0.056;0.027
24280;0.22;0.117;4.998;0.2;0.337;0.369;0.354;0.72;0.076;0.034;0.017;0.049;0.051;0.022
24281;0.222;0.117;4.998;0.198;0.33;0.371;0.354;0.72;0.073;0.034;0.017;0.049;0.056;0.029
24282;0.22;0.115;4.998;0.2;0.317;0.369;0.356;0.72;0.073;0.034;0.015;0.049;0.054;0.029
24283;0.222;0.117;4.998;0.2;0.33;0.366;0.354;0.723;0.076;0.034;0.02;0.049;0.049;0.022
24284;0.222;0.115;4.998;0.198;0.327;0.369;0.359;0.723;0.073;0.032;0.015;0.049;0.056;0.029
24285;0.22;0.115;4.998;0.198;0.332;0.366;0.361;0.72;0.073;0.032;0.015;0.051;0.056;0.027
24286;0.22;0.115;4.998;0.198;0.308;0.366;0.361;0.723;0.071;0.032;0.015;0.049;0.056;0.029
24287;0.22;0.115;4.998;0.203;0.308;0.366;0.359;0.723;0.073;0.032;0.015;0.049;0.056;0.027
24288;0.22;0.117;4.998;0.203;0.31;0.364;0.361;0.723;0.076;0.029;0.017;0.049;0.056;0.027
24289;0.22;0.117;4.998;0.2;0.308;0.366;0.366;0.723;0.073;0.032;0.015;0.049;0.056;0.029
24290;0.217;0.112;4.998;0.203;0.298;0.366;0.364;0.72;0.076;0.029;0.015;0.049;0.054;0.024
24291;0.22;0.115;4.998;0.203;0.31;0.364;0.366;0.723;0.073;0.032;0.017;0.049;0.056;0.027
24292;0.217;0.117;4.998;0.208;0.303;0.366;0.369;0.723;0.071;0.032;0.015;0.051;0.054;0.029
24293;0.217;0.117;4.998;0.205;0.312;0.364;0.369;0.72;0.078;0.034;0.017;0.051;0.056;0.027
24294;0.217;0.122;4.998;0.205;0.3;0.364;0.369;0.72;0.073;0.027;0.015;0.049;0.054;0.029
24295;0.22;0.117;4.998;0.205;0.305;0.361;0.369;0.723;0.076;0.029;0.015;0.051;0.056;0.029
24296;0.22;0.117;4.998;0.205;0.312;0.364;0.371;0.723;0.076;0.027;0.015;0.049;0.054;0.027
24297;0.222;0.117;4.998;0.203;0.295;0.361;0.366;0.723;0.078;0.029;0.015;0.049;0.054;0.027
24298;0.22;0.117;4.998;0.203;0.305;0.361;0.366;0.723;0.073;0.024;0.015;0.051;0.056;0.029
24299;0.22;0.115;4.998;0.203;0.303;0.361;0.369;0.723;0.076;0.027;0.015;0.051;0.049;0.022
24300;0.222;0.12;4.998;0.203;0.312;0.364;0.366;0.72;0.076;0.027;0.017;0.049;0.054;0.024
24301;0.22;0.117;4.998;0.2;0.308;0.361;0.366;0.72;0.076;0.024;0.012;0.049;0.056;0.027
24302;0.22;0.12;4.998;0.198;0.305;0.359;0.369;0.72;0.073;0.022;0.015;0.051;0.059;0.032
24303;0.222;0.122;4.998;0.203;0.312;0.361;0.366;0.72;0.076;0.024;0.015;0.049;0.054;0.027
24304;0.225;0.122;4.998;0.2;0.31;0.361;0.371;0.72;0.076;0.024;0.015;0.049;0.056;0.029
24305;0.222;0.12;4.998;0.2;0.298;0.359;0.371;0.72;0.076;0.027;0.017;0.051;0.056;0.029
24306;0.222;0.12;4.998;0.2;0.303;0.356;0.371;0.723;0.076;0.024;0.017;0.051;0.056;0.029
24307;0.222;0.122;4.998;0.203;0.31;0.361;0.376;0.725;0.078;0.024;0.017;0.049;0.056;0.027
24308;0.222;0.12;4.998;0.2;0.303;0.356;0.376;0.72;0.076;0.024;0.015;0.051;0.056;0.029
24309;0.22;0.12;4.998;0.2;0.291;0.354;0.378;0.72;0.078;0.027;0.017;0.051;0.056;0.032
24310;0.225;0.12;4.998;0.198;0.295;0.356;0.378;0.723;0.078;0.024;0.015;0.049;0.056;0.024
24311;0.22;0.12;4.998;0.203;0.3;0.354;0.381;0.723;0.076;0.024;0.017;0.051;0.056;0.027
24312;0.225;0.12;4.998;0.198;0.308;0.352;0.383;0.723;0.078;0.024;0.017;0.051;0.056;0.027
24313;0.222;0.117;4.998;0.2;0.303;0.352;0.381;0.728;0.078;0.022;0.017;0.051;0.056;0.027
24314;0.222;0.117;4.998;0.2;0.312;0.352;0.381;0.725;0.078;0.027;0.015;0.051;0.054;0.029
24315;0.22;0.12;4.998;0.198;0.305;0.349;0.378;0.725;0.078;0.022;0.017;0.051;0.059;0.029
24316;0.222;0.117;4.998;0.198;0.3;0.349;0.376;0.725;0.078;0.024;0.015;0.051;0.051;0.027
24317;0.22;0.117;4.998;0.195;0.305;0.349;0.374;0.725;0.081;0.027;0.017;0.051;0.056;0.032
24318;0.222;0.12;4.998;0.198;0.305;0.349;0.371;0.725;0.078;0.027;0.02;0.051;0.059;0.029
24319;0.222;0.12;4.998;0.198;0.3;0.349;0.366;0.725;0.078;0.024;0.017;0.051;0.051;0.027
24320;0.222;0.12;4.998;0.198;0.303;0.352;0.366;0.728;0.081;0.027;0.017;0.049;0.056;0.029
24321;0.222;0.117;4.998;0.2;0.298;0.349;0.361;0.725;0.078;0.027;0.017;0.049;0.051;0.024
24322;0.222;0.12;4.998;0.203;0.303;0.352;0.364;0.725;0.078;0.027;0.017;0.049;0.054;0.029
24323;0.22;0.12;4.998;0.2;0.305;0.352;0.359;0.725;0.078;0.029;0.017;0.054;0.049;0.027
24324;0.22;0.117;4.998;0.203;0.303;0.354;0.356;0.728;0.078;0.024;0.017;0.049;0.051;0.024
24325;0.222;0.122;4.998;0.203;0.308;0.356;0.359;0.723;0.078;0.024;0.017;0.051;0.051;0.027
24326;0.222;0.12;4.143;0.203;0.308;0.356;0.356;0.723;0.078;0.027;0.02;0.051;0.051;0.027
24327;0.222;0.12;2.09;0.203;0.31;0.359;0.356;0.725;0.078;0.029;0.017;0.051;0.049;0.027
24328;0.22;0.12;1.152;0.203;0.308;0.359;0.359;0.725;0.078;0.032;0.02;0.049;0.051;0.022
24329;0.222;0.122;0.742;0.2;0.303;0.359;0.359;0.728;0.081;0.029;0.017;0.051;0.054;0.032
24330;0.222;0.12;0.486;0.203;0.312;0.359;0.361;0.723;0.078;0.029;0.02;0.049;0.051;0.027
24331;0.222;0.12;0.41;0.203;0.315;0.359;0.361;0.723;0.076;0.027;0.017;0.051;0.049;0.027
24332;0.22;0.12;0.359;0.2;0.317;0.361;0.364;0.723;0.078;0.029;0.02;0.051;0.051;0.029
24333;0.222;0.12;0.386;0.203;0.312;0.364;0.364;0.725;0.076;0.032;0.022;0.049;0.046;0.024
24334;0.222;0.122;0.654;0.2;0.317;0.364;0.364;0.725;0.078;0.029;0.022;0.051;0.051;0.029
24335;0.222;0.122;0.474;0.2;0.315;0.366;0.361;0.725;0.076;0.029;0.022;0.049;0.051;0.024
24336;0.222;0.122;0.4;0.198;0.315;0.364;0.361;0.725;0.073;0.029;0.022;0.051;0.046;0.024
24337;0.222;0.122;0.706;0.2;0.315;0.364;0.359;0.728;0.076;0.029;0.024;0.049;0.054;0.032
24338;0.222;0.12;0.84;0.203;0.312;0.364;0.359;0.728;0.078;0.029;0.024;0.051;0.046;0.029
24339;0.22;0.12;0.698;0.198;0.32;0.364;0.359;0.728;0.076;0.029;0.024;0.049;0.049;0.027
24340;0.222;0.12;4.172;0.198;0.317;0.361;0.359;0.725;0.076;0.029;0.022;0.049;0.046;0.027
24341;0.225;0.122;2.043;0.2;0.317;0.364;0.356;0.725;0.078;0.029;0.022;0.049;0.049;0.027
24342;0.222;0.12;1.123;0.198;0.315;0.364;0.356;0.725;0.076;0.027;0.024;0.051;0.049;0.027
24343;0.225;0.12;0.903;0.2;0.315;0.361;0.354;0.72;0.078;0.029;0.024;0.051;0.044;0.024
24344;0.225;0.122;0.747;0.2;0.317;0.364;0.354;0.72;0.078;0.027;0.024;0.051;0.046;0.024
24345;0.222;0.12;0.608;0.203;0.32;0.364;0.354;0.72;0.078;0.027;0.024;0.049;0.044;0.027
24346;0.222;0.12;0.837;0.2;0.32;0.364;0.356;0.723;0.078;0.029;0.027;0.051;0.049;0.024
24347;0.222;0.12;0.789;0.198;0.315;0.361;0.356;0.723;0.078;0.027;0.027;0.051;0.044;0.027
24348;0.222;0.117;0.681;0.198;0.315;0.364;0.356;0.725;0.078;0.027;0.029;0.051;0.044;0.024
24349;0.22;0.117;0.652;0.198;0.308;0.364;0.359;0.723;0.076;0.024;0.024;0.051;0.044;0.027
24350;0.22;0.117;0.625;0.198;0.308;0.366;0.356;0.723;0.076;0.022;0.024;0.049;0.044;0.022
24351;0.225;0.117;0.518;0.198;0.308;0.364;0.359;0.725;0.081;0.027;0.029;0.051;0.044;0.024
24352;0.22;0.12;0.393;0.198;0.308;0.364;0.359;0.725;0.083;0.027;0.032;0.051;0.046;0.027
24353;0.222;0.12;0.435;0.195;0.31;0.364;0.356;0.725;0.083;0.027;0.029;0.051;0.044;0.024
24354;0.222;0.12;0.361;0.195;0.31;0.361;0.359;0.723;0.085;0.027;0.029;0.049;0.039;0.022
24355;0.222;0.117;0.327;0.2;0.3;0.366;0.354;0.723;0.081;0.024;0.027;0.049;0.049;0.032
24356;0.225;0.117;0.364;0.195;0.303;0.366;0.356;0.725;0.083;0.027;0.029;0.051;0.044;0.027
24357;0.222;0.115;0.32;0.195;0.3;0.369;0.354;0.723;0.085;0.029;0.032;0.049;0.044;0.027
24358;0.222;0.12;0.317;0.195;0.305;0.371;0.354;0.723;0.083;0.029;0.029;0.049;0.042;0.024
24359;0.22;0.12;0.322;0.195;0.305;0.371;0.352;0.725;0.083;0.027;0.029;0.049;0.039;0.024
24360;0.22;0.12;0.359;0.195;0.303;0.374;0.352;0.723;0.083;0.029;0.032;0.051;0.042;0.024
24361;0.217;0.117;0.439;0.195;0.303;0.374;0.354;0.725;0.081;0.027;0.032;0.051;0.042;0.027
24362;0.22;0.12;0.457;0.195;0.305;0.376;0.352;0.725;0.083;0.027;0.034;0.051;0.042;0.027
24363;0.217;0.117;0.378;0.198;0.305;0.374;0.352;0.725;0.083;0.027;0.034;0.054;0.039;0.024
24364;0.222;0.12;0.405;0.198;0.305;0.376;0.352;0.723;0.083;0.029;0.034;0.051;0.039;0.024
24365;0.222;0.12;0.391;0.198;0.305;0.376;0.352;0.723;0.078;0.027;0.034;0.051;0.042;0.024
24366;0.22;0.122;0.374;0.198;0.308;0.376;0.352;0.725;0.083;0.027;0.034;0.051;0.042;0.027
24367;0.222;0.117;0.347;0.198;0.308;0.378;0.352;0.725;0.081;0.027;0.034;0.051;0.042;0.024
24368;0.22;0.122;0.325;0.198;0.308;0.376;0.349;0.725;0.081;0.027;0.034;0.051;0.042;0.029
24369;0.22;0.12;0.337;0.198;0.308;0.378;0.349;0.723;0.076;0.024;0.032;0.051;0.037;0.024
24370;0.222;0.12;0.366;0.198;0.312;0.378;0.352;0.723;0.078;0.029;0.037;0.054;0.037;0.022
24371;0.222;0.12;0.391;0.198;0.312;0.376;0.349;0.725;0.081;0.024;0.034;0.054;0.042;0.027
24372;0.222;0.12;0.354;0.198;0.315;0.378;0.349;0.723;0.078;0.027;0.034;0.051;0.039;0.027
24373;0.22;0.117;0.383;0.203;0.315;0.378;0.352;0.723;0.078;0.027;0.037;0.049;0.039;0.027
24374;0.22;0.12;0.342;0.203;0.315;0.376;0.349;0.72;0.076;0.022;0.034;0.051;0.039;0.022
24375;0.217;0.12;0.359;0.198;0.312;0.376;0.349;0.723;0.078;0.027;0.034;0.051;0.039;0.027
24376;0.22;0.117;0.371;0.198;0.312;0.374;0.349;0.725;0.078;0.027;0.034;0.051;0.037;0.027
24377;0.217;0.122;0.413;0.198;0.315;0.374;0.349;0.723;0.078;0.027;0.037;0.051;0.039;0.024
24378;0.217;0.117;0.437;0.2;0.312;0.369;0.349;0.723;0.076;0.024;0.037;0.051;0.039;0.027
24379;0.217;0.117;0.483;0.198;0.312;0.374;0.349;0.723;0.076;0.024;0.034;0.051;0.039;0.027
24380;0.22;0.117;0.42;0.2;0.315;0.369;0.347;0.72;0.078;0.027;0.034;0.051;0.037;0.027
24381;0.217;0.117;0.403;0.198;0.315;0.374;0.347;0.723;0.076;0.027;0.034;0.051;0.034;0.027
24382;0.222;0.117;0.356;0.198;0.31;0.369;0.349;0.723;0.078;0.029;0.034;0.049;0.037;0.024
24383;0.22;0.117;0.347;0.195;0.312;0.369;0.347;0.72;0.076;0.027;0.034;0.051;0.039;0.024
24384;0.217;0.117;0.354;0.195;0.312;0.369;0.349;0.72;0.076;0.024;0.034;0.051;0.034;0.029
24385;0.22;0.117;0.352;0.195;0.315;0.369;0.352;0.72;0.078;0.027;0.034;0.051;0.037;0.022
24386;0.217;0.12;0.327;0.195;0.312;0.369;0.354;0.72;0.073;0.027;0.034;0.054;0.034;0.029
24387;0.217;0.12;0.359;0.195;0.31;0.366;0.352;0.72;0.076;0.027;0.034;0.049;0.039;0.027
24388;0.22;0.12;0.361;0.195;0.31;0.366;0.352;0.72;0.076;0.029;0.039;0.051;0.037;0.029
24389;0.217;0.12;0.369;0.195;0.31;0.366;0.352;0.72;0.076;0.027;0.034;0.049;0.034;0.027
24390;0.217;0.12;0.464;0.198;0.31;0.366;0.347;0.715;0.073;0.027;0.032;0.051;0.037;0.024
24391;0.22;0.117;0.305;0.2;0.312;0.366;0.347;0.72;0.073;0.029;0.032;0.051;0.037;0.027
24392;0.217;0.12;0.305;0.203;0.31;0.366;0.344;0.718;0.073;0.029;0.034;0.051;0.034;0.027
24393;0.215;0.117;0.806;0.198;0.312;0.366;0.344;0.718;0.068;0.027;0.027;0.051;0.034;0.024
24394;0.215;0.117;0.806;0.198;0.31;0.366;0.342;0.723;0.073;0.029;0.029;0.051;0.034;0.029
24395;0.217;0.117;0.991;0.195;0.305;0.369;0.344;0.72;0.073;0.029;0.029;0.049;0.034;0.022
24396;0.215;0.117;4.998;0.198;0.305;0.366;0.344;0.718;0.073;0.029;0.029;0.049;0.034;0.027
24397;0.215;0.117;1.458;0.19;0.305;0.366;0.344;0.715;0.071;0.032;0.032;0.049;0.034;0.027
24398;0.215;0.122;4.998;0.193;0.308;0.369;0.349;0.718;0.071;0.027;0.027;0.049;0.034;0.022
24399;0.215;0.117;4.998;0.193;0.303;0.371;0.349;0.718;0.071;0.029;0.027;0.051;0.034;0.024
24400;0.215;0.12;4.998;0.193;0.303;0.369;0.352;0.718;0.073;0.032;0.029;0.051;0.039;0.029
24401;0.215;0.12;4.998;0.19;0.3;0.369;0.354;0.718;0.073;0.032;0.027;0.051;0.032;0.022
24402;0.212;0.117;4.998;0.19;0.298;0.369;0.356;0.72;0.076;0.032;0.029;0.051;0.034;0.027
24403;0.212;0.117;4.998;0.193;0.303;0.369;0.359;0.72;0.076;0.032;0.029;0.051;0.037;0.027
24404;0.212;0.117;4.998;0.193;0.3;0.366;0.361;0.715;0.076;0.027;0.029;0.051;0.037;0.029
24405;0.217;0.117;4.998;0.193;0.3;0.366;0.361;0.715;0.071;0.024;0.027;0.051;0.032;0.024
24406;0.212;0.117;2.786;0.193;0.298;0.366;0.364;0.718;0.076;0.029;0.029;0.049;0.032;0.027
24407;0.212;0.117;1.396;0.195;0.298;0.364;0.361;0.715;0.078;0.032;0.032;0.051;0.034;0.029
24408;0.215;0.115;0.75;0.193;0.3;0.366;0.361;0.715;0.076;0.032;0.027;0.049;0.032;0.027
24409;0.215;0.117;0.454;0.195;0.3;0.366;0.361;0.718;0.076;0.029;0.027;0.051;0.037;0.027
24410;0.215;0.115;0.317;0.195;0.3;0.361;0.359;0.718;0.078;0.034;0.029;0.051;0.037;0.027
24411;0.212;0.117;0.259;0.195;0.293;0.361;0.359;0.718;0.078;0.032;0.027;0.051;0.034;0.027
24412;0.217;0.115;0.232;0.195;0.298;0.361;0.356;0.72;0.078;0.032;0.027;0.051;0.034;0.029
24413;0.212;0.117;0.225;0.193;0.293;0.361;0.356;0.718;0.081;0.029;0.029;0.051;0.034;0.024
24414;0.212;0.115;0.41;0.19;0.293;0.361;0.356;0.713;0.078;0.029;0.027;0.051;0.032;0.022
24415;0.212;0.117;0.366;0.19;0.291;0.361;0.354;0.715;0.083;0.032;0.029;0.051;0.037;0.027
24416;0.212;0.115;0.378;0.19;0.291;0.361;0.354;0.715;0.081;0.032;0.027;0.051;0.032;0.024
24417;0.215;0.117;0.352;0.193;0.291;0.361;0.352;0.713;0.083;0.027;0.029;0.051;0.032;0.024
24418;0.212;0.115;0.332;0.193;0.291;0.361;0.354;0.71;0.085;0.029;0.029;0.049;0.032;0.024
24419;0.212;0.117;0.317;0.195;0.288;0.361;0.354;0.713;0.083;0.029;0.027;0.049;0.034;0.024
24420;0.212;0.115;0.312;0.193;0.288;0.361;0.352;0.713;0.083;0.029;0.029;0.051;0.037;0.029
24421;0.212;0.117;0.315;0.195;0.291;0.361;0.356;0.71;0.085;0.034;0.029;0.049;0.032;0.024
24422;0.21;0.117;0.542;0.195;0.288;0.364;0.354;0.713;0.085;0.032;0.027;0.051;0.037;0.029
24423;0.21;0.115;0.254;0.195;0.291;0.364;0.356;0.713;0.088;0.032;0.029;0.051;0.029;0.027
24424;0.21;0.117;0.247;0.193;0.291;0.364;0.359;0.713;0.088;0.032;0.027;0.051;0.034;0.027
24425;0.21;0.117;0.32;0.193;0.288;0.364;0.359;0.71;0.088;0.029;0.029;0.051;0.032;0.024
24426;0.21;0.117;0.466;0.195;0.288;0.364;0.356;0.713;0.09;0.032;0.029;0.051;0.032;0.027
24427;0.212;0.117;0.498;0.193;0.288;0.364;0.356;0.71;0.09;0.027;0.029;0.049;0.032;0.024
24428;0.21;0.117;1.699;0.195;0.291;0.361;0.356;0.71;0.095;0.029;0.027;0.049;0.034;0.024
24429;0.21;0.117;0.757;0.193;0.291;0.364;0.354;0.71;0.095;0.029;0.027;0.051;0.032;0.027
24430;0.21;0.117;0.457;0.193;0.293;0.361;0.352;0.713;0.09;0.029;0.027;0.049;0.029;0.024
24431;0.21;0.115;0.273;0.193;0.291;0.361;0.352;0.713;0.095;0.027;0.024;0.049;0.034;0.029
24432;0.212;0.115;0.222;0.19;0.293;0.361;0.352;0.713;0.098;0.032;0.029;0.049;0.032;0.027
24433;0.21;0.117;0.208;0.195;0.291;0.359;0.352;0.713;0.095;0.029;0.027;0.051;0.032;0.027
24434;0.215;0.12;0.2;0.19;0.291;0.361;0.354;0.713;0.095;0.029;0.027;0.049;0.034;0.027
24435;0.212;0.117;0.198;0.188;0.293;0.361;0.352;0.713;0.098;0.029;0.027;0.051;0.029;0.027
24436;0.21;0.117;0.21;0.19;0.291;0.364;0.356;0.713;0.1;0.029;0.029;0.049;0.032;0.027
24437;0.21;0.117;0.205;0.186;0.291;0.364;0.356;0.71;0.1;0.029;0.029;0.051;0.032;0.027
24438;0.21;0.117;0.208;0.186;0.288;0.366;0.356;0.715;0.098;0.029;0.029;0.051;0.027;0.024
24439;0.21;0.117;0.2;0.186;0.288;0.366;0.359;0.713;0.103;0.027;0.027;0.051;0.032;0.024
24440;0.21;0.117;0.195;0.188;0.286;0.369;0.364;0.715;0.1;0.029;0.029;0.051;0.029;0.024
24441;0.212;0.117;0.203;0.188;0.283;0.366;0.359;0.713;0.1;0.032;0.032;0.051;0.029;0.027
24442;0.212;0.115;0.227;0.188;0.283;0.366;0.359;0.718;0.103;0.029;0.027;0.049;0.027;0.029
24443;0.21;0.117;0.286;0.188;0.283;0.371;0.359;0.718;0.103;0.029;0.029;0.049;0.032;0.027
24444;0.21;0.115;0.447;0.188;0.288;0.371;0.361;0.715;0.105;0.032;0.029;0.051;0.027;0.027
24445;0.208;0.117;0.515;0.188;0.286;0.374;0.361;0.715;0.105;0.029;0.029;0.051;0.027;0.024
24446;0.208;0.115;0.381;0.193;0.286;0.374;0.361;0.718;0.105;0.029;0.029;0.049;0.032;0.029
24447;0.21;0.115;0.359;0.193;0.286;0.376;0.359;0.715;0.105;0.032;0.029;0.051;0.024;0.027
24448;0.21;0.115;0.33;0.19;0.286;0.376;0.359;0.715;0.105;0.032;0.029;0.051;0.029;0.027
24449;0.212;0.115;0.303;0.193;0.286;0.376;0.359;0.713;0.105;0.032;0.029;0.051;0.027;0.027
24450;0.21;0.115;0.251;0.193;0.283;0.378;0.356;0.718;0.105;0.032;0.029;0.054;0.027;0.027
24451;0.208;0.115;0.239;0.193;0.286;0.378;0.356;0.715;0.107;0.032;0.029;0.054;0.029;0.029
24452;0.21;0.117;0.232;0.195;0.286;0.376;0.356;0.715;0.105;0.029;0.029;0.051;0.027;0.029
24453;0.208;0.112;0.205;0.193;0.286;0.378;0.354;0.718;0.107;0.032;0.029;0.049;0.032;0.027
24454;0.205;0.117;0.186;0.19;0.288;0.381;0.354;0.718;0.107;0.029;0.029;0.049;0.032;0.029
24455;0.208;0.117;0.168;0.19;0.291;0.378;0.356;0.713;0.107;0.032;0.029;0.049;0.027;0.027
24456;0.208;0.117;0.171;0.193;0.286;0.376;0.356;0.713;0.107;0.032;0.029;0.049;0.027;0.024
24457;0.205;0.117;0.176;0.188;0.295;0.378;0.359;0.715;0.107;0.032;0.029;0.049;0.027;0.027
24458;0.208;0.117;0.178;0.19;0.295;0.381;0.359;0.715;0.11;0.034;0.032;0.051;0.029;0.027
24459;0.205;0.117;0.181;0.193;0.295;0.381;0.356;0.715;0.107;0.032;0.029;0.051;0.027;0.029
24460;0.205;0.117;0.186;0.188;0.295;0.381;0.354;0.718;0.107;0.034;0.029;0.051;0.027;0.027
24461;0.205;0.12;0.186;0.19;0.293;0.381;0.354;0.715;0.11;0.032;0.029;0.049;0.027;0.029
24462;0.205;0.117;0.186;0.193;0.293;0.381;0.354;0.713;0.11;0.032;0.032;0.049;0.029;0.029
24463;0.205;0.117;0.19;0.19;0.293;0.383;0.354;0.715;0.11;0.032;0.029;0.051;0.029;0.032
24464;0.205;0.115;0.193;0.19;0.288;0.381;0.354;0.718;0.112;0.034;0.032;0.049;0.029;0.029
24465;0.205;0.117;0.186;0.193;0.286;0.383;0.354;0.715;0.11;0.032;0.029;0.051;0.024;0.029
24466;0.205;0.115;0.188;0.193;0.286;0.381;0.354;0.718;0.112;0.032;0.032;0.051;0.027;0.027
24467;0.205;0.115;0.198;0.19;0.283;0.381;0.352;0.72;0.112;0.029;0.032;0.054;0.02;0.024
24468;0.205;0.117;0.203;0.193;0.281;0.381;0.354;0.718;0.112;0.029;0.029;0.051;0.027;0.029
24469;0.205;0.112;0.21;0.19;0.281;0.381;0.354;0.718;0.11;0.029;0.032;0.051;0.024;0.029
24470;0.205;0.115;0.22;0.188;0.281;0.381;0.352;0.718;0.115;0.032;0.029;0.051;0.024;0.032
24471;0.208;0.115;0.212;0.193;0.281;0.381;0.352;0.72;0.112;0.029;0.029;0.051;0.024;0.027
24472;0.208;0.115;0.198;0.193;0.283;0.381;0.352;0.715;0.115;0.029;0.029;0.051;0.024;0.029
24473;0.21;0.115;0.181;0.193;0.278;0.378;0.349;0.713;0.117;0.029;0.032;0.051;0.027;0.029
24474;0.21;0.115;0.183;0.193;0.281;0.381;0.347;0.713;0.112;0.029;0.029;0.051;0.024;0.027
24475;0.208;0.112;0.178;0.198;0.283;0.378;0.347;0.715;0.117;0.032;0.029;0.051;0.027;0.032
24476;0.21;0.115;0.176;0.198;0.286;0.381;0.349;0.715;0.117;0.032;0.032;0.051;0.022;0.027
24477;0.212;0.115;0.176;0.2;0.286;0.381;0.349;0.718;0.12;0.032;0.032;0.051;0.027;0.029
24478;0.21;0.115;0.173;0.2;0.288;0.381;0.349;0.713;0.117;0.032;0.029;0.051;0.027;0.032
24479;0.21;0.112;0.178;0.2;0.288;0.383;0.349;0.713;0.117;0.029;0.029;0.051;0.024;0.029
24480;0.21;0.115;0.176;0.203;0.291;0.383;0.349;0.713;0.117;0.032;0.032;0.051;0.024;0.029
24481;0.21;0.112;0.183;0.203;0.288;0.381;0.354;0.708;0.12;0.032;0.029;0.051;0.024;0.029
24482;0.21;0.112;0.181;0.2;0.293;0.383;0.354;0.708;0.12;0.029;0.027;0.051;0.024;0.029
24483;0.208;0.112;0.173;0.2;0.293;0.381;0.354;0.708;0.122;0.032;0.029;0.051;0.027;0.032
24484;0.208;0.112;0.176;0.203;0.293;0.378;0.356;0.708;0.117;0.029;0.029;0.051;0.022;0.029
24485;0.208;0.112;0.176;0.2;0.293;0.381;0.356;0.71;0.122;0.032;0.029;0.051;0.024;0.032
24486;0.205;0.115;0.171;0.203;0.295;0.378;0.354;0.708;0.122;0.037;0.032;0.051;0.027;0.029
24487;0.205;0.11;0.173;0.203;0.293;0.378;0.354;0.708;0.122;0.034;0.032;0.051;0.027;0.029
24488;0.208;0.117;0.166;0.2;0.295;0.378;0.349;0.708;0.12;0.032;0.029;0.051;0.024;0.029
24489;0.205;0.112;0.171;0.203;0.295;0.378;0.352;0.71;0.122;0.034;0.032;0.051;0.027;0.032
24490;0.205;0.112;0.168;0.203;0.293;0.378;0.349;0.708;0.12;0.032;0.029;0.051;0.027;0.034
24491;0.205;0.112;0.166;0.203;0.295;0.376;0.349;0.708;0.122;0.032;0.032;0.054;0.027;0.029
24492;0.205;0.112;0.168;0.2;0.293;0.378;0.349;0.708;0.122;0.032;0.032;0.051;0.024;0.029
24493;0.205;0.115;0.164;0.2;0.295;0.376;0.352;0.71;0.122;0.029;0.027;0.051;0.024;0.029
24494;0.208;0.112;0.159;0.2;0.293;0.376;0.352;0.708;0.12;0.032;0.029;0.049;0.027;0.032
24495;0.205;0.112;0.161;0.198;0.293;0.376;0.347;0.708;0.12;0.029;0.032;0.049;0.027;0.032
24496;0.21;0.115;0.164;0.195;0.295;0.376;0.349;0.71;0.12;0.032;0.032;0.049;0.027;0.029
24497;0.21;0.117;0.164;0.198;0.293;0.374;0.352;0.71;0.122;0.032;0.032;0.051;0.024;0.029
24498;0.205;0.117;0.161;0.195;0.295;0.371;0.354;0.71;0.117;0.029;0.032;0.051;0.024;0.029
24499;0.208;0.117;0.168;0.195;0.293;0.374;0.352;0.708;0.12;0.032;0.029;0.049;0.027;0.029
24500;0.208;0.115;0.176;0.195;0.293;0.374;0.354;0.71;0.12;0.029;0.032;0.049;0.024;0.034
24501;0.205;0.112;0.168;0.193;0.293;0.374;0.356;0.71;0.12;0.029;0.029;0.051;0.02;0.027
24502;0.205;0.115;0.176;0.188;0.295;0.374;0.354;0.708;0.12;0.029;0.032;0.049;0.027;0.029
24503;0.208;0.115;0.171;0.19;0.293;0.371;0.356;0.71;0.117;0.029;0.029;0.049;0.027;0.032
24504;0.21;0.115;0.176;0.193;0.298;0.374;0.352;0.708;0.117;0.027;0.034;0.049;0.02;0.027
24505;0.21;0.112;0.173;0.193;0.295;0.371;0.354;0.708;0.117;0.029;0.032;0.049;0.027;0.032
24506;0.21;0.112;0.171;0.195;0.298;0.374;0.354;0.713;0.117;0.027;0.032;0.051;0.024;0.029
24507;0.21;0.112;0.168;0.195;0.298;0.374;0.354;0.71;0.12;0.029;0.034;0.049;0.027;0.032
24508;0.212;0.115;0.171;0.193;0.298;0.371;0.354;0.71;0.117;0.029;0.034;0.051;0.027;0.029
24509;0.21;0.115;0.181;0.193;0.3;0.374;0.354;0.71;0.117;0.032;0.034;0.051;0.027;0.032
24510;0.21;0.115;0.176;0.193;0.298;0.376;0.354;0.713;0.117;0.029;0.032;0.051;0.027;0.029
24511;0.21;0.112;0.173;0.193;0.295;0.374;0.352;0.713;0.115;0.029;0.032;0.049;0.027;0.029
24512;0.212;0.112;0.181;0.193;0.298;0.369;0.354;0.71;0.115;0.024;0.032;0.049;0.027;0.029
24513;0.21;0.11;0.183;0.193;0.295;0.369;0.354;0.71;0.115;0.029;0.032;0.049;0.027;0.032
24514;0.21;0.112;0.186;0.195;0.293;0.369;0.352;0.708;0.115;0.027;0.034;0.051;0.024;0.027
24515;0.212;0.112;0.183;0.195;0.293;0.366;0.356;0.71;0.112;0.029;0.032;0.049;0.027;0.029
24516;0.21;0.11;0.186;0.195;0.293;0.366;0.354;0.71;0.112;0.027;0.029;0.049;0.027;0.029
24517;0.21;0.11;0.178;0.193;0.291;0.366;0.354;0.71;0.112;0.032;0.032;0.049;0.024;0.029
24518;0.21;0.112;0.193;0.193;0.288;0.366;0.349;0.713;0.107;0.029;0.032;0.051;0.027;0.029
24519;0.208;0.112;0.19;0.193;0.291;0.366;0.354;0.715;0.11;0.029;0.029;0.049;0.027;0.029
24520;0.208;0.11;0.188;0.19;0.291;0.366;0.352;0.715;0.107;0.032;0.032;0.049;0.024;0.027
24521;0.208;0.112;0.2;0.19;0.288;0.369;0.347;0.715;0.105;0.029;0.029;0.049;0.024;0.029
24522;0.205;0.112;0.19;0.193;0.288;0.366;0.347;0.715;0.103;0.027;0.029;0.049;0.027;0.029
24523;0.205;0.112;0.188;0.193;0.288;0.366;0.344;0.713;0.105;0.029;0.032;0.049;0.024;0.029
24524;0.205;0.112;0.183;0.193;0.291;0.369;0.347;0.713;0.103;0.032;0.032;0.051;0.024;0.024
24525;0.205;0.112;0.188;0.19;0.293;0.366;0.344;0.713;0.103;0.029;0.032;0.049;0.027;0.029
24526;0.208;0.11;0.193;0.193;0.293;0.369;0.344;0.713;0.103;0.029;0.032;0.049;0.029;0.032
24527;0.205;0.11;0.186;0.193;0.291;0.369;0.344;0.713;0.1;0.032;0.032;0.051;0.024;0.027
24528;0.205;0.112;0.181;0.193;0.291;0.369;0.347;0.713;0.1;0.032;0.032;0.051;0.029;0.029
24529;0.205;0.112;0.186;0.193;0.293;0.369;0.349;0.713;0.1;0.029;0.029;0.049;0.024;0.029
24530;0.205;0.112;0.181;0.19;0.291;0.374;0.352;0.715;0.1;0.032;0.032;0.051;0.027;0.029
24531;0.205;0.112;0.183;0.193;0.293;0.374;0.352;0.713;0.098;0.029;0.032;0.051;0.024;0.027
24532;0.205;0.11;0.176;0.195;0.293;0.374;0.356;0.715;0.1;0.029;0.032;0.051;0.024;0.027
24533;0.203;0.112;0.181;0.195;0.291;0.374;0.356;0.713;0.098;0.032;0.032;0.049;0.024;0.029
24534;0.205;0.112;0.178;0.195;0.291;0.374;0.356;0.715;0.1;0.032;0.032;0.049;0.027;0.027
24535;0.205;0.11;0.178;0.193;0.291;0.371;0.359;0.71;0.1;0.032;0.034;0.051;0.027;0.029
24536;0.208;0.112;0.186;0.195;0.288;0.371;0.359;0.713;0.1;0.032;0.029;0.049;0.027;0.027
24537;0.205;0.112;0.186;0.195;0.286;0.374;0.361;0.715;0.1;0.032;0.029;0.051;0.024;0.029
24538;0.203;0.11;0.178;0.195;0.288;0.374;0.356;0.713;0.103;0.032;0.032;0.051;0.024;0.029
24539;0.205;0.11;0.183;0.198;0.288;0.371;0.361;0.713;0.1;0.032;0.029;0.051;0.027;0.029
24540;0.205;0.11;0.178;0.195;0.288;0.371;0.359;0.715;0.1;0.032;0.029;0.049;0.029;0.032
24541;0.205;0.11;0.173;0.193;0.291;0.371;0.359;0.715;0.098;0.032;0.029;0.049;0.024;0.029
24542;0.208;0.11;0.173;0.198;0.288;0.369;0.361;0.715;0.105;0.032;0.032;0.051;0.027;0.029
24543;0.205;0.11;0.166;0.195;0.291;0.371;0.361;0.713;0.098;0.032;0.029;0.049;0.027;0.027
24544;0.203;0.107;0.166;0.198;0.288;0.374;0.361;0.713;0.1;0.029;0.029;0.049;0.024;0.027
24545;0.205;0.11;0.166;0.195;0.291;0.376;0.359;0.71;0.103;0.034;0.029;0.051;0.027;0.032
24546;0.203;0.11;0.166;0.195;0.288;0.376;0.356;0.71;0.1;0.034;0.032;0.049;0.027;0.024
24547;0.205;0.107;0.164;0.195;0.291;0.376;0.359;0.71;0.1;0.034;0.029;0.049;0.027;0.029
24548;0.205;0.11;0.161;0.193;0.291;0.378;0.361;0.713;0.1;0.032;0.027;0.049;0.027;0.029
24549;0.203;0.107;0.161;0.195;0.295;0.374;0.359;0.715;0.1;0.032;0.029;0.049;0.027;0.027
24550;0.203;0.107;0.154;0.193;0.293;0.376;0.359;0.715;0.103;0.034;0.029;0.049;0.024;0.024
24551;0.2;0.107;0.151;0.195;0.295;0.376;0.361;0.715;0.103;0.032;0.029;0.051;0.024;0.029
24552;0.203;0.107;0.151;0.193;0.3;0.374;0.361;0.713;0.103;0.032;0.029;0.049;0.027;0.029
24553;0.2;0.107;0.149;0.193;0.298;0.374;0.364;0.71;0.105;0.032;0.029;0.051;0.024;0.029
24554;0.203;0.107;0.146;0.195;0.298;0.374;0.366;0.713;0.103;0.029;0.029;0.049;0.029;0.029
24555;0.2;0.107;0.144;0.195;0.3;0.369;0.364;0.713;0.1;0.032;0.029;0.051;0.024;0.027
24556;0.2;0.105;0.139;0.195;0.3;0.371;0.366;0.71;0.105;0.029;0.032;0.049;0.027;0.027
24557;0.203;0.107;0.144;0.195;0.3;0.369;0.366;0.715;0.105;0.034;0.032;0.051;0.027;0.029
24558;0.2;0.105;0.142;0.195;0.3;0.371;0.364;0.713;0.105;0.032;0.029;0.049;0.024;0.029
24559;0.203;0.107;0.144;0.195;0.3;0.371;0.366;0.715;0.105;0.032;0.029;0.049;0.024;0.024
24560;0.2;0.105;0.144;0.195;0.3;0.371;0.366;0.713;0.105;0.032;0.032;0.051;0.027;0.024
24561;0.198;0.107;0.146;0.195;0.303;0.369;0.361;0.713;0.105;0.029;0.034;0.051;0.027;0.027
24562;0.195;0.105;0.144;0.193;0.303;0.374;0.361;0.715;0.105;0.027;0.034;0.051;0.027;0.027
24563;0.198;0.103;0.146;0.193;0.303;0.369;0.361;0.715;0.105;0.029;0.029;0.049;0.024;0.027
24564;0.198;0.105;0.146;0.193;0.303;0.371;0.361;0.715;0.103;0.029;0.032;0.049;0.027;0.027
24565;0.2;0.105;0.151;0.193;0.303;0.369;0.361;0.715;0.1;0.029;0.032;0.051;0.022;0.024
24566;0.198;0.105;0.149;0.188;0.303;0.371;0.359;0.71;0.105;0.029;0.032;0.049;0.027;0.027
24567;0.2;0.107;0.156;0.19;0.3;0.374;0.359;0.713;0.103;0.027;0.034;0.051;0.022;0.024
24568;0.2;0.105;0.151;0.193;0.3;0.371;0.359;0.713;0.105;0.027;0.034;0.049;0.027;0.024
24569;0.2;0.105;0.156;0.19;0.3;0.369;0.356;0.713;0.103;0.024;0.032;0.049;0.022;0.027
24570;0.2;0.105;0.159;0.19;0.3;0.371;0.354;0.715;0.105;0.027;0.034;0.051;0.024;0.027
24571;0.2;0.105;0.159;0.19;0.3;0.374;0.354;0.715;0.103;0.027;0.034;0.051;0.022;0.024
24572;0.2;0.105;0.161;0.193;0.295;0.374;0.356;0.713;0.105;0.027;0.032;0.051;0.024;0.029
24573;0.2;0.107;0.164;0.19;0.298;0.378;0.354;0.713;0.105;0.029;0.034;0.051;0.024;0.029
24574;0.2;0.107;0.164;0.19;0.295;0.378;0.356;0.713;0.103;0.027;0.034;0.051;0.027;0.029
24575;0.203;0.107;0.166;0.193;0.295;0.383;0.356;0.713;0.103;0.027;0.037;0.049;0.027;0.029
24576;0.2;0.105;0.171;0.19;0.3;0.383;0.359;0.713;0.103;0.029;0.032;0.051;0.024;0.027
24577;0.2;0.107;0.176;0.193;0.298;0.381;0.356;0.71;0.103;0.027;0.032;0.049;0.022;0.027
24578;0.195;0.105;0.183;0.19;0.295;0.383;0.359;0.713;0.103;0.027;0.037;0.049;0.022;0.027
24579;0.198;0.105;0.181;0.193;0.298;0.383;0.361;0.71;0.103;0.029;0.034;0.049;0.024;0.027
24580;0.195;0.105;0.181;0.19;0.295;0.381;0.361;0.708;0.105;0.027;0.034;0.049;0.024;0.029
24581;0.198;0.107;0.193;0.188;0.3;0.381;0.361;0.71;0.103;0.029;0.032;0.051;0.024;0.027
24582;0.198;0.107;0.193;0.188;0.3;0.381;0.361;0.71;0.103;0.027;0.034;0.049;0.022;0.024
24583;0.198;0.105;0.193;0.188;0.3;0.381;0.361;0.708;0.103;0.029;0.032;0.049;0.024;0.027
24584;0.195;0.107;0.186;0.19;0.303;0.376;0.361;0.708;0.103;0.029;0.029;0.051;0.024;0.024
24585;0.195;0.107;0.186;0.19;0.303;0.378;0.361;0.71;0.105;0.027;0.034;0.049;0.022;0.024
24586;0.195;0.107;0.19;0.19;0.308;0.376;0.361;0.708;0.1;0.027;0.029;0.049;0.022;0.022
24587;0.195;0.105;0.181;0.19;0.308;0.374;0.359;0.71;0.105;0.029;0.032;0.051;0.024;0.027
24588;0.195;0.107;0.178;0.19;0.31;0.374;0.359;0.708;0.107;0.029;0.032;0.049;0.024;0.027
24589;0.195;0.103;0.173;0.188;0.31;0.374;0.361;0.71;0.107;0.027;0.032;0.051;0.022;0.024
24590;0.193;0.103;0.173;0.19;0.31;0.374;0.361;0.708;0.107;0.032;0.032;0.051;0.024;0.024
24591;0.195;0.105;0.171;0.19;0.312;0.374;0.361;0.708;0.107;0.029;0.032;0.049;0.024;0.024
24592;0.195;0.103;0.164;0.19;0.308;0.374;0.361;0.708;0.11;0.027;0.029;0.049;0.024;0.027
24593;0.195;0.105;0.156;0.19;0.31;0.374;0.361;0.71;0.112;0.027;0.032;0.049;0.022;0.024
24594;0.193;0.1;0.159;0.193;0.31;0.371;0.364;0.71;0.107;0.027;0.032;0.046;0.024;0.027
24595;0.195;0.103;0.156;0.19;0.312;0.371;0.366;0.708;0.112;0.029;0.032;0.051;0.024;0.024
24596;0.198;0.103;0.151;0.193;0.315;0.371;0.364;0.706;0.11;0.029;0.032;0.049;0.027;0.027
24597;0.195;0.103;0.156;0.193;0.315;0.374;0.361;0.708;0.11;0.029;0.029;0.049;0.017;0.02
24598;0.195;0.103;0.154;0.193;0.315;0.374;0.359;0.706;0.112;0.029;0.032;0.049;0.024;0.027
24599;0.195;0.103;0.151;0.195;0.312;0.374;0.356;0.71;0.117;0.032;0.032;0.049;0.024;0.02
24600;0.2;0.103;0.149;0.193;0.312;0.371;0.359;0.71;0.112;0.032;0.029;0.049;0.027;0.027
24601;0.195;0.103;0.146;0.195;0.312;0.374;0.359;0.708;0.112;0.027;0.029;0.051;0.024;0.024
24602;0.2;0.105;0.149;0.195;0.312;0.371;0.356;0.708;0.112;0.029;0.029;0.051;0.027;0.027
24603;0.198;0.103;0.146;0.195;0.31;0.366;0.354;0.708;0.115;0.029;0.027;0.049;0.024;0.022
24604;0.198;0.103;0.146;0.195;0.308;0.371;0.356;0.706;0.12;0.032;0.032;0.049;0.027;0.024
24605;0.198;0.1;0.149;0.195;0.308;0.369;0.356;0.706;0.115;0.029;0.027;0.049;0.02;0.022
24606;0.2;0.103;0.149;0.195;0.308;0.371;0.356;0.708;0.117;0.032;0.029;0.051;0.024;0.027
24607;0.2;0.103;0.149;0.195;0.308;0.369;0.356;0.706;0.115;0.027;0.027;0.049;0.027;0.024
24608;0.2;0.103;0.149;0.195;0.305;0.366;0.359;0.708;0.115;0.029;0.029;0.049;0.024;0.027
24609;0.2;0.105;0.151;0.195;0.308;0.369;0.359;0.706;0.115;0.032;0.029;0.049;0.027;0.024
24610;0.2;0.103;0.146;0.195;0.31;0.369;0.356;0.706;0.117;0.029;0.029;0.049;0.024;0.027
24611;0.203;0.1;0.151;0.198;0.308;0.366;0.359;0.706;0.117;0.029;0.024;0.046;0.027;0.027
24612;0.2;0.1;0.149;0.195;0.308;0.369;0.361;0.708;0.115;0.027;0.027;0.049;0.024;0.024
24613;0.203;0.1;0.151;0.198;0.308;0.366;0.361;0.708;0.117;0.029;0.027;0.051;0.024;0.024
24614;0.198;0.1;0.151;0.198;0.305;0.366;0.359;0.71;0.117;0.029;0.027;0.049;0.024;0.027
24615;0.198;0.098;0.151;0.195;0.308;0.364;0.361;0.713;0.117;0.029;0.027;0.049;0.027;0.027
24616;0.2;0.098;0.154;0.193;0.308;0.366;0.361;0.713;0.12;0.029;0.024;0.049;0.024;0.027
24617;0.2;0.1;0.151;0.195;0.305;0.366;0.359;0.713;0.117;0.029;0.024;0.049;0.027;0.024
24618;0.198;0.098;0.149;0.193;0.305;0.366;0.356;0.71;0.117;0.027;0.024;0.049;0.027;0.029
24619;0.198;0.098;0.151;0.193;0.303;0.361;0.356;0.713;0.117;0.032;0.027;0.049;0.024;0.02
24620;0.198;0.095;0.151;0.19;0.303;0.364;0.356;0.713;0.122;0.029;0.027;0.049;0.029;0.029
24621;0.195;0.095;0.154;0.19;0.3;0.361;0.354;0.713;0.12;0.027;0.024;0.051;0.027;0.027
24622;0.195;0.095;0.151;0.19;0.3;0.364;0.356;0.713;0.12;0.029;0.024;0.049;0.029;0.027
24623;0.198;0.095;0.154;0.19;0.298;0.361;0.356;0.713;0.117;0.027;0.024;0.051;0.027;0.027
24624;0.195;0.093;0.149;0.19;0.295;0.359;0.354;0.71;0.117;0.027;0.022;0.051;0.024;0.024
24625;0.198;0.098;0.154;0.19;0.3;0.359;0.354;0.713;0.122;0.029;0.024;0.049;0.027;0.024
24626;0.198;0.093;0.151;0.19;0.298;0.359;0.356;0.71;0.122;0.029;0.024;0.049;0.029;0.024
24627;0.2;0.095;0.151;0.188;0.3;0.356;0.359;0.715;0.12;0.024;0.022;0.051;0.027;0.024
24628;0.198;0.095;0.151;0.186;0.298;0.359;0.356;0.713;0.125;0.027;0.022;0.049;0.027;0.027
24629;0.198;0.098;0.154;0.188;0.303;0.356;0.359;0.713;0.122;0.024;0.022;0.051;0.024;0.027
24630;0.195;0.095;0.154;0.186;0.3;0.354;0.359;0.715;0.125;0.027;0.024;0.049;0.027;0.027
24631;0.198;0.095;0.156;0.186;0.303;0.354;0.361;0.718;0.122;0.024;0.022;0.049;0.027;0.027
24632;0.2;0.095;0.156;0.183;0.3;0.354;0.359;0.713;0.127;0.029;0.022;0.049;0.029;0.027
24633;0.198;0.093;0.156;0.183;0.3;0.354;0.359;0.715;0.127;0.024;0.022;0.051;0.024;0.024
24634;0.2;0.095;0.159;0.186;0.3;0.354;0.359;0.718;0.129;0.024;0.022;0.049;0.029;0.029
24635;0.198;0.098;0.161;0.183;0.303;0.354;0.359;0.718;0.129;0.027;0.024;0.051;0.029;0.027
24636;0.198;0.095;0.159;0.183;0.3;0.354;0.359;0.715;0.134;0.024;0.024;0.049;0.029;0.027
24637;0.195;0.095;0.161;0.186;0.3;0.356;0.361;0.715;0.132;0.024;0.022;0.049;0.027;0.024
24638;0.195;0.093;0.164;0.186;0.298;0.356;0.354;0.713;0.134;0.024;0.027;0.051;0.027;0.029
24639;0.195;0.095;0.159;0.186;0.295;0.359;0.356;0.715;0.137;0.027;0.027;0.046;0.027;0.027
24640;0.198;0.093;0.161;0.183;0.293;0.356;0.359;0.713;0.137;0.024;0.024;0.049;0.027;0.027
24641;0.195;0.095;0.168;0.186;0.293;0.359;0.356;0.713;0.137;0.027;0.024;0.049;0.024;0.027
24642;0.195;0.093;0.161;0.183;0.291;0.356;0.359;0.715;0.139;0.027;0.024;0.049;0.029;0.027
24643;0.195;0.093;0.161;0.186;0.293;0.354;0.356;0.713;0.144;0.024;0.024;0.049;0.029;0.027
24644;0.198;0.095;0.154;0.183;0.293;0.356;0.356;0.713;0.144;0.029;0.024;0.049;0.029;0.027
24645;0.195;0.095;0.149;0.186;0.291;0.356;0.356;0.713;0.146;0.027;0.022;0.051;0.029;0.024
24646;0.198;0.093;0.149;0.188;0.293;0.356;0.354;0.71;0.149;0.027;0.024;0.051;0.029;0.027
24647;0.195;0.095;0.149;0.186;0.293;0.354;0.356;0.71;0.146;0.027;0.022;0.051;0.024;0.024
24648;0.198;0.093;0.146;0.188;0.293;0.354;0.356;0.713;0.144;0.022;0.017;0.051;0.027;0.022
24649;0.198;0.095;0.144;0.188;0.293;0.354;0.359;0.71;0.154;0.027;0.024;0.051;0.029;0.029
24650;0.198;0.093;0.146;0.188;0.293;0.354;0.361;0.708;0.154;0.024;0.024;0.049;0.029;0.027
24651;0.198;0.088;0.144;0.186;0.291;0.349;0.361;0.708;0.156;0.027;0.024;0.049;0.029;0.029
24652;0.198;0.09;0.146;0.186;0.293;0.352;0.361;0.71;0.159;0.029;0.024;0.049;0.027;0.024
24653;0.195;0.093;0.144;0.186;0.293;0.354;0.361;0.71;0.156;0.027;0.024;0.051;0.032;0.027
24654;0.198;0.09;0.139;0.186;0.291;0.354;0.366;0.71;0.159;0.029;0.024;0.049;0.034;0.029
24655;0.193;0.093;0.146;0.186;0.291;0.352;0.364;0.708;0.161;0.032;0.024;0.049;0.032;0.027
24656;0.195;0.093;0.144;0.186;0.288;0.354;0.366;0.708;0.159;0.027;0.02;0.051;0.029;0.024
24657;0.195;0.09;0.146;0.186;0.288;0.352;0.364;0.708;0.159;0.029;0.02;0.051;0.029;0.022
24658;0.195;0.09;0.144;0.188;0.288;0.352;0.364;0.708;0.159;0.027;0.022;0.049;0.032;0.027
24659;0.193;0.093;0.151;0.188;0.291;0.352;0.366;0.71;0.161;0.027;0.02;0.049;0.029;0.027
24660;0.195;0.09;0.146;0.188;0.291;0.354;0.364;0.708;0.161;0.027;0.024;0.049;0.029;0.024
24661;0.193;0.09;0.149;0.188;0.288;0.354;0.361;0.706;0.161;0.027;0.02;0.049;0.029;0.027
24662;0.195;0.093;0.151;0.188;0.293;0.354;0.361;0.71;0.164;0.024;0.022;0.051;0.029;0.024
24663;0.195;0.093;0.149;0.188;0.288;0.354;0.361;0.708;0.164;0.027;0.022;0.051;0.032;0.029
24664;0.195;0.09;0.154;0.188;0.291;0.354;0.361;0.708;0.166;0.024;0.022;0.049;0.029;0.024
24665;0.195;0.09;0.151;0.19;0.291;0.356;0.361;0.706;0.161;0.022;0.02;0.051;0.029;0.027
24666;0.193;0.093;0.151;0.188;0.291;0.356;0.361;0.708;0.164;0.027;0.022;0.051;0.032;0.029
24667;0.195;0.093;0.156;0.19;0.291;0.356;0.361;0.71;0.156;0.022;0.017;0.051;0.029;0.024
24668;0.193;0.093;0.156;0.19;0.293;0.354;0.364;0.708;0.164;0.027;0.022;0.051;0.032;0.027
24669;0.193;0.09;0.154;0.188;0.293;0.356;0.364;0.708;0.164;0.027;0.022;0.051;0.029;0.029
24670;0.193;0.09;0.154;0.19;0.293;0.356;0.361;0.708;0.161;0.027;0.02;0.051;0.034;0.032
24671;0.193;0.093;0.156;0.188;0.293;0.356;0.361;0.708;0.164;0.027;0.022;0.051;0.029;0.027
24672;0.198;0.095;0.156;0.19;0.293;0.354;0.361;0.71;0.164;0.027;0.024;0.049;0.029;0.027
24673;0.195;0.093;0.159;0.188;0.293;0.354;0.359;0.71;0.161;0.024;0.022;0.049;0.032;0.027
24674;0.195;0.093;0.154;0.193;0.293;0.354;0.359;0.71;0.161;0.024;0.022;0.049;0.034;0.029
24675;0.198;0.09;0.154;0.19;0.295;0.354;0.356;0.71;0.159;0.022;0.022;0.049;0.032;0.029
24676;0.198;0.093;0.154;0.193;0.295;0.354;0.359;0.71;0.159;0.024;0.027;0.051;0.032;0.027
24677;0.195;0.09;0.154;0.193;0.293;0.354;0.356;0.71;0.159;0.024;0.027;0.051;0.029;0.027
24678;0.198;0.093;0.156;0.19;0.293;0.354;0.359;0.71;0.159;0.027;0.027;0.049;0.032;0.027
24679;0.195;0.093;0.151;0.193;0.288;0.352;0.359;0.713;0.161;0.032;0.027;0.051;0.032;0.029
24680;0.198;0.09;0.159;0.195;0.288;0.356;0.359;0.71;0.159;0.027;0.024;0.049;0.032;0.029
24681;0.198;0.09;0.156;0.193;0.286;0.354;0.361;0.708;0.159;0.024;0.024;0.051;0.032;0.032
24682;0.195;0.09;0.156;0.193;0.283;0.354;0.361;0.71;0.156;0.022;0.029;0.054;0.029;0.027
24683;0.195;0.093;0.156;0.193;0.283;0.354;0.364;0.708;0.159;0.024;0.029;0.051;0.034;0.029
24684;0.195;0.09;0.156;0.19;0.283;0.356;0.366;0.708;0.156;0.027;0.029;0.051;0.029;0.027
24685;0.195;0.09;0.156;0.19;0.283;0.356;0.366;0.71;0.154;0.029;0.027;0.051;0.029;0.027
24686;0.195;0.088;0.154;0.193;0.281;0.354;0.371;0.71;0.156;0.027;0.029;0.049;0.032;0.029
24687;0.195;0.088;0.156;0.19;0.286;0.352;0.369;0.708;0.154;0.027;0.032;0.049;0.032;0.029
24688;0.195;0.09;0.154;0.19;0.283;0.349;0.366;0.71;0.154;0.027;0.034;0.049;0.032;0.027
24689;0.198;0.093;0.156;0.19;0.286;0.354;0.371;0.713;0.151;0.029;0.032;0.049;0.029;0.024
24690;0.198;0.088;0.151;0.19;0.288;0.352;0.366;0.713;0.154;0.024;0.034;0.049;0.032;0.032
24691;0.195;0.088;0.156;0.19;0.288;0.354;0.366;0.71;0.151;0.029;0.034;0.051;0.032;0.032
24692;0.198;0.088;0.156;0.19;0.288;0.352;0.364;0.713;0.154;0.029;0.039;0.051;0.034;0.032
24693;0.198;0.09;0.154;0.188;0.288;0.352;0.366;0.713;0.149;0.027;0.034;0.049;0.029;0.027
24694;0.198;0.088;0.156;0.186;0.291;0.352;0.366;0.713;0.151;0.024;0.037;0.051;0.034;0.032
24695;0.198;0.088;0.154;0.186;0.291;0.354;0.369;0.713;0.151;0.027;0.039;0.049;0.034;0.034
24696;0.198;0.09;0.154;0.183;0.288;0.354;0.369;0.713;0.146;0.027;0.037;0.049;0.029;0.027
24697;0.198;0.088;0.151;0.186;0.291;0.356;0.369;0.71;0.149;0.027;0.039;0.049;0.034;0.032
24698;0.2;0.088;0.149;0.186;0.291;0.356;0.369;0.713;0.146;0.027;0.039;0.051;0.029;0.029
24699;0.2;0.088;0.151;0.186;0.293;0.359;0.366;0.713;0.144;0.024;0.037;0.049;0.027;0.032
24700;0.2;0.09;0.149;0.186;0.295;0.359;0.366;0.715;0.146;0.027;0.039;0.051;0.034;0.034
24701;0.203;0.09;0.151;0.186;0.293;0.356;0.361;0.71;0.144;0.024;0.039;0.049;0.029;0.032
24702;0.2;0.088;0.151;0.188;0.295;0.356;0.359;0.713;0.144;0.027;0.039;0.054;0.032;0.037
24703;0.203;0.09;0.156;0.186;0.293;0.354;0.356;0.715;0.142;0.027;0.042;0.051;0.029;0.029
24704;0.205;0.09;0.151;0.186;0.293;0.354;0.354;0.713;0.144;0.027;0.042;0.051;0.032;0.034
24705;0.203;0.088;0.151;0.183;0.293;0.356;0.354;0.713;0.142;0.029;0.044;0.051;0.029;0.032
24706;0.203;0.09;0.151;0.183;0.293;0.356;0.352;0.715;0.144;0.027;0.044;0.051;0.032;0.032
24707;0.203;0.088;0.151;0.183;0.293;0.354;0.352;0.713;0.137;0.027;0.042;0.051;0.027;0.029
24708;0.205;0.09;0.151;0.183;0.293;0.354;0.349;0.715;0.137;0.032;0.042;0.051;0.029;0.027
24709;0.203;0.09;0.151;0.183;0.295;0.356;0.352;0.713;0.137;0.024;0.042;0.049;0.029;0.034
24710;0.203;0.09;0.151;0.186;0.291;0.359;0.352;0.713;0.134;0.027;0.039;0.051;0.027;0.029
24711;0.203;0.09;0.151;0.188;0.293;0.359;0.352;0.713;0.137;0.029;0.044;0.051;0.029;0.029
24712;0.203;0.09;0.159;0.19;0.291;0.356;0.356;0.713;0.134;0.027;0.042;0.051;0.029;0.034
24713;0.203;0.088;0.154;0.188;0.291;0.356;0.356;0.71;0.134;0.024;0.044;0.051;0.034;0.034
24714;0.2;0.09;0.154;0.188;0.288;0.356;0.356;0.71;0.132;0.027;0.039;0.051;0.029;0.032
24715;0.2;0.09;0.154;0.19;0.288;0.354;0.356;0.713;0.132;0.029;0.042;0.051;0.024;0.032
24716;0.203;0.093;0.159;0.193;0.288;0.356;0.356;0.713;0.129;0.027;0.039;0.051;0.029;0.027
24717;0.203;0.09;0.161;0.193;0.288;0.354;0.356;0.713;0.129;0.027;0.042;0.051;0.029;0.034
24718;0.205;0.09;0.156;0.195;0.283;0.354;0.356;0.713;0.129;0.029;0.042;0.051;0.029;0.032
24719;0.205;0.09;0.159;0.193;0.283;0.354;0.356;0.713;0.132;0.029;0.042;0.051;0.029;0.034
24720;0.203;0.09;0.156;0.195;0.281;0.356;0.356;0.713;0.129;0.029;0.039;0.051;0.032;0.032
24721;0.205;0.09;0.156;0.195;0.278;0.352;0.359;0.713;0.129;0.029;0.042;0.051;0.032;0.034
24722;0.205;0.09;0.156;0.195;0.281;0.354;0.356;0.71;0.127;0.027;0.037;0.051;0.027;0.029
24723;0.205;0.088;0.159;0.198;0.273;0.354;0.356;0.713;0.127;0.029;0.039;0.051;0.029;0.032
24724;0.203;0.088;0.154;0.2;0.273;0.359;0.354;0.71;0.127;0.027;0.039;0.054;0.029;0.034
24725;0.203;0.088;0.159;0.198;0.273;0.356;0.354;0.713;0.125;0.029;0.039;0.051;0.029;0.032
24726;0.2;0.088;0.161;0.198;0.276;0.356;0.354;0.708;0.122;0.027;0.039;0.049;0.027;0.032
24727;0.203;0.088;0.164;0.198;0.276;0.354;0.347;0.71;0.125;0.027;0.039;0.054;0.024;0.029
24728;0.205;0.088;0.166;0.198;0.278;0.356;0.349;0.71;0.12;0.027;0.034;0.049;0.024;0.032
24729;0.203;0.09;0.161;0.195;0.278;0.352;0.344;0.71;0.12;0.029;0.037;0.051;0.027;0.032
24730;0.205;0.09;0.159;0.198;0.278;0.354;0.347;0.708;0.12;0.027;0.037;0.051;0.027;0.029
24731;0.203;0.088;0.159;0.198;0.278;0.349;0.344;0.71;0.117;0.027;0.034;0.051;0.027;0.029
24732;0.205;0.09;0.164;0.198;0.278;0.347;0.344;0.708;0.115;0.024;0.034;0.051;0.024;0.032
24733;0.205;0.088;0.164;0.198;0.283;0.347;0.344;0.706;0.117;0.027;0.037;0.051;0.027;0.032
24734;0.205;0.088;0.161;0.195;0.281;0.344;0.347;0.71;0.115;0.027;0.034;0.051;0.029;0.032
24735;0.203;0.09;0.166;0.195;0.283;0.344;0.342;0.708;0.11;0.02;0.029;0.051;0.027;0.029
24736;0.205;0.09;0.171;0.198;0.281;0.344;0.339;0.708;0.115;0.027;0.032;0.051;0.024;0.032
24737;0.205;0.088;0.168;0.198;0.283;0.347;0.339;0.71;0.115;0.027;0.032;0.051;0.029;0.034
24738;0.203;0.09;0.173;0.2;0.283;0.347;0.334;0.71;0.117;0.029;0.032;0.049;0.024;0.032
24739;0.205;0.09;0.173;0.198;0.286;0.347;0.339;0.71;0.112;0.027;0.029;0.051;0.027;0.034
24740;0.203;0.09;0.178;0.198;0.286;0.347;0.337;0.71;0.112;0.024;0.032;0.051;0.027;0.032
24741;0.203;0.088;0.178;0.198;0.288;0.349;0.337;0.71;0.112;0.027;0.029;0.051;0.032;0.037
24742;0.208;0.09;0.181;0.198;0.286;0.349;0.342;0.71;0.107;0.022;0.027;0.049;0.024;0.029
24743;0.205;0.088;0.176;0.2;0.286;0.347;0.337;0.713;0.11;0.029;0.029;0.051;0.027;0.032
24744;0.205;0.088;0.173;0.198;0.286;0.349;0.342;0.71;0.11;0.027;0.029;0.051;0.027;0.034
24745;0.208;0.09;0.173;0.198;0.283;0.347;0.339;0.71;0.107;0.024;0.027;0.049;0.024;0.029
24746;0.21;0.088;0.181;0.198;0.283;0.344;0.344;0.71;0.112;0.027;0.027;0.051;0.027;0.037
24747;0.21;0.09;0.186;0.198;0.286;0.344;0.344;0.71;0.11;0.029;0.024;0.051;0.024;0.032
24748;0.208;0.088;0.188;0.195;0.286;0.344;0.342;0.713;0.11;0.027;0.027;0.051;0.024;0.029
24749;0.208;0.088;0.193;0.2;0.286;0.342;0.347;0.71;0.112;0.029;0.029;0.051;0.027;0.034
24750;0.212;0.09;0.181;0.198;0.288;0.339;0.347;0.71;0.107;0.029;0.022;0.049;0.024;0.032
24751;0.208;0.085;0.183;0.198;0.286;0.339;0.347;0.713;0.11;0.024;0.027;0.051;0.024;0.037
24752;0.21;0.09;0.203;0.198;0.286;0.337;0.347;0.713;0.105;0.027;0.024;0.051;0.024;0.029
24753;0.208;0.088;0.203;0.198;0.283;0.339;0.352;0.71;0.103;0.027;0.022;0.051;0.029;0.034
24754;0.208;0.088;0.227;0.2;0.286;0.339;0.349;0.713;0.105;0.029;0.024;0.054;0.024;0.034
24755;0.21;0.088;0.227;0.198;0.286;0.339;0.347;0.713;0.105;0.029;0.024;0.051;0.024;0.032
24756;0.205;0.088;0.278;0.198;0.281;0.339;0.347;0.71;0.105;0.027;0.022;0.049;0.027;0.032
24757;0.208;0.088;0.276;0.198;0.281;0.339;0.347;0.708;0.105;0.029;0.022;0.051;0.024;0.032
24758;0.208;0.088;0.298;0.198;0.281;0.342;0.344;0.71;0.105;0.029;0.02;0.051;0.024;0.034
24759;0.208;0.088;0.337;0.198;0.281;0.342;0.342;0.713;0.105;0.029;0.022;0.049;0.022;0.029
24760;0.205;0.088;0.339;0.195;0.283;0.342;0.337;0.713;0.1;0.024;0.02;0.051;0.024;0.032
24761;0.208;0.088;0.376;0.193;0.283;0.342;0.337;0.71;0.103;0.027;0.02;0.049;0.024;0.032
24762;0.208;0.088;0.403;0.195;0.281;0.344;0.334;0.71;0.105;0.029;0.02;0.051;0.029;0.034
24763;0.208;0.085;0.435;0.195;0.281;0.342;0.334;0.713;0.105;0.032;0.022;0.051;0.024;0.029
24764;0.208;0.085;0.508;0.193;0.281;0.342;0.334;0.713;0.105;0.029;0.022;0.049;0.024;0.029
24765;0.208;0.088;0.471;0.193;0.281;0.344;0.337;0.71;0.105;0.029;0.022;0.054;0.029;0.034
24766;0.205;0.085;0.442;0.193;0.281;0.344;0.337;0.713;0.107;0.032;0.022;0.051;0.027;0.032
24767;0.208;0.088;0.447;0.193;0.281;0.344;0.339;0.71;0.103;0.027;0.02;0.049;0.024;0.029
24768;0.208;0.085;0.518;0.193;0.281;0.347;0.344;0.708;0.103;0.027;0.017;0.051;0.024;0.029
24769;0.21;0.085;0.559;0.193;0.283;0.349;0.349;0.71;0.103;0.027;0.02;0.051;0.02;0.027
24770;0.208;0.085;0.469;0.19;0.281;0.349;0.354;0.713;0.103;0.029;0.022;0.051;0.027;0.029
24771;0.208;0.088;0.5;0.195;0.281;0.347;0.354;0.713;0.103;0.029;0.022;0.049;0.027;0.032
24772;0.208;0.085;0.676;0.193;0.281;0.344;0.352;0.715;0.103;0.029;0.022;0.051;0.024;0.027
24773;0.205;0.085;0.535;0.195;0.278;0.344;0.352;0.713;0.1;0.027;0.022;0.054;0.027;0.032
24774;0.208;0.088;0.662;0.193;0.278;0.347;0.349;0.713;0.1;0.027;0.02;0.051;0.027;0.029
24775;0.21;0.088;0.586;0.195;0.281;0.344;0.349;0.71;0.103;0.029;0.022;0.051;0.027;0.029
24776;0.208;0.088;0.422;0.195;0.281;0.344;0.349;0.713;0.1;0.027;0.022;0.051;0.027;0.034
24777;0.205;0.088;0.635;0.195;0.281;0.344;0.347;0.71;0.1;0.027;0.022;0.049;0.027;0.029
24778;0.205;0.088;0.815;0.195;0.278;0.344;0.349;0.713;0.103;0.029;0.022;0.051;0.027;0.032
24779;0.205;0.088;0.747;0.193;0.281;0.344;0.352;0.71;0.105;0.032;0.022;0.051;0.027;0.029
24780;0.205;0.09;0.674;0.195;0.283;0.347;0.349;0.708;0.1;0.027;0.02;0.051;0.029;0.032
24781;0.205;0.088;0.53;0.195;0.281;0.347;0.349;0.708;0.105;0.032;0.022;0.051;0.027;0.032
24782;0.203;0.088;0.552;0.195;0.281;0.344;0.349;0.708;0.1;0.027;0.02;0.051;0.027;0.034
24783;0.205;0.09;0.542;0.195;0.281;0.347;0.349;0.708;0.103;0.029;0.024;0.051;0.029;0.029
24784;0.205;0.09;0.815;0.195;0.283;0.347;0.349;0.713;0.105;0.029;0.022;0.051;0.027;0.032
24785;0.205;0.088;4.077;0.195;0.278;0.347;0.352;0.71;0.103;0.027;0.022;0.049;0.024;0.027
24786;0.205;0.088;4.998;0.193;0.278;0.352;0.352;0.71;0.105;0.029;0.022;0.051;0.027;0.029
24787;0.203;0.088;4.998;0.195;0.278;0.352;0.352;0.713;0.105;0.029;0.022;0.051;0.027;0.034
24788;0.203;0.088;4.998;0.195;0.278;0.349;0.347;0.713;0.105;0.029;0.022;0.054;0.027;0.032
24789;0.205;0.085;4.998;0.195;0.281;0.349;0.349;0.713;0.105;0.029;0.022;0.051;0.024;0.027
24790;0.203;0.088;4.998;0.198;0.278;0.352;0.354;0.708;0.105;0.029;0.02;0.051;0.027;0.032
24791;0.203;0.088;4.998;0.198;0.281;0.354;0.354;0.713;0.105;0.029;0.022;0.051;0.027;0.029
24792;0.203;0.088;4.998;0.2;0.278;0.354;0.354;0.71;0.105;0.029;0.022;0.051;0.027;0.029
24793;0.2;0.088;4.998;0.198;0.281;0.352;0.352;0.713;0.107;0.029;0.022;0.051;0.024;0.029
24794;0.203;0.09;4.998;0.2;0.281;0.354;0.356;0.71;0.112;0.034;0.024;0.054;0.029;0.032
24795;0.205;0.09;4.998;0.2;0.281;0.356;0.354;0.71;0.105;0.029;0.022;0.049;0.024;0.029
24796;0.205;0.093;4.998;0.2;0.283;0.359;0.354;0.71;0.11;0.032;0.027;0.049;0.027;0.029
24797;0.203;0.088;4.998;0.2;0.283;0.359;0.359;0.71;0.107;0.029;0.022;0.051;0.024;0.027
24798;0.205;0.09;4.998;0.205;0.281;0.359;0.356;0.71;0.11;0.029;0.024;0.049;0.024;0.029
24799;0.205;0.09;4.998;0.203;0.283;0.359;0.356;0.708;0.107;0.029;0.022;0.051;0.024;0.032
24800;0.205;0.088;4.998;0.203;0.281;0.359;0.359;0.71;0.107;0.029;0.024;0.049;0.027;0.032
24801;0.205;0.093;4.448;0.205;0.283;0.359;0.356;0.708;0.105;0.027;0.024;0.049;0.027;0.034
24802;0.205;0.093;2.205;0.205;0.283;0.359;0.359;0.708;0.107;0.029;0.024;0.051;0.024;0.032
24803;0.203;0.093;4.998;0.208;0.283;0.354;0.354;0.706;0.107;0.029;0.024;0.049;0.027;0.029
24804;0.203;0.09;4.998;0.208;0.281;0.356;0.354;0.708;0.11;0.029;0.024;0.051;0.029;0.037
24805;0.203;0.095;4.998;0.208;0.281;0.359;0.352;0.706;0.11;0.032;0.024;0.051;0.027;0.029
24806;0.203;0.09;4.998;0.208;0.281;0.356;0.352;0.708;0.107;0.027;0.024;0.049;0.024;0.024
24807;0.2;0.093;4.998;0.208;0.278;0.354;0.352;0.708;0.107;0.029;0.027;0.051;0.024;0.032
24808;0.2;0.093;4.998;0.21;0.281;0.354;0.349;0.708;0.11;0.029;0.024;0.051;0.024;0.032
24809;0.203;0.093;4.998;0.21;0.278;0.354;0.347;0.706;0.107;0.032;0.027;0.051;0.024;0.032
24810;0.203;0.093;4.998;0.21;0.281;0.356;0.347;0.706;0.11;0.032;0.027;0.051;0.022;0.029
24811;0.203;0.093;4.998;0.208;0.278;0.354;0.349;0.706;0.105;0.027;0.024;0.051;0.027;0.027
24812;0.203;0.093;4.998;0.208;0.278;0.354;0.349;0.706;0.11;0.029;0.027;0.049;0.027;0.034
24813;0.2;0.095;4.998;0.208;0.278;0.349;0.352;0.708;0.107;0.027;0.024;0.051;0.022;0.029
24814;0.2;0.095;4.998;0.208;0.278;0.349;0.352;0.706;0.107;0.032;0.024;0.051;0.027;0.029
24815;0.2;0.093;4.998;0.208;0.281;0.352;0.354;0.703;0.107;0.027;0.027;0.049;0.022;0.029
24816;0.2;0.093;4.998;0.208;0.276;0.349;0.356;0.706;0.11;0.032;0.027;0.051;0.027;0.032
24817;0.2;0.093;4.998;0.205;0.278;0.349;0.354;0.703;0.11;0.029;0.024;0.051;0.027;0.034
24818;0.2;0.093;4.998;0.205;0.276;0.349;0.352;0.706;0.11;0.029;0.027;0.054;0.024;0.032
24819;0.2;0.095;4.998;0.205;0.273;0.349;0.352;0.703;0.107;0.027;0.024;0.051;0.022;0.027
24820;0.203;0.093;4.998;0.203;0.276;0.347;0.352;0.703;0.11;0.027;0.027;0.051;0.024;0.032
24821;0.203;0.09;4.998;0.203;0.273;0.349;0.349;0.706;0.11;0.029;0.029;0.051;0.022;0.029
24822;0.203;0.093;4.998;0.205;0.273;0.349;0.349;0.703;0.11;0.027;0.024;0.051;0.022;0.027
24823;0.205;0.093;4.998;0.203;0.276;0.352;0.349;0.708;0.112;0.029;0.027;0.051;0.022;0.029
24824;0.203;0.09;4.998;0.2;0.276;0.352;0.347;0.708;0.11;0.027;0.027;0.051;0.024;0.029
24825;0.203;0.09;4.998;0.205;0.278;0.352;0.349;0.706;0.112;0.024;0.024;0.049;0.022;0.029
24826;0.2;0.093;4.998;0.2;0.278;0.354;0.347;0.703;0.11;0.029;0.024;0.051;0.022;0.027
24827;0.203;0.093;4.998;0.2;0.278;0.354;0.347;0.706;0.11;0.029;0.027;0.051;0.022;0.029
24828;0.205;0.09;4.998;0.195;0.278;0.352;0.347;0.708;0.112;0.032;0.027;0.054;0.027;0.029
24829;0.205;0.09;4.998;0.193;0.281;0.352;0.344;0.706;0.112;0.027;0.027;0.051;0.024;0.032
24830;0.203;0.09;4.998;0.19;0.283;0.352;0.344;0.703;0.112;0.029;0.024;0.051;0.022;0.029
24831;0.203;0.09;4.998;0.186;0.281;0.352;0.344;0.706;0.112;0.024;0.027;0.051;0.022;0.032
24832;0.203;0.093;4.998;0.176;0.281;0.349;0.344;0.708;0.115;0.029;0.027;0.054;0.02;0.029
24833;0.203;0.093;4.998;0.171;0.281;0.349;0.347;0.706;0.112;0.029;0.027;0.051;0.024;0.029
24834;0.203;0.093;4.998;0.171;0.281;0.352;0.349;0.706;0.115;0.027;0.027;0.051;0.024;0.032
24835;0.203;0.093;4.998;0.178;0.281;0.349;0.352;0.706;0.115;0.027;0.024;0.051;0.022;0.032
24836;0.203;0.095;4.998;0.183;0.283;0.352;0.352;0.703;0.117;0.027;0.027;0.054;0.024;0.032
24837;0.2;0.09;4.998;0.181;0.281;0.347;0.352;0.703;0.115;0.027;0.024;0.051;0.022;0.029
24838;0.2;0.09;4.998;0.188;0.281;0.349;0.352;0.703;0.117;0.027;0.024;0.051;0.022;0.032
24839;0.2;0.095;4.998;0.188;0.283;0.347;0.352;0.706;0.117;0.029;0.024;0.051;0.022;0.032
24840;0.2;0.093;4.998;0.183;0.281;0.347;0.354;0.706;0.117;0.024;0.024;0.051;0.024;0.032
24841;0.198;0.093;4.998;0.186;0.281;0.347;0.354;0.706;0.115;0.027;0.024;0.051;0.02;0.027
24842;0.2;0.09;4.998;0.19;0.281;0.347;0.352;0.706;0.115;0.027;0.024;0.051;0.022;0.029
24843;0.2;0.093;4.998;0.193;0.281;0.344;0.354;0.708;0.117;0.029;0.027;0.049;0.022;0.032
24844;0.2;0.09;4.998;0.188;0.281;0.349;0.352;0.71;0.122;0.027;0.027;0.051;0.024;0.034
24845;0.198;0.093;4.998;0.183;0.281;0.344;0.347;0.708;0.117;0.029;0.027;0.049;0.02;0.032
24846;0.2;0.09;4.998;0.178;0.281;0.347;0.347;0.706;0.115;0.027;0.02;0.051;0.022;0.029
24847;0.2;0.093;4.998;0.176;0.283;0.347;0.347;0.706;0.12;0.029;0.024;0.049;0.022;0.034
24848;0.2;0.093;4.998;0.176;0.286;0.347;0.344;0.706;0.12;0.029;0.027;0.049;0.022;0.032
24849;0.2;0.09;4.998;0.173;0.283;0.347;0.344;0.703;0.12;0.032;0.027;0.049;0.024;0.034
24850;0.2;0.093;4.998;0.171;0.286;0.349;0.342;0.71;0.12;0.032;0.024;0.051;0.02;0.032
24851;0.2;0.093;4.998;0.171;0.281;0.349;0.342;0.706;0.12;0.029;0.024;0.051;0.022;0.032
24852;0.198;0.09;4.998;0.173;0.286;0.349;0.342;0.708;0.117;0.029;0.022;0.051;0.022;0.032
24853;0.198;0.093;4.998;0.181;0.288;0.347;0.342;0.706;0.12;0.029;0.022;0.049;0.022;0.029
24854;0.198;0.093;4.998;0.183;0.288;0.344;0.342;0.708;0.117;0.032;0.024;0.051;0.022;0.032
24855;0.2;0.09;4.998;0.188;0.286;0.347;0.339;0.706;0.12;0.034;0.024;0.051;0.022;0.032
24856;0.195;0.093;3.032;0.237;0.291;0.347;0.339;0.706;0.12;0.034;0.022;0.049;0.022;0.032
24857;0.195;0.093;1.501;0.254;0.291;0.344;0.339;0.706;0.117;0.029;0.022;0.049;0.022;0.034
24858;0.2;0.093;0.771;0.286;0.291;0.344;0.337;0.706;0.12;0.029;0.027;0.049;0.02;0.032
24859;0.195;0.093;0.43;0.305;0.293;0.347;0.339;0.701;0.12;0.029;0.024;0.049;0.022;0.029
24860;0.195;0.093;0.283;0.315;0.291;0.344;0.339;0.701;0.12;0.029;0.024;0.051;0.022;0.032
24861;0.195;0.093;0.208;0.332;0.288;0.349;0.339;0.701;0.115;0.027;0.022;0.051;0.02;0.029
24862;0.198;0.095;0.186;0.352;0.288;0.349;0.337;0.703;0.117;0.029;0.024;0.051;0.02;0.029
24863;0.198;0.093;0.168;0.344;0.288;0.352;0.339;0.703;0.117;0.027;0.022;0.054;0.022;0.032
24864;0.195;0.093;0.156;0.374;0.286;0.349;0.339;0.701;0.12;0.027;0.024;0.051;0.02;0.032
24865;0.198;0.093;0.154;0.356;0.288;0.349;0.339;0.71;0.117;0.024;0.022;0.051;0.02;0.034
24866;0.198;0.09;0.149;0.366;0.286;0.349;0.344;0.703;0.115;0.024;0.024;0.051;0.02;0.032
24867;0.198;0.093;0.146;0.366;0.286;0.349;0.344;0.703;0.115;0.024;0.022;0.051;0.02;0.027
24868;0.2;0.093;0.146;0.364;0.283;0.347;0.344;0.706;0.112;0.024;0.022;0.049;0.017;0.032
24869;0.198;0.093;0.161;0.352;0.283;0.344;0.349;0.706;0.112;0.024;0.024;0.049;0.02;0.032
24870;0.198;0.09;0.186;0.349;0.286;0.344;0.347;0.706;0.112;0.022;0.024;0.051;0.02;0.032
24871;0.2;0.093;0.19;0.332;0.286;0.347;0.347;0.703;0.112;0.022;0.022;0.051;0.02;0.032
24872;0.198;0.093;0.166;0.322;0.283;0.344;0.347;0.706;0.117;0.029;0.027;0.051;0.027;0.037
24873;0.198;0.093;0.149;0.31;0.286;0.347;0.347;0.706;0.11;0.024;0.024;0.051;0.02;0.027
24874;0.198;0.095;0.156;0.3;0.283;0.347;0.342;0.706;0.11;0.024;0.024;0.049;0.02;0.032
24875;0.2;0.095;0.164;0.286;0.288;0.347;0.342;0.706;0.107;0.024;0.022;0.049;0.02;0.029
24876;0.198;0.095;0.225;0.288;0.286;0.349;0.342;0.708;0.11;0.024;0.022;0.051;0.017;0.029
24877;0.195;0.095;0.415;0.291;0.286;0.352;0.342;0.71;0.11;0.027;0.027;0.049;0.024;0.032
24878;0.195;0.095;0.339;0.3;0.286;0.349;0.342;0.706;0.107;0.027;0.024;0.051;0.022;0.032
24879;0.198;0.095;0.408;0.298;0.288;0.349;0.339;0.708;0.107;0.027;0.024;0.049;0.017;0.029
24880;0.195;0.095;0.342;0.295;0.286;0.354;0.342;0.708;0.107;0.029;0.027;0.049;0.02;0.032
24881;0.195;0.093;0.164;0.273;0.286;0.354;0.339;0.708;0.11;0.029;0.024;0.049;0.02;0.029
24882;0.198;0.095;0.161;0.269;0.291;0.354;0.342;0.706;0.11;0.024;0.027;0.049;0.02;0.027
24883;0.195;0.095;0.178;0.261;0.291;0.354;0.339;0.706;0.107;0.027;0.024;0.049;0.022;0.032
24884;0.195;0.095;0.208;0.251;0.288;0.356;0.342;0.706;0.105;0.029;0.022;0.049;0.022;0.029
24885;0.195;0.095;0.195;0.269;0.291;0.359;0.344;0.706;0.107;0.032;0.027;0.049;0.02;0.029
24886;0.198;0.095;0.188;0.264;0.293;0.359;0.347;0.706;0.105;0.029;0.027;0.049;0.02;0.032
24887;0.195;0.093;0.193;0.281;0.291;0.359;0.344;0.706;0.105;0.032;0.027;0.049;0.02;0.029
24888;0.198;0.093;0.234;0.278;0.295;0.361;0.347;0.703;0.107;0.032;0.029;0.049;0.02;0.032
24889;0.198;0.093;0.217;0.281;0.293;0.361;0.342;0.703;0.107;0.032;0.029;0.049;0.017;0.027
24890;0.195;0.093;0.22;0.283;0.291;0.364;0.344;0.703;0.105;0.032;0.024;0.051;0.02;0.027
24891;0.195;0.095;0.249;0.281;0.293;0.364;0.339;0.703;0.105;0.032;0.029;0.049;0.022;0.032
24892;0.195;0.093;0.203;0.271;0.291;0.364;0.342;0.703;0.105;0.032;0.029;0.049;0.017;0.029
24893;0.198;0.095;0.261;0.276;0.291;0.366;0.337;0.703;0.105;0.032;0.029;0.049;0.02;0.029
24894;0.195;0.093;0.271;0.264;0.291;0.366;0.339;0.703;0.105;0.032;0.029;0.049;0.02;0.027
24895;0.195;0.095;0.266;0.266;0.291;0.364;0.339;0.701;0.103;0.032;0.029;0.049;0.017;0.027
24896;0.195;0.095;0.227;0.259;0.293;0.364;0.339;0.701;0.107;0.032;0.029;0.049;0.017;0.029
24897;0.195;0.093;0.217;0.264;0.291;0.361;0.342;0.701;0.105;0.032;0.032;0.049;0.024;0.034
24898;0.198;0.093;0.22;0.256;0.291;0.359;0.339;0.701;0.103;0.032;0.029;0.051;0.022;0.029
24899;0.198;0.095;0.203;0.249;0.288;0.364;0.337;0.701;0.103;0.034;0.029;0.051;0.022;0.029
24900;0.198;0.095;0.217;0.254;0.288;0.364;0.339;0.701;0.103;0.034;0.029;0.049;0.022;0.032
24901;0.198;0.093;0.225;0.264;0.291;0.361;0.339;0.698;0.103;0.032;0.034;0.049;0.02;0.027
24902;0.193;0.093;0.203;0.266;0.288;0.361;0.337;0.698;0.103;0.034;0.029;0.051;0.02;0.029
24903;0.193;0.095;0.188;0.286;0.288;0.361;0.334;0.698;0.103;0.034;0.032;0.049;0.02;0.027
24904;0.195;0.095;0.178;0.293;0.291;0.359;0.339;0.698;0.103;0.034;0.032;0.051;0.02;0.029
24905;0.193;0.098;0.176;0.3;0.288;0.359;0.342;0.701;0.1;0.034;0.027;0.049;0.017;0.029
24906;0.198;0.098;0.176;0.293;0.291;0.359;0.339;0.698;0.1;0.034;0.029;0.046;0.02;0.029
24907;0.195;0.098;0.188;0.283;0.291;0.356;0.342;0.701;0.105;0.039;0.037;0.051;0.022;0.032
24908;0.195;0.098;0.217;0.281;0.291;0.356;0.342;0.701;0.1;0.037;0.034;0.049;0.022;0.029
24909;0.195;0.095;0.193;0.281;0.293;0.356;0.342;0.701;0.103;0.034;0.034;0.051;0.024;0.032
24910;0.193;0.098;0.212;0.283;0.293;0.356;0.342;0.703;0.103;0.034;0.032;0.049;0.02;0.029
24911;0.195;0.098;0.208;0.288;0.291;0.356;0.342;0.701;0.105;0.034;0.037;0.051;0.02;0.027
24912;0.195;0.098;0.22;0.291;0.293;0.359;0.339;0.703;0.1;0.034;0.034;0.051;0.022;0.029
24913;0.195;0.095;0.217;0.293;0.288;0.356;0.339;0.703;0.105;0.034;0.034;0.049;0.02;0.032
24914;0.195;0.098;0.208;0.303;0.291;0.359;0.342;0.703;0.103;0.034;0.034;0.051;0.017;0.024
24915;0.195;0.098;0.203;0.31;0.288;0.361;0.337;0.703;0.105;0.037;0.034;0.049;0.022;0.029
24916;0.195;0.098;0.195;0.317;0.288;0.359;0.337;0.701;0.105;0.037;0.037;0.051;0.02;0.029
24917;0.198;0.095;0.212;0.317;0.286;0.361;0.337;0.698;0.105;0.037;0.034;0.051;0.022;0.029
24918;0.195;0.095;0.21;0.315;0.288;0.361;0.337;0.701;0.105;0.037;0.034;0.051;0.02;0.027
24919;0.195;0.095;0.176;0.32;0.288;0.359;0.339;0.701;0.11;0.034;0.037;0.051;0.022;0.032
24920;0.193;0.093;0.164;0.317;0.291;0.359;0.337;0.703;0.105;0.034;0.032;0.051;0.022;0.029
24921;0.195;0.093;0.203;0.312;0.288;0.359;0.339;0.703;0.112;0.037;0.039;0.051;0.024;0.032
24922;0.193;0.093;0.215;0.305;0.288;0.361;0.337;0.703;0.11;0.039;0.037;0.051;0.022;0.027
24923;0.195;0.09;0.232;0.295;0.291;0.359;0.339;0.701;0.112;0.037;0.034;0.051;0.02;0.029
24924;0.195;0.093;0.193;0.295;0.291;0.359;0.342;0.701;0.115;0.034;0.034;0.051;0.02;0.029
24925;0.195;0.093;0.222;0.288;0.293;0.356;0.342;0.698;0.12;0.037;0.034;0.051;0.022;0.027
24926;0.195;0.093;0.212;0.291;0.293;0.359;0.342;0.696;0.12;0.037;0.037;0.051;0.02;0.027
24927;0.195;0.093;0.225;0.291;0.293;0.359;0.342;0.698;0.125;0.039;0.037;0.051;0.022;0.029
24928;0.195;0.093;0.244;0.298;0.293;0.359;0.342;0.698;0.122;0.034;0.032;0.051;0.022;0.032
24929;0.193;0.093;0.278;0.298;0.293;0.359;0.337;0.701;0.129;0.037;0.037;0.049;0.022;0.029
24930;0.193;0.095;0.332;0.293;0.293;0.359;0.337;0.703;0.129;0.034;0.034;0.051;0.022;0.027
24931;0.193;0.095;0.439;0.295;0.293;0.356;0.334;0.701;0.132;0.034;0.034;0.049;0.022;0.029
24932;0.193;0.095;0.469;0.3;0.291;0.356;0.334;0.701;0.137;0.034;0.034;0.051;0.02;0.027
24933;0.193;0.095;0.535;0.295;0.291;0.356;0.337;0.698;0.139;0.034;0.032;0.051;0.022;0.029
24934;0.193;0.095;0.615;0.293;0.291;0.354;0.334;0.696;0.142;0.034;0.037;0.051;0.027;0.029
24935;0.193;0.098;0.417;0.291;0.286;0.352;0.337;0.698;0.146;0.034;0.034;0.051;0.022;0.027
24936;0.193;0.098;0.291;0.286;0.291;0.352;0.339;0.696;0.149;0.034;0.034;0.051;0.022;0.029
24937;0.193;0.098;0.288;0.281;0.288;0.352;0.339;0.696;0.151;0.037;0.034;0.049;0.024;0.029
24938;0.193;0.095;0.203;0.283;0.286;0.349;0.342;0.696;0.159;0.037;0.034;0.051;0.022;0.024
24939;0.195;0.098;0.21;0.288;0.288;0.354;0.342;0.693;0.159;0.034;0.034;0.051;0.022;0.027
24940;0.193;0.098;0.178;0.288;0.283;0.354;0.342;0.693;0.164;0.034;0.032;0.051;0.022;0.027
24941;0.193;0.098;0.176;0.288;0.288;0.356;0.342;0.696;0.171;0.034;0.034;0.051;0.022;0.027
24942;0.195;0.098;0.181;0.291;0.291;0.359;0.342;0.696;0.176;0.034;0.032;0.051;0.02;0.029
24943;0.193;0.1;0.181;0.293;0.293;0.361;0.342;0.693;0.178;0.037;0.037;0.051;0.022;0.027
24944;0.193;0.098;0.181;0.291;0.291;0.359;0.337;0.696;0.188;0.032;0.037;0.051;0.022;0.027
24945;0.19;0.1;0.176;0.291;0.293;0.359;0.339;0.696;0.19;0.034;0.032;0.051;0.024;0.027
24946;0.19;0.1;0.176;0.293;0.293;0.361;0.339;0.693;0.193;0.037;0.032;0.049;0.02;0.027
24947;0.19;0.098;0.171;0.286;0.293;0.364;0.339;0.698;0.2;0.034;0.032;0.051;0.02;0.027
24948;0.19;0.1;0.164;0.286;0.293;0.359;0.337;0.698;0.205;0.034;0.032;0.051;0.022;0.029
24949;0.19;0.098;0.173;0.286;0.298;0.361;0.337;0.696;0.208;0.034;0.032;0.051;0.029;0.032
24950;0.188;0.098;0.166;0.286;0.298;0.361;0.337;0.696;0.212;0.034;0.029;0.049;0.024;0.027
24951;0.19;0.098;0.173;0.286;0.298;0.359;0.337;0.696;0.217;0.034;0.032;0.051;0.024;0.029
24952;0.188;0.098;0.178;0.283;0.298;0.356;0.339;0.698;0.222;0.037;0.034;0.049;0.029;0.032
24953;0.188;0.1;0.171;0.281;0.298;0.361;0.339;0.696;0.225;0.034;0.034;0.051;0.027;0.029
24954;0.186;0.1;0.176;0.286;0.3;0.359;0.339;0.696;0.227;0.039;0.034;0.049;0.022;0.027
24955;0.188;0.098;0.171;0.291;0.295;0.359;0.339;0.693;0.229;0.039;0.034;0.051;0.024;0.029
24956;0.186;0.1;0.171;0.298;0.293;0.356;0.339;0.696;0.232;0.039;0.032;0.049;0.024;0.027
24957;0.188;0.1;0.166;0.295;0.293;0.356;0.339;0.696;0.232;0.037;0.034;0.049;0.024;0.027
24958;0.186;0.098;0.178;0.295;0.293;0.356;0.339;0.696;0.237;0.039;0.034;0.051;0.022;0.029
24959;0.183;0.1;0.173;0.295;0.293;0.354;0.339;0.693;0.234;0.039;0.034;0.049;0.027;0.029
24960;0.183;0.1;0.161;0.291;0.293;0.354;0.339;0.693;0.237;0.039;0.037;0.049;0.022;0.029
24961;0.186;0.1;0.159;0.291;0.293;0.354;0.337;0.696;0.239;0.042;0.034;0.051;0.024;0.027
24962;0.188;0.103;0.151;0.286;0.291;0.349;0.337;0.696;0.237;0.037;0.034;0.051;0.022;0.027
24963;0.19;0.098;0.142;0.288;0.293;0.349;0.334;0.698;0.237;0.039;0.032;0.051;0.024;0.029
24964;0.188;0.1;0.139;0.291;0.295;0.349;0.334;0.696;0.237;0.039;0.037;0.051;0.024;0.027
24965;0.193;0.1;0.139;0.288;0.295;0.349;0.337;0.696;0.234;0.039;0.034;0.049;0.024;0.027
24966;0.193;0.1;0.137;0.291;0.295;0.352;0.332;0.693;0.234;0.042;0.034;0.049;0.029;0.032
24967;0.195;0.1;0.142;0.295;0.295;0.352;0.332;0.693;0.229;0.039;0.037;0.046;0.024;0.029
24968;0.193;0.103;0.142;0.298;0.295;0.354;0.334;0.693;0.227;0.037;0.034;0.049;0.024;0.027
24969;0.193;0.1;0.142;0.298;0.295;0.354;0.337;0.691;0.227;0.039;0.037;0.051;0.027;0.032
24970;0.195;0.103;0.139;0.298;0.3;0.356;0.339;0.691;0.227;0.039;0.034;0.051;0.024;0.029
24971;0.193;0.103;0.139;0.298;0.298;0.359;0.339;0.688;0.225;0.042;0.037;0.049;0.027;0.029
24972;0.193;0.1;0.139;0.298;0.3;0.359;0.342;0.691;0.22;0.037;0.034;0.049;0.027;0.027
24973;0.19;0.1;0.139;0.3;0.303;0.359;0.344;0.691;0.22;0.042;0.037;0.049;0.024;0.029
24974;0.19;0.103;0.139;0.298;0.303;0.359;0.342;0.688;0.217;0.039;0.034;0.051;0.022;0.027
24975;0.19;0.1;0.137;0.293;0.3;0.354;0.342;0.693;0.215;0.039;0.034;0.049;0.027;0.029
24976;0.19;0.103;0.137;0.288;0.3;0.354;0.344;0.691;0.212;0.042;0.037;0.051;0.027;0.029
24977;0.19;0.103;0.139;0.286;0.303;0.356;0.342;0.693;0.212;0.039;0.034;0.049;0.029;0.027
24978;0.188;0.103;0.139;0.283;0.3;0.354;0.342;0.691;0.208;0.042;0.039;0.049;0.029;0.029
24979;0.188;0.1;0.139;0.283;0.3;0.356;0.339;0.688;0.208;0.039;0.037;0.049;0.022;0.027
24980;0.19;0.1;0.139;0.288;0.3;0.354;0.339;0.688;0.205;0.039;0.039;0.049;0.024;0.027
24981;0.188;0.1;0.139;0.291;0.298;0.356;0.337;0.688;0.203;0.039;0.037;0.051;0.027;0.027
24982;0.188;0.1;0.139;0.295;0.298;0.354;0.337;0.688;0.2;0.037;0.032;0.049;0.027;0.027
24983;0.19;0.1;0.139;0.295;0.298;0.354;0.339;0.688;0.198;0.042;0.037;0.051;0.029;0.029
24984;0.188;0.098;0.137;0.295;0.298;0.354;0.339;0.688;0.19;0.037;0.032;0.049;0.024;0.032
24985;0.19;0.1;0.134;0.291;0.298;0.356;0.334;0.686;0.193;0.044;0.039;0.051;0.024;0.029
24986;0.19;0.1;0.134;0.291;0.298;0.356;0.332;0.688;0.193;0.042;0.034;0.049;0.027;0.032
24987;0.193;0.1;0.139;0.288;0.298;0.359;0.332;0.688;0.188;0.042;0.037;0.051;0.027;0.029
24988;0.19;0.1;0.134;0.291;0.298;0.359;0.332;0.688;0.188;0.039;0.037;0.051;0.024;0.027
24989;0.19;0.1;0.134;0.291;0.298;0.361;0.33;0.688;0.188;0.042;0.034;0.049;0.029;0.029
24990;0.19;0.1;0.134;0.291;0.3;0.361;0.33;0.688;0.183;0.039;0.037;0.049;0.029;0.029
24991;0.193;0.1;0.134;0.291;0.3;0.364;0.327;0.691;0.186;0.044;0.039;0.049;0.027;0.027
24992;0.195;0.1;0.132;0.291;0.3;0.364;0.332;0.688;0.178;0.042;0.037;0.049;0.027;0.029
24993;0.19;0.1;0.129;0.288;0.298;0.364;0.332;0.691;0.176;0.039;0.034;0.049;0.027;0.029
24994;0.19;0.1;0.132;0.291;0.295;0.364;0.334;0.693;0.173;0.042;0.037;0.049;0.027;0.024
24995;0.193;0.1;0.129;0.293;0.295;0.364;0.337;0.693;0.171;0.039;0.034;0.049;0.027;0.032
24996;0.193;0.1;0.132;0.293;0.295;0.364;0.339;0.691;0.166;0.042;0.034;0.051;0.027;0.027
24997;0.188;0.1;0.134;0.295;0.295;0.364;0.344;0.693;0.171;0.042;0.037;0.051;0.027;0.029
24998;0.19;0.1;0.129;0.298;0.293;0.366;0.342;0.691;0.166;0.042;0.037;0.049;0.032;0.027
24999;0.19;0.098;0.132;0.295;0.293;0.364;0.344;0.691;0.164;0.039;0.034;0.049;0.032;0.029
25000;0.19;0.098;0.134;0.295;0.288;0.364;0.347;0.691;0.161;0.039;0.032;0.051;0.032;0.029
25001;0.19;0.098;0.132;0.293;0.288;0.364;0.344;0.691;0.161;0.042;0.034;0.051;0.029;0.029
25002;0.193;0.1;0.132;0.293;0.291;0.364;0.342;0.688;0.156;0.042;0.034;0.049;0.027;0.027
25003;0.19;0.1;0.129;0.291;0.288;0.361;0.339;0.688;0.154;0.044;0.034;0.051;0.027;0.027
25004;0.19;0.1;0.132;0.293;0.288;0.361;0.339;0.691;0.154;0.042;0.034;0.051;0.034;0.032
25005;0.193;0.103;0.132;0.295;0.288;0.361;0.337;0.691;0.151;0.042;0.034;0.051;0.029;0.024
25006;0.19;0.098;0.132;0.3;0.291;0.361;0.337;0.691;0.149;0.042;0.032;0.051;0.032;0.029
25007;0.19;0.103;0.139;0.298;0.291;0.361;0.337;0.693;0.151;0.042;0.037;0.049;0.032;0.032
25008;0.193;0.1;0.134;0.298;0.291;0.361;0.334;0.693;0.149;0.039;0.032;0.049;0.032;0.027
25009;0.188;0.103;0.134;0.3;0.291;0.361;0.339;0.693;0.146;0.039;0.032;0.051;0.032;0.029
25010;0.19;0.103;0.139;0.303;0.293;0.361;0.344;0.691;0.149;0.039;0.034;0.049;0.029;0.029
25011;0.188;0.103;0.137;0.305;0.293;0.361;0.342;0.691;0.144;0.039;0.034;0.049;0.029;0.029
25012;0.188;0.103;0.134;0.305;0.291;0.361;0.344;0.691;0.144;0.039;0.032;0.049;0.032;0.027
25013;0.188;0.1;0.142;0.303;0.291;0.356;0.349;0.693;0.142;0.039;0.034;0.051;0.029;0.029
25014;0.188;0.098;0.142;0.3;0.288;0.356;0.347;0.691;0.144;0.039;0.032;0.051;0.032;0.029
25015;0.188;0.1;0.146;0.3;0.286;0.359;0.349;0.691;0.144;0.039;0.034;0.049;0.032;0.027
25016;0.188;0.1;0.154;0.298;0.286;0.359;0.349;0.696;0.139;0.042;0.032;0.051;0.029;0.029
25017;0.188;0.098;0.151;0.298;0.281;0.359;0.352;0.688;0.139;0.039;0.032;0.049;0.032;0.029
25018;0.188;0.098;0.161;0.298;0.281;0.356;0.349;0.688;0.139;0.039;0.032;0.049;0.032;0.027
25019;0.188;0.098;0.176;0.295;0.278;0.359;0.349;0.688;0.139;0.039;0.032;0.051;0.037;0.029
25020;0.188;0.098;0.176;0.295;0.278;0.356;0.347;0.693;0.137;0.039;0.032;0.049;0.034;0.029
25021;0.186;0.095;0.181;0.295;0.278;0.359;0.352;0.688;0.139;0.039;0.034;0.051;0.034;0.029
25022;0.186;0.098;0.183;0.295;0.278;0.356;0.347;0.691;0.139;0.044;0.037;0.051;0.032;0.027
25023;0.183;0.098;0.208;0.295;0.273;0.356;0.344;0.691;0.137;0.039;0.032;0.051;0.032;0.029
25024;0.186;0.095;0.266;0.293;0.273;0.356;0.342;0.691;0.134;0.039;0.029;0.051;0.034;0.034
25025;0.186;0.098;0.239;0.293;0.271;0.356;0.344;0.688;0.134;0.037;0.029;0.051;0.034;0.029
25026;0.188;0.095;0.271;0.295;0.269;0.354;0.342;0.688;0.132;0.039;0.032;0.049;0.034;0.029
25027;0.186;0.095;0.33;0.291;0.271;0.354;0.342;0.688;0.134;0.039;0.032;0.051;0.037;0.029
25028;0.188;0.095;0.393;0.293;0.269;0.354;0.344;0.691;0.132;0.039;0.032;0.046;0.039;0.032
25029;0.186;0.098;0.415;0.291;0.266;0.354;0.344;0.688;0.132;0.039;0.029;0.049;0.032;0.027
25030;0.186;0.095;0.386;0.288;0.266;0.356;0.347;0.688;0.127;0.039;0.029;0.049;0.037;0.029
25031;0.188;0.095;0.378;0.291;0.266;0.354;0.349;0.691;0.134;0.039;0.027;0.049;0.034;0.029
25032;0.188;0.095;0.388;0.291;0.269;0.356;0.354;0.688;0.132;0.042;0.029;0.051;0.037;0.029
25033;0.186;0.098;0.361;0.286;0.269;0.354;0.352;0.688;0.134;0.042;0.029;0.051;0.037;0.029
25034;0.186;0.098;0.347;0.288;0.266;0.356;0.352;0.686;0.129;0.039;0.029;0.049;0.034;0.029
25035;0.183;0.095;0.295;0.288;0.269;0.359;0.352;0.688;0.132;0.039;0.027;0.051;0.037;0.029
25036;0.186;0.095;0.312;0.283;0.269;0.359;0.352;0.688;0.132;0.039;0.027;0.049;0.042;0.037
25037;0.186;0.095;0.291;0.281;0.269;0.359;0.349;0.686;0.137;0.042;0.029;0.051;0.039;0.029
25038;0.183;0.095;0.349;0.281;0.269;0.361;0.347;0.688;0.139;0.044;0.029;0.051;0.034;0.029
25039;0.183;0.095;0.33;0.278;0.269;0.361;0.347;0.688;0.142;0.042;0.029;0.049;0.042;0.034
25040;0.183;0.098;0.339;0.278;0.271;0.361;0.344;0.688;0.142;0.042;0.029;0.049;0.039;0.027
25041;0.183;0.093;0.31;0.278;0.269;0.361;0.344;0.688;0.146;0.046;0.029;0.049;0.039;0.029
25042;0.181;0.098;0.315;0.273;0.269;0.359;0.347;0.688;0.146;0.044;0.029;0.051;0.039;0.029
25043;0.183;0.098;0.327;0.273;0.269;0.361;0.344;0.691;0.149;0.046;0.029;0.049;0.042;0.034
25044;0.183;0.098;0.396;0.273;0.266;0.356;0.344;0.691;0.149;0.044;0.027;0.051;0.037;0.027
25045;0.181;0.098;0.439;0.273;0.266;0.356;0.347;0.693;0.151;0.046;0.024;0.051;0.042;0.032
25046;0.181;0.095;0.312;0.276;0.266;0.356;0.349;0.693;0.154;0.044;0.027;0.051;0.034;0.027
25047;0.183;0.095;0.259;0.278;0.264;0.356;0.347;0.691;0.159;0.046;0.027;0.049;0.039;0.032
25048;0.183;0.095;0.239;0.278;0.269;0.356;0.349;0.691;0.161;0.046;0.027;0.051;0.039;0.029
25049;0.181;0.093;0.234;0.283;0.266;0.354;0.352;0.691;0.164;0.046;0.024;0.049;0.039;0.029
25050;0.183;0.093;0.225;0.283;0.266;0.354;0.354;0.693;0.168;0.044;0.024;0.051;0.039;0.032
25051;0.181;0.093;0.195;0.286;0.264;0.356;0.354;0.696;0.176;0.044;0.027;0.049;0.042;0.032
25052;0.183;0.093;0.198;0.288;0.269;0.354;0.352;0.698;0.178;0.046;0.027;0.049;0.039;0.034
25053;0.181;0.095;0.178;0.288;0.271;0.356;0.349;0.696;0.181;0.046;0.027;0.051;0.039;0.029
25054;0.183;0.093;0.183;0.288;0.273;0.354;0.344;0.696;0.186;0.044;0.024;0.051;0.042;0.032
25055;0.181;0.095;0.188;0.293;0.273;0.354;0.339;0.696;0.188;0.044;0.024;0.049;0.044;0.034
25056;0.181;0.095;0.186;0.291;0.273;0.356;0.334;0.698;0.195;0.046;0.024;0.049;0.042;0.029
25057;0.181;0.095;0.171;0.291;0.276;0.356;0.332;0.698;0.2;0.046;0.024;0.049;0.042;0.032
25058;0.178;0.093;0.181;0.286;0.273;0.356;0.33;0.696;0.208;0.046;0.024;0.051;0.044;0.032
25059;0.176;0.093;0.181;0.286;0.271;0.359;0.33;0.693;0.212;0.046;0.027;0.051;0.046;0.032
25060;0.178;0.093;0.166;0.286;0.271;0.359;0.33;0.693;0.217;0.049;0.024;0.049;0.044;0.034
25061;0.176;0.093;0.178;0.288;0.269;0.356;0.33;0.693;0.22;0.046;0.027;0.049;0.046;0.032
25062;0.178;0.093;0.173;0.288;0.266;0.354;0.334;0.693;0.227;0.046;0.027;0.051;0.046;0.034
25063;0.176;0.095;0.168;0.288;0.266;0.356;0.337;0.696;0.232;0.044;0.024;0.051;0.046;0.032
25064;0.178;0.095;0.164;0.291;0.264;0.354;0.339;0.693;0.234;0.046;0.024;0.051;0.044;0.032
25065;0.181;0.095;0.149;0.291;0.264;0.354;0.342;0.696;0.237;0.046;0.029;0.051;0.046;0.032
25066;0.181;0.095;0.178;0.288;0.264;0.352;0.342;0.693;0.244;0.044;0.027;0.051;0.049;0.034
25067;0.181;0.093;0.166;0.286;0.264;0.352;0.342;0.696;0.249;0.046;0.027;0.049;0.046;0.029
25068;0.178;0.095;0.168;0.286;0.264;0.352;0.339;0.693;0.251;0.049;0.027;0.051;0.046;0.032
25069;0.181;0.093;0.178;0.288;0.266;0.349;0.339;0.691;0.251;0.044;0.027;0.051;0.049;0.032
25070;0.181;0.093;0.173;0.291;0.269;0.347;0.337;0.691;0.261;0.046;0.024;0.051;0.049;0.034
25071;0.181;0.093;0.168;0.291;0.269;0.349;0.339;0.691;0.266;0.044;0.027;0.049;0.044;0.032
25072;0.178;0.093;0.161;0.291;0.266;0.347;0.339;0.691;0.271;0.046;0.027;0.051;0.051;0.032
25073;0.181;0.093;0.166;0.293;0.266;0.347;0.337;0.693;0.264;0.044;0.027;0.051;0.051;0.034
25074;0.181;0.095;0.176;0.291;0.269;0.347;0.337;0.693;0.276;0.044;0.027;0.051;0.051;0.032
25075;0.178;0.095;0.181;0.293;0.266;0.342;0.334;0.693;0.281;0.046;0.027;0.051;0.054;0.034
25076;0.178;0.093;0.181;0.293;0.266;0.344;0.337;0.693;0.281;0.046;0.027;0.049;0.051;0.029
25077;0.178;0.093;0.19;0.293;0.264;0.347;0.334;0.693;0.286;0.042;0.029;0.054;0.054;0.034
25078;0.178;0.093;0.168;0.293;0.264;0.347;0.342;0.693;0.281;0.046;0.027;0.051;0.051;0.034
25079;0.181;0.093;0.164;0.293;0.261;0.347;0.339;0.693;0.271;0.042;0.029;0.049;0.054;0.032
25080;0.176;0.095;0.168;0.293;0.264;0.347;0.339;0.693;0.303;0.037;0.02;0.049;0.054;0.032
25081;0.181;0.093;0.186;0.293;0.264;0.347;0.339;0.693;0.283;0.044;0.029;0.049;0.054;0.032
25082;0.178;0.098;0.176;0.293;0.266;0.349;0.339;0.693;0.298;0.044;0.027;0.051;0.056;0.029
25083;0.176;0.095;0.178;0.291;0.264;0.347;0.342;0.691;0.293;0.044;0.027;0.049;0.054;0.032
25084;0.176;0.095;0.166;0.291;0.264;0.347;0.339;0.693;0.293;0.044;0.029;0.051;0.056;0.037
25085;0.178;0.095;0.161;0.291;0.269;0.347;0.339;0.693;0.3;0.044;0.029;0.051;0.059;0.034
25086;0.176;0.093;0.164;0.291;0.266;0.349;0.337;0.693;0.317;0.034;0.022;0.049;0.054;0.032
25087;0.181;0.095;0.159;0.293;0.264;0.352;0.334;0.696;0.295;0.044;0.029;0.051;0.059;0.034
25088;0.181;0.093;0.159;0.291;0.266;0.349;0.332;0.693;0.31;0.046;0.027;0.046;0.056;0.032
25089;0.178;0.095;0.161;0.291;0.264;0.352;0.332;0.693;0.303;0.044;0.029;0.049;0.059;0.034
25090;0.178;0.093;0.149;0.288;0.264;0.352;0.33;0.691;0.288;0.046;0.032;0.049;0.061;0.037
25091;0.181;0.093;0.146;0.288;0.261;0.349;0.33;0.691;0.281;0.046;0.027;0.049;0.066;0.034
25092;0.178;0.093;0.149;0.288;0.261;0.349;0.332;0.691;0.322;0.044;0.032;0.051;0.059;0.029
25093;0.178;0.093;0.149;0.283;0.259;0.352;0.334;0.691;0.325;0.046;0.027;0.049;0.061;0.032
25094;0.178;0.09;0.146;0.281;0.259;0.349;0.334;0.691;0.31;0.044;0.032;0.049;0.066;0.034
25095;0.178;0.093;0.149;0.283;0.256;0.347;0.337;0.693;0.356;0.037;0.022;0.049;0.066;0.037
25096;0.181;0.093;0.146;0.281;0.259;0.347;0.339;0.691;0.322;0.042;0.029;0.049;0.061;0.032
25097;0.183;0.093;0.139;0.278;0.259;0.344;0.339;0.688;0.312;0.044;0.029;0.051;0.061;0.034
25098;0.181;0.093;0.137;0.278;0.261;0.347;0.342;0.688;0.31;0.046;0.032;0.049;0.059;0.032
25099;0.183;0.093;0.137;0.278;0.259;0.347;0.342;0.691;0.339;0.046;0.029;0.051;0.061;0.032
25100;0.181;0.093;0.139;0.276;0.261;0.347;0.339;0.686;0.347;0.046;0.029;0.051;0.063;0.034
25101;0.181;0.09;0.134;0.273;0.264;0.349;0.337;0.688;0.337;0.044;0.029;0.051;0.059;0.027
25102;0.183;0.088;0.139;0.273;0.261;0.349;0.334;0.686;0.359;0.044;0.027;0.049;0.063;0.032
25103;0.183;0.09;0.134;0.271;0.264;0.349;0.33;0.686;0.361;0.046;0.029;0.049;0.063;0.032
25104;0.183;0.088;0.139;0.271;0.266;0.349;0.327;0.688;0.364;0.046;0.029;0.049;0.063;0.034
25105;0.183;0.088;0.139;0.273;0.269;0.352;0.33;0.688;0.366;0.046;0.029;0.051;0.066;0.034
25106;0.186;0.085;0.139;0.273;0.269;0.347;0.33;0.686;0.378;0.046;0.032;0.051;0.063;0.027
25107;0.183;0.088;0.137;0.273;0.266;0.349;0.33;0.686;0.366;0.046;0.027;0.051;0.066;0.037
25108;0.186;0.085;0.139;0.273;0.269;0.344;0.332;0.686;0.391;0.044;0.029;0.051;0.066;0.034
25109;0.186;0.09;0.139;0.276;0.266;0.344;0.332;0.686;0.378;0.046;0.029;0.049;0.063;0.029
25110;0.183;0.088;0.132;0.276;0.266;0.342;0.334;0.686;0.393;0.046;0.032;0.049;0.066;0.032
25111;0.181;0.085;0.134;0.276;0.269;0.344;0.332;0.686;0.393;0.051;0.034;0.051;0.066;0.032
25112;0.183;0.085;0.134;0.278;0.266;0.342;0.334;0.686;0.398;0.049;0.032;0.051;0.066;0.034
25113;0.181;0.083;0.137;0.273;0.266;0.339;0.332;0.684;0.396;0.051;0.029;0.049;0.066;0.034
25114;0.181;0.085;0.132;0.273;0.264;0.342;0.332;0.686;0.398;0.049;0.027;0.049;0.068;0.032
25115;0.181;0.085;0.137;0.271;0.264;0.344;0.332;0.686;0.396;0.046;0.032;0.051;0.066;0.029
25116;0.183;0.085;0.134;0.271;0.264;0.344;0.332;0.686;0.398;0.049;0.029;0.051;0.071;0.034
25117;0.181;0.085;0.134;0.273;0.261;0.347;0.332;0.684;0.396;0.046;0.032;0.049;0.071;0.032
25118;0.181;0.085;0.134;0.273;0.261;0.347;0.33;0.688;0.393;0.049;0.032;0.051;0.068;0.029
25119;0.178;0.085;0.134;0.271;0.261;0.349;0.33;0.684;0.391;0.046;0.032;0.049;0.068;0.029
25120;0.181;0.085;0.139;0.269;0.259;0.352;0.332;0.684;0.391;0.049;0.029;0.051;0.071;0.034
25121;0.178;0.088;0.134;0.269;0.261;0.352;0.334;0.686;0.388;0.049;0.032;0.051;0.071;0.032
25122;0.181;0.088;0.137;0.269;0.261;0.352;0.337;0.684;0.386;0.049;0.032;0.051;0.068;0.029
25123;0.181;0.085;0.137;0.269;0.261;0.354;0.342;0.684;0.381;0.049;0.032;0.051;0.071;0.034
25124;0.178;0.085;0.137;0.266;0.261;0.352;0.339;0.681;0.378;0.049;0.032;0.051;0.068;0.032
25125;0.181;0.085;0.142;0.269;0.261;0.349;0.342;0.684;0.374;0.049;0.034;0.054;0.073;0.034
25126;0.181;0.085;0.139;0.271;0.261;0.349;0.337;0.684;0.374;0.054;0.034;0.051;0.073;0.029
25127;0.178;0.088;0.137;0.269;0.264;0.347;0.337;0.686;0.369;0.049;0.034;0.051;0.076;0.032
25128;0.183;0.085;0.137;0.269;0.261;0.347;0.334;0.684;0.364;0.051;0.037;0.051;0.073;0.032
25129;0.183;0.083;0.137;0.269;0.264;0.347;0.334;0.686;0.359;0.049;0.032;0.051;0.071;0.029
25130;0.183;0.085;0.139;0.266;0.264;0.347;0.33;0.686;0.356;0.049;0.034;0.049;0.078;0.032
25131;0.183;0.085;0.142;0.269;0.264;0.347;0.332;0.686;0.354;0.049;0.034;0.049;0.076;0.032
25132;0.186;0.085;0.142;0.273;0.261;0.349;0.33;0.684;0.352;0.049;0.034;0.051;0.073;0.032
25133;0.183;0.081;0.142;0.273;0.259;0.349;0.332;0.681;0.347;0.049;0.034;0.051;0.073;0.029
25134;0.183;0.083;0.139;0.273;0.259;0.349;0.334;0.686;0.344;0.051;0.034;0.051;0.073;0.032
25135;0.181;0.083;0.142;0.273;0.259;0.352;0.334;0.686;0.337;0.054;0.032;0.049;0.076;0.034
25136;0.183;0.083;0.139;0.271;0.259;0.349;0.334;0.686;0.332;0.051;0.032;0.051;0.073;0.032
25137;0.181;0.081;0.139;0.271;0.259;0.352;0.337;0.688;0.332;0.051;0.032;0.051;0.073;0.032
25138;0.178;0.081;0.142;0.271;0.256;0.352;0.337;0.688;0.327;0.051;0.032;0.051;0.073;0.029
25139;0.178;0.081;0.139;0.269;0.256;0.349;0.332;0.686;0.322;0.051;0.032;0.049;0.073;0.029
25140;0.178;0.081;0.142;0.269;0.256;0.347;0.334;0.691;0.317;0.051;0.032;0.051;0.076;0.032
25141;0.176;0.083;0.137;0.273;0.259;0.349;0.334;0.691;0.315;0.051;0.032;0.049;0.076;0.032
25142;0.178;0.083;0.137;0.269;0.256;0.349;0.332;0.691;0.31;0.049;0.032;0.046;0.076;0.029
25143;0.176;0.081;0.137;0.269;0.256;0.347;0.332;0.688;0.305;0.051;0.032;0.051;0.076;0.032
25144;0.178;0.083;0.134;0.271;0.261;0.344;0.33;0.688;0.303;0.051;0.032;0.049;0.076;0.032
25145;0.178;0.083;0.132;0.271;0.261;0.347;0.332;0.686;0.3;0.054;0.029;0.051;0.073;0.029
25146;0.181;0.081;0.137;0.271;0.261;0.349;0.332;0.688;0.293;0.051;0.027;0.046;0.076;0.034
25147;0.181;0.085;0.139;0.276;0.261;0.347;0.334;0.688;0.291;0.051;0.034;0.049;0.076;0.024
25148;0.181;0.081;0.139;0.273;0.264;0.349;0.339;0.688;0.288;0.046;0.034;0.049;0.076;0.032
25149;0.181;0.083;0.134;0.273;0.264;0.347;0.337;0.688;0.286;0.049;0.032;0.051;0.076;0.029
25150;0.183;0.083;0.134;0.276;0.264;0.349;0.339;0.688;0.281;0.044;0.032;0.051;0.078;0.029
25151;0.183;0.083;0.134;0.273;0.261;0.349;0.337;0.691;0.276;0.044;0.032;0.051;0.078;0.032
25152;0.181;0.083;0.137;0.273;0.261;0.349;0.339;0.691;0.273;0.044;0.032;0.051;0.076;0.029
25153;0.183;0.085;0.139;0.273;0.261;0.349;0.334;0.691;0.269;0.042;0.032;0.051;0.078;0.027
25154;0.181;0.081;0.139;0.273;0.264;0.349;0.332;0.688;0.269;0.042;0.034;0.051;0.076;0.032
25155;0.183;0.081;0.139;0.271;0.261;0.344;0.327;0.688;0.264;0.044;0.032;0.051;0.078;0.029
25156;0.183;0.083;0.137;0.273;0.259;0.344;0.325;0.688;0.261;0.044;0.032;0.049;0.081;0.029
25157;0.183;0.083;0.137;0.273;0.261;0.344;0.325;0.691;0.259;0.039;0.029;0.049;0.081;0.034
25158;0.181;0.083;0.137;0.271;0.261;0.342;0.322;0.686;0.256;0.042;0.029;0.051;0.076;0.024
25159;0.181;0.081;0.137;0.271;0.264;0.342;0.325;0.691;0.256;0.039;0.032;0.049;0.078;0.029
25160;0.183;0.081;0.139;0.271;0.264;0.339;0.325;0.691;0.249;0.039;0.029;0.051;0.078;0.027
25161;0.181;0.078;0.142;0.271;0.264;0.342;0.327;0.691;0.247;0.037;0.032;0.051;0.076;0.032
25162;0.181;0.081;0.139;0.269;0.266;0.342;0.327;0.691;0.247;0.039;0.029;0.049;0.078;0.029
25163;0.183;0.081;0.142;0.273;0.269;0.339;0.33;0.691;0.239;0.037;0.027;0.051;0.081;0.029
25164;0.181;0.081;0.142;0.269;0.271;0.339;0.33;0.688;0.239;0.039;0.029;0.051;0.081;0.032
25165;0.181;0.078;0.144;0.269;0.271;0.339;0.334;0.691;0.239;0.037;0.029;0.049;0.078;0.032
25166;0.183;0.081;0.142;0.271;0.271;0.342;0.337;0.691;0.234;0.037;0.029;0.051;0.078;0.032
25167;0.181;0.081;0.144;0.271;0.273;0.339;0.339;0.691;0.227;0.037;0.029;0.054;0.078;0.027
25168;0.181;0.081;0.149;0.271;0.273;0.344;0.344;0.691;0.229;0.039;0.027;0.051;0.078;0.032
25169;0.181;0.078;0.151;0.271;0.276;0.342;0.347;0.691;0.222;0.039;0.027;0.049;0.076;0.029
25170;0.178;0.078;0.149;0.269;0.271;0.342;0.344;0.691;0.227;0.039;0.024;0.049;0.078;0.029
25171;0.181;0.078;0.149;0.266;0.271;0.342;0.347;0.688;0.225;0.037;0.027;0.051;0.081;0.032
25172;0.183;0.076;0.146;0.266;0.271;0.342;0.344;0.693;0.217;0.042;0.027;0.051;0.081;0.027
25173;0.183;0.078;0.151;0.266;0.271;0.339;0.344;0.691;0.22;0.039;0.027;0.051;0.081;0.029
25174;0.181;0.078;0.149;0.266;0.271;0.339;0.339;0.691;0.217;0.037;0.024;0.049;0.083;0.034
25175;0.181;0.081;0.149;0.266;0.271;0.339;0.337;0.691;0.215;0.034;0.027;0.051;0.081;0.029
25176;0.183;0.078;0.151;0.264;0.273;0.339;0.334;0.688;0.215;0.039;0.024;0.049;0.081;0.029
25177;0.183;0.078;0.156;0.266;0.273;0.339;0.334;0.688;0.212;0.037;0.024;0.051;0.078;0.029
25178;0.183;0.078;0.156;0.264;0.276;0.339;0.332;0.688;0.21;0.034;0.027;0.051;0.078;0.029
25179;0.183;0.076;0.156;0.266;0.281;0.342;0.334;0.688;0.21;0.039;0.027;0.051;0.081;0.029
25180;0.186;0.078;0.159;0.264;0.276;0.342;0.332;0.688;0.205;0.039;0.027;0.051;0.081;0.032
25181;0.183;0.078;0.156;0.264;0.278;0.342;0.332;0.691;0.203;0.042;0.027;0.051;0.081;0.029
25182;0.181;0.078;0.159;0.264;0.276;0.344;0.334;0.688;0.198;0.042;0.027;0.051;0.078;0.024
25183;0.181;0.078;0.164;0.266;0.278;0.344;0.334;0.688;0.198;0.042;0.027;0.049;0.085;0.034
25184;0.181;0.078;0.159;0.266;0.278;0.344;0.334;0.691;0.195;0.039;0.027;0.051;0.081;0.029
25185;0.181;0.078;0.161;0.266;0.276;0.344;0.332;0.688;0.2;0.042;0.027;0.051;0.081;0.029
25186;0.181;0.076;0.161;0.264;0.278;0.342;0.334;0.688;0.2;0.039;0.024;0.051;0.081;0.029
25187;0.181;0.078;0.166;0.266;0.276;0.344;0.33;0.688;0.203;0.039;0.027;0.051;0.085;0.029
25188;0.183;0.076;0.166;0.269;0.276;0.342;0.33;0.691;0.198;0.042;0.024;0.049;0.083;0.029
25189;0.181;0.073;0.161;0.269;0.276;0.339;0.33;0.688;0.198;0.039;0.022;0.049;0.081;0.029
25190;0.183;0.078;0.166;0.271;0.276;0.342;0.33;0.688;0.195;0.042;0.022;0.051;0.083;0.029
25191;0.181;0.078;0.164;0.271;0.278;0.339;0.332;0.686;0.195;0.042;0.027;0.051;0.081;0.024
25192;0.183;0.076;0.168;0.273;0.278;0.334;0.334;0.688;0.193;0.042;0.027;0.054;0.081;0.032
25193;0.186;0.073;0.166;0.273;0.278;0.337;0.334;0.688;0.193;0.039;0.024;0.051;0.083;0.029
25194;0.183;0.076;0.171;0.273;0.278;0.334;0.337;0.686;0.19;0.039;0.024;0.049;0.078;0.032
25195;0.186;0.073;0.176;0.273;0.278;0.337;0.342;0.686;0.193;0.042;0.024;0.051;0.078;0.029
25196;0.188;0.073;0.188;0.278;0.276;0.334;0.339;0.686;0.19;0.044;0.024;0.051;0.083;0.029
25197;0.186;0.073;0.186;0.273;0.278;0.337;0.339;0.688;0.19;0.042;0.027;0.051;0.081;0.027
25198;0.188;0.073;0.251;0.276;0.276;0.337;0.339;0.688;0.188;0.044;0.027;0.051;0.081;0.029
25199;0.186;0.073;0.366;0.276;0.276;0.337;0.337;0.688;0.188;0.042;0.029;0.054;0.081;0.024
25200;0.188;0.073;0.515;0.276;0.276;0.337;0.33;0.686;0.19;0.042;0.027;0.049;0.083;0.032
25201;0.188;0.071;0.537;0.278;0.273;0.339;0.33;0.688;0.186;0.042;0.024;0.054;0.078;0.027
25202;0.19;0.071;1.135;0.281;0.273;0.339;0.325;0.686;0.186;0.044;0.027;0.051;0.081;0.029
25203;0.19;0.071;1.16;0.281;0.273;0.342;0.322;0.688;0.186;0.044;0.027;0.051;0.081;0.027
25204;0.19;0.068;4.924;0.283;0.273;0.342;0.325;0.688;0.183;0.044;0.022;0.049;0.078;0.024
25205;0.19;0.068;1.235;0.281;0.273;0.339;0.325;0.691;0.186;0.044;0.024;0.051;0.083;0.029
25206;0.193;0.071;0.715;0.281;0.271;0.337;0.327;0.691;0.183;0.046;0.024;0.049;0.081;0.027
25207;0.19;0.068;0.474;0.281;0.273;0.337;0.327;0.688;0.183;0.046;0.024;0.051;0.083;0.024
25208;0.193;0.071;0.366;0.281;0.273;0.337;0.33;0.688;0.181;0.044;0.022;0.051;0.083;0.027
25209;0.19;0.068;0.327;0.281;0.273;0.337;0.332;0.691;0.183;0.044;0.022;0.051;0.083;0.027
25210;0.19;0.068;0.469;0.281;0.271;0.337;0.332;0.691;0.183;0.044;0.024;0.049;0.083;0.032
25211;0.19;0.068;4.998;0.278;0.271;0.334;0.332;0.688;0.183;0.049;0.027;0.051;0.083;0.027
25212;0.19;0.071;4.998;0.276;0.271;0.337;0.332;0.688;0.183;0.046;0.024;0.049;0.083;0.029
25213;0.19;0.071;4.998;0.273;0.271;0.334;0.334;0.688;0.183;0.046;0.027;0.051;0.083;0.024
25214;0.188;0.066;4.998;0.273;0.269;0.339;0.332;0.688;0.186;0.049;0.027;0.051;0.078;0.027
25215;0.19;0.068;3.713;0.271;0.269;0.344;0.332;0.691;0.186;0.044;0.024;0.051;0.083;0.027
25216;0.188;0.068;1.873;0.273;0.271;0.344;0.332;0.688;0.183;0.049;0.024;0.049;0.081;0.029
25217;0.188;0.068;1.055;0.271;0.269;0.342;0.334;0.688;0.181;0.051;0.024;0.049;0.083;0.027
25218;0.188;0.068;0.684;0.271;0.269;0.344;0.332;0.691;0.183;0.049;0.024;0.051;0.083;0.029
25219;0.188;0.066;4.998;0.271;0.269;0.344;0.332;0.691;0.183;0.044;0.024;0.051;0.083;0.027
25220;0.186;0.061;4.998;0.264;0.271;0.344;0.334;0.691;0.183;0.046;0.024;0.051;0.083;0.029
25221;0.19;0.066;4.998;0.269;0.269;0.344;0.337;0.691;0.183;0.044;0.024;0.051;0.083;0.029
25222;0.19;0.068;4.998;0.271;0.269;0.344;0.334;0.691;0.183;0.046;0.024;0.051;0.078;0.02
25223;0.188;0.068;4.998;0.269;0.269;0.344;0.337;0.691;0.183;0.044;0.022;0.049;0.085;0.029
25224;0.186;0.068;4.998;0.269;0.273;0.344;0.334;0.688;0.181;0.044;0.022;0.049;0.083;0.027
25225;0.19;0.068;2.737;0.271;0.273;0.342;0.33;0.691;0.183;0.046;0.024;0.049;0.081;0.027
25226;0.19;0.071;1.47;0.271;0.271;0.342;0.33;0.688;0.186;0.044;0.022;0.049;0.083;0.027
25227;0.19;0.066;2.285;0.273;0.273;0.342;0.327;0.691;0.186;0.044;0.022;0.051;0.078;0.024
25228;0.188;0.071;1.545;0.269;0.273;0.342;0.322;0.688;0.19;0.044;0.02;0.051;0.088;0.032
25229;0.19;0.068;1.152;0.269;0.273;0.342;0.317;0.688;0.193;0.044;0.022;0.051;0.081;0.027
25230;0.19;0.068;1.157;0.266;0.273;0.344;0.32;0.688;0.198;0.042;0.024;0.051;0.083;0.032
25231;0.19;0.068;0.732;0.269;0.276;0.344;0.317;0.686;0.203;0.042;0.024;0.051;0.078;0.024
25232;0.19;0.066;0.442;0.269;0.276;0.347;0.32;0.688;0.21;0.042;0.022;0.049;0.083;0.032
25233;0.19;0.066;0.261;0.269;0.276;0.347;0.32;0.686;0.215;0.044;0.024;0.051;0.083;0.029
25234;0.188;0.066;0.261;0.266;0.276;0.349;0.322;0.686;0.22;0.042;0.024;0.049;0.083;0.029
25235;0.19;0.066;0.286;0.266;0.278;0.347;0.325;0.686;0.222;0.042;0.022;0.051;0.083;0.027
25236;0.193;0.068;0.264;0.264;0.281;0.349;0.325;0.684;0.232;0.042;0.022;0.049;0.078;0.027
25237;0.193;0.063;0.278;0.264;0.281;0.352;0.325;0.686;0.234;0.039;0.024;0.051;0.083;0.027
25238;0.19;0.066;0.437;0.266;0.281;0.352;0.322;0.686;0.242;0.042;0.024;0.051;0.081;0.029
25239;0.193;0.063;0.535;0.269;0.281;0.349;0.325;0.686;0.249;0.039;0.022;0.051;0.081;0.027
25240;0.19;0.063;0.525;0.269;0.281;0.352;0.325;0.688;0.251;0.039;0.024;0.051;0.083;0.029
25241;0.19;0.066;0.647;0.269;0.283;0.349;0.327;0.686;0.256;0.039;0.024;0.051;0.078;0.027
25242;0.19;0.063;0.576;0.269;0.283;0.349;0.325;0.686;0.261;0.039;0.022;0.051;0.081;0.027
25243;0.19;0.063;0.442;0.269;0.281;0.347;0.325;0.688;0.264;0.039;0.024;0.051;0.081;0.029
25244;0.188;0.063;0.574;0.271;0.281;0.349;0.327;0.686;0.266;0.039;0.024;0.049;0.081;0.029
25245;0.188;0.063;0.818;0.269;0.276;0.347;0.322;0.686;0.271;0.037;0.022;0.051;0.078;0.027
25246;0.19;0.063;1.028;0.271;0.276;0.344;0.327;0.686;0.278;0.039;0.024;0.051;0.078;0.029
25247;0.19;0.063;1.121;0.269;0.273;0.344;0.325;0.686;0.278;0.037;0.024;0.051;0.078;0.029
25248;0.19;0.063;1.14;0.273;0.271;0.344;0.327;0.684;0.283;0.037;0.024;0.051;0.078;0.029
25249;0.19;0.063;4.998;0.271;0.273;0.344;0.327;0.684;0.286;0.039;0.024;0.051;0.081;0.027
25250;0.19;0.066;4.998;0.273;0.269;0.347;0.327;0.686;0.288;0.034;0.024;0.049;0.071;0.024
25251;0.19;0.063;4.998;0.276;0.271;0.352;0.327;0.684;0.293;0.039;0.024;0.054;0.081;0.029
25252;0.193;0.063;4.998;0.278;0.266;0.347;0.33;0.684;0.293;0.037;0.027;0.049;0.073;0.027
25253;0.19;0.066;4.998;0.276;0.264;0.349;0.33;0.684;0.295;0.034;0.022;0.049;0.078;0.029
25254;0.19;0.066;4.998;0.281;0.261;0.349;0.33;0.684;0.298;0.034;0.02;0.051;0.078;0.032
25255;0.188;0.063;4.998;0.278;0.259;0.352;0.327;0.681;0.3;0.037;0.024;0.051;0.078;0.029
25256;0.19;0.063;4.998;0.283;0.259;0.349;0.327;0.679;0.305;0.039;0.027;0.051;0.078;0.029
25257;0.19;0.066;4.998;0.281;0.261;0.344;0.332;0.681;0.303;0.039;0.024;0.051;0.078;0.029
25258;0.19;0.068;4.998;0.286;0.259;0.347;0.327;0.679;0.308;0.042;0.029;0.051;0.081;0.034
25259;0.193;0.066;4.998;0.283;0.259;0.347;0.325;0.679;0.305;0.039;0.024;0.051;0.076;0.029
25260;0.193;0.063;4.998;0.286;0.261;0.344;0.325;0.679;0.305;0.034;0.024;0.051;0.076;0.029
25261;0.193;0.063;4.998;0.281;0.261;0.344;0.325;0.681;0.308;0.037;0.022;0.051;0.076;0.029
25262;0.193;0.063;4.998;0.278;0.261;0.344;0.325;0.684;0.31;0.037;0.022;0.049;0.076;0.029
25263;0.19;0.063;4.998;0.276;0.264;0.342;0.327;0.684;0.31;0.037;0.024;0.051;0.076;0.032
25264;0.19;0.063;4.998;0.273;0.266;0.342;0.327;0.684;0.31;0.039;0.024;0.051;0.073;0.027
25265;0.193;0.063;4.998;0.271;0.266;0.342;0.33;0.684;0.305;0.037;0.024;0.051;0.076;0.032
25266;0.193;0.066;4.998;0.266;0.269;0.344;0.33;0.684;0.305;0.034;0.02;0.051;0.078;0.034
25267;0.19;0.068;4.998;0.264;0.269;0.342;0.33;0.684;0.303;0.037;0.022;0.054;0.078;0.034
25268;0.19;0.066;4.998;0.264;0.271;0.342;0.327;0.686;0.3;0.039;0.022;0.054;0.076;0.029
25269;0.19;0.066;4.998;0.259;0.271;0.342;0.325;0.688;0.3;0.037;0.022;0.051;0.076;0.032
25270;0.188;0.066;4.998;0.259;0.276;0.344;0.325;0.686;0.295;0.034;0.017;0.051;0.073;0.029
25271;0.19;0.066;4.998;0.259;0.278;0.344;0.322;0.686;0.293;0.037;0.022;0.054;0.076;0.032
25272;0.188;0.063;3.101;0.256;0.278;0.344;0.322;0.688;0.293;0.039;0.02;0.049;0.073;0.032
25273;0.186;0.066;1.597;0.254;0.273;0.344;0.317;0.688;0.293;0.039;0.022;0.051;0.071;0.029
25274;0.186;0.066;0.886;0.254;0.273;0.344;0.317;0.688;0.288;0.039;0.022;0.054;0.073;0.032
25275;0.188;0.066;0.559;0.254;0.273;0.342;0.317;0.691;0.286;0.039;0.024;0.054;0.073;0.032
25276;0.183;0.063;0.403;0.256;0.276;0.342;0.32;0.688;0.283;0.037;0.02;0.051;0.073;0.032
25277;0.183;0.061;0.33;0.254;0.278;0.342;0.325;0.691;0.281;0.037;0.022;0.054;0.071;0.032
25278;0.186;0.063;0.308;0.254;0.278;0.342;0.327;0.691;0.281;0.039;0.022;0.051;0.073;0.032
25279;0.186;0.063;0.293;0.256;0.281;0.339;0.33;0.691;0.276;0.037;0.022;0.051;0.076;0.032
25280;0.186;0.063;0.288;0.254;0.281;0.339;0.334;0.691;0.271;0.039;0.02;0.051;0.073;0.032
25281;0.183;0.063;0.276;0.254;0.283;0.342;0.334;0.691;0.271;0.039;0.024;0.051;0.071;0.029
25282;0.183;0.063;0.276;0.256;0.281;0.339;0.339;0.691;0.266;0.037;0.022;0.049;0.071;0.032
25283;0.183;0.063;0.332;0.256;0.281;0.339;0.337;0.691;0.266;0.039;0.024;0.051;0.073;0.034
25284;0.186;0.063;0.393;0.259;0.278;0.337;0.337;0.693;0.261;0.037;0.022;0.051;0.068;0.034
25285;0.183;0.059;0.376;0.259;0.278;0.337;0.337;0.693;0.259;0.042;0.022;0.054;0.071;0.032
25286;0.183;0.061;0.396;0.259;0.278;0.337;0.339;0.691;0.256;0.042;0.024;0.051;0.071;0.032
25287;0.183;0.061;0.439;0.261;0.276;0.334;0.337;0.693;0.251;0.039;0.024;0.054;0.071;0.034
25288;0.186;0.061;0.417;0.261;0.276;0.334;0.334;0.691;0.249;0.042;0.024;0.051;0.073;0.034
25289;0.183;0.061;0.63;0.264;0.273;0.334;0.332;0.691;0.247;0.042;0.022;0.049;0.068;0.029
25290;0.186;0.063;0.474;0.264;0.276;0.334;0.334;0.691;0.247;0.042;0.024;0.051;0.068;0.034
25291;0.183;0.061;0.53;0.261;0.273;0.339;0.337;0.693;0.244;0.042;0.024;0.051;0.068;0.029
25292;0.183;0.059;0.508;0.264;0.276;0.339;0.339;0.693;0.239;0.042;0.024;0.051;0.068;0.034
25293;0.186;0.059;0.471;0.266;0.276;0.337;0.339;0.691;0.237;0.042;0.024;0.049;0.068;0.034
25294;0.183;0.061;0.642;0.269;0.278;0.339;0.342;0.688;0.234;0.039;0.024;0.051;0.066;0.032
25295;0.183;0.061;0.745;0.269;0.278;0.339;0.344;0.693;0.234;0.042;0.027;0.051;0.071;0.034
25296;0.181;0.061;0.806;0.271;0.281;0.337;0.339;0.693;0.227;0.042;0.024;0.054;0.066;0.029
25297;0.183;0.061;0.454;0.273;0.276;0.339;0.339;0.693;0.222;0.042;0.027;0.051;0.066;0.034
25298;0.183;0.061;0.964;0.276;0.281;0.339;0.339;0.691;0.222;0.042;0.027;0.051;0.068;0.034
25299;0.181;0.061;4.998;0.273;0.281;0.339;0.334;0.691;0.22;0.042;0.027;0.049;0.066;0.037
25300;0.181;0.063;4.998;0.276;0.276;0.339;0.334;0.693;0.215;0.044;0.027;0.054;0.068;0.034
25301;0.183;0.061;4.998;0.278;0.278;0.342;0.33;0.693;0.205;0.039;0.022;0.049;0.063;0.029
25302;0.183;0.063;4.998;0.278;0.273;0.342;0.33;0.691;0.212;0.046;0.029;0.051;0.063;0.029
25303;0.183;0.061;4.998;0.283;0.273;0.342;0.327;0.693;0.208;0.044;0.027;0.049;0.063;0.032
25304;0.183;0.066;4.998;0.278;0.271;0.339;0.325;0.691;0.2;0.044;0.027;0.051;0.068;0.032
25305;0.183;0.063;3.071;0.281;0.269;0.342;0.325;0.693;0.198;0.039;0.027;0.051;0.066;0.037
25306;0.186;0.061;1.807;0.281;0.266;0.339;0.327;0.696;0.195;0.044;0.029;0.051;0.066;0.032
25307;0.186;0.063;1.116;0.278;0.264;0.339;0.325;0.696;0.19;0.042;0.027;0.054;0.066;0.032
25308;0.186;0.063;0.671;0.278;0.264;0.339;0.327;0.693;0.186;0.044;0.027;0.051;0.066;0.034
25309;0.186;0.063;0.513;0.281;0.266;0.337;0.327;0.696;0.186;0.044;0.024;0.054;0.066;0.032
25310;0.181;0.063;0.459;0.281;0.266;0.337;0.327;0.693;0.186;0.044;0.027;0.054;0.063;0.034
25311;0.183;0.063;0.417;0.278;0.266;0.337;0.33;0.691;0.183;0.044;0.029;0.049;0.066;0.034
25312;0.181;0.066;0.354;0.281;0.266;0.337;0.327;0.693;0.178;0.044;0.027;0.051;0.063;0.032
25313;0.181;0.063;0.43;0.281;0.266;0.339;0.327;0.693;0.178;0.044;0.029;0.051;0.063;0.032
25314;0.181;0.066;0.427;0.278;0.271;0.339;0.327;0.693;0.176;0.042;0.027;0.051;0.066;0.032
25315;0.178;0.066;0.469;0.281;0.269;0.337;0.327;0.693;0.173;0.044;0.027;0.049;0.066;0.034
25316;0.183;0.066;0.344;0.281;0.271;0.337;0.327;0.693;0.171;0.042;0.024;0.049;0.063;0.032
25317;0.181;0.066;0.371;0.281;0.269;0.337;0.327;0.693;0.168;0.044;0.029;0.051;0.059;0.029
25318;0.181;0.066;0.378;0.281;0.271;0.334;0.327;0.691;0.168;0.044;0.027;0.054;0.066;0.034
25319;0.181;0.068;0.422;0.281;0.271;0.337;0.325;0.693;0.168;0.044;0.027;0.051;0.061;0.032
25320;0.178;0.066;0.376;0.281;0.271;0.337;0.325;0.693;0.168;0.044;0.027;0.049;0.066;0.032
25321;0.183;0.068;0.432;0.281;0.271;0.339;0.325;0.691;0.168;0.046;0.027;0.051;0.063;0.032
25322;0.181;0.068;0.391;0.278;0.271;0.339;0.325;0.688;0.168;0.046;0.027;0.049;0.061;0.034
25323;0.181;0.068;0.757;0.278;0.273;0.337;0.327;0.691;0.168;0.044;0.027;0.051;0.063;0.029
25324;0.181;0.066;1.24;0.273;0.273;0.337;0.325;0.688;0.166;0.044;0.024;0.051;0.063;0.032
25325;0.183;0.068;1.348;0.273;0.273;0.337;0.327;0.691;0.166;0.044;0.027;0.051;0.063;0.032
25326;0.183;0.068;1.348;0.276;0.271;0.337;0.33;0.688;0.164;0.044;0.027;0.049;0.066;0.034
25327;0.181;0.066;4.998;0.271;0.269;0.334;0.327;0.688;0.164;0.044;0.027;0.049;0.061;0.032
25328;0.183;0.068;4.998;0.276;0.266;0.337;0.325;0.691;0.161;0.044;0.027;0.051;0.063;0.034
25329;0.183;0.066;4.998;0.273;0.266;0.337;0.327;0.691;0.164;0.046;0.027;0.051;0.061;0.029
25330;0.181;0.068;4.998;0.269;0.266;0.337;0.325;0.691;0.161;0.046;0.029;0.054;0.059;0.027
25331;0.181;0.066;4.998;0.269;0.266;0.337;0.322;0.688;0.161;0.046;0.024;0.051;0.063;0.032
25332;0.181;0.068;4.998;0.269;0.264;0.337;0.325;0.691;0.161;0.046;0.027;0.051;0.063;0.034
25333;0.181;0.066;4.998;0.271;0.261;0.339;0.325;0.688;0.161;0.046;0.029;0.051;0.061;0.029
25334;0.181;0.068;4.998;0.266;0.264;0.337;0.327;0.688;0.164;0.046;0.029;0.051;0.061;0.032
25335;0.181;0.066;4.998;0.269;0.264;0.339;0.325;0.691;0.164;0.049;0.029;0.049;0.063;0.032
25336;0.181;0.066;4.998;0.266;0.264;0.342;0.327;0.688;0.164;0.049;0.029;0.051;0.061;0.029
25337;0.181;0.066;4.998;0.264;0.264;0.342;0.325;0.688;0.164;0.046;0.027;0.051;0.063;0.034
25338;0.181;0.066;4.998;0.259;0.266;0.342;0.327;0.688;0.166;0.049;0.029;0.049;0.063;0.029
25339;0.181;0.066;4.998;0.259;0.266;0.344;0.327;0.688;0.168;0.051;0.034;0.051;0.059;0.032
25340;0.181;0.066;4.998;0.254;0.266;0.347;0.325;0.688;0.166;0.049;0.029;0.051;0.066;0.034
25341;0.183;0.066;4.998;0.251;0.266;0.344;0.327;0.691;0.166;0.049;0.029;0.051;0.063;0.029
25342;0.181;0.066;4.998;0.251;0.264;0.344;0.327;0.688;0.168;0.051;0.029;0.051;0.063;0.034
25343;0.181;0.063;4.998;0.251;0.266;0.342;0.322;0.686;0.171;0.051;0.029;0.051;0.063;0.029
25344;0.178;0.066;4.998;0.249;0.261;0.347;0.325;0.686;0.173;0.049;0.029;0.054;0.061;0.027
25345;0.178;0.063;4.998;0.249;0.264;0.342;0.32;0.686;0.173;0.051;0.027;0.049;0.063;0.034
25346;0.181;0.066;4.998;0.251;0.261;0.342;0.32;0.686;0.173;0.051;0.027;0.049;0.061;0.032
25347;0.181;0.063;4.998;0.251;0.264;0.342;0.32;0.686;0.178;0.049;0.029;0.051;0.061;0.029
25348;0.183;0.063;4.998;0.256;0.261;0.344;0.32;0.686;0.178;0.054;0.032;0.049;0.063;0.034
25349;0.178;0.063;4.998;0.254;0.261;0.342;0.322;0.684;0.178;0.049;0.027;0.049;0.061;0.029
25350;0.181;0.066;4.998;0.254;0.261;0.342;0.32;0.684;0.186;0.051;0.029;0.054;0.063;0.029
25351;0.183;0.066;4.998;0.259;0.259;0.344;0.322;0.686;0.183;0.054;0.027;0.051;0.061;0.032
25352;0.181;0.066;4.998;0.259;0.259;0.344;0.32;0.684;0.186;0.056;0.029;0.051;0.063;0.034
25353;0.183;0.066;4.998;0.259;0.259;0.344;0.317;0.686;0.188;0.054;0.029;0.049;0.061;0.029
25354;0.183;0.066;4.998;0.259;0.256;0.347;0.317;0.684;0.19;0.054;0.027;0.049;0.059;0.027
25355;0.181;0.066;4.998;0.261;0.256;0.344;0.315;0.684;0.19;0.054;0.027;0.049;0.061;0.029
25356;0.183;0.063;4.998;0.261;0.256;0.344;0.315;0.686;0.193;0.054;0.027;0.051;0.061;0.029
25357;0.181;0.066;4.998;0.261;0.256;0.344;0.31;0.684;0.19;0.051;0.024;0.051;0.061;0.032
25358;0.181;0.066;4.998;0.261;0.256;0.347;0.31;0.686;0.195;0.054;0.027;0.051;0.063;0.032
25359;0.181;0.066;4.998;0.259;0.259;0.347;0.312;0.686;0.198;0.054;0.027;0.049;0.061;0.029
25360;0.183;0.068;4.998;0.256;0.261;0.347;0.312;0.684;0.198;0.056;0.027;0.049;0.061;0.029
25361;0.181;0.068;4.998;0.259;0.264;0.347;0.317;0.684;0.198;0.054;0.027;0.049;0.061;0.029
25362;0.183;0.066;4.998;0.254;0.264;0.347;0.315;0.686;0.2;0.056;0.027;0.051;0.059;0.034
25363;0.178;0.066;4.998;0.254;0.266;0.347;0.317;0.684;0.203;0.056;0.027;0.051;0.061;0.032
25364;0.183;0.068;4.998;0.254;0.266;0.347;0.32;0.686;0.205;0.056;0.027;0.051;0.061;0.034
25365;0.181;0.068;4.998;0.254;0.266;0.347;0.317;0.686;0.205;0.059;0.027;0.049;0.059;0.029
25366;0.186;0.068;4.998;0.254;0.266;0.347;0.317;0.684;0.208;0.056;0.029;0.051;0.059;0.032
25367;0.186;0.068;4.998;0.259;0.266;0.349;0.315;0.684;0.208;0.054;0.027;0.049;0.059;0.027
25368;0.186;0.068;4.998;0.261;0.266;0.349;0.317;0.684;0.21;0.054;0.029;0.051;0.059;0.032
25369;0.183;0.066;4.998;0.264;0.266;0.349;0.315;0.681;0.215;0.054;0.029;0.051;0.059;0.034
25370;0.186;0.066;4.998;0.264;0.266;0.352;0.317;0.684;0.215;0.054;0.027;0.051;0.059;0.029
25371;0.186;0.068;4.998;0.269;0.264;0.352;0.32;0.681;0.212;0.054;0.027;0.051;0.056;0.027
25372;0.183;0.068;4.998;0.271;0.261;0.349;0.317;0.686;0.22;0.054;0.027;0.051;0.056;0.029
25373;0.183;0.066;4.998;0.273;0.264;0.349;0.317;0.681;0.222;0.054;0.029;0.051;0.056;0.032
25374;0.183;0.068;4.998;0.271;0.261;0.349;0.32;0.681;0.227;0.054;0.029;0.051;0.056;0.027
25375;0.181;0.068;4.998;0.271;0.266;0.347;0.32;0.684;0.229;0.054;0.027;0.049;0.056;0.027
25376;0.183;0.068;4.998;0.273;0.264;0.344;0.32;0.688;0.232;0.054;0.029;0.054;0.061;0.032
25377;0.181;0.068;4.998;0.271;0.266;0.347;0.322;0.688;0.237;0.054;0.029;0.049;0.056;0.029
25378;0.178;0.068;4.998;0.269;0.269;0.347;0.322;0.686;0.244;0.054;0.029;0.051;0.056;0.029
25379;0.181;0.068;4.998;0.264;0.266;0.344;0.32;0.684;0.251;0.056;0.029;0.051;0.059;0.034
25380;0.183;0.068;4.998;0.266;0.269;0.344;0.32;0.686;0.256;0.056;0.027;0.049;0.054;0.027
25381;0.181;0.071;4.998;0.266;0.269;0.342;0.32;0.684;0.264;0.051;0.029;0.051;0.056;0.032
25382;0.178;0.068;4.998;0.261;0.271;0.347;0.317;0.686;0.271;0.054;0.029;0.051;0.056;0.032
25383;0.181;0.068;4.998;0.264;0.273;0.344;0.317;0.684;0.283;0.054;0.029;0.051;0.056;0.027
25384;0.181;0.068;4.954;0.266;0.273;0.347;0.315;0.686;0.293;0.051;0.029;0.051;0.056;0.032
25385;0.178;0.068;3.921;0.266;0.276;0.344;0.312;0.686;0.303;0.056;0.029;0.051;0.056;0.029
25386;0.181;0.071;2.161;0.266;0.276;0.344;0.315;0.686;0.317;0.054;0.029;0.051;0.056;0.029
25387;0.181;0.068;0.74;0.266;0.278;0.344;0.312;0.686;0.332;0.054;0.032;0.049;0.056;0.029
25388;0.181;0.068;0.398;0.264;0.278;0.347;0.315;0.686;0.352;0.059;0.032;0.051;0.061;0.034
25389;0.181;0.068;0.32;0.269;0.278;0.347;0.315;0.688;0.369;0.054;0.032;0.049;0.059;0.032
25390;0.181;0.068;0.298;0.269;0.278;0.347;0.317;0.684;0.386;0.056;0.027;0.054;0.059;0.032
25391;0.178;0.068;0.286;0.266;0.278;0.347;0.32;0.686;0.408;0.056;0.032;0.051;0.059;0.032
25392;0.181;0.068;0.278;0.269;0.278;0.349;0.322;0.686;0.427;0.059;0.029;0.051;0.059;0.032
25393;0.181;0.068;0.276;0.266;0.278;0.349;0.322;0.686;0.449;0.059;0.032;0.051;0.056;0.029
25394;0.181;0.068;0.259;0.266;0.276;0.347;0.325;0.688;0.476;0.056;0.032;0.051;0.061;0.032
25395;0.181;0.068;0.261;0.266;0.273;0.349;0.327;0.686;0.496;0.056;0.029;0.051;0.059;0.032
25396;0.181;0.068;0.264;0.269;0.276;0.349;0.33;0.688;0.515;0.059;0.032;0.051;0.061;0.034
25397;0.181;0.068;0.251;0.266;0.273;0.347;0.327;0.686;0.54;0.059;0.032;0.051;0.059;0.032
25398;0.181;0.071;0.247;0.266;0.273;0.344;0.327;0.686;0.559;0.056;0.032;0.054;0.061;0.029
25399;0.181;0.071;0.254;0.266;0.276;0.344;0.33;0.684;0.579;0.059;0.032;0.054;0.061;0.029
25400;0.178;0.068;0.269;0.266;0.271;0.344;0.327;0.686;0.598;0.061;0.032;0.051;0.061;0.032
25401;0.178;0.071;0.305;0.266;0.273;0.344;0.327;0.688;0.615;0.061;0.034;0.054;0.061;0.029
25402;0.178;0.071;0.269;0.264;0.276;0.344;0.327;0.688;0.627;0.063;0.032;0.051;0.059;0.029
25403;0.176;0.071;0.254;0.266;0.273;0.344;0.327;0.686;0.64;0.061;0.032;0.054;0.059;0.029
25404;0.176;0.071;0.264;0.264;0.278;0.342;0.325;0.686;0.654;0.061;0.034;0.054;0.061;0.032
25405;0.176;0.071;0.266;0.264;0.281;0.342;0.322;0.688;0.664;0.066;0.034;0.051;0.061;0.032
25406;0.176;0.071;0.261;0.266;0.278;0.342;0.32;0.686;0.671;0.068;0.034;0.054;0.063;0.037
25407;0.176;0.071;0.264;0.264;0.281;0.342;0.317;0.686;0.676;0.066;0.034;0.051;0.063;0.032
25408;0.176;0.073;0.283;0.266;0.276;0.344;0.32;0.686;0.679;0.066;0.034;0.051;0.059;0.027
25409;0.173;0.068;0.298;0.266;0.278;0.344;0.32;0.684;0.681;0.068;0.037;0.054;0.061;0.029
25410;0.176;0.068;0.276;0.271;0.276;0.347;0.32;0.686;0.681;0.068;0.037;0.051;0.063;0.029
25411;0.178;0.071;0.251;0.271;0.271;0.347;0.32;0.688;0.684;0.068;0.034;0.049;0.063;0.032
25412;0.178;0.068;0.244;0.269;0.271;0.347;0.32;0.686;0.676;0.071;0.034;0.051;0.061;0.032
25413;0.176;0.071;0.249;0.266;0.269;0.349;0.32;0.684;0.674;0.071;0.034;0.051;0.061;0.027
25414;0.176;0.068;0.244;0.266;0.269;0.349;0.322;0.686;0.671;0.071;0.034;0.054;0.061;0.027
25415;0.178;0.066;0.247;0.266;0.269;0.347;0.322;0.686;0.664;0.076;0.037;0.054;0.066;0.037
25416;0.176;0.068;0.239;0.269;0.269;0.349;0.327;0.684;0.657;0.076;0.037;0.051;0.063;0.029
25417;0.176;0.068;0.242;0.269;0.269;0.344;0.327;0.686;0.649;0.073;0.034;0.051;0.063;0.029
25418;0.173;0.068;0.239;0.271;0.266;0.347;0.33;0.684;0.642;0.078;0.034;0.049;0.063;0.029
25419;0.176;0.068;0.239;0.266;0.266;0.347;0.33;0.684;0.635;0.076;0.037;0.051;0.063;0.032
25420;0.173;0.071;0.242;0.273;0.269;0.347;0.332;0.684;0.623;0.076;0.034;0.049;0.061;0.027
25421;0.173;0.071;0.239;0.273;0.269;0.344;0.334;0.684;0.615;0.078;0.032;0.049;0.063;0.029
25422;0.173;0.071;0.239;0.278;0.269;0.344;0.332;0.686;0.605;0.083;0.034;0.051;0.063;0.029
25423;0.176;0.073;0.254;0.281;0.271;0.344;0.332;0.686;0.596;0.085;0.037;0.051;0.063;0.029
25424;0.173;0.071;0.273;0.281;0.271;0.342;0.332;0.684;0.586;0.085;0.037;0.049;0.063;0.027
25425;0.173;0.073;0.276;0.283;0.273;0.342;0.33;0.684;0.574;0.085;0.037;0.051;0.061;0.029
25426;0.171;0.073;0.288;0.283;0.273;0.339;0.33;0.681;0.566;0.088;0.037;0.054;0.063;0.032
25427;0.173;0.073;0.286;0.281;0.273;0.337;0.327;0.681;0.552;0.09;0.032;0.051;0.063;0.027
25428;0.171;0.073;0.264;0.281;0.271;0.339;0.327;0.681;0.544;0.093;0.037;0.051;0.066;0.029
25429;0.171;0.071;0.266;0.276;0.273;0.337;0.33;0.681;0.537;0.093;0.034;0.051;0.063;0.027
25430;0.173;0.073;0.266;0.273;0.271;0.339;0.33;0.681;0.525;0.093;0.034;0.051;0.063;0.029
25431;0.173;0.076;0.264;0.273;0.271;0.339;0.332;0.681;0.515;0.095;0.032;0.051;0.063;0.032
25432;0.171;0.071;0.256;0.269;0.271;0.339;0.334;0.679;0.508;0.098;0.032;0.051;0.061;0.022
25433;0.171;0.076;0.259;0.269;0.269;0.339;0.332;0.679;0.496;0.1;0.032;0.051;0.063;0.027
25434;0.171;0.073;0.259;0.264;0.266;0.339;0.334;0.681;0.488;0.1;0.034;0.049;0.063;0.029
25435;0.173;0.073;0.259;0.266;0.266;0.339;0.334;0.679;0.481;0.103;0.032;0.049;0.063;0.027
25436;0.171;0.076;0.256;0.264;0.264;0.342;0.334;0.679;0.474;0.103;0.034;0.051;0.061;0.029
25437;0.173;0.076;0.271;0.264;0.261;0.339;0.332;0.674;0.461;0.105;0.032;0.049;0.063;0.029
25438;0.173;0.076;0.303;0.264;0.259;0.342;0.33;0.676;0.457;0.105;0.034;0.049;0.063;0.029
25439;0.173;0.078;0.437;0.264;0.261;0.339;0.327;0.674;0.442;0.107;0.032;0.051;0.066;0.029
25440;0.173;0.076;0.608;0.259;0.261;0.339;0.325;0.676;0.435;0.105;0.029;0.049;0.061;0.024
25441;0.176;0.076;0.698;0.261;0.261;0.339;0.325;0.676;0.427;0.105;0.034;0.049;0.063;0.029
25442;0.173;0.076;0.747;0.256;0.264;0.337;0.325;0.676;0.42;0.107;0.034;0.051;0.066;0.029
25443;0.173;0.076;0.903;0.259;0.264;0.339;0.325;0.676;0.41;0.11;0.032;0.051;0.063;0.027
25444;0.171;0.076;0.837;0.259;0.266;0.339;0.33;0.679;0.403;0.105;0.032;0.051;0.066;0.029
25445;0.173;0.076;0.786;0.259;0.266;0.339;0.327;0.676;0.398;0.11;0.034;0.049;0.066;0.027
25446;0.176;0.078;0.837;0.259;0.264;0.337;0.332;0.676;0.388;0.105;0.034;0.051;0.066;0.029
25447;0.171;0.078;0.896;0.264;0.266;0.339;0.33;0.676;0.381;0.11;0.034;0.051;0.063;0.027
25448;0.173;0.076;0.742;0.259;0.261;0.339;0.334;0.676;0.374;0.107;0.034;0.049;0.066;0.027
25449;0.171;0.076;0.742;0.261;0.266;0.342;0.337;0.679;0.369;0.103;0.034;0.049;0.063;0.029
25450;0.171;0.078;0.601;0.259;0.261;0.342;0.334;0.676;0.364;0.107;0.034;0.051;0.063;0.022
25451;0.168;0.078;0.688;0.261;0.261;0.344;0.337;0.679;0.361;0.11;0.039;0.054;0.068;0.029
25452;0.171;0.078;0.652;0.264;0.259;0.344;0.337;0.679;0.344;0.103;0.032;0.054;0.063;0.029
25453;0.171;0.081;0.503;0.264;0.256;0.344;0.334;0.679;0.344;0.103;0.034;0.049;0.066;0.027
25454;0.171;0.078;0.747;0.264;0.254;0.344;0.332;0.676;0.334;0.103;0.034;0.051;0.068;0.027
25455;0.171;0.078;0.881;0.264;0.254;0.347;0.33;0.679;0.332;0.1;0.034;0.049;0.066;0.029
25456;0.173;0.078;0.752;0.264;0.249;0.347;0.322;0.679;0.325;0.1;0.032;0.049;0.063;0.024
25457;0.168;0.078;0.42;0.261;0.251;0.347;0.322;0.679;0.322;0.1;0.034;0.051;0.066;0.024
25458;0.168;0.078;0.381;0.259;0.251;0.347;0.317;0.679;0.317;0.1;0.034;0.049;0.066;0.027
25459;0.171;0.078;0.591;0.264;0.249;0.344;0.315;0.676;0.31;0.095;0.032;0.051;0.066;0.029
25460;0.168;0.078;0.476;0.261;0.247;0.344;0.315;0.679;0.308;0.095;0.034;0.051;0.066;0.027
25461;0.171;0.078;0.464;0.261;0.249;0.344;0.317;0.679;0.305;0.095;0.032;0.051;0.066;0.027
25462;0.171;0.078;0.396;0.259;0.249;0.347;0.317;0.676;0.3;0.093;0.034;0.051;0.066;0.029
25463;0.168;0.078;0.405;0.261;0.251;0.344;0.322;0.679;0.293;0.088;0.037;0.049;0.066;0.027
25464;0.171;0.081;0.408;0.261;0.251;0.342;0.322;0.676;0.293;0.088;0.034;0.049;0.066;0.027
25465;0.168;0.078;0.493;0.264;0.249;0.342;0.32;0.676;0.286;0.088;0.032;0.051;0.068;0.029
25466;0.168;0.078;0.723;0.264;0.251;0.344;0.325;0.674;0.283;0.085;0.034;0.051;0.066;0.027
25467;0.168;0.078;0.864;0.264;0.251;0.342;0.322;0.676;0.281;0.083;0.037;0.051;0.068;0.027
25468;0.168;0.078;0.793;0.259;0.249;0.344;0.325;0.676;0.276;0.083;0.032;0.051;0.068;0.029
25469;0.171;0.078;0.857;0.264;0.247;0.344;0.322;0.676;0.276;0.081;0.037;0.051;0.068;0.029
25470;0.173;0.078;0.869;0.261;0.247;0.344;0.325;0.674;0.273;0.076;0.034;0.051;0.068;0.027
25471;0.173;0.078;0.881;0.264;0.244;0.347;0.322;0.676;0.269;0.078;0.034;0.049;0.071;0.024
25472;0.173;0.076;1.077;0.266;0.244;0.347;0.317;0.674;0.269;0.076;0.037;0.051;0.068;0.027
25473;0.173;0.078;1.089;0.266;0.242;0.344;0.32;0.676;0.266;0.073;0.034;0.051;0.073;0.027
25474;0.173;0.078;0.928;0.266;0.239;0.347;0.317;0.676;0.266;0.073;0.037;0.049;0.071;0.029
25475;0.171;0.078;0.786;0.266;0.242;0.347;0.315;0.674;0.264;0.073;0.037;0.051;0.068;0.029
25476;0.168;0.078;0.793;0.269;0.239;0.347;0.317;0.674;0.264;0.073;0.042;0.049;0.071;0.024
25477;0.171;0.078;0.781;0.269;0.239;0.347;0.315;0.674;0.259;0.068;0.034;0.049;0.071;0.032
25478;0.171;0.081;0.752;0.271;0.239;0.344;0.317;0.674;0.254;0.068;0.037;0.051;0.073;0.029
25479;0.171;0.076;0.535;0.271;0.239;0.344;0.317;0.674;0.256;0.068;0.039;0.051;0.071;0.024
25480;0.171;0.078;0.503;0.269;0.242;0.342;0.315;0.676;0.251;0.066;0.037;0.049;0.071;0.032
25481;0.173;0.081;0.95;0.271;0.242;0.342;0.317;0.671;0.251;0.061;0.037;0.051;0.071;0.029
25482;0.171;0.081;0.605;0.264;0.242;0.342;0.32;0.674;0.249;0.063;0.037;0.051;0.068;0.022
25483;0.171;0.078;0.571;0.266;0.244;0.342;0.317;0.671;0.251;0.061;0.037;0.051;0.073;0.032
25484;0.173;0.078;0.566;0.266;0.247;0.339;0.317;0.674;0.244;0.059;0.037;0.051;0.071;0.027
25485;0.173;0.081;0.347;0.266;0.244;0.339;0.317;0.671;0.247;0.061;0.037;0.049;0.073;0.029
25486;0.168;0.081;0.227;0.266;0.247;0.339;0.315;0.671;0.247;0.059;0.039;0.051;0.073;0.029
25487;0.171;0.081;0.217;0.266;0.251;0.337;0.315;0.669;0.244;0.059;0.037;0.049;0.073;0.024
25488;0.168;0.078;0.212;0.264;0.254;0.337;0.312;0.671;0.244;0.054;0.037;0.049;0.068;0.024
25489;0.166;0.078;0.215;0.264;0.254;0.339;0.312;0.669;0.244;0.054;0.037;0.051;0.071;0.027
25490;0.168;0.078;0.215;0.266;0.254;0.344;0.315;0.671;0.242;0.054;0.039;0.051;0.073;0.029
25491;0.166;0.081;0.222;0.266;0.254;0.342;0.315;0.669;0.244;0.056;0.039;0.054;0.073;0.029
25492;0.168;0.081;0.222;0.266;0.254;0.344;0.317;0.669;0.242;0.054;0.039;0.051;0.073;0.029
25493;0.166;0.078;0.222;0.266;0.249;0.342;0.317;0.669;0.242;0.056;0.039;0.051;0.071;0.022
25494;0.168;0.078;0.21;0.266;0.251;0.344;0.32;0.669;0.242;0.056;0.039;0.054;0.073;0.027
25495;0.166;0.078;0.21;0.271;0.249;0.344;0.32;0.669;0.244;0.059;0.039;0.051;0.071;0.029
25496;0.171;0.078;0.21;0.271;0.247;0.342;0.32;0.667;0.242;0.054;0.037;0.051;0.073;0.027
25497;0.166;0.078;0.21;0.269;0.247;0.339;0.32;0.669;0.242;0.059;0.039;0.051;0.076;0.027
25498;0.168;0.078;0.215;0.271;0.247;0.342;0.325;0.669;0.242;0.054;0.042;0.054;0.073;0.029
25499;0.171;0.078;0.21;0.271;0.244;0.339;0.325;0.667;0.242;0.054;0.039;0.049;0.073;0.032
25500;0.171;0.081;0.212;0.269;0.244;0.342;0.327;0.669;0.242;0.054;0.042;0.051;0.073;0.027
25501;0.168;0.081;0.208;0.266;0.244;0.342;0.325;0.671;0.242;0.056;0.039;0.051;0.071;0.029
25502;0.166;0.076;0.208;0.266;0.244;0.342;0.325;0.669;0.239;0.056;0.042;0.051;0.071;0.027
25503;0.166;0.078;0.2;0.266;0.247;0.339;0.325;0.674;0.242;0.059;0.042;0.051;0.076;0.029
25504;0.166;0.081;0.203;0.264;0.247;0.342;0.327;0.669;0.239;0.059;0.042;0.049;0.076;0.029
25505;0.166;0.078;0.2;0.264;0.249;0.339;0.33;0.671;0.239;0.056;0.042;0.051;0.071;0.027
25506;0.164;0.081;0.203;0.266;0.249;0.342;0.327;0.671;0.242;0.061;0.044;0.049;0.076;0.034
25507;0.164;0.081;0.205;0.266;0.249;0.337;0.327;0.669;0.239;0.061;0.044;0.054;0.073;0.029
25508;0.164;0.078;0.205;0.266;0.251;0.337;0.325;0.671;0.239;0.063;0.042;0.051;0.076;0.029
25509;0.161;0.083;0.21;0.269;0.251;0.332;0.322;0.671;0.237;0.061;0.044;0.051;0.071;0.027
25510;0.164;0.078;0.22;0.271;0.254;0.332;0.32;0.676;0.237;0.063;0.042;0.051;0.078;0.034
25511;0.164;0.081;0.22;0.269;0.254;0.334;0.32;0.674;0.242;0.068;0.044;0.051;0.076;0.029
25512;0.164;0.083;0.227;0.266;0.256;0.332;0.317;0.676;0.234;0.068;0.042;0.049;0.073;0.029
25513;0.164;0.081;0.251;0.269;0.251;0.33;0.317;0.676;0.234;0.071;0.042;0.051;0.073;0.029
25514;0.164;0.083;0.247;0.266;0.256;0.33;0.317;0.676;0.234;0.076;0.044;0.049;0.071;0.029
25515;0.164;0.081;0.308;0.266;0.254;0.33;0.317;0.676;0.232;0.076;0.044;0.051;0.071;0.027
25516;0.161;0.081;0.288;0.261;0.254;0.332;0.317;0.676;0.232;0.083;0.044;0.051;0.071;0.027
25517;0.164;0.083;0.269;0.264;0.254;0.332;0.322;0.676;0.232;0.083;0.044;0.051;0.073;0.029
25518;0.161;0.081;0.269;0.261;0.254;0.334;0.325;0.674;0.229;0.088;0.046;0.051;0.071;0.029
25519;0.159;0.081;0.286;0.259;0.251;0.334;0.325;0.676;0.227;0.09;0.044;0.051;0.071;0.024
25520;0.161;0.081;0.281;0.259;0.249;0.334;0.325;0.679;0.227;0.095;0.046;0.049;0.071;0.027
25521;0.161;0.081;0.327;0.259;0.251;0.337;0.33;0.676;0.225;0.098;0.049;0.051;0.073;0.029
25522;0.161;0.081;0.288;0.256;0.249;0.339;0.327;0.679;0.225;0.103;0.044;0.049;0.073;0.027
25523;0.164;0.081;0.251;0.256;0.251;0.339;0.332;0.684;0.227;0.107;0.046;0.051;0.071;0.024
25524;0.164;0.083;0.239;0.254;0.249;0.337;0.327;0.679;0.222;0.115;0.044;0.049;0.073;0.029
25525;0.161;0.081;0.239;0.256;0.249;0.337;0.33;0.681;0.222;0.117;0.046;0.051;0.071;0.029
25526;0.161;0.083;0.234;0.256;0.249;0.334;0.33;0.679;0.225;0.122;0.046;0.049;0.071;0.032
25527;0.164;0.081;0.229;0.256;0.251;0.334;0.33;0.676;0.22;0.125;0.046;0.054;0.071;0.027
25528;0.161;0.081;0.222;0.254;0.249;0.332;0.33;0.679;0.222;0.129;0.049;0.051;0.071;0.029
25529;0.164;0.081;0.225;0.256;0.249;0.332;0.327;0.676;0.22;0.134;0.049;0.049;0.071;0.029
25530;0.164;0.081;0.215;0.254;0.249;0.334;0.33;0.679;0.222;0.137;0.046;0.049;0.073;0.029
25531;0.164;0.081;0.215;0.256;0.251;0.33;0.327;0.676;0.22;0.139;0.051;0.051;0.071;0.029
25532;0.164;0.078;0.212;0.254;0.249;0.33;0.33;0.679;0.22;0.144;0.049;0.051;0.071;0.027
25533;0.161;0.081;0.21;0.256;0.251;0.33;0.332;0.676;0.22;0.149;0.049;0.049;0.073;0.029
25534;0.161;0.078;0.208;0.254;0.251;0.332;0.334;0.676;0.217;0.154;0.051;0.051;0.071;0.029
25535;0.159;0.081;0.205;0.256;0.254;0.33;0.334;0.679;0.215;0.154;0.051;0.051;0.071;0.032
25536;0.161;0.078;0.205;0.256;0.251;0.33;0.332;0.674;0.215;0.159;0.051;0.049;0.071;0.029
25537;0.161;0.078;0.205;0.259;0.249;0.327;0.332;0.676;0.215;0.164;0.051;0.054;0.073;0.032
25538;0.161;0.081;0.203;0.259;0.254;0.33;0.334;0.674;0.215;0.164;0.051;0.051;0.068;0.029
25539;0.161;0.081;0.203;0.259;0.251;0.33;0.332;0.676;0.212;0.166;0.051;0.049;0.071;0.029
25540;0.161;0.081;0.203;0.259;0.251;0.332;0.33;0.679;0.215;0.171;0.054;0.051;0.071;0.032
25541;0.161;0.081;0.203;0.259;0.249;0.332;0.33;0.676;0.215;0.176;0.054;0.051;0.073;0.032
25542;0.161;0.081;0.205;0.256;0.251;0.332;0.327;0.674;0.212;0.176;0.054;0.051;0.073;0.029
25543;0.164;0.081;0.203;0.254;0.251;0.334;0.327;0.676;0.212;0.181;0.054;0.049;0.068;0.029
25544;0.164;0.083;0.205;0.251;0.251;0.332;0.327;0.679;0.21;0.186;0.051;0.054;0.068;0.032
25545;0.161;0.081;0.2;0.254;0.251;0.334;0.327;0.676;0.21;0.188;0.051;0.051;0.071;0.032
25546;0.161;0.083;0.2;0.254;0.251;0.334;0.327;0.676;0.208;0.19;0.054;0.051;0.071;0.029
25547;0.161;0.083;0.2;0.251;0.254;0.332;0.33;0.674;0.205;0.19;0.056;0.051;0.071;0.029
25548;0.161;0.083;0.203;0.251;0.254;0.33;0.332;0.676;0.205;0.195;0.054;0.049;0.071;0.027
25549;0.161;0.088;0.208;0.254;0.251;0.327;0.332;0.676;0.205;0.195;0.054;0.051;0.071;0.029
25550;0.161;0.083;0.203;0.254;0.251;0.327;0.337;0.676;0.205;0.2;0.054;0.051;0.071;0.032
25551;0.161;0.083;0.203;0.251;0.251;0.325;0.337;0.679;0.2;0.203;0.051;0.049;0.071;0.029
25552;0.159;0.085;0.205;0.251;0.254;0.325;0.337;0.676;0.203;0.208;0.054;0.051;0.076;0.032
25553;0.159;0.085;0.203;0.251;0.251;0.327;0.339;0.676;0.2;0.208;0.056;0.049;0.071;0.029
25554;0.161;0.085;0.198;0.251;0.251;0.327;0.334;0.679;0.198;0.208;0.054;0.051;0.071;0.027
25555;0.161;0.085;0.195;0.254;0.249;0.33;0.337;0.676;0.198;0.21;0.051;0.051;0.068;0.032
25556;0.161;0.085;0.195;0.251;0.249;0.33;0.332;0.679;0.195;0.215;0.054;0.049;0.071;0.029
25557;0.161;0.085;0.19;0.254;0.251;0.33;0.33;0.679;0.195;0.217;0.051;0.051;0.073;0.032
25558;0.161;0.085;0.193;0.254;0.249;0.332;0.33;0.676;0.193;0.22;0.051;0.051;0.071;0.032
25559;0.161;0.083;0.193;0.254;0.251;0.33;0.327;0.679;0.193;0.22;0.056;0.051;0.071;0.027
25560;0.159;0.083;0.188;0.256;0.251;0.332;0.327;0.679;0.193;0.225;0.054;0.049;0.076;0.032
25561;0.161;0.083;0.19;0.256;0.251;0.332;0.325;0.679;0.193;0.225;0.054;0.051;0.071;0.034
25562;0.161;0.083;0.188;0.259;0.249;0.332;0.327;0.676;0.19;0.229;0.054;0.049;0.073;0.034
25563;0.161;0.081;0.186;0.259;0.251;0.334;0.327;0.674;0.188;0.225;0.049;0.051;0.071;0.027
25564;0.159;0.083;0.186;0.259;0.249;0.33;0.33;0.679;0.188;0.234;0.051;0.049;0.073;0.032
25565;0.161;0.081;0.186;0.259;0.249;0.332;0.332;0.679;0.186;0.234;0.051;0.049;0.073;0.029
25566;0.161;0.078;0.186;0.259;0.247;0.33;0.33;0.679;0.188;0.237;0.051;0.051;0.076;0.029
25567;0.164;0.081;0.188;0.256;0.249;0.33;0.334;0.676;0.188;0.239;0.051;0.051;0.068;0.024
25568;0.159;0.081;0.186;0.256;0.247;0.332;0.334;0.679;0.188;0.242;0.051;0.051;0.078;0.034
25569;0.161;0.081;0.183;0.259;0.244;0.33;0.332;0.679;0.183;0.244;0.049;0.049;0.076;0.032
25570;0.161;0.078;0.188;0.256;0.244;0.33;0.33;0.676;0.183;0.244;0.049;0.051;0.073;0.029
25571;0.164;0.078;0.188;0.256;0.242;0.327;0.325;0.679;0.186;0.247;0.049;0.049;0.076;0.029
25572;0.161;0.078;0.19;0.259;0.239;0.33;0.325;0.679;0.183;0.249;0.051;0.051;0.073;0.029
25573;0.161;0.078;0.19;0.261;0.239;0.327;0.325;0.676;0.186;0.251;0.051;0.051;0.073;0.032
25574;0.164;0.081;0.193;0.261;0.242;0.327;0.322;0.679;0.188;0.254;0.049;0.049;0.076;0.032
25575;0.161;0.078;0.193;0.266;0.242;0.325;0.322;0.679;0.188;0.256;0.049;0.051;0.073;0.034
25576;0.159;0.078;0.193;0.264;0.244;0.325;0.325;0.676;0.186;0.256;0.049;0.051;0.073;0.032
25577;0.164;0.081;0.193;0.264;0.244;0.322;0.322;0.676;0.188;0.256;0.049;0.051;0.076;0.029
25578;0.161;0.081;0.19;0.264;0.247;0.325;0.322;0.679;0.186;0.256;0.049;0.054;0.073;0.032
25579;0.161;0.081;0.19;0.264;0.249;0.327;0.325;0.679;0.188;0.259;0.049;0.051;0.076;0.029
25580;0.159;0.083;0.19;0.266;0.249;0.325;0.327;0.679;0.188;0.256;0.044;0.051;0.073;0.032
25581;0.161;0.083;0.188;0.264;0.249;0.325;0.33;0.679;0.188;0.259;0.049;0.051;0.076;0.029
25582;0.161;0.083;0.186;0.261;0.249;0.325;0.327;0.676;0.19;0.256;0.046;0.054;0.076;0.032
25583;0.161;0.085;0.186;0.261;0.254;0.327;0.332;0.676;0.19;0.254;0.046;0.051;0.076;0.032
25584;0.161;0.085;0.183;0.261;0.249;0.327;0.33;0.676;0.19;0.254;0.044;0.054;0.076;0.029
25585;0.161;0.085;0.181;0.261;0.249;0.327;0.332;0.676;0.19;0.251;0.046;0.051;0.073;0.029
25586;0.161;0.085;0.181;0.261;0.251;0.33;0.327;0.679;0.193;0.249;0.044;0.051;0.076;0.032
25587;0.164;0.085;0.181;0.264;0.249;0.33;0.327;0.676;0.19;0.249;0.044;0.051;0.076;0.027
25588;0.161;0.088;0.181;0.264;0.249;0.33;0.327;0.676;0.195;0.249;0.044;0.051;0.073;0.029
25589;0.164;0.085;0.186;0.264;0.249;0.33;0.325;0.676;0.195;0.247;0.044;0.051;0.076;0.029
25590;0.164;0.088;0.183;0.266;0.249;0.33;0.325;0.679;0.195;0.244;0.042;0.051;0.073;0.027
25591;0.166;0.09;0.183;0.266;0.249;0.327;0.322;0.676;0.195;0.242;0.042;0.051;0.076;0.029
25592;0.161;0.088;0.183;0.266;0.249;0.33;0.322;0.679;0.2;0.239;0.044;0.054;0.076;0.029
25593;0.166;0.088;0.186;0.264;0.249;0.33;0.32;0.676;0.198;0.239;0.039;0.049;0.076;0.029
25594;0.166;0.088;0.19;0.266;0.251;0.327;0.32;0.676;0.2;0.234;0.042;0.051;0.076;0.029
25595;0.164;0.088;0.188;0.266;0.251;0.327;0.32;0.676;0.2;0.232;0.039;0.051;0.076;0.032
25596;0.166;0.085;0.193;0.261;0.251;0.33;0.32;0.674;0.205;0.232;0.042;0.054;0.076;0.027
25597;0.164;0.083;0.188;0.264;0.254;0.327;0.32;0.674;0.203;0.225;0.042;0.049;0.073;0.029
25598;0.164;0.083;0.19;0.261;0.256;0.327;0.32;0.674;0.203;0.227;0.039;0.051;0.073;0.032
25599;0.164;0.081;0.188;0.259;0.256;0.33;0.32;0.671;0.2;0.217;0.034;0.051;0.073;0.027
25600;0.168;0.081;0.188;0.259;0.254;0.332;0.32;0.674;0.205;0.22;0.039;0.051;0.078;0.029
25601;0.166;0.078;0.186;0.259;0.256;0.332;0.32;0.674;0.205;0.217;0.039;0.049;0.078;0.032
25602;0.166;0.078;0.188;0.256;0.256;0.334;0.317;0.674;0.203;0.212;0.039;0.049;0.078;0.027
25603;0.164;0.076;0.186;0.259;0.259;0.339;0.317;0.674;0.203;0.21;0.037;0.051;0.076;0.029
25604;0.166;0.076;0.183;0.256;0.259;0.334;0.317;0.676;0.203;0.208;0.037;0.051;0.076;0.027
25605;0.164;0.076;0.183;0.256;0.259;0.337;0.317;0.671;0.208;0.21;0.039;0.051;0.078;0.032
25606;0.164;0.073;0.183;0.254;0.261;0.337;0.317;0.674;0.205;0.203;0.039;0.054;0.078;0.029
25607;0.164;0.073;0.186;0.256;0.259;0.337;0.32;0.674;0.203;0.203;0.037;0.051;0.078;0.029
25608;0.166;0.071;0.186;0.254;0.261;0.337;0.317;0.674;0.2;0.195;0.034;0.051;0.076;0.027
25609;0.166;0.071;0.186;0.256;0.259;0.332;0.315;0.674;0.2;0.195;0.037;0.054;0.078;0.029
25610;0.164;0.071;0.186;0.256;0.259;0.332;0.317;0.676;0.198;0.193;0.034;0.051;0.078;0.032
25611;0.164;0.071;0.188;0.256;0.256;0.332;0.317;0.674;0.198;0.193;0.037;0.051;0.081;0.029
25612;0.166;0.068;0.186;0.259;0.251;0.332;0.317;0.674;0.195;0.188;0.037;0.051;0.073;0.027
25613;0.166;0.071;0.186;0.254;0.251;0.332;0.315;0.674;0.195;0.181;0.032;0.051;0.073;0.027
25614;0.164;0.071;0.186;0.256;0.256;0.33;0.315;0.671;0.198;0.183;0.032;0.051;0.076;0.029
25615;0.166;0.071;0.183;0.256;0.256;0.332;0.315;0.674;0.195;0.181;0.032;0.049;0.078;0.029
25616;0.166;0.073;0.186;0.259;0.254;0.33;0.317;0.671;0.198;0.178;0.037;0.054;0.081;0.029
25617;0.166;0.073;0.19;0.259;0.254;0.33;0.32;0.671;0.198;0.176;0.034;0.051;0.076;0.029
25618;0.166;0.078;0.186;0.259;0.256;0.33;0.317;0.674;0.19;0.168;0.029;0.051;0.076;0.027
25619;0.168;0.076;0.188;0.259;0.259;0.33;0.32;0.671;0.198;0.171;0.034;0.051;0.078;0.032
25620;0.166;0.076;0.186;0.264;0.259;0.332;0.32;0.671;0.193;0.166;0.029;0.051;0.078;0.024
25621;0.166;0.078;0.186;0.261;0.261;0.332;0.32;0.671;0.195;0.161;0.032;0.054;0.078;0.032
25622;0.168;0.081;0.188;0.261;0.261;0.332;0.322;0.669;0.198;0.161;0.032;0.051;0.078;0.027
25623;0.166;0.081;0.181;0.264;0.264;0.334;0.32;0.669;0.195;0.161;0.029;0.051;0.078;0.032
25624;0.166;0.081;0.183;0.261;0.264;0.334;0.32;0.671;0.198;0.156;0.032;0.054;0.076;0.029
25625;0.166;0.083;0.186;0.261;0.264;0.334;0.317;0.669;0.198;0.156;0.032;0.051;0.073;0.027
25626;0.166;0.085;0.19;0.261;0.264;0.33;0.317;0.667;0.195;0.149;0.032;0.051;0.081;0.029
25627;0.166;0.085;0.193;0.261;0.266;0.33;0.315;0.669;0.195;0.146;0.032;0.051;0.078;0.029
25628;0.166;0.083;0.195;0.259;0.264;0.332;0.31;0.669;0.195;0.144;0.029;0.049;0.078;0.029
25629;0.166;0.085;0.198;0.259;0.264;0.332;0.31;0.671;0.193;0.139;0.032;0.051;0.078;0.027
25630;0.166;0.085;0.2;0.256;0.264;0.332;0.312;0.669;0.193;0.137;0.029;0.054;0.076;0.027
25631;0.166;0.085;0.21;0.254;0.264;0.327;0.312;0.671;0.195;0.134;0.032;0.051;0.083;0.032
25632;0.166;0.085;0.208;0.254;0.261;0.327;0.312;0.669;0.193;0.132;0.032;0.049;0.081;0.032
25633;0.166;0.085;0.215;0.251;0.264;0.33;0.315;0.669;0.193;0.129;0.029;0.051;0.078;0.029
25634;0.166;0.085;0.215;0.251;0.261;0.33;0.315;0.669;0.19;0.127;0.032;0.054;0.078;0.032
25635;0.164;0.083;0.217;0.249;0.261;0.33;0.315;0.671;0.193;0.125;0.032;0.054;0.078;0.029
25636;0.164;0.083;0.22;0.249;0.259;0.332;0.315;0.671;0.193;0.12;0.032;0.051;0.083;0.027
25637;0.166;0.083;0.222;0.247;0.259;0.327;0.315;0.671;0.195;0.117;0.032;0.054;0.081;0.029
25638;0.166;0.078;0.215;0.247;0.259;0.33;0.317;0.669;0.198;0.115;0.032;0.054;0.081;0.032
25639;0.166;0.078;0.22;0.247;0.256;0.33;0.315;0.671;0.198;0.115;0.032;0.051;0.081;0.029
25640;0.166;0.078;0.217;0.244;0.256;0.332;0.315;0.671;0.193;0.11;0.029;0.051;0.083;0.027
25641;0.164;0.076;0.212;0.247;0.254;0.33;0.315;0.671;0.198;0.107;0.032;0.051;0.081;0.029
25642;0.164;0.076;0.205;0.244;0.256;0.332;0.315;0.674;0.2;0.105;0.029;0.051;0.081;0.027
25643;0.161;0.073;0.2;0.244;0.254;0.33;0.312;0.674;0.203;0.103;0.034;0.054;0.085;0.032
25644;0.164;0.073;0.2;0.251;0.256;0.33;0.317;0.671;0.205;0.105;0.037;0.051;0.081;0.027
25645;0.164;0.073;0.195;0.247;0.256;0.327;0.315;0.674;0.2;0.098;0.032;0.049;0.083;0.032
25646;0.164;0.073;0.19;0.249;0.254;0.327;0.317;0.674;0.203;0.095;0.032;0.054;0.081;0.029
25647;0.164;0.071;0.186;0.249;0.259;0.325;0.317;0.674;0.205;0.093;0.032;0.051;0.085;0.032
25648;0.166;0.071;0.186;0.249;0.261;0.325;0.317;0.671;0.205;0.093;0.032;0.051;0.083;0.029
25649;0.166;0.071;0.186;0.249;0.259;0.325;0.317;0.674;0.208;0.093;0.032;0.051;0.083;0.032
25650;0.166;0.071;0.186;0.249;0.261;0.325;0.32;0.674;0.21;0.088;0.032;0.051;0.083;0.029
25651;0.166;0.068;0.186;0.247;0.259;0.325;0.317;0.671;0.205;0.085;0.032;0.051;0.083;0.029
25652;0.166;0.071;0.183;0.249;0.261;0.325;0.32;0.671;0.21;0.081;0.032;0.051;0.078;0.027
25653;0.168;0.11;0.186;0.247;0.259;0.325;0.32;0.671;0.215;0.083;0.032;0.051;0.085;0.029
25654;0.166;0.127;0.19;0.249;0.259;0.322;0.32;0.671;0.212;0.081;0.032;0.051;0.083;0.029
25655;0.171;0.168;0.193;0.249;0.261;0.322;0.322;0.674;0.215;0.078;0.032;0.051;0.083;0.027
25656;0.168;0.171;0.198;0.251;0.261;0.325;0.322;0.671;0.217;0.078;0.034;0.051;0.081;0.027
25657;0.168;0.181;0.195;0.254;0.261;0.325;0.322;0.671;0.215;0.073;0.032;0.049;0.083;0.032
25658;0.166;0.164;0.203;0.254;0.261;0.325;0.325;0.671;0.215;0.071;0.032;0.051;0.083;0.027
25659;0.168;0.195;0.2;0.254;0.261;0.325;0.322;0.671;0.217;0.071;0.032;0.051;0.085;0.029
25660;0.168;0.132;0.2;0.256;0.261;0.325;0.32;0.671;0.217;0.071;0.034;0.051;0.088;0.032
25661;0.168;0.198;0.2;0.256;0.261;0.325;0.32;0.671;0.215;0.068;0.034;0.049;0.085;0.029
25662;0.168;0.149;0.198;0.254;0.261;0.325;0.32;0.671;0.22;0.066;0.032;0.051;0.085;0.029
25663;0.171;0.181;0.203;0.256;0.264;0.322;0.322;0.671;0.22;0.068;0.034;0.049;0.085;0.027
25664;0.173;0.166;0.2;0.256;0.261;0.322;0.322;0.671;0.222;0.066;0.034;0.051;0.088;0.029
25665;0.171;0.178;0.2;0.256;0.261;0.322;0.322;0.671;0.222;0.061;0.032;0.051;0.085;0.027
25666;0.168;0.151;0.205;0.256;0.261;0.322;0.327;0.671;0.227;0.063;0.037;0.051;0.085;0.032
25667;0.173;0.171;0.193;0.256;0.259;0.32;0.327;0.671;0.225;0.061;0.032;0.054;0.085;0.029
25668;0.171;0.154;0.2;0.261;0.261;0.322;0.322;0.671;0.229;0.059;0.032;0.051;0.088;0.027
25669;0.173;0.171;0.198;0.261;0.259;0.32;0.325;0.669;0.232;0.063;0.034;0.051;0.085;0.027
25670;0.173;0.159;0.2;0.264;0.256;0.322;0.325;0.669;0.234;0.061;0.034;0.051;0.085;0.024
25671;0.173;0.171;0.2;0.264;0.256;0.322;0.327;0.671;0.237;0.056;0.032;0.051;0.088;0.027
25672;0.171;0.176;0.2;0.266;0.256;0.32;0.325;0.671;0.244;0.056;0.032;0.049;0.085;0.029
25673;0.171;0.164;0.2;0.269;0.254;0.322;0.322;0.669;0.249;0.061;0.034;0.051;0.088;0.027
25674;0.173;0.166;0.205;0.266;0.254;0.322;0.32;0.669;0.254;0.056;0.032;0.049;0.088;0.027
25675;0.173;0.173;0.205;0.266;0.256;0.325;0.317;0.669;0.261;0.059;0.034;0.051;0.09;0.029
25676;0.173;0.159;0.212;0.266;0.254;0.32;0.317;0.667;0.271;0.056;0.034;0.051;0.085;0.027
25677;0.176;0.164;0.212;0.264;0.254;0.32;0.317;0.667;0.273;0.059;0.032;0.049;0.088;0.027
25678;0.176;0.166;0.212;0.266;0.251;0.322;0.32;0.669;0.286;0.059;0.034;0.051;0.09;0.027
25679;0.173;0.168;0.21;0.261;0.251;0.325;0.317;0.669;0.295;0.056;0.034;0.051;0.088;0.029
25680;0.173;0.156;0.215;0.259;0.251;0.322;0.32;0.671;0.3;0.056;0.034;0.049;0.088;0.027
25681;0.173;0.173;0.21;0.256;0.251;0.32;0.315;0.669;0.312;0.054;0.034;0.051;0.088;0.029
25682;0.173;0.146;0.215;0.256;0.251;0.322;0.317;0.669;0.327;0.059;0.037;0.049;0.085;0.027
25683;0.173;0.161;0.21;0.256;0.251;0.32;0.32;0.669;0.339;0.056;0.034;0.049;0.09;0.027
25684;0.176;0.156;0.212;0.259;0.249;0.317;0.325;0.669;0.349;0.054;0.032;0.051;0.088;0.024
25685;0.173;0.166;0.212;0.256;0.251;0.322;0.322;0.667;0.364;0.054;0.032;0.049;0.088;0.029
25686;0.173;0.146;0.212;0.259;0.251;0.325;0.325;0.667;0.378;0.056;0.034;0.051;0.088;0.027
25687;0.173;0.166;0.212;0.256;0.251;0.32;0.322;0.667;0.396;0.054;0.032;0.049;0.093;0.029
25688;0.171;0.134;0.21;0.256;0.254;0.322;0.322;0.667;0.405;0.051;0.034;0.049;0.088;0.024
25689;0.171;0.161;0.208;0.259;0.251;0.32;0.322;0.667;0.422;0.056;0.034;0.049;0.088;0.027
25690;0.168;0.139;0.212;0.259;0.254;0.322;0.325;0.669;0.442;0.054;0.034;0.051;0.09;0.027
25691;0.171;0.149;0.212;0.256;0.249;0.32;0.325;0.664;0.457;0.056;0.034;0.051;0.088;0.024
25692;0.168;0.144;0.215;0.256;0.254;0.322;0.325;0.664;0.469;0.056;0.034;0.051;0.09;0.027
25693;0.171;0.137;0.212;0.259;0.254;0.322;0.327;0.664;0.486;0.056;0.034;0.051;0.088;0.027
25694;0.171;0.146;0.215;0.259;0.251;0.322;0.327;0.664;0.498;0.054;0.032;0.049;0.088;0.024
25695;0.173;0.137;0.215;0.254;0.251;0.32;0.327;0.667;0.515;0.061;0.037;0.051;0.093;0.024
25696;0.171;0.139;0.22;0.256;0.249;0.32;0.327;0.667;0.527;0.054;0.034;0.051;0.093;0.027
25697;0.173;0.151;0.215;0.256;0.249;0.32;0.325;0.667;0.542;0.056;0.037;0.054;0.095;0.027
25698;0.171;0.142;0.217;0.256;0.249;0.32;0.325;0.667;0.552;0.054;0.032;0.051;0.093;0.027
25699;0.171;0.146;0.217;0.259;0.247;0.322;0.325;0.667;0.571;0.059;0.037;0.051;0.093;0.027
25700;0.173;0.154;0.215;0.254;0.244;0.32;0.322;0.669;0.581;0.054;0.034;0.051;0.095;0.029
25701;0.173;0.139;0.217;0.259;0.247;0.322;0.325;0.667;0.591;0.061;0.034;0.051;0.093;0.024
25702;0.171;0.151;0.215;0.259;0.242;0.322;0.322;0.664;0.605;0.059;0.034;0.051;0.095;0.029
25703;0.171;0.159;0.21;0.256;0.239;0.322;0.322;0.669;0.618;0.059;0.034;0.051;0.098;0.029
25704;0.171;0.146;0.212;0.259;0.242;0.325;0.322;0.667;0.627;0.059;0.037;0.049;0.095;0.027
25705;0.173;0.164;0.215;0.256;0.239;0.325;0.317;0.667;0.64;0.059;0.037;0.051;0.098;0.027
25706;0.171;0.137;0.212;0.256;0.237;0.325;0.315;0.669;0.652;0.059;0.037;0.054;0.1;0.029
25707;0.168;0.166;0.212;0.254;0.237;0.327;0.315;0.664;0.662;0.061;0.037;0.054;0.093;0.02
25708;0.168;0.137;0.212;0.256;0.239;0.327;0.312;0.667;0.674;0.056;0.037;0.054;0.095;0.027
25709;0.171;0.161;0.208;0.259;0.239;0.327;0.312;0.664;0.681;0.059;0.034;0.054;0.095;0.027
25710;0.171;0.139;0.21;0.259;0.237;0.327;0.312;0.664;0.696;0.056;0.037;0.051;0.098;0.032
25711;0.171;0.146;0.215;0.261;0.239;0.327;0.315;0.667;0.703;0.059;0.039;0.054;0.095;0.024
25712;0.168;0.144;0.212;0.261;0.242;0.33;0.317;0.667;0.715;0.059;0.034;0.051;0.1;0.027
25713;0.168;0.149;0.212;0.266;0.244;0.33;0.317;0.667;0.728;0.061;0.039;0.051;0.1;0.029
25714;0.171;0.146;0.21;0.264;0.244;0.33;0.322;0.662;0.74;0.056;0.037;0.049;0.1;0.024
25715;0.173;0.156;0.212;0.261;0.242;0.33;0.325;0.667;0.754;0.059;0.039;0.054;0.095;0.024
25716;0.173;0.146;0.212;0.261;0.249;0.325;0.325;0.667;0.762;0.059;0.037;0.049;0.098;0.022
25717;0.173;0.144;0.21;0.261;0.244;0.327;0.322;0.662;0.774;0.054;0.039;0.051;0.1;0.027
25718;0.173;0.144;0.212;0.256;0.247;0.33;0.322;0.662;0.791;0.056;0.039;0.051;0.1;0.027
25719;0.176;0.144;0.212;0.259;0.247;0.327;0.32;0.662;0.801;0.056;0.042;0.051;0.1;0.027
25720;0.173;0.149;0.215;0.254;0.251;0.33;0.317;0.659;0.811;0.054;0.042;0.049;0.1;0.024
25721;0.173;0.144;0.212;0.254;0.249;0.327;0.32;0.662;0.825;0.056;0.042;0.051;0.095;0.024
25722;0.173;0.149;0.208;0.254;0.251;0.33;0.32;0.662;0.84;0.056;0.042;0.051;0.1;0.029
25723;0.173;0.156;0.21;0.256;0.249;0.33;0.32;0.662;0.852;0.054;0.042;0.051;0.098;0.024
25724;0.173;0.149;0.208;0.256;0.251;0.33;0.32;0.664;0.862;0.054;0.044;0.051;0.098;0.024
25725;0.176;0.154;0.208;0.256;0.251;0.327;0.315;0.662;0.872;0.051;0.042;0.054;0.1;0.027
25726;0.176;0.156;0.212;0.259;0.251;0.33;0.317;0.664;0.886;0.056;0.044;0.051;0.098;0.029
25727;0.173;0.149;0.215;0.259;0.251;0.33;0.32;0.664;0.896;0.054;0.042;0.051;0.098;0.024
25728;0.173;0.151;0.22;0.261;0.249;0.332;0.317;0.664;0.906;0.051;0.042;0.051;0.1;0.029
25729;0.176;0.154;0.225;0.261;0.249;0.332;0.322;0.662;0.913;0.051;0.042;0.051;0.1;0.029
25730;0.173;0.144;0.232;0.256;0.249;0.33;0.32;0.664;0.923;0.054;0.044;0.054;0.098;0.027
25731;0.178;0.151;0.237;0.261;0.247;0.332;0.322;0.664;0.925;0.051;0.042;0.051;0.1;0.027
25732;0.173;0.137;0.249;0.259;0.244;0.332;0.317;0.664;0.93;0.051;0.044;0.051;0.098;0.027
25733;0.176;0.144;0.259;0.256;0.247;0.332;0.317;0.667;0.935;0.049;0.044;0.051;0.095;0.022
25734;0.176;0.146;0.254;0.256;0.247;0.332;0.317;0.667;0.94;0.051;0.044;0.051;0.098;0.029
25735;0.176;0.137;0.256;0.256;0.249;0.33;0.312;0.667;0.94;0.051;0.044;0.054;0.098;0.027
25736;0.171;0.146;0.293;0.256;0.251;0.33;0.315;0.667;0.945;0.049;0.049;0.051;0.095;0.022
25737;0.173;0.146;0.312;0.259;0.254;0.33;0.315;0.667;0.942;0.049;0.044;0.054;0.098;0.024
25738;0.171;0.134;0.342;0.259;0.254;0.332;0.31;0.664;0.947;0.051;0.046;0.054;0.098;0.027
25739;0.171;0.154;0.315;0.256;0.256;0.33;0.312;0.667;0.942;0.049;0.044;0.049;0.093;0.022
25740;0.176;0.144;0.291;0.256;0.259;0.33;0.315;0.667;0.94;0.046;0.046;0.051;0.098;0.032
25741;0.176;0.144;0.273;0.254;0.259;0.327;0.312;0.667;0.938;0.049;0.046;0.051;0.095;0.027
25742;0.173;0.149;0.276;0.254;0.261;0.33;0.315;0.667;0.935;0.049;0.049;0.049;0.095;0.027
25743;0.173;0.146;0.251;0.249;0.259;0.327;0.315;0.664;0.933;0.046;0.049;0.049;0.095;0.027
25744;0.173;0.146;0.254;0.247;0.259;0.327;0.315;0.664;0.93;0.046;0.049;0.051;0.098;0.029
25745;0.171;0.154;0.244;0.247;0.256;0.327;0.315;0.662;0.923;0.049;0.051;0.049;0.095;0.027
25746;0.171;0.146;0.247;0.244;0.256;0.327;0.317;0.664;0.92;0.044;0.046;0.051;0.095;0.027
25747;0.171;0.154;0.247;0.242;0.254;0.325;0.317;0.664;0.916;0.046;0.051;0.049;0.095;0.029
25748;0.173;0.146;0.237;0.244;0.259;0.327;0.32;0.664;0.913;0.046;0.056;0.051;0.095;0.024
25749;0.173;0.149;0.237;0.244;0.256;0.327;0.317;0.662;0.908;0.046;0.054;0.049;0.098;0.032
25750;0.176;0.144;0.232;0.247;0.256;0.33;0.32;0.664;0.903;0.044;0.051;0.051;0.098;0.027
25751;0.176;0.149;0.232;0.247;0.256;0.327;0.32;0.667;0.896;0.044;0.051;0.049;0.098;0.029
25752;0.173;0.146;0.229;0.247;0.256;0.33;0.32;0.662;0.894;0.046;0.054;0.051;0.098;0.024
25753;0.176;0.144;0.239;0.249;0.256;0.33;0.317;0.664;0.889;0.044;0.054;0.051;0.095;0.027
25754;0.173;0.149;0.229;0.254;0.254;0.33;0.32;0.662;0.886;0.042;0.054;0.049;0.095;0.027
25755;0.176;0.146;0.227;0.254;0.256;0.33;0.32;0.664;0.881;0.042;0.056;0.049;0.093;0.027
25756;0.173;0.139;0.22;0.251;0.251;0.327;0.322;0.667;0.874;0.039;0.054;0.049;0.095;0.027
25757;0.178;0.149;0.217;0.254;0.251;0.327;0.317;0.667;0.874;0.044;0.059;0.051;0.09;0.022
25758;0.173;0.139;0.234;0.254;0.251;0.327;0.315;0.664;0.869;0.039;0.056;0.049;0.098;0.029
25759;0.176;0.146;0.229;0.249;0.251;0.327;0.315;0.669;0.867;0.042;0.059;0.051;0.093;0.022
25760;0.173;0.146;0.237;0.251;0.254;0.327;0.315;0.667;0.864;0.039;0.061;0.049;0.098;0.029
25761;0.176;0.144;0.251;0.251;0.254;0.33;0.317;0.669;0.857;0.042;0.059;0.051;0.098;0.027
25762;0.173;0.146;0.251;0.251;0.254;0.33;0.32;0.671;0.857;0.042;0.063;0.051;0.093;0.024
25763;0.173;0.144;0.271;0.249;0.254;0.327;0.317;0.669;0.852;0.042;0.061;0.049;0.093;0.024
25764;0.176;0.144;0.295;0.251;0.254;0.327;0.32;0.669;0.847;0.042;0.063;0.049;0.095;0.029
25765;0.176;0.146;0.33;0.251;0.256;0.327;0.322;0.667;0.845;0.042;0.063;0.049;0.095;0.027
25766;0.171;0.142;0.415;0.254;0.254;0.325;0.325;0.667;0.845;0.039;0.066;0.049;0.095;0.027
25767;0.173;0.142;0.369;0.254;0.256;0.327;0.325;0.667;0.835;0.039;0.066;0.051;0.098;0.027
25768;0.171;0.144;0.483;0.259;0.256;0.325;0.327;0.669;0.833;0.039;0.068;0.051;0.098;0.029
25769;0.171;0.137;0.481;0.259;0.256;0.325;0.325;0.671;0.828;0.039;0.068;0.051;0.098;0.029
25770;0.171;0.142;0.457;0.259;0.254;0.322;0.322;0.671;0.823;0.037;0.066;0.051;0.095;0.024
25771;0.171;0.134;0.579;0.259;0.256;0.322;0.322;0.669;0.82;0.039;0.066;0.051;0.1;0.027
25772;0.171;0.142;0.552;0.256;0.254;0.322;0.32;0.669;0.815;0.039;0.071;0.051;0.098;0.027
25773;0.173;0.134;0.586;0.259;0.254;0.322;0.317;0.671;0.813;0.039;0.068;0.051;0.098;0.029
25774;0.171;0.142;0.718;0.259;0.251;0.322;0.317;0.667;0.808;0.037;0.071;0.051;0.095;0.024
25775;0.168;0.134;0.51;0.259;0.251;0.322;0.312;0.667;0.803;0.037;0.071;0.054;0.1;0.032
25776;0.173;0.139;0.505;0.259;0.254;0.322;0.312;0.669;0.796;0.037;0.071;0.051;0.098;0.027
25777;0.171;0.137;0.652;0.259;0.256;0.322;0.312;0.669;0.791;0.037;0.071;0.049;0.1;0.032
25778;0.173;0.139;0.676;0.259;0.254;0.32;0.312;0.671;0.789;0.037;0.076;0.051;0.098;0.024
25779;0.173;0.144;0.916;0.259;0.254;0.322;0.315;0.671;0.784;0.039;0.076;0.051;0.1;0.029
25780;0.173;0.139;3.176;0.259;0.254;0.32;0.317;0.671;0.776;0.037;0.073;0.051;0.1;0.027
25781;0.171;0.146;1.904;0.264;0.254;0.322;0.317;0.669;0.769;0.034;0.076;0.049;0.103;0.032
25782;0.168;0.144;1.858;0.259;0.254;0.32;0.32;0.671;0.764;0.037;0.073;0.049;0.098;0.024
25783;0.171;0.149;1.797;0.264;0.251;0.322;0.317;0.669;0.757;0.037;0.076;0.049;0.105;0.034
25784;0.173;0.146;1.956;0.261;0.251;0.322;0.322;0.667;0.75;0.037;0.076;0.051;0.103;0.029
25785;0.173;0.149;1.914;0.264;0.251;0.322;0.32;0.669;0.747;0.037;0.081;0.049;0.098;0.024
25786;0.173;0.144;1.943;0.261;0.247;0.322;0.317;0.669;0.737;0.034;0.078;0.049;0.1;0.029
25787;0.176;0.146;2.793;0.259;0.254;0.322;0.32;0.671;0.728;0.037;0.078;0.051;0.1;0.027
25788;0.176;0.149;1.68;0.261;0.251;0.325;0.315;0.669;0.723;0.034;0.078;0.051;0.1;0.027
25789;0.176;0.149;4.028;0.261;0.251;0.325;0.31;0.669;0.713;0.034;0.076;0.049;0.1;0.027
25790;0.176;0.151;4.998;0.261;0.254;0.327;0.308;0.671;0.703;0.034;0.078;0.049;0.103;0.029
25791;0.173;0.154;4.998;0.264;0.249;0.327;0.312;0.669;0.701;0.034;0.078;0.046;0.1;0.027
25792;0.171;0.146;4.998;0.264;0.249;0.322;0.312;0.669;0.691;0.032;0.081;0.051;0.1;0.029
25793;0.173;0.151;2.556;0.264;0.247;0.322;0.315;0.669;0.681;0.034;0.081;0.049;0.1;0.024
25794;0.173;0.149;1.345;0.266;0.249;0.322;0.317;0.671;0.676;0.034;0.083;0.049;0.103;0.032
25795;0.173;0.144;0.767;0.266;0.249;0.322;0.315;0.669;0.667;0.034;0.083;0.051;0.103;0.027
25796;0.176;0.151;0.5;0.266;0.251;0.322;0.317;0.671;0.659;0.034;0.083;0.051;0.105;0.032
25797;0.171;0.146;0.378;0.266;0.247;0.32;0.32;0.669;0.649;0.032;0.081;0.049;0.105;0.027
25798;0.173;0.144;0.344;0.269;0.249;0.322;0.32;0.671;0.642;0.032;0.083;0.049;0.103;0.029
25799;0.173;0.149;0.505;0.264;0.249;0.32;0.317;0.667;0.635;0.032;0.083;0.051;0.103;0.029
25800;0.176;0.144;0.662;0.264;0.249;0.32;0.32;0.669;0.625;0.032;0.083;0.049;0.105;0.029
25801;0.176;0.149;1.077;0.264;0.249;0.32;0.317;0.667;0.618;0.032;0.083;0.051;0.105;0.029
25802;0.176;0.146;0.598;0.261;0.247;0.32;0.317;0.669;0.61;0.034;0.088;0.046;0.105;0.029
25803;0.181;0.151;0.317;0.261;0.251;0.32;0.317;0.669;0.603;0.032;0.085;0.049;0.107;0.027
25804;0.181;0.149;0.239;0.259;0.251;0.322;0.317;0.669;0.596;0.029;0.085;0.051;0.1;0.029
25805;0.181;0.149;0.242;0.259;0.251;0.322;0.315;0.667;0.588;0.029;0.083;0.049;0.105;0.029
25806;0.178;0.151;0.247;0.259;0.249;0.32;0.317;0.669;0.583;0.034;0.085;0.049;0.105;0.029
25807;0.178;0.144;0.249;0.256;0.251;0.322;0.317;0.667;0.574;0.034;0.083;0.051;0.107;0.032
25808;0.178;0.149;0.298;0.259;0.249;0.322;0.315;0.669;0.569;0.032;0.085;0.049;0.107;0.029
25809;0.178;0.149;0.283;0.259;0.249;0.325;0.315;0.667;0.564;0.034;0.085;0.051;0.105;0.034
25810;0.178;0.149;0.259;0.256;0.249;0.325;0.315;0.667;0.559;0.029;0.085;0.049;0.105;0.029
25811;0.178;0.149;0.251;0.259;0.249;0.325;0.315;0.667;0.552;0.034;0.081;0.049;0.105;0.032
25812;0.178;0.149;0.249;0.259;0.247;0.327;0.317;0.667;0.542;0.029;0.081;0.051;0.107;0.029
25813;0.181;0.144;0.239;0.259;0.247;0.327;0.32;0.664;0.54;0.032;0.081;0.049;0.105;0.024
25814;0.178;0.144;0.239;0.259;0.249;0.327;0.32;0.667;0.532;0.032;0.081;0.051;0.103;0.027
25815;0.178;0.142;0.247;0.254;0.249;0.327;0.317;0.667;0.527;0.029;0.081;0.049;0.107;0.029
25816;0.178;0.144;0.249;0.259;0.247;0.327;0.317;0.667;0.522;0.032;0.081;0.051;0.105;0.027
25817;0.178;0.139;0.242;0.259;0.249;0.327;0.312;0.664;0.518;0.029;0.081;0.049;0.107;0.027
25818;0.176;0.142;0.244;0.256;0.247;0.322;0.315;0.662;0.51;0.029;0.078;0.049;0.105;0.024
25819;0.176;0.139;0.242;0.259;0.249;0.322;0.312;0.664;0.505;0.027;0.076;0.049;0.1;0.027
25820;0.176;0.137;0.247;0.259;0.254;0.325;0.315;0.667;0.5;0.032;0.081;0.049;0.107;0.029
25821;0.173;0.142;0.249;0.259;0.249;0.325;0.312;0.662;0.496;0.032;0.078;0.049;0.107;0.027
25822;0.173;0.137;0.249;0.259;0.251;0.325;0.315;0.664;0.493;0.029;0.076;0.051;0.105;0.034
25823;0.168;0.137;0.251;0.261;0.251;0.322;0.312;0.664;0.491;0.032;0.078;0.051;0.105;0.027
25824;0.171;0.144;0.264;0.259;0.251;0.325;0.312;0.667;0.483;0.029;0.076;0.049;0.105;0.027
25825;0.168;0.139;0.264;0.261;0.251;0.325;0.312;0.667;0.481;0.029;0.076;0.049;0.105;0.034
25826;0.166;0.142;0.259;0.259;0.251;0.327;0.312;0.664;0.479;0.032;0.076;0.049;0.105;0.029
25827;0.168;0.142;0.251;0.259;0.251;0.327;0.312;0.664;0.471;0.032;0.076;0.051;0.105;0.029
25828;0.168;0.142;0.249;0.259;0.251;0.325;0.312;0.664;0.469;0.032;0.076;0.051;0.107;0.032
25829;0.168;0.144;0.249;0.261;0.249;0.327;0.315;0.667;0.461;0.029;0.073;0.049;0.107;0.029
25830;0.168;0.146;0.259;0.261;0.249;0.327;0.317;0.664;0.459;0.029;0.071;0.049;0.105;0.027
25831;0.166;0.144;0.276;0.259;0.251;0.325;0.315;0.667;0.457;0.029;0.071;0.051;0.107;0.029
25832;0.168;0.149;0.251;0.261;0.251;0.322;0.315;0.667;0.452;0.034;0.073;0.051;0.107;0.029
25833;0.168;0.146;0.239;0.259;0.254;0.325;0.317;0.667;0.447;0.029;0.073;0.051;0.105;0.027
25834;0.168;0.149;0.232;0.261;0.251;0.322;0.32;0.669;0.439;0.029;0.071;0.051;0.105;0.029
25835;0.166;0.146;0.225;0.261;0.254;0.322;0.317;0.667;0.437;0.029;0.068;0.049;0.103;0.029
25836;0.166;0.146;0.229;0.261;0.251;0.322;0.317;0.669;0.43;0.032;0.071;0.051;0.107;0.034
25837;0.166;0.144;0.237;0.264;0.254;0.322;0.32;0.667;0.427;0.034;0.073;0.051;0.1;0.024
25838;0.166;0.146;0.261;0.264;0.251;0.322;0.317;0.669;0.422;0.029;0.068;0.051;0.103;0.032
25839;0.166;0.144;0.266;0.261;0.251;0.325;0.317;0.669;0.415;0.029;0.068;0.051;0.103;0.029
25840;0.166;0.144;0.256;0.261;0.254;0.325;0.315;0.671;0.413;0.032;0.068;0.049;0.105;0.032
25841;0.166;0.142;0.259;0.261;0.251;0.325;0.317;0.664;0.405;0.032;0.068;0.051;0.103;0.029
25842;0.166;0.144;0.244;0.261;0.251;0.322;0.317;0.669;0.403;0.032;0.066;0.054;0.1;0.029
25843;0.171;0.142;0.242;0.261;0.249;0.325;0.315;0.667;0.396;0.034;0.071;0.051;0.105;0.029
25844;0.168;0.139;0.247;0.259;0.251;0.325;0.315;0.664;0.393;0.032;0.068;0.051;0.1;0.029
25845;0.171;0.142;0.244;0.261;0.249;0.322;0.312;0.667;0.386;0.029;0.066;0.051;0.1;0.032
25846;0.171;0.139;0.249;0.261;0.249;0.325;0.315;0.667;0.383;0.032;0.066;0.051;0.1;0.027
25847;0.173;0.139;0.249;0.256;0.247;0.327;0.312;0.667;0.374;0.032;0.066;0.051;0.1;0.032
25848;0.173;0.139;0.254;0.256;0.251;0.327;0.312;0.669;0.374;0.032;0.066;0.051;0.098;0.029
25849;0.173;0.139;0.259;0.259;0.249;0.325;0.312;0.669;0.369;0.032;0.066;0.051;0.098;0.027
25850;0.178;0.139;0.249;0.256;0.249;0.325;0.315;0.669;0.364;0.034;0.063;0.051;0.098;0.029
25851;0.173;0.144;0.247;0.256;0.249;0.327;0.312;0.671;0.359;0.034;0.066;0.051;0.1;0.029
25852;0.178;0.142;0.234;0.256;0.251;0.325;0.315;0.669;0.354;0.032;0.063;0.051;0.098;0.032
25853;0.176;0.142;0.232;0.254;0.249;0.327;0.32;0.669;0.349;0.032;0.066;0.051;0.093;0.024
25854;0.176;0.142;0.234;0.254;0.251;0.325;0.317;0.674;0.344;0.032;0.063;0.051;0.095;0.029
25855;0.178;0.142;0.232;0.249;0.251;0.325;0.317;0.674;0.342;0.032;0.066;0.051;0.098;0.029
25856;0.178;0.139;0.227;0.251;0.249;0.325;0.32;0.674;0.334;0.032;0.063;0.051;0.09;0.029
25857;0.178;0.142;0.227;0.249;0.247;0.327;0.315;0.674;0.332;0.034;0.063;0.051;0.093;0.029
25858;0.181;0.142;0.225;0.251;0.251;0.327;0.32;0.671;0.327;0.032;0.066;0.051;0.09;0.027
25859;0.181;0.139;0.225;0.249;0.247;0.325;0.317;0.671;0.322;0.034;0.066;0.051;0.093;0.029
25860;0.181;0.142;0.229;0.249;0.251;0.325;0.315;0.674;0.317;0.034;0.063;0.051;0.093;0.032
25861;0.178;0.142;0.232;0.251;0.249;0.322;0.315;0.674;0.312;0.034;0.063;0.049;0.09;0.029
25862;0.183;0.139;0.234;0.249;0.249;0.32;0.315;0.669;0.312;0.034;0.066;0.051;0.093;0.029
25863;0.181;0.139;0.234;0.251;0.251;0.32;0.312;0.671;0.31;0.034;0.063;0.054;0.088;0.027
25864;0.181;0.142;0.237;0.251;0.254;0.322;0.312;0.671;0.303;0.032;0.063;0.051;0.088;0.029
25865;0.178;0.139;0.242;0.251;0.256;0.317;0.312;0.671;0.3;0.032;0.061;0.054;0.085;0.027
25866;0.178;0.139;0.249;0.254;0.254;0.315;0.31;0.674;0.298;0.029;0.063;0.051;0.088;0.029
25867;0.178;0.137;0.254;0.251;0.254;0.32;0.31;0.674;0.293;0.032;0.061;0.049;0.085;0.027
25868;0.173;0.142;0.261;0.254;0.254;0.317;0.31;0.674;0.293;0.034;0.061;0.051;0.083;0.022
25869;0.171;0.142;0.269;0.251;0.251;0.32;0.31;0.671;0.288;0.034;0.063;0.051;0.083;0.024
25870;0.176;0.144;0.261;0.251;0.249;0.315;0.31;0.671;0.286;0.034;0.061;0.054;0.085;0.029
25871;0.171;0.142;0.259;0.251;0.251;0.317;0.312;0.671;0.283;0.029;0.061;0.051;0.081;0.027
25872;0.171;0.144;0.266;0.249;0.247;0.317;0.31;0.669;0.281;0.032;0.061;0.051;0.085;0.029
25873;0.171;0.146;0.244;0.249;0.247;0.317;0.31;0.671;0.276;0.032;0.059;0.051;0.081;0.027
25874;0.171;0.146;0.254;0.251;0.242;0.317;0.31;0.669;0.273;0.029;0.059;0.049;0.081;0.029
25875;0.168;0.151;0.266;0.254;0.242;0.317;0.308;0.669;0.269;0.029;0.061;0.051;0.078;0.027
25876;0.166;0.151;0.273;0.254;0.242;0.32;0.312;0.669;0.269;0.032;0.061;0.049;0.081;0.027
25877;0.166;0.151;0.251;0.254;0.242;0.32;0.31;0.671;0.266;0.029;0.061;0.051;0.078;0.027
25878;0.168;0.151;0.242;0.251;0.242;0.322;0.31;0.671;0.264;0.032;0.061;0.049;0.081;0.029
25879;0.19;0.149;0.286;0.254;0.244;0.32;0.312;0.671;0.261;0.029;0.061;0.051;0.083;0.032
25880;0.229;0.149;0.286;0.254;0.247;0.322;0.315;0.674;0.259;0.032;0.059;0.051;0.071;0.024
25881;0.266;0.151;0.303;0.254;0.247;0.322;0.312;0.671;0.251;0.032;0.059;0.049;0.078;0.027
25882;0.303;0.151;0.32;0.254;0.244;0.322;0.317;0.669;0.251;0.029;0.059;0.051;0.073;0.032
25883;0.269;0.149;0.293;0.256;0.247;0.322;0.32;0.671;0.247;0.032;0.056;0.049;0.076;0.027
25884;0.256;0.146;0.327;0.254;0.249;0.317;0.32;0.671;0.244;0.027;0.059;0.049;0.073;0.024
25885;0.232;0.144;0.303;0.251;0.247;0.317;0.315;0.674;0.242;0.029;0.056;0.049;0.076;0.029
25886;0.234;0.146;0.327;0.254;0.247;0.32;0.312;0.674;0.237;0.027;0.056;0.051;0.073;0.027
25887;0.225;0.144;0.352;0.254;0.247;0.317;0.312;0.671;0.234;0.029;0.054;0.049;0.073;0.027
25888;0.237;0.144;0.337;0.254;0.247;0.315;0.312;0.671;0.232;0.029;0.054;0.049;0.068;0.027
25889;0.239;0.142;0.352;0.254;0.249;0.315;0.312;0.671;0.229;0.027;0.054;0.049;0.073;0.034
25890;0.217;0.142;0.41;0.254;0.249;0.317;0.315;0.674;0.225;0.024;0.051;0.051;0.071;0.024
25891;0.259;0.139;0.442;0.254;0.249;0.32;0.312;0.671;0.225;0.027;0.054;0.049;0.071;0.032
25892;0.251;0.142;0.356;0.254;0.247;0.32;0.31;0.671;0.222;0.027;0.051;0.049;0.073;0.029
25893;0.251;0.139;0.537;0.254;0.249;0.315;0.31;0.671;0.22;0.027;0.054;0.049;0.071;0.027
25894;0.229;0.139;0.342;0.251;0.247;0.315;0.312;0.674;0.217;0.027;0.049;0.049;0.068;0.029
25895;0.234;0.139;0.276;0.254;0.247;0.315;0.308;0.669;0.212;0.027;0.049;0.051;0.071;0.027
25896;0.22;0.139;0.295;0.251;0.244;0.315;0.308;0.671;0.21;0.027;0.049;0.049;0.068;0.029
25897;0.232;0.137;0.281;0.251;0.244;0.315;0.308;0.671;0.208;0.027;0.049;0.051;0.068;0.032
25898;0.239;0.139;0.266;0.249;0.244;0.315;0.308;0.674;0.205;0.027;0.051;0.051;0.068;0.032
25899;0.229;0.139;0.479;0.249;0.244;0.317;0.308;0.669;0.205;0.024;0.049;0.051;0.066;0.024
25900;0.239;0.139;0.459;0.249;0.242;0.317;0.308;0.669;0.203;0.024;0.046;0.049;0.066;0.032
25901;0.247;0.139;0.437;0.247;0.242;0.315;0.308;0.671;0.198;0.027;0.046;0.051;0.066;0.032
25902;0.232;0.139;0.73;0.247;0.242;0.315;0.305;0.669;0.198;0.027;0.049;0.051;0.066;0.029
25903;0.229;0.142;0.706;0.247;0.242;0.315;0.308;0.669;0.19;0.024;0.046;0.049;0.071;0.034
25904;0.237;0.139;0.627;0.247;0.244;0.317;0.31;0.667;0.193;0.024;0.049;0.049;0.063;0.027
25905;0.244;0.137;0.767;0.247;0.244;0.317;0.305;0.669;0.188;0.027;0.046;0.049;0.063;0.029
25906;0.239;0.139;0.952;0.247;0.244;0.315;0.305;0.669;0.19;0.027;0.049;0.049;0.068;0.029
25907;0.251;0.139;1.169;0.247;0.247;0.317;0.308;0.669;0.188;0.027;0.046;0.049;0.063;0.032
25908;0.234;0.139;1.035;0.247;0.242;0.315;0.308;0.667;0.186;0.024;0.046;0.051;0.061;0.027
25909;0.244;0.139;0.876;0.244;0.244;0.315;0.308;0.671;0.181;0.022;0.046;0.049;0.063;0.029
25910;0.251;0.139;0.889;0.247;0.244;0.317;0.305;0.669;0.181;0.022;0.044;0.051;0.061;0.027
25911;0.237;0.144;0.903;0.247;0.242;0.312;0.305;0.669;0.181;0.024;0.046;0.051;0.066;0.034
25912;0.242;0.142;0.864;0.244;0.244;0.31;0.308;0.669;0.178;0.024;0.046;0.051;0.061;0.027
25913;0.251;0.144;0.84;0.244;0.239;0.312;0.308;0.669;0.176;0.024;0.044;0.051;0.059;0.029
25914;0.249;0.144;0.957;0.242;0.242;0.31;0.308;0.671;0.173;0.024;0.044;0.051;0.061;0.029
25915;0.249;0.149;0.732;0.244;0.242;0.312;0.308;0.671;0.173;0.029;0.046;0.051;0.061;0.029
25916;0.251;0.146;0.723;0.242;0.239;0.312;0.308;0.669;0.168;0.02;0.042;0.049;0.056;0.027
25917;0.242;0.149;0.754;0.242;0.237;0.315;0.31;0.669;0.166;0.024;0.044;0.049;0.061;0.027
25918;0.239;0.146;0.991;0.242;0.239;0.312;0.31;0.669;0.164;0.027;0.046;0.051;0.059;0.032
25919;0.237;0.146;1.279;0.244;0.239;0.315;0.31;0.669;0.164;0.022;0.044;0.051;0.056;0.024
25920;0.244;0.144;1.104;0.244;0.237;0.317;0.308;0.667;0.164;0.024;0.044;0.054;0.056;0.024
25921;0.242;0.144;1.045;0.244;0.237;0.315;0.31;0.667;0.164;0.024;0.046;0.051;0.054;0.029
25922;0.249;0.146;0.945;0.247;0.237;0.32;0.308;0.669;0.159;0.022;0.042;0.051;0.059;0.027
25923;0.249;0.142;0.884;0.247;0.237;0.317;0.31;0.669;0.156;0.027;0.044;0.049;0.054;0.027
25924;0.237;0.142;0.889;0.247;0.234;0.317;0.308;0.669;0.159;0.022;0.042;0.051;0.054;0.024
25925;0.244;0.142;1.14;0.244;0.237;0.32;0.308;0.669;0.154;0.024;0.044;0.051;0.051;0.027
25926;0.229;0.144;1.333;0.247;0.237;0.317;0.308;0.667;0.154;0.024;0.044;0.051;0.051;0.024
25927;0.244;0.139;1.418;0.249;0.239;0.315;0.308;0.667;0.151;0.024;0.044;0.051;0.054;0.029
25928;0.237;0.146;1.421;0.249;0.237;0.315;0.305;0.671;0.149;0.022;0.044;0.051;0.051;0.027
25929;0.234;0.144;2.664;0.247;0.239;0.312;0.308;0.669;0.149;0.027;0.042;0.051;0.051;0.024
25930;0.234;0.144;4.998;0.249;0.242;0.312;0.305;0.667;0.146;0.022;0.044;0.054;0.051;0.027
25931;0.234;0.149;4.998;0.249;0.239;0.31;0.308;0.667;0.146;0.024;0.044;0.051;0.051;0.022
25932;0.234;0.149;4.998;0.249;0.242;0.312;0.305;0.667;0.146;0.024;0.044;0.054;0.051;0.027
25933;0.227;0.149;4.998;0.249;0.242;0.315;0.308;0.667;0.142;0.024;0.044;0.051;0.046;0.022
25934;0.232;0.149;4.998;0.249;0.242;0.312;0.308;0.664;0.142;0.022;0.042;0.049;0.049;0.024
25935;0.227;0.149;4.998;0.249;0.242;0.315;0.308;0.667;0.142;0.022;0.042;0.051;0.046;0.027
25936;0.237;0.151;4.998;0.249;0.237;0.317;0.31;0.667;0.142;0.022;0.046;0.051;0.046;0.024
25937;0.237;0.151;4.998;0.249;0.239;0.315;0.308;0.664;0.137;0.024;0.042;0.049;0.046;0.024
25938;0.237;0.151;4.998;0.247;0.239;0.317;0.31;0.667;0.139;0.024;0.044;0.051;0.046;0.027
25939;0.232;0.151;4.998;0.244;0.239;0.32;0.312;0.667;0.137;0.022;0.044;0.051;0.044;0.027
25940;0.234;0.151;4.998;0.244;0.237;0.32;0.31;0.664;0.134;0.024;0.044;0.051;0.046;0.029
25941;0.229;0.146;4.998;0.244;0.234;0.317;0.31;0.667;0.134;0.022;0.044;0.049;0.042;0.022
25942;0.244;0.144;4.998;0.242;0.237;0.32;0.31;0.667;0.134;0.022;0.042;0.054;0.042;0.027
25943;0.244;0.144;4.998;0.244;0.239;0.32;0.308;0.664;0.132;0.024;0.046;0.051;0.046;0.024
25944;0.242;0.144;4.998;0.244;0.239;0.32;0.305;0.664;0.134;0.024;0.044;0.051;0.039;0.024
25945;0.254;0.142;4.998;0.244;0.239;0.317;0.305;0.664;0.129;0.022;0.044;0.051;0.042;0.024
25946;0.249;0.137;4.998;0.244;0.239;0.32;0.303;0.664;0.127;0.022;0.044;0.049;0.044;0.024
25947;0.251;0.139;4.998;0.244;0.242;0.317;0.303;0.664;0.129;0.024;0.046;0.051;0.039;0.022
25948;0.249;0.134;4.998;0.247;0.239;0.317;0.305;0.664;0.129;0.022;0.044;0.051;0.037;0.022
25949;0.247;0.134;4.998;0.247;0.242;0.317;0.308;0.667;0.125;0.022;0.042;0.051;0.042;0.024
25950;0.247;0.132;4.998;0.247;0.242;0.32;0.312;0.667;0.127;0.024;0.046;0.051;0.037;0.024
25951;0.244;0.129;4.998;0.249;0.237;0.317;0.312;0.667;0.127;0.022;0.044;0.049;0.039;0.024
25952;0.251;0.132;4.998;0.247;0.237;0.32;0.315;0.667;0.125;0.022;0.044;0.051;0.034;0.02
25953;0.249;0.129;4.998;0.244;0.239;0.32;0.317;0.669;0.125;0.024;0.046;0.051;0.039;0.027
25954;0.244;0.127;4.998;0.242;0.237;0.32;0.317;0.664;0.122;0.02;0.044;0.051;0.034;0.024
25955;0.244;0.127;4.998;0.242;0.237;0.32;0.32;0.664;0.125;0.024;0.044;0.049;0.044;0.032
25956;0.249;0.127;4.998;0.242;0.239;0.317;0.32;0.669;0.127;0.022;0.044;0.049;0.037;0.029
25957;0.244;0.127;4.998;0.239;0.239;0.317;0.312;0.667;0.125;0.022;0.046;0.049;0.037;0.022
25958;0.242;0.127;4.998;0.239;0.239;0.32;0.31;0.669;0.125;0.022;0.046;0.049;0.032;0.022
25959;0.247;0.127;4.998;0.239;0.239;0.32;0.308;0.664;0.122;0.022;0.046;0.051;0.034;0.024
25960;0.247;0.127;4.998;0.239;0.239;0.32;0.305;0.667;0.125;0.027;0.044;0.051;0.037;0.027
25961;0.251;0.129;4.998;0.239;0.239;0.32;0.305;0.664;0.125;0.022;0.046;0.051;0.034;0.024
25962;0.247;0.129;4.998;0.237;0.239;0.32;0.303;0.664;0.122;0.022;0.044;0.051;0.034;0.027
25963;0.249;0.127;4.998;0.242;0.237;0.32;0.3;0.667;0.122;0.022;0.044;0.051;0.032;0.022
25964;0.244;0.129;4.998;0.242;0.239;0.317;0.3;0.667;0.12;0.022;0.044;0.051;0.034;0.024
25965;0.244;0.129;4.998;0.242;0.237;0.315;0.303;0.667;0.122;0.02;0.044;0.051;0.034;0.024
25966;0.244;0.129;4.998;0.239;0.237;0.317;0.305;0.667;0.122;0.024;0.042;0.051;0.032;0.024
25967;0.244;0.127;4.998;0.239;0.237;0.317;0.303;0.667;0.12;0.017;0.044;0.049;0.029;0.024
25968;0.247;0.127;4.998;0.242;0.237;0.317;0.303;0.664;0.12;0.024;0.044;0.049;0.032;0.024
25969;0.244;0.132;4.998;0.242;0.239;0.317;0.305;0.667;0.12;0.022;0.046;0.051;0.032;0.027
25970;0.247;0.132;4.998;0.242;0.237;0.32;0.305;0.667;0.12;0.022;0.044;0.051;0.029;0.024
25971;0.244;0.129;4.998;0.242;0.239;0.317;0.305;0.667;0.12;0.02;0.042;0.051;0.029;0.024
25972;0.242;0.129;4.998;0.239;0.237;0.315;0.303;0.667;0.12;0.022;0.049;0.049;0.029;0.024
25973;0.242;0.132;4.998;0.242;0.239;0.312;0.3;0.667;0.122;0.022;0.049;0.051;0.027;0.022
25974;0.239;0.129;4.998;0.239;0.239;0.312;0.303;0.669;0.117;0.017;0.044;0.049;0.027;0.027
25975;0.244;0.129;4.998;0.247;0.239;0.317;0.305;0.669;0.122;0.022;0.046;0.051;0.029;0.027
25976;0.242;0.132;4.998;0.244;0.242;0.315;0.303;0.669;0.12;0.022;0.046;0.051;0.029;0.027
25977;0.239;0.134;4.998;0.244;0.244;0.315;0.305;0.671;0.122;0.022;0.049;0.049;0.027;0.029
25978;0.237;0.137;4.998;0.244;0.242;0.312;0.303;0.671;0.12;0.022;0.044;0.051;0.029;0.024
25979;0.237;0.137;4.998;0.247;0.239;0.315;0.303;0.671;0.122;0.02;0.046;0.049;0.027;0.027
25980;0.234;0.134;4.998;0.247;0.242;0.317;0.305;0.674;0.122;0.02;0.049;0.051;0.029;0.027
25981;0.234;0.137;4.998;0.244;0.242;0.317;0.305;0.671;0.122;0.022;0.049;0.049;0.029;0.027
25982;0.234;0.137;4.998;0.247;0.239;0.32;0.308;0.671;0.12;0.02;0.046;0.051;0.027;0.024
25983;0.234;0.137;4.998;0.251;0.242;0.317;0.305;0.674;0.122;0.022;0.051;0.051;0.027;0.027
25984;0.237;0.137;4.998;0.247;0.239;0.317;0.308;0.671;0.12;0.02;0.049;0.049;0.029;0.029
25985;0.239;0.137;4.998;0.249;0.239;0.317;0.31;0.671;0.122;0.022;0.051;0.051;0.024;0.027
25986;0.237;0.134;4.998;0.249;0.237;0.317;0.31;0.674;0.122;0.02;0.054;0.051;0.022;0.027
25987;0.237;0.137;4.998;0.249;0.237;0.317;0.31;0.674;0.122;0.022;0.051;0.051;0.027;0.024
25988;0.237;0.132;4.998;0.249;0.237;0.315;0.31;0.674;0.12;0.02;0.054;0.049;0.027;0.027
25989;0.239;0.134;4.998;0.247;0.237;0.315;0.31;0.674;0.122;0.022;0.051;0.051;0.024;0.024
25990;0.242;0.129;4.998;0.249;0.234;0.315;0.31;0.674;0.122;0.02;0.051;0.049;0.027;0.027
25991;0.244;0.132;4.998;0.251;0.234;0.315;0.308;0.671;0.122;0.022;0.056;0.049;0.024;0.024
25992;0.247;0.132;4.998;0.249;0.234;0.317;0.303;0.671;0.125;0.024;0.059;0.054;0.027;0.029
25993;0.249;0.132;4.998;0.249;0.234;0.315;0.303;0.671;0.125;0.022;0.059;0.049;0.027;0.024
25994;0.244;0.132;4.998;0.247;0.234;0.315;0.3;0.671;0.122;0.022;0.056;0.049;0.024;0.027
25995;0.249;0.132;4.998;0.247;0.234;0.315;0.3;0.669;0.122;0.022;0.059;0.049;0.027;0.027
25996;0.247;0.132;4.998;0.247;0.237;0.315;0.3;0.671;0.122;0.022;0.059;0.051;0.027;0.029
25997;0.249;0.132;4.998;0.247;0.239;0.315;0.3;0.671;0.125;0.022;0.063;0.051;0.024;0.024
25998;0.251;0.132;4.998;0.249;0.237;0.315;0.3;0.669;0.125;0.022;0.061;0.051;0.022;0.027
25999;0.249;0.132;4.998;0.247;0.242;0.315;0.303;0.671;0.122;0.017;0.061;0.051;0.022;0.027
26000;0.251;0.132;4.998;0.247;0.239;0.315;0.305;0.669;0.127;0.022;0.063;0.051;0.024;0.029
26001;0.254;0.132;4.998;0.244;0.242;0.317;0.305;0.669;0.127;0.022;0.066;0.051;0.024;0.027
26002;0.251;0.134;4.998;0.244;0.239;0.317;0.308;0.669;0.129;0.022;0.068;0.051;0.024;0.027
26003;0.254;0.132;4.998;0.247;0.239;0.315;0.308;0.669;0.129;0.022;0.068;0.051;0.024;0.027
26004;0.251;0.132;4.998;0.244;0.242;0.32;0.305;0.671;0.132;0.022;0.071;0.051;0.024;0.029
26005;0.251;0.134;4.998;0.244;0.239;0.32;0.31;0.669;0.129;0.022;0.068;0.051;0.022;0.024
26006;0.254;0.129;4.998;0.247;0.244;0.32;0.305;0.669;0.132;0.02;0.071;0.051;0.027;0.029
26007;0.251;0.132;4.998;0.239;0.244;0.317;0.305;0.669;0.127;0.024;0.073;0.049;0.027;0.027
26008;0.249;0.132;4.998;0.242;0.244;0.317;0.305;0.669;0.129;0.022;0.076;0.049;0.022;0.024
26009;0.247;0.132;4.998;0.242;0.247;0.322;0.305;0.669;0.129;0.022;0.076;0.051;0.024;0.029
26010;0.247;0.129;4.998;0.242;0.244;0.317;0.303;0.671;0.127;0.024;0.078;0.051;0.027;0.027
26011;0.244;0.129;4.998;0.242;0.242;0.317;0.303;0.671;0.132;0.027;0.081;0.049;0.022;0.027
26012;0.244;0.132;4.998;0.242;0.239;0.317;0.303;0.671;0.132;0.022;0.078;0.051;0.024;0.027
26013;0.244;0.129;4.998;0.244;0.239;0.32;0.305;0.669;0.129;0.024;0.081;0.051;0.022;0.024
26014;0.244;0.132;4.998;0.242;0.237;0.315;0.305;0.671;0.129;0.02;0.078;0.049;0.024;0.029
26015;0.242;0.129;4.998;0.242;0.239;0.317;0.305;0.669;0.134;0.024;0.083;0.049;0.024;0.029
26016;0.242;0.129;4.998;0.244;0.239;0.317;0.305;0.669;0.129;0.024;0.083;0.051;0.027;0.027
26017;0.242;0.127;4.998;0.244;0.239;0.315;0.305;0.667;0.132;0.022;0.085;0.051;0.022;0.024
26018;0.234;0.129;4.998;0.242;0.239;0.317;0.303;0.667;0.129;0.022;0.083;0.051;0.027;0.029
26019;0.234;0.127;4.998;0.237;0.244;0.317;0.303;0.667;0.132;0.024;0.083;0.051;0.024;0.029
26020;0.237;0.127;4.998;0.237;0.244;0.317;0.3;0.667;0.129;0.022;0.088;0.054;0.022;0.027
26021;0.237;0.127;4.998;0.237;0.247;0.317;0.3;0.667;0.134;0.024;0.088;0.051;0.024;0.029
26022;0.234;0.127;4.998;0.234;0.247;0.32;0.303;0.667;0.132;0.022;0.088;0.049;0.024;0.027
26023;0.234;0.125;4.998;0.234;0.249;0.32;0.3;0.667;0.137;0.022;0.09;0.051;0.024;0.024
26024;0.234;0.127;4.998;0.234;0.244;0.317;0.3;0.667;0.142;0.022;0.09;0.051;0.027;0.027
26025;0.234;0.122;4.998;0.232;0.247;0.315;0.303;0.662;0.139;0.024;0.088;0.046;0.024;0.027
26026;0.234;0.125;4.998;0.232;0.247;0.315;0.303;0.664;0.146;0.022;0.093;0.049;0.024;0.029
26027;0.232;0.125;4.998;0.232;0.242;0.315;0.305;0.667;0.151;0.024;0.09;0.049;0.024;0.027
26028;0.237;0.125;4.998;0.232;0.244;0.315;0.303;0.664;0.154;0.024;0.093;0.051;0.022;0.024
26029;0.237;0.125;4.998;0.232;0.242;0.315;0.305;0.664;0.159;0.022;0.09;0.049;0.022;0.029
26030;0.237;0.127;4.998;0.232;0.239;0.312;0.303;0.664;0.166;0.024;0.093;0.049;0.022;0.024
26031;0.239;0.127;4.998;0.232;0.239;0.31;0.305;0.667;0.173;0.024;0.093;0.051;0.027;0.032
26032;0.242;0.127;4.998;0.234;0.239;0.31;0.308;0.667;0.178;0.024;0.093;0.051;0.024;0.024
26033;0.247;0.127;4.998;0.234;0.237;0.308;0.305;0.667;0.19;0.022;0.09;0.051;0.022;0.027
26034;0.247;0.127;4.998;0.232;0.237;0.31;0.305;0.664;0.198;0.022;0.093;0.049;0.022;0.027
26035;0.249;0.132;4.998;0.232;0.237;0.31;0.303;0.664;0.205;0.024;0.093;0.054;0.024;0.032
26036;0.249;0.129;4.998;0.232;0.237;0.31;0.303;0.667;0.22;0.022;0.093;0.051;0.022;0.027
26037;0.249;0.129;4.998;0.234;0.239;0.312;0.305;0.664;0.229;0.022;0.093;0.049;0.02;0.024
26038;0.249;0.132;4.998;0.234;0.237;0.31;0.305;0.664;0.239;0.022;0.093;0.051;0.022;0.029
26039;0.247;0.132;4.998;0.232;0.237;0.312;0.303;0.664;0.249;0.024;0.09;0.051;0.024;0.024
26040;0.244;0.132;4.998;0.234;0.234;0.312;0.3;0.664;0.261;0.02;0.09;0.049;0.024;0.029
26041;0.244;0.132;4.998;0.237;0.234;0.317;0.3;0.664;0.271;0.022;0.09;0.051;0.022;0.027
26042;0.244;0.132;4.998;0.239;0.239;0.315;0.298;0.664;0.281;0.024;0.09;0.051;0.02;0.029
26043;0.244;0.132;4.998;0.234;0.237;0.315;0.298;0.667;0.291;0.022;0.085;0.051;0.024;0.024
26044;0.244;0.134;4.998;0.237;0.237;0.315;0.298;0.667;0.303;0.024;0.09;0.051;0.022;0.029
26045;0.244;0.134;4.998;0.239;0.239;0.315;0.295;0.662;0.308;0.022;0.088;0.049;0.022;0.029
26046;0.242;0.132;4.998;0.242;0.239;0.315;0.295;0.664;0.32;0.022;0.09;0.054;0.024;0.029
26047;0.244;0.132;4.998;0.244;0.237;0.312;0.293;0.662;0.327;0.022;0.088;0.051;0.024;0.024
26048;0.242;0.132;4.998;0.244;0.239;0.312;0.295;0.662;0.334;0.022;0.088;0.051;0.022;0.024
26049;0.242;0.129;4.998;0.244;0.239;0.312;0.298;0.662;0.344;0.022;0.088;0.054;0.022;0.027
26050;0.242;0.129;4.998;0.247;0.237;0.31;0.295;0.662;0.349;0.022;0.088;0.054;0.022;0.027
26051;0.242;0.127;4.998;0.247;0.237;0.31;0.295;0.662;0.352;0.022;0.088;0.051;0.024;0.029
26052;0.242;0.129;4.998;0.249;0.237;0.31;0.298;0.659;0.356;0.022;0.088;0.051;0.022;0.027
26053;0.244;0.127;4.998;0.251;0.234;0.308;0.298;0.659;0.356;0.022;0.088;0.051;0.022;0.024
26054;0.244;0.127;4.998;0.251;0.234;0.31;0.295;0.659;0.364;0.022;0.085;0.051;0.024;0.029
26055;0.247;0.127;4.998;0.251;0.234;0.31;0.293;0.659;0.364;0.022;0.085;0.051;0.022;0.029
26056;0.247;0.129;4.678;0.254;0.237;0.31;0.295;0.659;0.366;0.02;0.085;0.054;0.024;0.029
26057;0.247;0.129;2.305;0.251;0.234;0.31;0.293;0.657;0.361;0.022;0.085;0.049;0.024;0.027
26058;0.247;0.129;1.191;0.254;0.234;0.315;0.293;0.659;0.364;0.022;0.088;0.049;0.022;0.027
26059;0.244;0.129;0.669;0.256;0.237;0.312;0.293;0.659;0.366;0.022;0.088;0.051;0.024;0.029
26060;0.247;0.127;0.469;0.251;0.237;0.315;0.291;0.654;0.361;0.022;0.085;0.049;0.024;0.029
26061;0.244;0.132;0.361;0.254;0.237;0.317;0.291;0.657;0.361;0.02;0.083;0.051;0.022;0.029
26062;0.247;0.129;0.33;0.254;0.237;0.317;0.291;0.657;0.361;0.024;0.085;0.051;0.024;0.029
26063;0.247;0.134;0.273;0.254;0.237;0.317;0.293;0.659;0.359;0.022;0.083;0.051;0.027;0.029
26064;0.247;0.132;0.227;0.251;0.237;0.315;0.293;0.659;0.356;0.02;0.083;0.051;0.022;0.027
26065;0.247;0.132;0.215;0.251;0.237;0.315;0.293;0.659;0.352;0.02;0.081;0.049;0.022;0.027
26066;0.249;0.129;0.212;0.251;0.237;0.312;0.291;0.652;0.352;0.017;0.081;0.054;0.024;0.029
26067;0.247;0.134;0.266;0.254;0.232;0.315;0.293;0.657;0.347;0.022;0.078;0.051;0.02;0.027
26068;0.249;0.132;0.703;0.251;0.234;0.315;0.295;0.654;0.342;0.02;0.078;0.049;0.024;0.027
26069;0.249;0.132;0.818;0.254;0.232;0.312;0.295;0.657;0.342;0.02;0.076;0.054;0.022;0.027
26070;0.249;0.132;0.481;0.251;0.232;0.315;0.295;0.657;0.339;0.017;0.076;0.051;0.022;0.027
26071;0.247;0.132;0.269;0.249;0.232;0.315;0.298;0.657;0.337;0.02;0.078;0.051;0.027;0.029
26072;0.247;0.134;0.247;0.249;0.232;0.315;0.3;0.657;0.332;0.022;0.078;0.054;0.022;0.024
26073;0.247;0.132;0.225;0.249;0.234;0.315;0.3;0.657;0.332;0.022;0.076;0.051;0.024;0.024
26074;0.249;0.132;0.215;0.247;0.234;0.312;0.303;0.654;0.33;0.022;0.073;0.049;0.022;0.024
26075;0.244;0.132;0.21;0.247;0.234;0.315;0.303;0.657;0.33;0.02;0.073;0.051;0.024;0.027
26076;0.247;0.132;0.21;0.247;0.234;0.315;0.3;0.654;0.325;0.02;0.073;0.049;0.024;0.029
26077;0.249;0.137;0.208;0.244;0.232;0.315;0.3;0.654;0.327;0.02;0.073;0.051;0.024;0.032
26078;0.244;0.134;0.203;0.247;0.237;0.312;0.3;0.657;0.322;0.022;0.071;0.051;0.024;0.029
26079;0.247;0.132;0.188;0.244;0.237;0.317;0.298;0.657;0.322;0.017;0.071;0.051;0.024;0.027
26080;0.247;0.134;0.19;0.244;0.234;0.315;0.298;0.657;0.32;0.017;0.068;0.051;0.024;0.027
26081;0.249;0.134;0.188;0.247;0.237;0.315;0.298;0.657;0.322;0.022;0.073;0.051;0.022;0.027
26082;0.244;0.134;0.188;0.244;0.234;0.317;0.298;0.659;0.322;0.02;0.071;0.049;0.024;0.027
26083;0.247;0.137;0.193;0.244;0.234;0.315;0.295;0.654;0.322;0.022;0.071;0.051;0.027;0.027
26084;0.244;0.134;0.193;0.242;0.237;0.315;0.3;0.657;0.32;0.022;0.066;0.051;0.02;0.024
26085;0.247;0.137;0.193;0.242;0.239;0.315;0.3;0.657;0.32;0.02;0.071;0.049;0.022;0.029
26086;0.244;0.134;0.188;0.239;0.239;0.315;0.303;0.657;0.327;0.029;0.071;0.051;0.027;0.029
26087;0.242;0.137;0.181;0.242;0.237;0.317;0.3;0.657;0.32;0.02;0.068;0.051;0.024;0.027
26088;0.244;0.137;0.186;0.242;0.237;0.317;0.295;0.657;0.32;0.024;0.066;0.049;0.024;0.024
26089;0.244;0.137;0.181;0.239;0.237;0.317;0.295;0.657;0.32;0.02;0.068;0.051;0.024;0.027
26090;0.244;0.137;0.183;0.239;0.239;0.32;0.295;0.657;0.32;0.022;0.068;0.049;0.024;0.029
26091;0.242;0.137;0.183;0.239;0.237;0.317;0.295;0.657;0.322;0.02;0.066;0.051;0.024;0.029
26092;0.244;0.139;0.181;0.244;0.237;0.32;0.293;0.659;0.322;0.022;0.068;0.051;0.022;0.027
26093;0.242;0.139;0.178;0.244;0.234;0.32;0.291;0.659;0.325;0.022;0.066;0.051;0.022;0.024
26094;0.242;0.139;0.183;0.247;0.237;0.32;0.291;0.659;0.322;0.022;0.066;0.051;0.022;0.029
26095;0.242;0.139;0.178;0.249;0.237;0.32;0.291;0.657;0.325;0.022;0.066;0.049;0.022;0.029
26096;0.239;0.137;0.181;0.249;0.237;0.317;0.293;0.657;0.322;0.022;0.066;0.051;0.024;0.029
26097;0.242;0.137;0.181;0.249;0.237;0.32;0.291;0.657;0.325;0.024;0.068;0.051;0.022;0.027
26098;0.244;0.137;0.183;0.251;0.237;0.317;0.291;0.662;0.325;0.022;0.066;0.049;0.024;0.029
26099;0.242;0.134;0.181;0.249;0.237;0.315;0.293;0.659;0.322;0.022;0.068;0.049;0.024;0.029
26100;0.242;0.137;0.181;0.251;0.237;0.312;0.295;0.657;0.322;0.022;0.068;0.051;0.024;0.027
26101;0.239;0.137;0.178;0.249;0.239;0.31;0.293;0.659;0.325;0.024;0.068;0.049;0.022;0.027
26102;0.242;0.134;0.178;0.249;0.237;0.31;0.298;0.659;0.325;0.022;0.068;0.051;0.024;0.032
26103;0.239;0.137;0.176;0.247;0.237;0.31;0.295;0.659;0.325;0.024;0.073;0.051;0.022;0.029
26104;0.239;0.137;0.176;0.249;0.237;0.308;0.295;0.659;0.322;0.022;0.073;0.051;0.024;0.029
26105;0.237;0.139;0.173;0.247;0.237;0.31;0.293;0.659;0.322;0.022;0.073;0.049;0.022;0.029
26106;0.239;0.137;0.171;0.247;0.234;0.31;0.295;0.657;0.322;0.022;0.073;0.051;0.022;0.032
26107;0.239;0.132;0.168;0.244;0.234;0.308;0.293;0.657;0.327;0.027;0.076;0.051;0.022;0.029
26108;0.242;0.134;0.171;0.247;0.234;0.31;0.295;0.657;0.325;0.024;0.073;0.049;0.02;0.027
26109;0.242;0.132;0.168;0.242;0.237;0.31;0.293;0.662;0.327;0.024;0.078;0.054;0.029;0.034
26110;0.242;0.134;0.173;0.242;0.237;0.312;0.295;0.659;0.325;0.024;0.078;0.051;0.02;0.029
26111;0.242;0.134;0.176;0.242;0.239;0.31;0.295;0.662;0.325;0.027;0.083;0.051;0.022;0.029
26112;0.239;0.134;0.173;0.242;0.239;0.31;0.293;0.662;0.322;0.027;0.083;0.049;0.022;0.029
26113;0.239;0.134;0.171;0.242;0.239;0.312;0.293;0.659;0.32;0.027;0.085;0.051;0.022;0.029
26114;0.242;0.134;0.173;0.242;0.242;0.315;0.295;0.659;0.322;0.029;0.09;0.051;0.027;0.032
26115;0.244;0.134;0.168;0.244;0.237;0.31;0.293;0.657;0.32;0.027;0.09;0.049;0.022;0.029
26116;0.247;0.134;0.173;0.242;0.234;0.312;0.293;0.657;0.315;0.024;0.09;0.049;0.022;0.034
26117;0.244;0.132;0.173;0.239;0.237;0.312;0.293;0.659;0.317;0.024;0.093;0.049;0.02;0.027
26118;0.244;0.134;0.176;0.242;0.237;0.315;0.295;0.659;0.315;0.024;0.095;0.051;0.024;0.034
26119;0.247;0.132;0.176;0.244;0.237;0.315;0.291;0.659;0.315;0.027;0.098;0.051;0.02;0.029
26120;0.247;0.134;0.176;0.242;0.234;0.315;0.293;0.659;0.31;0.027;0.1;0.054;0.02;0.032
26121;0.244;0.134;0.173;0.242;0.234;0.317;0.295;0.662;0.31;0.027;0.105;0.051;0.024;0.032
26122;0.247;0.134;0.173;0.242;0.237;0.315;0.293;0.662;0.305;0.024;0.105;0.049;0.022;0.032
26123;0.249;0.132;0.171;0.244;0.234;0.315;0.293;0.659;0.308;0.027;0.11;0.049;0.024;0.034
26124;0.249;0.134;0.171;0.242;0.234;0.312;0.295;0.659;0.303;0.024;0.112;0.051;0.022;0.029
26125;0.249;0.132;0.171;0.239;0.234;0.315;0.295;0.659;0.3;0.027;0.115;0.051;0.022;0.032
26126;0.249;0.132;0.168;0.242;0.234;0.315;0.293;0.659;0.298;0.027;0.115;0.054;0.027;0.037
26127;0.249;0.129;0.166;0.244;0.229;0.315;0.295;0.659;0.295;0.027;0.115;0.051;0.022;0.032
26128;0.247;0.129;0.166;0.244;0.234;0.312;0.298;0.662;0.291;0.024;0.12;0.056;0.022;0.034
26129;0.251;0.132;0.166;0.244;0.232;0.315;0.295;0.659;0.291;0.024;0.122;0.051;0.022;0.034
26130;0.247;0.132;0.161;0.242;0.232;0.312;0.298;0.659;0.286;0.024;0.122;0.051;0.024;0.034
26131;0.247;0.129;0.166;0.239;0.229;0.312;0.298;0.662;0.286;0.022;0.125;0.049;0.022;0.034
26132;0.247;0.132;0.168;0.239;0.229;0.315;0.298;0.659;0.283;0.022;0.127;0.051;0.024;0.032
26133;0.247;0.129;0.168;0.242;0.229;0.312;0.3;0.659;0.281;0.024;0.129;0.051;0.02;0.029
26134;0.244;0.132;0.168;0.242;0.229;0.312;0.298;0.659;0.278;0.02;0.129;0.051;0.024;0.032
26135;0.244;0.132;0.171;0.242;0.232;0.312;0.295;0.657;0.276;0.027;0.132;0.051;0.022;0.032
26136;0.247;0.132;0.171;0.239;0.232;0.312;0.295;0.657;0.273;0.022;0.134;0.054;0.022;0.034
26137;0.247;0.127;0.171;0.239;0.237;0.31;0.295;0.659;0.273;0.024;0.134;0.049;0.022;0.034
26138;0.247;0.132;0.173;0.242;0.237;0.31;0.293;0.659;0.269;0.024;0.134;0.051;0.024;0.032
26139;0.249;0.132;0.176;0.239;0.237;0.31;0.293;0.657;0.266;0.024;0.137;0.051;0.024;0.032
26140;0.249;0.132;0.176;0.242;0.237;0.312;0.293;0.657;0.264;0.022;0.137;0.051;0.022;0.032
26141;0.244;0.129;0.176;0.242;0.239;0.312;0.293;0.657;0.264;0.022;0.139;0.051;0.02;0.034
26142;0.247;0.132;0.181;0.244;0.237;0.312;0.295;0.659;0.259;0.02;0.134;0.051;0.027;0.034
26143;0.247;0.132;0.178;0.244;0.234;0.315;0.295;0.657;0.264;0.024;0.142;0.054;0.022;0.034
26144;0.247;0.132;0.183;0.242;0.234;0.312;0.295;0.657;0.259;0.022;0.142;0.051;0.024;0.034
26145;0.247;0.132;0.178;0.242;0.234;0.312;0.293;0.657;0.261;0.024;0.144;0.051;0.024;0.032
26146;0.247;0.134;0.183;0.242;0.232;0.308;0.295;0.657;0.256;0.022;0.142;0.051;0.022;0.032
26147;0.247;0.134;0.181;0.242;0.232;0.308;0.295;0.657;0.259;0.022;0.144;0.049;0.022;0.029
26148;0.244;0.137;0.183;0.239;0.232;0.308;0.295;0.657;0.254;0.022;0.144;0.051;0.029;0.039
26149;0.244;0.137;0.183;0.244;0.234;0.31;0.295;0.657;0.256;0.024;0.146;0.051;0.024;0.027
26150;0.244;0.137;0.183;0.244;0.234;0.308;0.295;0.659;0.254;0.02;0.149;0.051;0.022;0.032
26151;0.244;0.139;0.186;0.242;0.237;0.305;0.293;0.657;0.249;0.022;0.149;0.051;0.024;0.034
26152;0.242;0.139;0.186;0.244;0.234;0.308;0.295;0.659;0.249;0.022;0.149;0.051;0.024;0.032
26153;0.242;0.139;0.186;0.242;0.234;0.308;0.298;0.659;0.249;0.022;0.151;0.049;0.02;0.029
26154;0.242;0.139;0.188;0.242;0.234;0.31;0.3;0.657;0.249;0.022;0.149;0.051;0.024;0.032
26155;0.239;0.142;0.188;0.244;0.234;0.308;0.298;0.659;0.249;0.024;0.154;0.049;0.022;0.032
26156;0.239;0.142;0.188;0.244;0.234;0.312;0.3;0.659;0.244;0.022;0.154;0.049;0.024;0.032
26157;0.239;0.137;0.186;0.242;0.234;0.312;0.3;0.659;0.244;0.022;0.151;0.049;0.024;0.029
26158;0.239;0.139;0.188;0.247;0.232;0.31;0.3;0.662;0.244;0.022;0.154;0.049;0.024;0.032
26159;0.239;0.142;0.188;0.244;0.234;0.312;0.3;0.659;0.244;0.024;0.154;0.049;0.022;0.032
26160;0.239;0.142;0.19;0.242;0.234;0.312;0.298;0.659;0.244;0.022;0.156;0.049;0.027;0.032
26161;0.242;0.142;0.193;0.242;0.234;0.31;0.298;0.659;0.239;0.022;0.159;0.051;0.024;0.029
26162;0.244;0.139;0.19;0.242;0.234;0.31;0.298;0.657;0.239;0.022;0.156;0.051;0.024;0.034
26163;0.244;0.142;0.19;0.242;0.234;0.31;0.295;0.657;0.239;0.022;0.156;0.049;0.027;0.027
26164;0.244;0.139;0.188;0.239;0.237;0.31;0.298;0.659;0.239;0.024;0.159;0.054;0.027;0.032
26165;0.247;0.139;0.188;0.239;0.237;0.308;0.295;0.659;0.234;0.022;0.161;0.049;0.024;0.029
26166;0.247;0.139;0.186;0.239;0.234;0.31;0.298;0.657;0.239;0.027;0.161;0.051;0.027;0.029
26167;0.247;0.139;0.188;0.237;0.234;0.308;0.298;0.659;0.232;0.022;0.159;0.049;0.024;0.032
26168;0.251;0.142;0.186;0.239;0.237;0.305;0.3;0.659;0.237;0.024;0.159;0.049;0.024;0.029
26169;0.251;0.139;0.183;0.237;0.234;0.308;0.303;0.657;0.234;0.022;0.161;0.051;0.027;0.032
26170;0.254;0.142;0.186;0.237;0.229;0.308;0.3;0.657;0.234;0.024;0.166;0.051;0.027;0.032
26171;0.254;0.139;0.188;0.234;0.229;0.308;0.305;0.657;0.234;0.024;0.164;0.051;0.027;0.027
26172;0.254;0.142;0.183;0.237;0.229;0.308;0.305;0.654;0.234;0.027;0.164;0.051;0.024;0.032
26173;0.251;0.142;0.183;0.237;0.227;0.305;0.305;0.654;0.234;0.024;0.164;0.051;0.029;0.029
26174;0.251;0.142;0.181;0.237;0.232;0.308;0.305;0.657;0.234;0.027;0.164;0.051;0.027;0.029
26175;0.251;0.139;0.181;0.234;0.229;0.305;0.308;0.654;0.237;0.027;0.166;0.049;0.029;0.029
26176;0.251;0.139;0.181;0.234;0.232;0.308;0.305;0.654;0.232;0.024;0.166;0.051;0.027;0.024
26177;0.251;0.142;0.183;0.237;0.232;0.305;0.303;0.654;0.234;0.027;0.168;0.049;0.029;0.029
26178;0.249;0.142;0.181;0.237;0.234;0.308;0.305;0.657;0.234;0.027;0.168;0.051;0.029;0.029
26179;0.247;0.142;0.181;0.237;0.234;0.308;0.305;0.654;0.237;0.027;0.168;0.051;0.032;0.029
26180;0.249;0.139;0.181;0.234;0.234;0.308;0.303;0.657;0.237;0.027;0.168;0.051;0.027;0.027
26181;0.249;0.139;0.178;0.239;0.234;0.308;0.303;0.659;0.237;0.027;0.168;0.051;0.029;0.029
26182;0.249;0.137;0.178;0.239;0.234;0.308;0.303;0.654;0.239;0.027;0.166;0.051;0.027;0.029
26183;0.251;0.137;0.178;0.239;0.237;0.305;0.303;0.657;0.242;0.029;0.168;0.049;0.032;0.029
26184;0.251;0.134;0.176;0.239;0.237;0.308;0.305;0.654;0.239;0.029;0.168;0.049;0.029;0.027
26185;0.256;0.134;0.181;0.237;0.237;0.308;0.303;0.657;0.244;0.032;0.166;0.049;0.029;0.029
26186;0.254;0.134;0.178;0.239;0.242;0.308;0.303;0.657;0.244;0.029;0.166;0.051;0.029;0.027
26187;0.251;0.132;0.181;0.237;0.239;0.308;0.303;0.657;0.247;0.029;0.166;0.049;0.032;0.027
26188;0.256;0.134;0.178;0.237;0.242;0.308;0.303;0.657;0.247;0.032;0.164;0.051;0.032;0.029
26189;0.256;0.129;0.183;0.239;0.242;0.312;0.305;0.654;0.249;0.029;0.164;0.049;0.029;0.027
26190;0.256;0.132;0.178;0.242;0.242;0.31;0.305;0.654;0.251;0.029;0.164;0.051;0.032;0.029
26191;0.256;0.134;0.181;0.244;0.242;0.312;0.308;0.654;0.251;0.032;0.161;0.049;0.032;0.029
26192;0.256;0.129;0.181;0.242;0.242;0.312;0.305;0.657;0.259;0.032;0.164;0.054;0.034;0.029
26193;0.254;0.132;0.183;0.247;0.242;0.315;0.305;0.654;0.259;0.034;0.159;0.049;0.032;0.027
26194;0.256;0.132;0.186;0.247;0.239;0.31;0.303;0.654;0.261;0.032;0.156;0.051;0.034;0.029
26195;0.254;0.132;0.183;0.247;0.239;0.315;0.305;0.654;0.266;0.032;0.159;0.051;0.032;0.029
26196;0.251;0.132;0.186;0.247;0.239;0.315;0.308;0.657;0.269;0.029;0.154;0.049;0.032;0.029
26197;0.254;0.132;0.19;0.247;0.237;0.312;0.305;0.652;0.276;0.029;0.154;0.051;0.034;0.029
26198;0.254;0.132;0.19;0.247;0.234;0.312;0.305;0.652;0.276;0.027;0.151;0.051;0.034;0.029
26199;0.251;0.134;0.19;0.249;0.239;0.31;0.308;0.654;0.283;0.032;0.149;0.049;0.032;0.027
26200;0.251;0.129;0.188;0.249;0.234;0.31;0.308;0.654;0.291;0.029;0.149;0.051;0.034;0.029
26201;0.254;0.134;0.19;0.251;0.234;0.312;0.308;0.652;0.295;0.032;0.149;0.051;0.027;0.022
26202;0.251;0.132;0.193;0.251;0.234;0.31;0.305;0.654;0.298;0.029;0.146;0.051;0.032;0.024
26203;0.251;0.134;0.19;0.251;0.237;0.31;0.308;0.654;0.305;0.032;0.144;0.051;0.034;0.032
26204;0.251;0.134;0.19;0.254;0.239;0.312;0.305;0.652;0.312;0.032;0.146;0.051;0.029;0.027
26205;0.251;0.134;0.193;0.254;0.237;0.31;0.305;0.649;0.317;0.032;0.142;0.054;0.032;0.027
26206;0.251;0.132;0.193;0.254;0.239;0.308;0.303;0.649;0.322;0.032;0.137;0.051;0.034;0.029
26207;0.251;0.134;0.195;0.254;0.239;0.31;0.303;0.649;0.33;0.034;0.139;0.051;0.034;0.027
26208;0.251;0.132;0.193;0.256;0.239;0.308;0.303;0.649;0.334;0.032;0.139;0.054;0.034;0.024
26209;0.251;0.132;0.193;0.254;0.237;0.31;0.303;0.647;0.339;0.032;0.137;0.051;0.034;0.029
26210;0.251;0.132;0.195;0.256;0.239;0.312;0.303;0.649;0.344;0.032;0.132;0.051;0.034;0.029
26211;0.249;0.132;0.193;0.254;0.239;0.312;0.303;0.647;0.352;0.037;0.132;0.051;0.032;0.027
26212;0.251;0.129;0.193;0.256;0.239;0.312;0.303;0.649;0.356;0.034;0.129;0.051;0.037;0.027
26213;0.249;0.134;0.193;0.254;0.239;0.312;0.303;0.647;0.356;0.034;0.127;0.051;0.034;0.032
26214;0.251;0.134;0.19;0.251;0.239;0.312;0.303;0.652;0.359;0.037;0.127;0.051;0.034;0.027
26215;0.249;0.134;0.193;0.251;0.242;0.31;0.303;0.652;0.361;0.034;0.125;0.049;0.034;0.027
26216;0.249;0.132;0.195;0.249;0.242;0.312;0.305;0.649;0.361;0.034;0.12;0.051;0.032;0.027
26217;0.249;0.134;0.193;0.251;0.242;0.31;0.303;0.647;0.364;0.037;0.12;0.049;0.032;0.027
26218;0.247;0.132;0.195;0.247;0.239;0.31;0.3;0.649;0.364;0.034;0.117;0.051;0.034;0.024
26219;0.244;0.132;0.195;0.247;0.239;0.31;0.3;0.647;0.366;0.034;0.117;0.051;0.037;0.032
26220;0.244;0.132;0.195;0.247;0.237;0.31;0.298;0.647;0.366;0.037;0.115;0.051;0.032;0.022
26221;0.247;0.132;0.198;0.244;0.237;0.31;0.298;0.649;0.369;0.039;0.11;0.049;0.037;0.029
26222;0.247;0.132;0.195;0.244;0.234;0.31;0.298;0.652;0.371;0.034;0.11;0.051;0.037;0.024
26223;0.247;0.129;0.198;0.244;0.234;0.31;0.295;0.649;0.374;0.037;0.11;0.051;0.032;0.029
26224;0.249;0.129;0.195;0.244;0.234;0.312;0.298;0.649;0.378;0.039;0.107;0.049;0.034;0.024
26225;0.249;0.132;0.198;0.242;0.234;0.31;0.3;0.649;0.376;0.039;0.105;0.054;0.034;0.027
26226;0.251;0.132;0.198;0.244;0.234;0.312;0.3;0.649;0.378;0.037;0.103;0.051;0.032;0.027
26227;0.249;0.132;0.2;0.244;0.234;0.312;0.3;0.649;0.378;0.037;0.103;0.049;0.034;0.027
26228;0.244;0.132;0.198;0.244;0.234;0.312;0.3;0.652;0.381;0.037;0.105;0.051;0.034;0.024
26229;0.249;0.132;0.198;0.242;0.234;0.315;0.303;0.649;0.383;0.042;0.103;0.051;0.029;0.027
26230;0.247;0.129;0.193;0.244;0.232;0.312;0.298;0.652;0.383;0.042;0.1;0.049;0.034;0.027
26231;0.244;0.132;0.193;0.242;0.234;0.315;0.295;0.649;0.386;0.042;0.1;0.049;0.034;0.024
26232;0.247;0.132;0.195;0.244;0.232;0.312;0.295;0.647;0.381;0.042;0.098;0.051;0.032;0.024
26233;0.244;0.132;0.19;0.242;0.232;0.312;0.295;0.649;0.383;0.039;0.095;0.051;0.032;0.022
26234;0.244;0.132;0.195;0.244;0.232;0.315;0.295;0.647;0.383;0.042;0.098;0.051;0.032;0.027
26235;0.242;0.132;0.195;0.242;0.229;0.315;0.295;0.645;0.381;0.044;0.098;0.054;0.034;0.024
26236;0.239;0.134;0.195;0.244;0.229;0.315;0.293;0.645;0.381;0.044;0.095;0.051;0.029;0.024
26237;0.242;0.134;0.195;0.242;0.227;0.315;0.291;0.647;0.383;0.044;0.098;0.049;0.034;0.027
26238;0.242;0.134;0.2;0.244;0.229;0.315;0.295;0.647;0.378;0.046;0.095;0.051;0.032;0.024
26239;0.242;0.134;0.195;0.242;0.229;0.315;0.298;0.647;0.378;0.044;0.095;0.051;0.039;0.029
26240;0.242;0.134;0.2;0.239;0.227;0.315;0.298;0.647;0.376;0.046;0.095;0.049;0.034;0.022
26241;0.242;0.134;0.198;0.239;0.229;0.312;0.298;0.647;0.374;0.046;0.093;0.049;0.032;0.029
26242;0.244;0.134;0.203;0.237;0.232;0.312;0.298;0.647;0.371;0.049;0.095;0.049;0.034;0.024
26243;0.244;0.134;0.205;0.239;0.232;0.315;0.298;0.647;0.369;0.049;0.093;0.049;0.037;0.027
26244;0.247;0.132;0.208;0.237;0.232;0.312;0.298;0.652;0.366;0.054;0.093;0.049;0.032;0.024
26245;0.244;0.132;0.208;0.237;0.232;0.312;0.3;0.649;0.361;0.054;0.093;0.051;0.034;0.027
26246;0.247;0.134;0.21;0.237;0.232;0.31;0.3;0.649;0.359;0.054;0.09;0.051;0.034;0.027
26247;0.247;0.134;0.215;0.234;0.227;0.31;0.295;0.649;0.359;0.054;0.09;0.051;0.034;0.024
26248;0.247;0.132;0.215;0.234;0.229;0.31;0.298;0.649;0.349;0.054;0.085;0.049;0.032;0.027
26249;0.247;0.132;0.215;0.234;0.232;0.312;0.293;0.649;0.347;0.059;0.09;0.054;0.032;0.024
26250;0.249;0.132;0.222;0.234;0.229;0.312;0.295;0.649;0.344;0.056;0.088;0.049;0.034;0.029
26251;0.251;0.129;0.22;0.229;0.232;0.312;0.298;0.649;0.342;0.059;0.088;0.051;0.032;0.024
26252;0.249;0.132;0.222;0.232;0.229;0.31;0.3;0.649;0.334;0.056;0.085;0.049;0.034;0.027
26253;0.251;0.132;0.22;0.234;0.229;0.31;0.3;0.649;0.332;0.059;0.085;0.051;0.032;0.024
26254;0.249;0.129;0.22;0.229;0.229;0.31;0.305;0.652;0.33;0.059;0.083;0.051;0.032;0.024
26255;0.249;0.129;0.217;0.232;0.232;0.308;0.305;0.652;0.327;0.061;0.085;0.049;0.034;0.027
26256;0.251;0.127;0.229;0.229;0.232;0.312;0.305;0.654;0.325;0.063;0.085;0.051;0.034;0.029
26257;0.254;0.127;0.237;0.227;0.232;0.312;0.305;0.652;0.32;0.061;0.085;0.051;0.029;0.027
26258;0.251;0.127;0.237;0.229;0.232;0.308;0.305;0.649;0.315;0.061;0.083;0.051;0.037;0.029
26259;0.254;0.127;0.254;0.232;0.229;0.308;0.305;0.649;0.31;0.059;0.085;0.051;0.029;0.032
26260;0.251;0.127;0.325;0.234;0.229;0.308;0.303;0.649;0.308;0.061;0.083;0.051;0.034;0.029
26261;0.249;0.129;0.447;0.234;0.229;0.305;0.303;0.649;0.3;0.061;0.081;0.051;0.034;0.024
26262;0.247;0.125;0.513;0.234;0.229;0.305;0.3;0.647;0.3;0.063;0.081;0.051;0.032;0.029
26263;0.247;0.127;0.537;0.234;0.229;0.308;0.3;0.649;0.295;0.063;0.081;0.051;0.034;0.032
26264;0.247;0.127;0.4;0.234;0.229;0.305;0.298;0.649;0.293;0.066;0.078;0.049;0.032;0.027
26265;0.247;0.127;0.571;0.234;0.227;0.305;0.298;0.647;0.288;0.063;0.078;0.051;0.029;0.027
26266;0.249;0.127;0.642;0.234;0.229;0.305;0.298;0.649;0.286;0.066;0.078;0.051;0.032;0.029
26267;0.247;0.127;0.72;0.232;0.229;0.31;0.298;0.649;0.283;0.066;0.078;0.051;0.034;0.029
26268;0.249;0.125;0.752;0.232;0.229;0.31;0.3;0.649;0.278;0.066;0.078;0.051;0.032;0.027
26269;0.249;0.127;0.586;0.232;0.229;0.31;0.3;0.649;0.276;0.061;0.076;0.049;0.029;0.027
26270;0.249;0.127;0.613;0.232;0.229;0.31;0.303;0.649;0.271;0.066;0.073;0.051;0.029;0.024
26271;0.249;0.127;0.669;0.232;0.229;0.31;0.303;0.652;0.264;0.061;0.068;0.049;0.032;0.027
26272;0.249;0.127;0.696;0.234;0.227;0.312;0.308;0.647;0.264;0.066;0.073;0.051;0.032;0.029
26273;0.249;0.127;0.649;0.234;0.227;0.308;0.305;0.649;0.266;0.063;0.071;0.051;0.032;0.029
26274;0.249;0.127;0.481;0.237;0.225;0.31;0.305;0.649;0.259;0.066;0.071;0.051;0.032;0.027
26275;0.251;0.127;0.754;0.237;0.227;0.305;0.308;0.652;0.256;0.068;0.068;0.051;0.034;0.034
26276;0.249;0.127;0.527;0.237;0.227;0.305;0.308;0.649;0.256;0.066;0.071;0.051;0.029;0.027
26277;0.249;0.127;0.53;0.239;0.227;0.308;0.305;0.652;0.254;0.063;0.071;0.051;0.032;0.027
26278;0.249;0.127;0.547;0.239;0.227;0.305;0.305;0.652;0.254;0.066;0.068;0.051;0.032;0.027
26279;0.249;0.125;0.752;0.239;0.227;0.303;0.303;0.649;0.254;0.068;0.076;0.051;0.034;0.032
26280;0.244;0.127;0.564;0.242;0.229;0.305;0.303;0.652;0.247;0.066;0.066;0.054;0.027;0.027
26281;0.249;0.127;0.53;0.237;0.229;0.305;0.303;0.652;0.249;0.063;0.066;0.051;0.032;0.029
26282;0.244;0.125;0.559;0.237;0.229;0.303;0.305;0.654;0.244;0.063;0.066;0.051;0.027;0.029
26283;0.247;0.127;0.635;0.237;0.229;0.303;0.303;0.652;0.244;0.066;0.066;0.051;0.027;0.027
26284;0.247;0.127;0.757;0.237;0.227;0.303;0.303;0.652;0.244;0.066;0.066;0.051;0.032;0.029
26285;0.247;0.127;0.703;0.237;0.229;0.303;0.303;0.652;0.242;0.066;0.066;0.051;0.029;0.029
26286;0.244;0.127;0.659;0.234;0.229;0.303;0.305;0.652;0.242;0.063;0.068;0.051;0.029;0.032
26287;0.247;0.127;0.483;0.232;0.227;0.303;0.305;0.654;0.242;0.066;0.066;0.051;0.029;0.027
26288;0.244;0.127;0.532;0.234;0.229;0.305;0.303;0.654;0.239;0.063;0.066;0.054;0.029;0.032
26289;0.247;0.125;0.62;0.229;0.229;0.305;0.303;0.652;0.239;0.063;0.063;0.051;0.029;0.029
26290;0.247;0.125;0.786;0.229;0.229;0.305;0.303;0.649;0.234;0.066;0.063;0.051;0.027;0.029
26291;0.244;0.122;0.417;0.229;0.232;0.305;0.305;0.652;0.239;0.063;0.063;0.051;0.029;0.029
26292;0.242;0.125;0.559;0.227;0.232;0.303;0.303;0.652;0.239;0.066;0.066;0.051;0.027;0.027
26293;0.244;0.125;0.4;0.225;0.234;0.305;0.303;0.652;0.239;0.066;0.066;0.051;0.029;0.032
26294;0.242;0.125;0.371;0.227;0.232;0.303;0.3;0.654;0.239;0.063;0.061;0.054;0.029;0.027
26295;0.242;0.122;0.33;0.225;0.232;0.303;0.303;0.654;0.237;0.066;0.063;0.051;0.029;0.029
26296;0.242;0.122;0.303;0.225;0.229;0.303;0.303;0.652;0.234;0.066;0.063;0.051;0.029;0.032
26297;0.244;0.122;0.291;0.222;0.232;0.305;0.303;0.652;0.239;0.063;0.063;0.054;0.029;0.029
26298;0.244;0.125;0.315;0.225;0.232;0.305;0.3;0.649;0.237;0.068;0.063;0.051;0.027;0.032
26299;0.244;0.125;0.286;0.227;0.229;0.303;0.303;0.652;0.237;0.066;0.061;0.051;0.027;0.032
26300;0.244;0.122;0.33;0.225;0.229;0.303;0.303;0.652;0.239;0.063;0.063;0.051;0.027;0.029
26301;0.239;0.122;0.371;0.227;0.232;0.305;0.303;0.652;0.234;0.061;0.059;0.051;0.029;0.032
26302;0.239;0.122;0.376;0.227;0.234;0.303;0.308;0.652;0.239;0.066;0.063;0.054;0.027;0.032
26303;0.239;0.127;0.332;0.227;0.234;0.303;0.305;0.654;0.242;0.066;0.063;0.051;0.027;0.034
26304;0.239;0.122;0.312;0.232;0.237;0.303;0.305;0.654;0.237;0.063;0.063;0.054;0.029;0.029
26305;0.239;0.122;0.278;0.232;0.234;0.3;0.308;0.654;0.239;0.063;0.063;0.051;0.027;0.034
26306;0.239;0.127;0.273;0.232;0.237;0.303;0.305;0.654;0.239;0.063;0.066;0.051;0.029;0.034
26307;0.239;0.127;0.283;0.234;0.237;0.303;0.305;0.654;0.237;0.061;0.063;0.051;0.029;0.027
26308;0.239;0.127;0.256;0.234;0.237;0.3;0.303;0.654;0.239;0.061;0.063;0.051;0.027;0.029
26309;0.242;0.125;0.4;0.237;0.234;0.3;0.3;0.657;0.244;0.066;0.066;0.051;0.029;0.034
26310;0.239;0.127;0.356;0.237;0.234;0.303;0.303;0.654;0.239;0.061;0.063;0.051;0.029;0.032
26311;0.239;0.125;0.295;0.237;0.232;0.3;0.3;0.652;0.242;0.061;0.066;0.049;0.032;0.032
26312;0.244;0.127;0.334;0.237;0.232;0.3;0.3;0.657;0.244;0.061;0.063;0.051;0.027;0.029
26313;0.242;0.125;0.315;0.237;0.229;0.298;0.3;0.654;0.239;0.059;0.068;0.051;0.029;0.034
26314;0.242;0.127;0.288;0.234;0.225;0.3;0.298;0.652;0.239;0.061;0.066;0.049;0.029;0.027
26315;0.244;0.127;0.234;0.237;0.227;0.3;0.3;0.649;0.242;0.056;0.066;0.051;0.032;0.034
26316;0.244;0.127;0.215;0.237;0.227;0.3;0.3;0.652;0.237;0.054;0.063;0.049;0.027;0.032
26317;0.244;0.129;0.205;0.237;0.227;0.303;0.298;0.649;0.239;0.056;0.063;0.049;0.027;0.032
26318;0.242;0.129;0.21;0.237;0.227;0.305;0.3;0.652;0.239;0.054;0.063;0.051;0.029;0.032
26319;0.242;0.129;0.205;0.239;0.227;0.305;0.298;0.649;0.239;0.054;0.066;0.051;0.032;0.029
26320;0.242;0.129;0.212;0.239;0.229;0.303;0.3;0.652;0.239;0.054;0.066;0.051;0.029;0.029
26321;0.244;0.132;0.222;0.237;0.232;0.305;0.298;0.652;0.239;0.051;0.066;0.049;0.027;0.032
26322;0.242;0.127;0.225;0.239;0.229;0.305;0.295;0.649;0.237;0.051;0.063;0.051;0.032;0.034
26323;0.242;0.129;0.222;0.239;0.232;0.303;0.295;0.652;0.234;0.049;0.066;0.051;0.029;0.029
26324;0.239;0.127;0.225;0.239;0.229;0.303;0.295;0.652;0.234;0.051;0.066;0.051;0.032;0.032
26325;0.242;0.129;0.247;0.242;0.229;0.303;0.295;0.647;0.232;0.051;0.066;0.049;0.032;0.034
26326;0.244;0.129;0.249;0.239;0.229;0.305;0.293;0.649;0.232;0.051;0.068;0.049;0.032;0.032
26327;0.244;0.127;0.239;0.242;0.229;0.303;0.295;0.649;0.227;0.051;0.066;0.049;0.034;0.037
26328;0.242;0.129;0.232;0.242;0.229;0.3;0.295;0.649;0.229;0.051;0.071;0.051;0.032;0.034
26329;0.244;0.127;0.227;0.239;0.229;0.303;0.295;0.649;0.227;0.046;0.068;0.054;0.032;0.034
26330;0.244;0.127;0.22;0.239;0.227;0.303;0.295;0.647;0.225;0.049;0.071;0.051;0.034;0.037
26331;0.247;0.129;0.239;0.242;0.225;0.303;0.293;0.649;0.222;0.044;0.071;0.051;0.029;0.029
26332;0.244;0.122;0.244;0.239;0.227;0.305;0.295;0.652;0.222;0.049;0.071;0.054;0.034;0.034
26333;0.244;0.127;0.237;0.239;0.227;0.308;0.295;0.647;0.22;0.044;0.073;0.051;0.034;0.034
26334;0.247;0.125;0.222;0.242;0.227;0.305;0.295;0.649;0.215;0.049;0.071;0.051;0.032;0.034
26335;0.247;0.125;0.225;0.239;0.227;0.305;0.293;0.649;0.217;0.044;0.071;0.051;0.034;0.032
26336;0.244;0.125;0.229;0.237;0.227;0.308;0.298;0.652;0.215;0.049;0.073;0.051;0.032;0.034
26337;0.249;0.122;0.217;0.237;0.225;0.305;0.295;0.652;0.212;0.049;0.073;0.051;0.032;0.029
26338;0.244;0.122;0.21;0.232;0.227;0.305;0.298;0.654;0.21;0.046;0.073;0.049;0.034;0.034
26339;0.244;0.122;0.208;0.234;0.227;0.305;0.298;0.652;0.21;0.044;0.076;0.051;0.034;0.032
26340;0.247;0.12;0.217;0.234;0.227;0.305;0.3;0.652;0.203;0.046;0.073;0.051;0.034;0.034
26341;0.244;0.122;0.217;0.232;0.227;0.305;0.3;0.649;0.205;0.044;0.073;0.049;0.039;0.039
26342;0.244;0.122;0.217;0.232;0.227;0.305;0.298;0.649;0.203;0.044;0.076;0.051;0.034;0.037
26343;0.244;0.12;0.21;0.232;0.229;0.305;0.303;0.649;0.2;0.046;0.078;0.051;0.032;0.032
26344;0.244;0.122;0.212;0.229;0.225;0.303;0.3;0.649;0.195;0.042;0.076;0.051;0.032;0.029
26345;0.244;0.12;0.208;0.227;0.227;0.303;0.3;0.649;0.193;0.042;0.073;0.049;0.037;0.034
26346;0.244;0.122;0.208;0.229;0.222;0.303;0.295;0.649;0.193;0.044;0.078;0.051;0.034;0.034
26347;0.244;0.122;0.212;0.229;0.225;0.303;0.295;0.649;0.193;0.042;0.076;0.051;0.037;0.034
26348;0.244;0.122;0.205;0.232;0.225;0.305;0.295;0.652;0.188;0.044;0.078;0.049;0.037;0.034
26349;0.242;0.122;0.205;0.229;0.225;0.305;0.295;0.652;0.186;0.044;0.081;0.051;0.032;0.034
26350;0.244;0.12;0.205;0.225;0.227;0.305;0.293;0.652;0.183;0.044;0.081;0.051;0.034;0.032
26351;0.244;0.122;0.212;0.222;0.225;0.303;0.293;0.652;0.183;0.042;0.081;0.049;0.034;0.029
26352;0.244;0.12;0.215;0.222;0.227;0.305;0.295;0.652;0.178;0.042;0.081;0.049;0.037;0.034
26353;0.244;0.122;0.212;0.222;0.229;0.303;0.295;0.647;0.178;0.044;0.081;0.049;0.034;0.034
26354;0.244;0.12;0.215;0.222;0.229;0.303;0.293;0.649;0.173;0.042;0.081;0.049;0.034;0.032
26355;0.242;0.12;0.217;0.222;0.232;0.303;0.295;0.649;0.173;0.042;0.081;0.049;0.034;0.029
26356;0.242;0.122;0.212;0.22;0.227;0.3;0.295;0.649;0.171;0.042;0.081;0.051;0.034;0.032
26357;0.242;0.12;0.21;0.222;0.227;0.303;0.295;0.649;0.168;0.044;0.083;0.051;0.034;0.034
26358;0.242;0.122;0.208;0.22;0.229;0.3;0.295;0.652;0.164;0.042;0.083;0.051;0.034;0.029
26359;0.244;0.125;0.205;0.222;0.227;0.303;0.293;0.652;0.164;0.042;0.083;0.051;0.034;0.032
26360;0.244;0.122;0.2;0.222;0.227;0.303;0.291;0.652;0.156;0.039;0.081;0.051;0.032;0.032
26361;0.244;0.122;0.198;0.22;0.222;0.3;0.291;0.649;0.161;0.046;0.085;0.049;0.037;0.032
26362;0.244;0.122;0.2;0.222;0.222;0.303;0.288;0.652;0.156;0.042;0.085;0.051;0.039;0.032
26363;0.244;0.122;0.205;0.222;0.225;0.3;0.288;0.652;0.156;0.044;0.085;0.054;0.037;0.032
26364;0.242;0.125;0.208;0.22;0.222;0.303;0.288;0.652;0.156;0.042;0.085;0.051;0.034;0.034
26365;0.242;0.125;0.21;0.22;0.222;0.303;0.288;0.652;0.154;0.046;0.088;0.049;0.039;0.037
26366;0.242;0.12;0.21;0.222;0.225;0.303;0.291;0.652;0.151;0.044;0.088;0.051;0.039;0.032
26367;0.242;0.122;0.205;0.222;0.225;0.305;0.291;0.652;0.151;0.046;0.088;0.051;0.034;0.029
26368;0.239;0.122;0.217;0.22;0.227;0.303;0.293;0.654;0.149;0.044;0.088;0.051;0.039;0.034
26369;0.239;0.122;0.22;0.222;0.227;0.3;0.291;0.654;0.149;0.049;0.088;0.049;0.034;0.032
26370;0.239;0.122;0.239;0.222;0.227;0.305;0.293;0.652;0.146;0.049;0.088;0.049;0.037;0.037
26371;0.239;0.122;0.264;0.222;0.232;0.305;0.295;0.652;0.144;0.049;0.09;0.049;0.037;0.037
26372;0.237;0.122;0.33;0.222;0.227;0.303;0.293;0.654;0.142;0.046;0.09;0.049;0.037;0.032
26373;0.237;0.122;0.469;0.222;0.229;0.3;0.293;0.652;0.142;0.049;0.093;0.051;0.037;0.037
26374;0.237;0.12;0.505;0.222;0.227;0.3;0.293;0.652;0.142;0.049;0.093;0.051;0.037;0.032
26375;0.237;0.12;0.488;0.222;0.225;0.3;0.291;0.652;0.139;0.049;0.09;0.051;0.037;0.037
26376;0.239;0.122;0.623;0.225;0.225;0.3;0.291;0.652;0.137;0.049;0.093;0.054;0.039;0.032
26377;0.237;0.117;0.598;0.225;0.22;0.3;0.291;0.652;0.134;0.054;0.095;0.051;0.039;0.034
26378;0.237;0.117;0.527;0.225;0.222;0.303;0.291;0.652;0.132;0.051;0.095;0.051;0.037;0.034
26379;0.239;0.117;0.544;0.225;0.22;0.3;0.291;0.649;0.134;0.059;0.095;0.051;0.034;0.032
26380;0.237;0.12;0.693;0.225;0.22;0.3;0.291;0.652;0.132;0.054;0.095;0.051;0.039;0.037
26381;0.244;0.12;0.657;0.225;0.22;0.3;0.291;0.649;0.132;0.054;0.093;0.051;0.039;0.037
26382;0.244;0.12;0.654;0.227;0.22;0.3;0.293;0.652;0.129;0.054;0.093;0.051;0.034;0.034
26383;0.244;0.122;0.598;0.227;0.22;0.298;0.293;0.649;0.127;0.056;0.098;0.054;0.042;0.037
26384;0.244;0.12;0.759;0.227;0.22;0.3;0.295;0.652;0.125;0.056;0.095;0.054;0.039;0.034
26385;0.247;0.12;0.981;0.227;0.22;0.298;0.298;0.649;0.125;0.056;0.095;0.054;0.039;0.034
26386;0.247;0.12;0.793;0.229;0.217;0.3;0.298;0.649;0.12;0.054;0.095;0.051;0.034;0.032
26387;0.244;0.12;0.972;0.227;0.217;0.298;0.3;0.652;0.122;0.059;0.098;0.051;0.039;0.032
26388;0.244;0.12;2.285;0.229;0.217;0.295;0.298;0.649;0.115;0.059;0.095;0.051;0.039;0.037
26389;0.247;0.122;4.998;0.227;0.217;0.298;0.298;0.647;0.117;0.056;0.095;0.051;0.037;0.032
26390;0.244;0.12;4.998;0.227;0.215;0.298;0.298;0.649;0.11;0.056;0.095;0.051;0.037;0.029
26391;0.242;0.12;4.998;0.227;0.217;0.295;0.295;0.652;0.11;0.056;0.093;0.051;0.039;0.034
26392;0.242;0.122;4.998;0.227;0.215;0.298;0.295;0.647;0.117;0.059;0.093;0.051;0.034;0.027
26393;0.242;0.122;4.998;0.227;0.217;0.295;0.293;0.649;0.12;0.059;0.098;0.051;0.039;0.032
26394;0.244;0.122;4.998;0.225;0.217;0.298;0.291;0.649;0.115;0.056;0.093;0.051;0.037;0.032
26395;0.247;0.122;4.998;0.227;0.217;0.298;0.291;0.649;0.115;0.056;0.095;0.051;0.037;0.032
26396;0.244;0.125;4.998;0.225;0.217;0.3;0.291;0.649;0.107;0.056;0.09;0.051;0.042;0.034
26397;0.247;0.12;4.998;0.227;0.22;0.298;0.291;0.649;0.107;0.059;0.095;0.051;0.039;0.032
26398;0.242;0.125;4.998;0.227;0.222;0.295;0.291;0.649;0.107;0.059;0.095;0.051;0.039;0.034
26399;0.244;0.125;4.998;0.225;0.222;0.298;0.291;0.647;0.103;0.059;0.093;0.051;0.037;0.032
26400;0.242;0.125;4.998;0.227;0.225;0.3;0.293;0.652;0.1;0.056;0.095;0.049;0.039;0.034
26401;0.244;0.127;4.998;0.227;0.225;0.298;0.295;0.649;0.1;0.061;0.095;0.049;0.039;0.029
26402;0.244;0.125;4.998;0.225;0.222;0.295;0.293;0.649;0.095;0.056;0.095;0.051;0.042;0.032
26403;0.249;0.125;4.998;0.225;0.225;0.295;0.293;0.652;0.107;0.061;0.095;0.049;0.039;0.032
26404;0.244;0.125;4.998;0.227;0.225;0.295;0.298;0.649;0.105;0.059;0.093;0.051;0.042;0.034
26405;0.249;0.125;4.998;0.225;0.227;0.295;0.293;0.652;0.103;0.059;0.093;0.051;0.039;0.034
26406;0.244;0.125;4.998;0.22;0.227;0.293;0.295;0.649;0.103;0.056;0.093;0.051;0.039;0.029
26407;0.247;0.125;4.998;0.225;0.227;0.293;0.293;0.647;0.103;0.061;0.093;0.051;0.042;0.032
26408;0.244;0.122;4.998;0.225;0.229;0.295;0.295;0.649;0.103;0.061;0.093;0.051;0.042;0.032
26409;0.244;0.125;4.998;0.222;0.229;0.293;0.293;0.649;0.105;0.063;0.093;0.049;0.042;0.034
26410;0.242;0.125;4.998;0.222;0.229;0.298;0.295;0.652;0.105;0.061;0.095;0.051;0.039;0.032
26411;0.244;0.125;4.998;0.222;0.229;0.298;0.295;0.649;0.1;0.061;0.093;0.051;0.042;0.032
26412;0.244;0.12;4.998;0.222;0.229;0.298;0.298;0.649;0.1;0.063;0.093;0.051;0.042;0.032
26413;0.244;0.125;4.998;0.222;0.227;0.298;0.298;0.645;0.1;0.063;0.095;0.051;0.039;0.032
26414;0.247;0.122;4.998;0.222;0.232;0.298;0.298;0.647;0.1;0.063;0.095;0.051;0.042;0.032
26415;0.244;0.12;4.998;0.225;0.229;0.295;0.3;0.647;0.1;0.063;0.095;0.051;0.042;0.032
26416;0.247;0.122;4.998;0.225;0.229;0.298;0.3;0.647;0.098;0.063;0.098;0.051;0.039;0.032
26417;0.247;0.12;4.998;0.222;0.232;0.298;0.298;0.645;0.098;0.063;0.098;0.051;0.039;0.032
26418;0.247;0.12;4.998;0.225;0.229;0.295;0.298;0.645;0.095;0.059;0.095;0.051;0.042;0.032
26419;0.244;0.122;4.998;0.225;0.232;0.295;0.3;0.645;0.098;0.066;0.1;0.051;0.039;0.029
26420;0.247;0.122;4.998;0.225;0.229;0.298;0.3;0.647;0.098;0.063;0.095;0.049;0.042;0.032
26421;0.244;0.12;4.998;0.225;0.232;0.298;0.3;0.647;0.095;0.063;0.098;0.051;0.039;0.034
26422;0.247;0.12;4.998;0.225;0.229;0.3;0.298;0.649;0.093;0.061;0.098;0.051;0.042;0.029
26423;0.247;0.122;4.998;0.225;0.229;0.298;0.298;0.645;0.095;0.061;0.095;0.051;0.042;0.032
26424;0.247;0.122;4.998;0.227;0.229;0.3;0.295;0.645;0.095;0.063;0.098;0.051;0.044;0.032
26425;0.247;0.12;4.998;0.232;0.232;0.3;0.298;0.645;0.095;0.061;0.095;0.054;0.039;0.029
26426;0.247;0.12;4.998;0.232;0.229;0.298;0.293;0.645;0.098;0.061;0.098;0.051;0.044;0.034
26427;0.244;0.12;4.998;0.232;0.229;0.303;0.293;0.647;0.095;0.063;0.098;0.051;0.044;0.029
26428;0.244;0.122;4.998;0.234;0.229;0.3;0.293;0.647;0.098;0.063;0.098;0.051;0.042;0.032
26429;0.247;0.12;4.998;0.234;0.232;0.3;0.293;0.645;0.093;0.063;0.095;0.051;0.039;0.027
26430;0.244;0.12;4.998;0.237;0.227;0.295;0.293;0.645;0.093;0.063;0.095;0.051;0.044;0.032
26431;0.247;0.122;4.998;0.239;0.229;0.298;0.293;0.649;0.095;0.063;0.1;0.051;0.046;0.032
26432;0.247;0.12;4.998;0.242;0.229;0.295;0.293;0.645;0.095;0.061;0.1;0.054;0.042;0.032
26433;0.247;0.125;4.998;0.239;0.229;0.295;0.293;0.645;0.093;0.061;0.098;0.051;0.039;0.029
26434;0.244;0.12;4.998;0.242;0.229;0.295;0.295;0.647;0.093;0.061;0.095;0.051;0.042;0.029
26435;0.244;0.122;4.998;0.239;0.229;0.298;0.295;0.645;0.095;0.063;0.103;0.051;0.044;0.032
26436;0.244;0.12;4.998;0.242;0.232;0.298;0.298;0.647;0.095;0.066;0.1;0.051;0.044;0.029
26437;0.247;0.122;4.998;0.239;0.234;0.295;0.295;0.645;0.093;0.063;0.1;0.051;0.042;0.029
26438;0.244;0.12;4.998;0.239;0.232;0.298;0.295;0.645;0.093;0.066;0.1;0.051;0.042;0.029
26439;0.247;0.122;4.998;0.237;0.229;0.298;0.295;0.645;0.09;0.061;0.1;0.051;0.039;0.027
26440;0.247;0.12;4.998;0.234;0.229;0.298;0.298;0.645;0.095;0.063;0.103;0.051;0.042;0.032
26441;0.247;0.127;4.998;0.237;0.232;0.3;0.295;0.645;0.09;0.063;0.1;0.054;0.042;0.029
26442;0.249;0.125;3.906;0.234;0.229;0.303;0.295;0.645;0.088;0.066;0.1;0.054;0.039;0.024
26443;0.249;0.125;2.207;0.234;0.229;0.3;0.293;0.645;0.088;0.063;0.103;0.051;0.044;0.032
26444;0.247;0.125;1.56;0.232;0.227;0.3;0.291;0.645;0.09;0.066;0.105;0.051;0.039;0.027
26445;0.251;0.127;1.199;0.232;0.229;0.303;0.291;0.645;0.093;0.066;0.105;0.051;0.044;0.034
26446;0.249;0.125;0.784;0.232;0.227;0.305;0.291;0.642;0.09;0.066;0.105;0.051;0.039;0.029
26447;0.249;0.125;0.762;0.227;0.227;0.303;0.291;0.645;0.09;0.066;0.107;0.051;0.039;0.024
26448;0.249;0.125;0.693;0.227;0.229;0.3;0.293;0.645;0.088;0.063;0.107;0.051;0.039;0.024
26449;0.247;0.125;0.842;0.225;0.227;0.3;0.291;0.642;0.088;0.066;0.11;0.051;0.044;0.029
26450;0.249;0.125;0.745;0.225;0.227;0.3;0.293;0.642;0.085;0.066;0.112;0.051;0.042;0.029
26451;0.247;0.125;0.544;0.225;0.227;0.298;0.291;0.642;0.085;0.063;0.11;0.051;0.042;0.029
26452;0.247;0.125;0.4;0.225;0.227;0.3;0.288;0.642;0.088;0.066;0.112;0.051;0.044;0.027
26453;0.247;0.122;0.776;0.22;0.227;0.3;0.288;0.645;0.09;0.066;0.115;0.051;0.037;0.027
26454;0.247;0.122;0.925;0.22;0.229;0.298;0.286;0.642;0.085;0.068;0.12;0.051;0.042;0.027
26455;0.247;0.122;0.938;0.222;0.227;0.298;0.286;0.645;0.088;0.068;0.12;0.054;0.046;0.034
26456;0.247;0.122;0.557;0.222;0.225;0.298;0.286;0.642;0.085;0.066;0.122;0.051;0.039;0.027
26457;0.244;0.12;0.791;0.22;0.225;0.3;0.286;0.645;0.083;0.066;0.125;0.054;0.037;0.024
26458;0.247;0.117;1.128;0.22;0.225;0.298;0.283;0.645;0.085;0.066;0.125;0.051;0.044;0.032
26459;0.244;0.12;0.896;0.22;0.222;0.3;0.286;0.642;0.083;0.066;0.127;0.054;0.039;0.027
26460;0.247;0.117;4.998;0.22;0.225;0.298;0.288;0.642;0.083;0.066;0.129;0.051;0.042;0.029
26461;0.244;0.12;4.998;0.22;0.225;0.298;0.286;0.642;0.081;0.066;0.127;0.054;0.039;0.032
26462;0.244;0.12;4.998;0.222;0.222;0.298;0.286;0.642;0.083;0.071;0.132;0.051;0.042;0.029
26463;0.247;0.117;4.998;0.222;0.225;0.298;0.286;0.64;0.083;0.068;0.137;0.054;0.037;0.027
26464;0.247;0.117;4.998;0.222;0.225;0.298;0.283;0.642;0.081;0.071;0.137;0.051;0.042;0.029
26465;0.247;0.117;4.998;0.222;0.225;0.3;0.286;0.642;0.081;0.068;0.139;0.054;0.042;0.029
26466;0.244;0.115;4.998;0.225;0.225;0.298;0.286;0.64;0.078;0.068;0.142;0.049;0.042;0.029
26467;0.247;0.112;4.998;0.222;0.222;0.298;0.286;0.637;0.078;0.068;0.144;0.054;0.039;0.029
26468;0.244;0.112;4.998;0.222;0.225;0.298;0.286;0.64;0.078;0.068;0.144;0.051;0.042;0.029
26469;0.244;0.115;4.998;0.222;0.227;0.295;0.288;0.64;0.078;0.071;0.146;0.051;0.039;0.029
26470;0.244;0.115;4.998;0.225;0.227;0.295;0.288;0.64;0.078;0.068;0.151;0.051;0.042;0.029
26471;0.244;0.115;4.998;0.222;0.225;0.295;0.288;0.637;0.083;0.073;0.156;0.051;0.042;0.027
26472;0.247;0.112;4.998;0.222;0.225;0.298;0.286;0.64;0.083;0.076;0.159;0.051;0.044;0.029
26473;0.247;0.112;4.998;0.225;0.227;0.298;0.286;0.64;0.078;0.073;0.156;0.051;0.039;0.029
26474;0.249;0.112;4.998;0.222;0.225;0.298;0.286;0.637;0.081;0.073;0.161;0.051;0.037;0.027
26475;0.247;0.112;4.998;0.222;0.225;0.295;0.283;0.64;0.081;0.076;0.161;0.051;0.042;0.029
26476;0.247;0.112;4.998;0.222;0.225;0.298;0.283;0.64;0.078;0.071;0.164;0.054;0.039;0.027
26477;0.247;0.115;4.998;0.222;0.222;0.298;0.281;0.64;0.081;0.073;0.166;0.054;0.042;0.029
26478;0.249;0.112;4.998;0.222;0.225;0.3;0.281;0.64;0.081;0.073;0.166;0.054;0.039;0.024
26479;0.247;0.112;4.998;0.22;0.225;0.298;0.278;0.64;0.083;0.076;0.171;0.051;0.039;0.024
26480;0.247;0.115;4.998;0.222;0.225;0.298;0.281;0.64;0.078;0.073;0.168;0.051;0.042;0.027
26481;0.249;0.115;4.998;0.222;0.225;0.298;0.281;0.64;0.078;0.076;0.171;0.051;0.042;0.029
26482;0.251;0.115;4.998;0.222;0.227;0.295;0.283;0.64;0.081;0.073;0.173;0.051;0.039;0.029
26483;0.249;0.115;4.998;0.222;0.222;0.298;0.281;0.64;0.081;0.071;0.176;0.051;0.039;0.027
26484;0.249;0.112;4.998;0.222;0.22;0.298;0.283;0.64;0.083;0.071;0.176;0.051;0.039;0.027
26485;0.249;0.12;4.998;0.222;0.222;0.3;0.288;0.64;0.081;0.071;0.181;0.051;0.042;0.032
26486;0.251;0.122;4.998;0.225;0.22;0.3;0.283;0.64;0.083;0.073;0.178;0.051;0.042;0.029
26487;0.247;0.117;3.396;0.222;0.217;0.3;0.286;0.64;0.083;0.073;0.178;0.051;0.039;0.027
26488;0.249;0.122;1.667;0.225;0.217;0.3;0.286;0.64;0.083;0.073;0.181;0.051;0.039;0.027
26489;0.247;0.12;0.854;0.222;0.217;0.303;0.286;0.642;0.085;0.073;0.183;0.051;0.039;0.027
26490;0.247;0.122;0.481;0.222;0.22;0.3;0.286;0.64;0.088;0.073;0.186;0.051;0.042;0.029
26491;0.247;0.122;0.312;0.225;0.22;0.303;0.283;0.64;0.085;0.068;0.183;0.051;0.042;0.027
26492;0.247;0.122;0.227;0.217;0.222;0.303;0.281;0.637;0.085;0.068;0.186;0.051;0.039;0.027
26493;0.247;0.122;0.186;0.222;0.222;0.303;0.281;0.642;0.088;0.068;0.186;0.051;0.039;0.029
26494;0.247;0.125;0.168;0.22;0.222;0.3;0.278;0.64;0.09;0.071;0.188;0.054;0.044;0.034
26495;0.247;0.122;0.168;0.222;0.225;0.298;0.278;0.64;0.09;0.068;0.19;0.054;0.037;0.024
26496;0.247;0.12;0.168;0.22;0.222;0.3;0.276;0.64;0.093;0.071;0.193;0.051;0.039;0.024
26497;0.244;0.122;0.315;0.22;0.222;0.295;0.281;0.64;0.093;0.071;0.193;0.051;0.044;0.032
26498;0.247;0.122;0.178;0.22;0.222;0.3;0.278;0.64;0.098;0.068;0.193;0.051;0.042;0.027
26499;0.244;0.122;0.159;0.222;0.222;0.3;0.278;0.642;0.093;0.068;0.193;0.049;0.039;0.024
26500;0.247;0.122;0.166;0.225;0.222;0.298;0.281;0.64;0.098;0.071;0.195;0.051;0.039;0.029
26501;0.244;0.122;0.166;0.225;0.22;0.3;0.283;0.645;0.095;0.066;0.195;0.051;0.039;0.024
26502;0.244;0.122;0.161;0.222;0.222;0.298;0.283;0.64;0.103;0.068;0.198;0.051;0.042;0.027
26503;0.247;0.125;0.161;0.225;0.222;0.298;0.286;0.642;0.1;0.063;0.195;0.049;0.039;0.024
26504;0.242;0.12;0.161;0.222;0.222;0.298;0.283;0.64;0.107;0.068;0.198;0.051;0.042;0.032
26505;0.244;0.122;0.159;0.222;0.222;0.298;0.286;0.642;0.107;0.063;0.198;0.051;0.042;0.027
26506;0.242;0.125;0.159;0.225;0.222;0.298;0.286;0.64;0.11;0.066;0.195;0.049;0.042;0.027
26507;0.242;0.125;0.156;0.222;0.222;0.298;0.283;0.64;0.112;0.066;0.195;0.051;0.042;0.029
26508;0.239;0.125;0.156;0.225;0.222;0.298;0.283;0.642;0.115;0.068;0.195;0.051;0.039;0.024
26509;0.239;0.125;0.156;0.225;0.22;0.298;0.283;0.642;0.117;0.061;0.198;0.051;0.042;0.024
26510;0.239;0.125;0.159;0.222;0.222;0.295;0.286;0.64;0.125;0.063;0.2;0.051;0.039;0.029
26511;0.239;0.125;0.159;0.222;0.22;0.3;0.283;0.64;0.125;0.061;0.198;0.049;0.042;0.027
26512;0.239;0.125;0.156;0.225;0.222;0.3;0.286;0.642;0.129;0.061;0.203;0.049;0.042;0.024
26513;0.239;0.127;0.154;0.225;0.22;0.298;0.286;0.637;0.134;0.063;0.2;0.051;0.044;0.027
26514;0.237;0.127;0.151;0.222;0.225;0.298;0.286;0.64;0.137;0.061;0.2;0.051;0.044;0.027
26515;0.239;0.127;0.154;0.222;0.222;0.298;0.283;0.642;0.142;0.061;0.198;0.051;0.044;0.029
26516;0.239;0.129;0.151;0.222;0.225;0.3;0.288;0.642;0.146;0.059;0.2;0.051;0.039;0.027
26517;0.239;0.127;0.151;0.225;0.225;0.298;0.288;0.642;0.151;0.061;0.198;0.051;0.044;0.027
26518;0.237;0.129;0.151;0.22;0.225;0.298;0.288;0.64;0.159;0.059;0.198;0.051;0.039;0.024
26519;0.237;0.129;0.151;0.22;0.225;0.298;0.288;0.642;0.161;0.061;0.2;0.051;0.044;0.027
26520;0.239;0.129;0.154;0.222;0.222;0.295;0.293;0.64;0.164;0.061;0.198;0.054;0.046;0.029
26521;0.237;0.127;0.151;0.222;0.225;0.298;0.291;0.64;0.173;0.059;0.2;0.051;0.044;0.027
26522;0.239;0.132;0.154;0.222;0.225;0.298;0.291;0.642;0.176;0.059;0.2;0.054;0.046;0.029
26523;0.242;0.129;0.154;0.222;0.222;0.298;0.291;0.64;0.178;0.059;0.198;0.054;0.044;0.027
26524;0.239;0.127;0.151;0.222;0.222;0.298;0.291;0.64;0.183;0.059;0.2;0.054;0.046;0.029
26525;0.242;0.127;0.151;0.22;0.222;0.298;0.293;0.637;0.188;0.061;0.2;0.054;0.044;0.024
26526;0.242;0.127;0.151;0.225;0.222;0.295;0.293;0.642;0.188;0.061;0.203;0.051;0.046;0.027
26527;0.242;0.127;0.154;0.225;0.225;0.298;0.293;0.637;0.193;0.059;0.2;0.051;0.046;0.029
26528;0.242;0.125;0.154;0.222;0.225;0.298;0.291;0.64;0.193;0.056;0.195;0.051;0.046;0.034
26529;0.239;0.125;0.151;0.225;0.225;0.295;0.293;0.64;0.195;0.059;0.2;0.051;0.046;0.029
26530;0.244;0.125;0.149;0.22;0.227;0.295;0.288;0.642;0.2;0.059;0.203;0.051;0.046;0.029
26531;0.244;0.125;0.149;0.225;0.225;0.295;0.291;0.642;0.205;0.061;0.203;0.051;0.046;0.029
26532;0.242;0.122;0.149;0.225;0.227;0.298;0.291;0.64;0.208;0.059;0.2;0.054;0.046;0.032
26533;0.244;0.125;0.149;0.225;0.229;0.295;0.288;0.64;0.212;0.059;0.2;0.051;0.049;0.029
26534;0.244;0.122;0.149;0.225;0.227;0.295;0.288;0.642;0.217;0.061;0.203;0.051;0.051;0.037
26535;0.242;0.122;0.149;0.225;0.225;0.295;0.288;0.64;0.217;0.059;0.2;0.051;0.046;0.029
26536;0.244;0.122;0.149;0.227;0.225;0.293;0.283;0.64;0.225;0.056;0.2;0.051;0.046;0.029
26537;0.244;0.12;0.151;0.227;0.227;0.295;0.288;0.642;0.227;0.059;0.203;0.051;0.042;0.022
26538;0.247;0.122;0.151;0.227;0.225;0.295;0.286;0.642;0.234;0.059;0.203;0.054;0.046;0.029
26539;0.244;0.122;0.151;0.227;0.225;0.298;0.286;0.642;0.234;0.059;0.203;0.051;0.046;0.032
26540;0.244;0.12;0.151;0.229;0.225;0.295;0.286;0.642;0.239;0.059;0.203;0.051;0.044;0.029
26541;0.247;0.12;0.151;0.227;0.227;0.295;0.286;0.642;0.244;0.061;0.203;0.051;0.044;0.027
26542;0.244;0.12;0.154;0.229;0.225;0.295;0.288;0.645;0.249;0.061;0.203;0.051;0.044;0.029
26543;0.247;0.122;0.154;0.229;0.227;0.293;0.286;0.642;0.254;0.061;0.205;0.049;0.046;0.029
26544;0.247;0.12;0.156;0.229;0.227;0.291;0.288;0.642;0.256;0.061;0.203;0.054;0.044;0.027
26545;0.244;0.12;0.159;0.229;0.227;0.293;0.291;0.642;0.269;0.063;0.205;0.049;0.046;0.032
26546;0.242;0.12;0.156;0.232;0.227;0.293;0.288;0.64;0.271;0.063;0.205;0.049;0.044;0.027
26547;0.244;0.122;0.154;0.232;0.225;0.291;0.288;0.642;0.276;0.063;0.203;0.051;0.049;0.037
26548;0.247;0.12;0.156;0.232;0.225;0.293;0.288;0.64;0.283;0.061;0.205;0.049;0.044;0.029
26549;0.242;0.122;0.159;0.234;0.225;0.295;0.288;0.642;0.291;0.063;0.208;0.054;0.049;0.032
26550;0.242;0.12;0.156;0.237;0.225;0.295;0.288;0.64;0.295;0.061;0.205;0.051;0.044;0.029
26551;0.242;0.12;0.156;0.234;0.222;0.293;0.286;0.64;0.303;0.063;0.208;0.051;0.049;0.032
26552;0.244;0.122;0.156;0.239;0.225;0.293;0.286;0.642;0.31;0.063;0.205;0.051;0.049;0.034
26553;0.244;0.122;0.154;0.237;0.222;0.295;0.288;0.642;0.315;0.061;0.205;0.051;0.044;0.029
26554;0.242;0.122;0.151;0.237;0.225;0.295;0.288;0.642;0.322;0.061;0.208;0.054;0.046;0.032
26555;0.244;0.122;0.154;0.237;0.225;0.295;0.288;0.642;0.33;0.063;0.208;0.051;0.046;0.029
26556;0.247;0.122;0.154;0.234;0.225;0.293;0.288;0.642;0.342;0.066;0.208;0.051;0.046;0.027
26557;0.247;0.122;0.156;0.234;0.227;0.293;0.286;0.642;0.349;0.066;0.21;0.051;0.046;0.034
26558;0.244;0.122;0.156;0.234;0.225;0.291;0.286;0.645;0.356;0.066;0.21;0.049;0.049;0.032
26559;0.247;0.12;0.159;0.237;0.227;0.293;0.288;0.645;0.364;0.066;0.21;0.049;0.049;0.032
26560;0.247;0.12;0.161;0.237;0.227;0.291;0.286;0.647;0.371;0.068;0.21;0.054;0.051;0.037
26561;0.247;0.122;0.159;0.237;0.227;0.293;0.286;0.647;0.383;0.073;0.212;0.049;0.049;0.032
26562;0.247;0.122;0.156;0.237;0.227;0.291;0.286;0.645;0.388;0.071;0.212;0.054;0.046;0.029
26563;0.247;0.122;0.161;0.234;0.225;0.291;0.283;0.642;0.398;0.071;0.212;0.051;0.046;0.032
26564;0.244;0.122;0.164;0.234;0.225;0.293;0.286;0.645;0.405;0.068;0.212;0.051;0.049;0.034
26565;0.242;0.12;0.159;0.232;0.222;0.293;0.286;0.642;0.415;0.073;0.215;0.051;0.049;0.034
26566;0.244;0.125;0.161;0.232;0.222;0.298;0.288;0.642;0.425;0.076;0.215;0.051;0.046;0.032
26567;0.242;0.12;0.161;0.229;0.222;0.298;0.286;0.645;0.432;0.076;0.217;0.051;0.046;0.032
26568;0.242;0.125;0.161;0.229;0.22;0.298;0.288;0.645;0.439;0.076;0.217;0.051;0.046;0.032
26569;0.239;0.122;0.164;0.227;0.22;0.3;0.291;0.642;0.449;0.076;0.215;0.051;0.049;0.032
26570;0.242;0.122;0.161;0.227;0.217;0.298;0.291;0.642;0.459;0.078;0.22;0.051;0.049;0.034
26571;0.242;0.12;0.161;0.227;0.222;0.298;0.288;0.64;0.464;0.081;0.217;0.051;0.049;0.034
26572;0.239;0.122;0.166;0.227;0.222;0.3;0.291;0.642;0.471;0.083;0.22;0.054;0.049;0.032
26573;0.239;0.125;0.166;0.227;0.222;0.298;0.288;0.642;0.481;0.081;0.222;0.051;0.049;0.032
26574;0.242;0.122;0.161;0.225;0.225;0.295;0.288;0.642;0.488;0.083;0.22;0.049;0.051;0.037
26575;0.242;0.127;0.166;0.227;0.225;0.298;0.286;0.64;0.493;0.085;0.222;0.049;0.051;0.032
26576;0.239;0.125;0.164;0.229;0.227;0.295;0.288;0.642;0.498;0.083;0.222;0.051;0.049;0.032
26577;0.239;0.127;0.161;0.227;0.225;0.298;0.286;0.642;0.508;0.09;0.225;0.054;0.051;0.032
26578;0.239;0.125;0.164;0.227;0.229;0.3;0.286;0.64;0.51;0.088;0.225;0.051;0.049;0.037
26579;0.239;0.127;0.164;0.227;0.227;0.295;0.283;0.642;0.515;0.09;0.225;0.049;0.054;0.034
26580;0.242;0.125;0.166;0.227;0.227;0.3;0.283;0.642;0.515;0.088;0.222;0.051;0.051;0.034
26581;0.239;0.125;0.166;0.227;0.225;0.3;0.286;0.642;0.52;0.095;0.227;0.051;0.046;0.034
26582;0.242;0.127;0.166;0.222;0.225;0.3;0.283;0.642;0.522;0.093;0.227;0.049;0.051;0.032
26583;0.244;0.127;0.171;0.225;0.225;0.298;0.288;0.642;0.527;0.095;0.227;0.051;0.051;0.034
26584;0.244;0.127;0.171;0.225;0.225;0.298;0.283;0.642;0.527;0.095;0.225;0.051;0.049;0.037
26585;0.244;0.125;0.166;0.225;0.225;0.3;0.286;0.64;0.53;0.098;0.229;0.054;0.049;0.032
26586;0.244;0.127;0.168;0.225;0.222;0.3;0.288;0.645;0.53;0.098;0.229;0.051;0.049;0.034
26587;0.244;0.125;0.168;0.225;0.222;0.3;0.286;0.642;0.53;0.1;0.232;0.051;0.051;0.034
26588;0.244;0.125;0.171;0.225;0.222;0.298;0.283;0.642;0.527;0.098;0.227;0.051;0.049;0.034
26589;0.242;0.125;0.166;0.222;0.22;0.3;0.283;0.64;0.53;0.1;0.229;0.051;0.051;0.037
26590;0.244;0.127;0.168;0.225;0.217;0.298;0.281;0.64;0.535;0.103;0.229;0.049;0.049;0.032
26591;0.244;0.125;0.168;0.227;0.222;0.303;0.283;0.642;0.53;0.1;0.232;0.049;0.049;0.037
26592;0.242;0.122;0.166;0.227;0.22;0.303;0.283;0.64;0.535;0.107;0.232;0.049;0.049;0.034
26593;0.242;0.125;0.168;0.229;0.22;0.3;0.283;0.642;0.532;0.107;0.234;0.051;0.049;0.037
26594;0.242;0.127;0.164;0.229;0.22;0.3;0.283;0.64;0.532;0.107;0.234;0.051;0.054;0.034
26595;0.239;0.127;0.166;0.227;0.217;0.3;0.281;0.64;0.532;0.107;0.234;0.051;0.049;0.034
26596;0.239;0.127;0.168;0.229;0.22;0.3;0.281;0.637;0.53;0.107;0.234;0.051;0.051;0.032
26597;0.239;0.127;0.166;0.229;0.217;0.303;0.283;0.637;0.532;0.11;0.232;0.051;0.051;0.032
26598;0.239;0.127;0.164;0.229;0.22;0.303;0.283;0.64;0.53;0.112;0.234;0.049;0.049;0.032
26599;0.237;0.127;0.164;0.234;0.22;0.3;0.286;0.637;0.53;0.11;0.232;0.051;0.049;0.034
26600;0.234;0.129;0.166;0.232;0.22;0.303;0.286;0.637;0.53;0.112;0.232;0.051;0.051;0.039
26601;0.237;0.127;0.164;0.232;0.222;0.303;0.286;0.637;0.53;0.11;0.232;0.051;0.051;0.032
26602;0.237;0.129;0.166;0.234;0.217;0.303;0.288;0.637;0.527;0.11;0.232;0.051;0.051;0.034
26603;0.237;0.127;0.164;0.234;0.217;0.303;0.288;0.637;0.53;0.11;0.232;0.051;0.049;0.032
26604;0.239;0.127;0.166;0.234;0.22;0.303;0.286;0.64;0.527;0.112;0.232;0.051;0.051;0.037
26605;0.237;0.127;0.166;0.232;0.217;0.3;0.288;0.635;0.527;0.112;0.229;0.054;0.051;0.037
26606;0.237;0.127;0.166;0.232;0.22;0.3;0.288;0.637;0.527;0.11;0.227;0.051;0.049;0.032
26607;0.237;0.127;0.166;0.229;0.222;0.3;0.288;0.64;0.522;0.107;0.225;0.051;0.046;0.032
26608;0.239;0.127;0.166;0.229;0.22;0.3;0.286;0.637;0.522;0.11;0.227;0.051;0.046;0.029
26609;0.239;0.125;0.166;0.232;0.22;0.298;0.286;0.64;0.52;0.112;0.227;0.051;0.051;0.034
26610;0.239;0.127;0.166;0.229;0.222;0.3;0.283;0.637;0.518;0.11;0.225;0.051;0.049;0.032
26611;0.242;0.125;0.166;0.229;0.22;0.295;0.283;0.637;0.518;0.11;0.225;0.051;0.049;0.032
26612;0.242;0.125;0.161;0.229;0.217;0.3;0.283;0.64;0.515;0.107;0.222;0.049;0.044;0.029
26613;0.242;0.122;0.161;0.227;0.22;0.298;0.283;0.642;0.51;0.107;0.217;0.051;0.051;0.029
26614;0.242;0.125;0.164;0.227;0.22;0.3;0.281;0.64;0.508;0.107;0.217;0.051;0.049;0.032
26615;0.242;0.125;0.161;0.227;0.217;0.298;0.281;0.642;0.503;0.11;0.217;0.051;0.046;0.032
26616;0.242;0.125;0.164;0.227;0.22;0.3;0.283;0.64;0.503;0.107;0.22;0.051;0.046;0.032
26617;0.242;0.125;0.166;0.227;0.22;0.3;0.281;0.64;0.498;0.107;0.215;0.051;0.046;0.029
26618;0.244;0.122;0.168;0.227;0.22;0.303;0.281;0.64;0.498;0.105;0.217;0.051;0.046;0.032
26619;0.244;0.125;0.166;0.227;0.217;0.3;0.283;0.637;0.493;0.105;0.212;0.051;0.046;0.034
26620;0.244;0.125;0.166;0.227;0.22;0.303;0.281;0.64;0.493;0.105;0.212;0.051;0.046;0.032
26621;0.242;0.127;0.171;0.225;0.22;0.3;0.283;0.637;0.491;0.105;0.21;0.051;0.049;0.032
26622;0.242;0.122;0.171;0.227;0.22;0.298;0.283;0.64;0.486;0.103;0.208;0.051;0.046;0.034
26623;0.242;0.125;0.173;0.227;0.222;0.303;0.286;0.64;0.483;0.105;0.208;0.054;0.046;0.034
26624;0.242;0.125;0.173;0.225;0.22;0.3;0.283;0.64;0.483;0.103;0.208;0.051;0.046;0.032
26625;0.242;0.127;0.171;0.227;0.217;0.3;0.281;0.64;0.483;0.1;0.203;0.051;0.044;0.029
26626;0.244;0.127;0.168;0.229;0.22;0.298;0.281;0.64;0.486;0.105;0.21;0.054;0.044;0.027
26627;0.244;0.125;0.171;0.227;0.217;0.298;0.283;0.64;0.481;0.098;0.203;0.051;0.046;0.032
26628;0.247;0.125;0.171;0.227;0.22;0.3;0.281;0.637;0.486;0.103;0.203;0.051;0.046;0.032
26629;0.244;0.125;0.171;0.225;0.217;0.3;0.283;0.64;0.481;0.098;0.2;0.054;0.044;0.029
26630;0.242;0.125;0.166;0.227;0.215;0.3;0.283;0.637;0.486;0.1;0.2;0.054;0.046;0.032
26631;0.239;0.125;0.171;0.225;0.215;0.298;0.283;0.637;0.481;0.1;0.198;0.049;0.046;0.029
26632;0.239;0.127;0.166;0.227;0.215;0.298;0.281;0.64;0.483;0.1;0.198;0.051;0.046;0.032
26633;0.242;0.127;0.168;0.227;0.215;0.298;0.283;0.64;0.483;0.1;0.2;0.051;0.042;0.029
26634;0.242;0.127;0.171;0.229;0.215;0.3;0.281;0.635;0.486;0.103;0.193;0.049;0.042;0.029
26635;0.242;0.129;0.166;0.232;0.217;0.298;0.281;0.637;0.483;0.098;0.193;0.051;0.044;0.029
26636;0.239;0.129;0.171;0.229;0.217;0.298;0.283;0.637;0.486;0.1;0.193;0.049;0.044;0.032
26637;0.237;0.127;0.171;0.232;0.217;0.298;0.281;0.637;0.491;0.098;0.195;0.049;0.046;0.034
26638;0.237;0.127;0.171;0.232;0.217;0.298;0.283;0.64;0.491;0.1;0.193;0.051;0.046;0.029
26639;0.234;0.127;0.171;0.232;0.217;0.298;0.283;0.64;0.491;0.098;0.193;0.049;0.044;0.032
26640;0.237;0.127;0.173;0.229;0.22;0.298;0.281;0.64;0.496;0.095;0.193;0.054;0.042;0.027
26641;0.239;0.127;0.173;0.229;0.22;0.295;0.286;0.637;0.496;0.1;0.193;0.051;0.046;0.032
26642;0.237;0.127;0.173;0.229;0.22;0.295;0.286;0.637;0.498;0.095;0.193;0.051;0.042;0.027
26643;0.239;0.127;0.173;0.227;0.22;0.295;0.288;0.64;0.503;0.095;0.193;0.054;0.044;0.032
26644;0.234;0.125;0.176;0.229;0.22;0.298;0.288;0.637;0.498;0.095;0.19;0.051;0.042;0.027
26645;0.237;0.125;0.176;0.227;0.217;0.298;0.291;0.64;0.503;0.098;0.193;0.054;0.044;0.029
26646;0.237;0.129;0.178;0.227;0.222;0.298;0.288;0.637;0.503;0.093;0.19;0.051;0.039;0.029
26647;0.237;0.129;0.173;0.227;0.22;0.3;0.291;0.637;0.505;0.093;0.188;0.054;0.042;0.029
26648;0.239;0.127;0.176;0.227;0.22;0.298;0.288;0.637;0.503;0.098;0.188;0.049;0.042;0.029
26649;0.242;0.125;0.173;0.227;0.217;0.298;0.286;0.64;0.505;0.093;0.188;0.051;0.042;0.029
26650;0.244;0.125;0.176;0.227;0.217;0.298;0.283;0.64;0.505;0.095;0.186;0.049;0.039;0.027
26651;0.244;0.125;0.173;0.227;0.217;0.298;0.283;0.637;0.503;0.093;0.19;0.049;0.039;0.029
26652;0.244;0.125;0.178;0.227;0.212;0.295;0.281;0.64;0.508;0.093;0.188;0.049;0.039;0.027
26653;0.244;0.127;0.178;0.232;0.217;0.295;0.283;0.637;0.505;0.095;0.19;0.051;0.042;0.029
26654;0.244;0.125;0.178;0.229;0.215;0.295;0.281;0.637;0.505;0.093;0.186;0.051;0.037;0.027
26655;0.249;0.125;0.178;0.229;0.212;0.293;0.283;0.64;0.508;0.095;0.188;0.051;0.037;0.027
26656;0.247;0.122;0.176;0.232;0.217;0.293;0.281;0.637;0.508;0.09;0.186;0.049;0.039;0.032
26657;0.249;0.125;0.176;0.232;0.215;0.293;0.283;0.637;0.505;0.09;0.188;0.049;0.039;0.027
26658;0.251;0.122;0.181;0.229;0.217;0.293;0.286;0.635;0.503;0.09;0.183;0.051;0.039;0.027
26659;0.251;0.125;0.178;0.229;0.217;0.291;0.283;0.637;0.503;0.09;0.186;0.051;0.044;0.029
26660;0.249;0.122;0.178;0.229;0.22;0.291;0.286;0.635;0.505;0.093;0.186;0.051;0.042;0.032
26661;0.249;0.125;0.181;0.232;0.217;0.291;0.286;0.637;0.5;0.09;0.186;0.051;0.037;0.024
26662;0.249;0.122;0.186;0.229;0.22;0.291;0.283;0.637;0.498;0.093;0.183;0.051;0.042;0.027
26663;0.249;0.122;0.186;0.229;0.22;0.291;0.286;0.637;0.496;0.09;0.186;0.051;0.042;0.029
26664;0.249;0.122;0.19;0.232;0.217;0.291;0.281;0.637;0.496;0.093;0.186;0.051;0.039;0.029
26665;0.247;0.122;0.193;0.232;0.22;0.291;0.281;0.637;0.498;0.093;0.19;0.051;0.044;0.032
26666;0.247;0.122;0.2;0.229;0.22;0.293;0.281;0.64;0.488;0.09;0.186;0.051;0.039;0.027
26667;0.249;0.125;0.203;0.229;0.22;0.293;0.281;0.635;0.486;0.093;0.188;0.051;0.039;0.027
26668;0.249;0.125;0.212;0.227;0.217;0.293;0.281;0.64;0.486;0.093;0.19;0.051;0.042;0.027
26669;0.247;0.125;0.225;0.225;0.217;0.293;0.283;0.637;0.479;0.093;0.188;0.051;0.044;0.027
26670;0.247;0.122;0.247;0.227;0.215;0.293;0.281;0.637;0.476;0.095;0.193;0.051;0.042;0.029
26671;0.247;0.125;0.266;0.227;0.22;0.295;0.281;0.635;0.474;0.093;0.195;0.051;0.037;0.027
26672;0.247;0.125;0.281;0.227;0.217;0.295;0.281;0.637;0.471;0.095;0.198;0.054;0.044;0.029
26673;0.247;0.125;0.393;0.227;0.22;0.293;0.286;0.635;0.466;0.095;0.198;0.051;0.039;0.029
26674;0.247;0.127;0.635;0.225;0.22;0.298;0.283;0.635;0.461;0.098;0.2;0.054;0.042;0.027
26675;0.247;0.127;0.454;0.227;0.22;0.295;0.286;0.632;0.457;0.093;0.203;0.051;0.039;0.027
26676;0.249;0.127;0.354;0.227;0.22;0.298;0.291;0.635;0.452;0.098;0.205;0.051;0.039;0.029
26677;0.244;0.125;0.266;0.227;0.222;0.298;0.286;0.635;0.447;0.095;0.205;0.051;0.042;0.029
26678;0.244;0.127;0.254;0.227;0.225;0.3;0.286;0.635;0.442;0.098;0.21;0.051;0.037;0.024
26679;0.244;0.127;0.283;0.229;0.225;0.295;0.286;0.632;0.437;0.098;0.212;0.054;0.044;0.029
26680;0.244;0.127;0.364;0.229;0.22;0.298;0.283;0.632;0.432;0.095;0.21;0.051;0.042;0.029
26681;0.242;0.122;0.366;0.227;0.222;0.298;0.283;0.632;0.43;0.095;0.217;0.051;0.039;0.027
26682;0.242;0.125;0.396;0.225;0.225;0.295;0.281;0.635;0.425;0.095;0.22;0.054;0.034;0.027
26683;0.237;0.125;0.381;0.225;0.222;0.295;0.278;0.635;0.42;0.095;0.227;0.051;0.037;0.024
26684;0.239;0.125;0.469;0.225;0.225;0.295;0.281;0.63;0.415;0.098;0.225;0.051;0.039;0.027
26685;0.239;0.125;0.759;0.227;0.222;0.295;0.278;0.635;0.413;0.098;0.229;0.049;0.039;0.029
26686;0.242;0.127;0.725;0.227;0.222;0.293;0.281;0.632;0.408;0.098;0.232;0.051;0.039;0.029
26687;0.237;0.125;1.123;0.227;0.222;0.295;0.276;0.632;0.403;0.098;0.237;0.051;0.039;0.029
26688;0.237;0.125;4.998;0.227;0.222;0.293;0.281;0.632;0.398;0.095;0.239;0.051;0.037;0.024
26689;0.234;0.125;4.998;0.227;0.22;0.295;0.278;0.63;0.396;0.095;0.242;0.051;0.039;0.029
26690;0.234;0.127;4.998;0.229;0.22;0.298;0.278;0.632;0.388;0.098;0.247;0.051;0.039;0.027
26691;0.237;0.127;4.998;0.229;0.22;0.295;0.281;0.635;0.388;0.095;0.249;0.051;0.037;0.022
26692;0.237;0.127;4.998;0.232;0.22;0.295;0.283;0.635;0.381;0.093;0.249;0.054;0.039;0.027
26693;0.234;0.127;4.998;0.229;0.22;0.298;0.283;0.635;0.383;0.095;0.256;0.054;0.037;0.029
26694;0.237;0.129;4.998;0.232;0.22;0.298;0.283;0.635;0.378;0.098;0.259;0.054;0.039;0.029
26695;0.239;0.125;4.998;0.227;0.217;0.295;0.286;0.632;0.371;0.095;0.261;0.051;0.034;0.024
26696;0.237;0.125;4.998;0.225;0.22;0.298;0.286;0.632;0.371;0.093;0.264;0.051;0.034;0.024
26697;0.237;0.122;4.998;0.225;0.22;0.3;0.283;0.635;0.369;0.093;0.266;0.051;0.034;0.022
26698;0.239;0.125;4.998;0.225;0.217;0.298;0.283;0.632;0.364;0.093;0.271;0.051;0.037;0.027
26699;0.239;0.122;4.998;0.225;0.22;0.298;0.283;0.632;0.359;0.093;0.271;0.051;0.034;0.022
26700;0.239;0.122;4.998;0.227;0.22;0.295;0.281;0.635;0.356;0.095;0.273;0.051;0.039;0.027
26701;0.239;0.122;4.998;0.222;0.222;0.295;0.283;0.632;0.352;0.095;0.276;0.051;0.037;0.024
26702;0.239;0.12;4.998;0.225;0.222;0.295;0.278;0.632;0.347;0.093;0.276;0.049;0.039;0.029
26703;0.242;0.12;4.998;0.222;0.225;0.298;0.276;0.632;0.344;0.09;0.278;0.054;0.037;0.024
26704;0.239;0.12;4.998;0.225;0.227;0.293;0.278;0.632;0.344;0.09;0.281;0.051;0.034;0.024
26705;0.237;0.12;4.998;0.222;0.225;0.293;0.273;0.632;0.337;0.088;0.283;0.049;0.037;0.027
26706;0.239;0.117;4.998;0.225;0.222;0.295;0.276;0.632;0.334;0.09;0.286;0.051;0.037;0.027
26707;0.239;0.12;4.998;0.225;0.222;0.295;0.276;0.63;0.332;0.09;0.286;0.049;0.037;0.027
26708;0.237;0.117;4.998;0.225;0.222;0.298;0.276;0.63;0.33;0.088;0.286;0.051;0.034;0.024
26709;0.237;0.12;4.998;0.225;0.22;0.295;0.276;0.635;0.325;0.085;0.288;0.051;0.037;0.024
26710;0.237;0.12;4.998;0.225;0.217;0.298;0.278;0.632;0.327;0.09;0.291;0.051;0.034;0.027
26711;0.237;0.12;4.998;0.225;0.217;0.295;0.276;0.632;0.32;0.085;0.291;0.051;0.037;0.029
26712;0.237;0.12;4.998;0.222;0.215;0.298;0.281;0.632;0.317;0.088;0.291;0.051;0.034;0.027
26713;0.239;0.117;4.998;0.225;0.215;0.298;0.278;0.635;0.315;0.088;0.293;0.051;0.034;0.024
26714;0.237;0.117;4.998;0.225;0.212;0.298;0.281;0.632;0.315;0.088;0.293;0.051;0.037;0.027
26715;0.237;0.117;4.998;0.222;0.212;0.298;0.278;0.632;0.31;0.088;0.295;0.051;0.039;0.027
26716;0.239;0.117;4.998;0.222;0.212;0.298;0.281;0.635;0.308;0.085;0.293;0.051;0.034;0.027
26717;0.237;0.117;4.998;0.222;0.212;0.3;0.278;0.632;0.305;0.088;0.295;0.054;0.037;0.024
26718;0.239;0.12;4.998;0.222;0.215;0.298;0.278;0.632;0.303;0.085;0.293;0.056;0.037;0.027
26719;0.239;0.117;4.998;0.222;0.215;0.298;0.276;0.632;0.303;0.083;0.295;0.051;0.037;0.024
26720;0.242;0.117;4.998;0.22;0.217;0.295;0.278;0.632;0.3;0.088;0.293;0.054;0.037;0.027
26721;0.239;0.117;4.998;0.22;0.217;0.295;0.273;0.632;0.295;0.085;0.291;0.051;0.037;0.027
26722;0.242;0.117;4.998;0.22;0.22;0.298;0.276;0.632;0.298;0.085;0.295;0.054;0.037;0.027
26723;0.242;0.12;4.998;0.217;0.217;0.295;0.276;0.635;0.293;0.083;0.298;0.051;0.037;0.027
26724;0.242;0.12;4.998;0.217;0.22;0.295;0.273;0.63;0.293;0.083;0.295;0.051;0.037;0.029
26725;0.239;0.117;4.998;0.215;0.22;0.295;0.278;0.63;0.295;0.085;0.298;0.054;0.037;0.024
26726;0.242;0.12;4.998;0.215;0.22;0.298;0.276;0.63;0.291;0.083;0.293;0.054;0.037;0.027
26727;0.242;0.122;4.998;0.215;0.222;0.298;0.276;0.63;0.288;0.083;0.293;0.054;0.044;0.037
26728;0.239;0.12;4.998;0.215;0.222;0.295;0.278;0.632;0.288;0.081;0.293;0.051;0.039;0.032
26729;0.242;0.12;3.555;0.215;0.222;0.298;0.276;0.63;0.286;0.083;0.293;0.051;0.034;0.024
26730;0.242;0.12;1.848;0.212;0.22;0.3;0.276;0.63;0.288;0.081;0.298;0.049;0.037;0.027
26731;0.239;0.12;1.199;0.215;0.22;0.298;0.276;0.63;0.281;0.078;0.291;0.051;0.037;0.027
26732;0.239;0.12;3.386;0.215;0.22;0.298;0.273;0.63;0.283;0.078;0.293;0.054;0.039;0.029
26733;0.239;0.12;4.998;0.217;0.22;0.298;0.276;0.632;0.278;0.078;0.291;0.051;0.034;0.024
26734;0.239;0.122;4.998;0.215;0.217;0.3;0.273;0.632;0.281;0.083;0.291;0.051;0.039;0.029
26735;0.239;0.12;4.998;0.215;0.217;0.298;0.278;0.632;0.278;0.078;0.291;0.051;0.034;0.022
26736;0.237;0.115;4.998;0.215;0.212;0.298;0.276;0.632;0.278;0.081;0.293;0.051;0.034;0.024
26737;0.239;0.115;4.998;0.215;0.212;0.298;0.278;0.63;0.278;0.081;0.288;0.054;0.039;0.029
26738;0.237;0.117;4.998;0.215;0.215;0.3;0.278;0.632;0.278;0.081;0.291;0.054;0.034;0.024
26739;0.237;0.117;4.998;0.215;0.21;0.3;0.276;0.632;0.273;0.078;0.291;0.051;0.034;0.02
26740;0.237;0.117;4.998;0.217;0.215;0.298;0.278;0.632;0.273;0.078;0.291;0.054;0.037;0.029
26741;0.237;0.12;4.998;0.217;0.212;0.298;0.278;0.632;0.271;0.076;0.286;0.054;0.034;0.027
26742;0.237;0.117;4.998;0.217;0.215;0.295;0.281;0.635;0.273;0.078;0.286;0.054;0.039;0.024
26743;0.237;0.117;4.998;0.22;0.21;0.298;0.281;0.635;0.271;0.078;0.291;0.054;0.037;0.027
26744;0.237;0.117;4.998;0.22;0.212;0.298;0.278;0.635;0.271;0.076;0.286;0.051;0.042;0.027
26745;0.239;0.117;4.998;0.22;0.212;0.298;0.278;0.635;0.269;0.071;0.283;0.051;0.039;0.027
26746;0.237;0.117;4.998;0.217;0.212;0.295;0.278;0.635;0.264;0.073;0.281;0.054;0.037;0.024
26747;0.234;0.115;4.998;0.217;0.215;0.295;0.278;0.635;0.269;0.073;0.286;0.051;0.037;0.027
26748;0.234;0.115;4.998;0.217;0.212;0.295;0.281;0.635;0.264;0.068;0.281;0.051;0.037;0.027
26749;0.234;0.115;4.998;0.217;0.215;0.295;0.278;0.632;0.266;0.071;0.283;0.049;0.039;0.027
26750;0.237;0.115;4.998;0.22;0.215;0.293;0.276;0.635;0.264;0.071;0.281;0.051;0.039;0.024
26751;0.239;0.112;4.998;0.217;0.212;0.295;0.281;0.635;0.264;0.071;0.281;0.054;0.039;0.022
26752;0.237;0.112;4.998;0.22;0.21;0.293;0.278;0.632;0.261;0.068;0.281;0.051;0.042;0.029
26753;0.237;0.115;4.998;0.22;0.212;0.293;0.278;0.632;0.264;0.068;0.278;0.054;0.037;0.029
26754;0.234;0.115;4.998;0.22;0.212;0.295;0.281;0.635;0.264;0.068;0.276;0.049;0.039;0.024
26755;0.234;0.112;4.998;0.222;0.21;0.298;0.276;0.632;0.261;0.066;0.273;0.051;0.037;0.027
26756;0.234;0.117;4.998;0.225;0.21;0.295;0.276;0.635;0.261;0.068;0.273;0.051;0.042;0.027
26757;0.237;0.117;4.998;0.225;0.21;0.295;0.278;0.635;0.264;0.068;0.271;0.054;0.039;0.027
26758;0.237;0.117;4.998;0.227;0.21;0.295;0.276;0.632;0.259;0.063;0.269;0.051;0.037;0.024
26759;0.237;0.117;4.998;0.227;0.212;0.295;0.276;0.637;0.259;0.063;0.266;0.054;0.037;0.027
26760;0.232;0.12;4.998;0.227;0.21;0.295;0.281;0.635;0.256;0.066;0.269;0.051;0.039;0.029
26761;0.234;0.117;4.998;0.227;0.212;0.295;0.278;0.635;0.256;0.063;0.264;0.054;0.042;0.024
26762;0.232;0.12;4.998;0.225;0.212;0.295;0.278;0.632;0.256;0.063;0.264;0.054;0.039;0.024
26763;0.232;0.117;4.998;0.227;0.212;0.293;0.281;0.635;0.254;0.061;0.261;0.051;0.037;0.024
26764;0.234;0.117;4.998;0.225;0.212;0.295;0.281;0.635;0.256;0.063;0.259;0.051;0.042;0.027
26765;0.234;0.12;4.998;0.225;0.212;0.291;0.281;0.635;0.259;0.063;0.259;0.054;0.037;0.022
26766;0.234;0.12;4.998;0.227;0.212;0.293;0.278;0.635;0.254;0.061;0.256;0.049;0.037;0.024
26767;0.234;0.117;3.694;0.227;0.215;0.293;0.283;0.635;0.251;0.059;0.251;0.051;0.042;0.027
26768;0.234;0.12;1.758;0.225;0.212;0.293;0.281;0.635;0.251;0.059;0.249;0.051;0.037;0.024
26769;0.234;0.12;0.889;0.225;0.215;0.293;0.283;0.632;0.254;0.059;0.247;0.051;0.039;0.027
26770;0.232;0.12;0.493;0.222;0.215;0.293;0.283;0.635;0.251;0.059;0.247;0.054;0.042;0.032
26771;0.232;0.122;0.327;0.225;0.215;0.293;0.281;0.632;0.247;0.054;0.242;0.051;0.042;0.027
26772;0.234;0.122;0.251;0.227;0.215;0.295;0.283;0.635;0.251;0.061;0.244;0.054;0.039;0.027
26773;0.234;0.12;0.215;0.225;0.215;0.293;0.281;0.635;0.249;0.059;0.237;0.051;0.039;0.027
26774;0.232;0.12;0.193;0.22;0.215;0.295;0.281;0.632;0.247;0.056;0.237;0.051;0.042;0.029
26775;0.232;0.12;0.186;0.222;0.215;0.293;0.281;0.632;0.249;0.056;0.237;0.051;0.044;0.027
26776;0.234;0.12;0.186;0.22;0.215;0.295;0.281;0.635;0.247;0.059;0.232;0.051;0.044;0.032
26777;0.232;0.12;0.186;0.222;0.212;0.293;0.278;0.632;0.244;0.056;0.232;0.054;0.039;0.022
26778;0.232;0.117;0.181;0.222;0.212;0.293;0.281;0.635;0.242;0.054;0.227;0.051;0.044;0.029
26779;0.232;0.117;0.178;0.222;0.212;0.291;0.278;0.635;0.244;0.056;0.229;0.051;0.046;0.029
26780;0.229;0.117;0.178;0.217;0.212;0.293;0.278;0.635;0.244;0.059;0.225;0.051;0.039;0.024
26781;0.229;0.12;0.181;0.22;0.212;0.293;0.278;0.635;0.244;0.059;0.222;0.054;0.044;0.027
26782;0.227;0.115;0.195;0.217;0.215;0.293;0.276;0.635;0.242;0.056;0.222;0.051;0.042;0.027
26783;0.229;0.117;0.261;0.217;0.212;0.291;0.276;0.635;0.242;0.054;0.22;0.049;0.044;0.027
26784;0.229;0.115;0.229;0.22;0.212;0.291;0.276;0.635;0.242;0.056;0.22;0.051;0.044;0.027
26785;0.227;0.115;0.203;0.217;0.212;0.291;0.276;0.635;0.239;0.056;0.217;0.051;0.044;0.032
26786;0.227;0.112;0.208;0.22;0.215;0.291;0.273;0.632;0.239;0.054;0.215;0.051;0.042;0.024
26787;0.229;0.115;0.21;0.22;0.215;0.291;0.278;0.635;0.239;0.054;0.215;0.051;0.044;0.029
26788;0.229;0.112;0.195;0.222;0.215;0.293;0.273;0.635;0.239;0.054;0.212;0.054;0.046;0.027
26789;0.229;0.112;0.19;0.22;0.215;0.293;0.276;0.635;0.237;0.051;0.21;0.051;0.044;0.027
26790;0.232;0.115;0.2;0.22;0.215;0.291;0.273;0.635;0.234;0.051;0.208;0.054;0.039;0.027
26791;0.232;0.112;0.215;0.222;0.217;0.291;0.276;0.632;0.234;0.051;0.205;0.054;0.046;0.034
26792;0.229;0.115;0.2;0.222;0.217;0.293;0.273;0.632;0.232;0.054;0.205;0.049;0.044;0.027
26793;0.232;0.112;0.198;0.222;0.215;0.291;0.273;0.63;0.229;0.054;0.203;0.051;0.044;0.024
26794;0.232;0.112;0.188;0.225;0.22;0.288;0.271;0.632;0.229;0.051;0.203;0.051;0.044;0.024
26795;0.232;0.11;0.186;0.222;0.222;0.286;0.271;0.632;0.227;0.051;0.203;0.051;0.044;0.032
26796;0.232;0.112;0.188;0.222;0.22;0.288;0.271;0.63;0.232;0.056;0.205;0.054;0.044;0.029
26797;0.232;0.115;0.186;0.222;0.217;0.291;0.269;0.632;0.225;0.054;0.198;0.051;0.044;0.027
26798;0.232;0.115;0.188;0.225;0.217;0.291;0.273;0.632;0.225;0.051;0.195;0.051;0.046;0.027
26799;0.229;0.112;0.198;0.222;0.217;0.291;0.273;0.63;0.222;0.054;0.198;0.051;0.044;0.029
26800;0.229;0.112;0.205;0.222;0.215;0.288;0.271;0.627;0.222;0.054;0.195;0.051;0.044;0.027
26801;0.227;0.115;0.212;0.22;0.215;0.288;0.273;0.632;0.222;0.054;0.195;0.051;0.046;0.029
26802;0.229;0.112;0.212;0.222;0.212;0.291;0.273;0.632;0.222;0.054;0.193;0.051;0.044;0.027
26803;0.229;0.115;0.198;0.22;0.215;0.288;0.276;0.632;0.222;0.054;0.193;0.051;0.044;0.027
26804;0.227;0.112;0.195;0.22;0.212;0.291;0.276;0.632;0.22;0.056;0.193;0.051;0.046;0.027
26805;0.225;0.115;0.208;0.222;0.212;0.288;0.276;0.63;0.222;0.056;0.193;0.051;0.049;0.029
26806;0.229;0.112;0.203;0.22;0.212;0.288;0.273;0.632;0.22;0.054;0.188;0.051;0.046;0.027
26807;0.227;0.115;0.208;0.222;0.215;0.288;0.273;0.632;0.22;0.054;0.19;0.051;0.049;0.029
26808;0.229;0.112;0.225;0.22;0.212;0.286;0.271;0.635;0.217;0.054;0.188;0.051;0.042;0.024
26809;0.232;0.115;0.208;0.217;0.212;0.291;0.273;0.632;0.217;0.056;0.186;0.051;0.044;0.029
26810;0.229;0.115;0.195;0.215;0.21;0.283;0.271;0.632;0.22;0.056;0.186;0.054;0.044;0.029
26811;0.229;0.115;0.186;0.22;0.21;0.283;0.273;0.632;0.215;0.059;0.186;0.049;0.046;0.027
26812;0.229;0.115;0.181;0.22;0.212;0.286;0.273;0.63;0.215;0.056;0.186;0.051;0.046;0.027
26813;0.229;0.117;0.178;0.222;0.21;0.286;0.273;0.63;0.22;0.059;0.186;0.051;0.049;0.029
26814;0.229;0.117;0.173;0.217;0.212;0.286;0.271;0.632;0.215;0.056;0.183;0.051;0.049;0.027
26815;0.232;0.117;0.176;0.22;0.208;0.286;0.269;0.635;0.212;0.059;0.183;0.049;0.051;0.029
26816;0.232;0.117;0.173;0.22;0.212;0.286;0.271;0.63;0.215;0.056;0.183;0.051;0.044;0.029
26817;0.232;0.117;0.173;0.22;0.212;0.286;0.271;0.63;0.21;0.063;0.186;0.051;0.049;0.024
26818;0.234;0.115;0.181;0.22;0.212;0.288;0.271;0.63;0.21;0.059;0.186;0.054;0.049;0.029
26819;0.234;0.117;0.178;0.217;0.212;0.286;0.271;0.632;0.208;0.061;0.188;0.049;0.049;0.024
26820;0.237;0.115;0.176;0.222;0.215;0.288;0.271;0.632;0.208;0.061;0.186;0.051;0.049;0.029
26821;0.237;0.115;0.181;0.22;0.212;0.291;0.271;0.63;0.208;0.063;0.186;0.051;0.046;0.024
26822;0.239;0.115;0.183;0.22;0.212;0.288;0.271;0.63;0.203;0.059;0.186;0.051;0.051;0.027
26823;0.237;0.115;0.186;0.22;0.215;0.288;0.271;0.632;0.2;0.066;0.188;0.051;0.049;0.027
26824;0.239;0.115;0.173;0.22;0.215;0.291;0.271;0.632;0.205;0.063;0.188;0.054;0.051;0.027
26825;0.242;0.112;0.166;0.222;0.215;0.291;0.271;0.632;0.203;0.066;0.188;0.054;0.049;0.027
26826;0.239;0.112;0.171;0.222;0.217;0.291;0.271;0.632;0.203;0.063;0.188;0.054;0.054;0.029
26827;0.242;0.112;0.171;0.222;0.215;0.293;0.273;0.632;0.203;0.063;0.19;0.051;0.051;0.027
26828;0.239;0.115;0.176;0.222;0.215;0.293;0.271;0.63;0.198;0.066;0.19;0.051;0.054;0.032
26829;0.242;0.11;0.176;0.22;0.215;0.293;0.273;0.632;0.198;0.066;0.193;0.051;0.051;0.027
26830;0.242;0.11;0.178;0.217;0.217;0.291;0.273;0.637;0.198;0.068;0.193;0.051;0.051;0.032
26831;0.242;0.11;0.186;0.22;0.217;0.291;0.269;0.635;0.195;0.066;0.193;0.054;0.051;0.032
26832;0.242;0.11;0.183;0.217;0.215;0.293;0.273;0.632;0.195;0.068;0.193;0.054;0.054;0.032
26833;0.242;0.11;0.195;0.217;0.215;0.293;0.271;0.632;0.193;0.066;0.195;0.054;0.049;0.027
26834;0.242;0.11;0.19;0.22;0.215;0.291;0.271;0.635;0.193;0.068;0.195;0.049;0.054;0.032
26835;0.242;0.11;0.198;0.215;0.215;0.295;0.271;0.632;0.186;0.063;0.193;0.051;0.046;0.027
26836;0.242;0.11;0.205;0.217;0.215;0.295;0.271;0.632;0.188;0.068;0.193;0.051;0.056;0.029
26837;0.244;0.11;0.205;0.215;0.212;0.295;0.271;0.63;0.188;0.066;0.195;0.051;0.051;0.027
26838;0.242;0.107;0.203;0.215;0.212;0.295;0.271;0.632;0.186;0.071;0.195;0.051;0.056;0.029
26839;0.244;0.11;0.222;0.212;0.212;0.295;0.271;0.632;0.181;0.068;0.193;0.049;0.051;0.027
26840;0.242;0.11;0.227;0.212;0.212;0.295;0.269;0.63;0.186;0.071;0.195;0.049;0.054;0.029
26841;0.244;0.112;0.269;0.215;0.21;0.295;0.269;0.632;0.181;0.068;0.198;0.051;0.054;0.029
26842;0.242;0.11;0.276;0.212;0.208;0.295;0.269;0.632;0.183;0.071;0.198;0.051;0.054;0.027
26843;0.244;0.107;0.3;0.21;0.21;0.295;0.269;0.632;0.178;0.071;0.195;0.051;0.056;0.032
26844;0.242;0.112;0.361;0.21;0.21;0.295;0.269;0.632;0.176;0.068;0.195;0.051;0.056;0.029
26845;0.242;0.112;0.603;0.212;0.208;0.293;0.266;0.632;0.176;0.068;0.198;0.051;0.054;0.024
26846;0.242;0.11;0.518;0.212;0.21;0.293;0.266;0.63;0.173;0.071;0.193;0.051;0.056;0.027
26847;0.242;0.112;0.515;0.21;0.21;0.291;0.271;0.63;0.168;0.071;0.193;0.051;0.056;0.029
26848;0.244;0.115;0.432;0.212;0.212;0.288;0.269;0.63;0.171;0.073;0.19;0.051;0.054;0.024
26849;0.247;0.115;0.415;0.212;0.21;0.286;0.271;0.63;0.168;0.071;0.193;0.051;0.059;0.032
26850;0.242;0.112;0.688;0.212;0.21;0.286;0.269;0.632;0.168;0.073;0.19;0.051;0.056;0.027
26851;0.239;0.112;0.464;0.21;0.212;0.291;0.269;0.632;0.168;0.071;0.193;0.051;0.056;0.027
26852;0.242;0.115;0.479;0.215;0.212;0.291;0.271;0.627;0.166;0.071;0.186;0.051;0.056;0.029
26853;0.242;0.112;0.811;0.212;0.21;0.291;0.269;0.632;0.166;0.073;0.188;0.051;0.056;0.027
26854;0.242;0.115;0.627;0.215;0.21;0.291;0.271;0.63;0.164;0.073;0.186;0.051;0.051;0.022
26855;0.239;0.115;0.5;0.212;0.208;0.293;0.271;0.63;0.166;0.073;0.181;0.051;0.059;0.029
26856;0.242;0.117;0.51;0.212;0.205;0.293;0.271;0.63;0.159;0.071;0.181;0.051;0.056;0.027
26857;0.242;0.115;0.432;0.212;0.203;0.293;0.269;0.632;0.159;0.071;0.181;0.051;0.056;0.027
26858;0.242;0.117;0.393;0.212;0.205;0.293;0.269;0.632;0.164;0.078;0.181;0.051;0.059;0.029
26859;0.239;0.115;0.369;0.212;0.205;0.293;0.269;0.63;0.156;0.073;0.173;0.051;0.061;0.032
26860;0.239;0.117;0.317;0.21;0.203;0.293;0.269;0.63;0.159;0.071;0.173;0.051;0.056;0.024
26861;0.242;0.117;0.312;0.21;0.208;0.293;0.269;0.63;0.156;0.071;0.166;0.054;0.059;0.029
26862;0.239;0.117;0.269;0.212;0.205;0.293;0.269;0.63;0.159;0.068;0.166;0.051;0.056;0.027
26863;0.239;0.117;0.291;0.21;0.203;0.293;0.269;0.63;0.161;0.073;0.164;0.049;0.061;0.032
26864;0.242;0.117;0.271;0.21;0.205;0.293;0.266;0.632;0.156;0.073;0.161;0.046;0.056;0.024
26865;0.242;0.117;0.266;0.212;0.203;0.291;0.266;0.63;0.156;0.071;0.154;0.051;0.059;0.027
26866;0.244;0.117;0.276;0.212;0.205;0.293;0.266;0.63;0.156;0.071;0.151;0.051;0.059;0.024
26867;0.242;0.117;0.288;0.212;0.203;0.288;0.264;0.63;0.156;0.071;0.149;0.049;0.059;0.027
26868;0.242;0.117;0.444;0.215;0.205;0.291;0.266;0.63;0.156;0.068;0.146;0.051;0.059;0.029
26869;0.242;0.117;0.637;0.215;0.203;0.291;0.264;0.63;0.156;0.068;0.139;0.051;0.061;0.029
26870;0.244;0.12;0.706;0.215;0.203;0.291;0.266;0.63;0.156;0.068;0.137;0.051;0.061;0.027
26871;0.244;0.12;0.837;0.22;0.205;0.293;0.264;0.63;0.161;0.068;0.137;0.051;0.061;0.029
26872;0.242;0.12;0.745;0.222;0.205;0.291;0.266;0.63;0.156;0.068;0.129;0.051;0.061;0.029
26873;0.244;0.117;0.83;0.222;0.203;0.291;0.266;0.63;0.159;0.068;0.129;0.051;0.061;0.029
26874;0.239;0.122;0.791;0.222;0.203;0.288;0.266;0.63;0.159;0.066;0.125;0.051;0.059;0.027
26875;0.237;0.12;4.998;0.222;0.208;0.293;0.266;0.63;0.159;0.066;0.122;0.049;0.061;0.029
26876;0.239;0.12;4.998;0.222;0.205;0.291;0.266;0.63;0.156;0.063;0.12;0.049;0.061;0.029
26877;0.239;0.12;4.998;0.227;0.208;0.291;0.266;0.632;0.159;0.063;0.117;0.051;0.063;0.029
26878;0.239;0.122;4.998;0.225;0.205;0.293;0.264;0.627;0.159;0.061;0.115;0.049;0.059;0.022
26879;0.237;0.122;4.998;0.225;0.21;0.291;0.264;0.63;0.161;0.061;0.112;0.051;0.063;0.029
26880;0.237;0.12;4.998;0.225;0.208;0.291;0.266;0.63;0.159;0.059;0.107;0.051;0.063;0.029
26881;0.237;0.12;4.998;0.225;0.21;0.291;0.266;0.63;0.161;0.059;0.107;0.051;0.066;0.032
26882;0.234;0.122;4.998;0.222;0.205;0.288;0.264;0.63;0.159;0.061;0.105;0.051;0.063;0.029
26883;0.232;0.12;4.468;0.222;0.205;0.291;0.269;0.63;0.164;0.061;0.105;0.051;0.063;0.027
26884;0.232;0.12;2.205;0.222;0.208;0.286;0.269;0.63;0.159;0.059;0.1;0.049;0.063;0.027
26885;0.237;0.122;1.382;0.22;0.208;0.291;0.271;0.632;0.161;0.056;0.1;0.051;0.066;0.032
26886;0.232;0.122;1.194;0.22;0.205;0.286;0.271;0.63;0.159;0.056;0.098;0.049;0.066;0.029
26887;0.232;0.122;0.984;0.217;0.208;0.286;0.269;0.63;0.159;0.059;0.1;0.051;0.063;0.027
26888;0.234;0.122;0.632;0.217;0.208;0.291;0.269;0.632;0.159;0.056;0.098;0.054;0.063;0.029
26889;0.237;0.12;0.457;0.215;0.208;0.288;0.269;0.63;0.161;0.056;0.095;0.051;0.061;0.024
26890;0.237;0.125;0.215;0.212;0.208;0.286;0.266;0.63;0.156;0.054;0.09;0.049;0.063;0.029
26891;0.234;0.122;0.295;0.212;0.21;0.288;0.266;0.63;0.161;0.056;0.098;0.051;0.068;0.032
26892;0.239;0.122;0.547;0.21;0.208;0.286;0.264;0.63;0.161;0.054;0.09;0.054;0.066;0.032
26893;0.239;0.122;0.691;0.21;0.21;0.288;0.264;0.63;0.161;0.056;0.088;0.054;0.063;0.027
26894;0.234;0.12;0.698;0.21;0.21;0.286;0.261;0.627;0.159;0.054;0.088;0.049;0.066;0.032
26895;0.239;0.122;0.82;0.208;0.212;0.288;0.264;0.632;0.159;0.056;0.085;0.051;0.066;0.029
26896;0.239;0.125;0.581;0.21;0.21;0.288;0.264;0.63;0.159;0.056;0.088;0.049;0.061;0.024
26897;0.237;0.122;0.496;0.21;0.208;0.288;0.261;0.63;0.161;0.059;0.083;0.051;0.063;0.027
26898;0.239;0.12;0.571;0.21;0.208;0.286;0.261;0.632;0.164;0.054;0.085;0.051;0.066;0.027
26899;0.237;0.12;0.19;0.208;0.208;0.288;0.261;0.63;0.161;0.056;0.083;0.051;0.061;0.027
26900;0.237;0.12;0.154;0.21;0.208;0.288;0.264;0.632;0.161;0.054;0.083;0.051;0.066;0.029
26901;0.237;0.117;0.171;0.208;0.208;0.286;0.261;0.63;0.161;0.059;0.081;0.051;0.063;0.027
26902;0.237;0.122;0.254;0.21;0.205;0.288;0.261;0.63;0.164;0.061;0.081;0.051;0.068;0.029
26903;0.239;0.122;0.181;0.21;0.205;0.288;0.264;0.63;0.161;0.059;0.078;0.051;0.066;0.024
26904;0.237;0.117;0.156;0.21;0.208;0.288;0.264;0.627;0.164;0.059;0.078;0.049;0.066;0.027
26905;0.239;0.117;0.151;0.212;0.205;0.288;0.264;0.625;0.159;0.056;0.073;0.051;0.066;0.027
26906;0.239;0.117;0.154;0.212;0.205;0.288;0.266;0.627;0.159;0.059;0.071;0.049;0.066;0.024
26907;0.237;0.12;0.151;0.212;0.205;0.286;0.269;0.627;0.164;0.061;0.076;0.054;0.071;0.029
26908;0.239;0.117;0.154;0.21;0.205;0.286;0.266;0.627;0.161;0.061;0.078;0.051;0.063;0.027
26909;0.239;0.12;0.151;0.212;0.208;0.288;0.269;0.625;0.164;0.063;0.076;0.054;0.066;0.027
26910;0.242;0.117;0.151;0.21;0.208;0.283;0.266;0.627;0.161;0.061;0.073;0.051;0.071;0.029
26911;0.244;0.12;0.151;0.215;0.208;0.286;0.269;0.627;0.161;0.063;0.073;0.051;0.071;0.029
26912;0.244;0.12;0.156;0.217;0.208;0.286;0.266;0.625;0.164;0.063;0.076;0.051;0.068;0.029
26913;0.244;0.117;0.159;0.215;0.21;0.286;0.269;0.627;0.164;0.066;0.076;0.051;0.068;0.029
26914;0.244;0.12;0.151;0.215;0.208;0.286;0.269;0.627;0.159;0.061;0.068;0.051;0.068;0.029
26915;0.244;0.12;0.151;0.215;0.21;0.283;0.269;0.625;0.161;0.061;0.071;0.051;0.071;0.029
26916;0.249;0.12;0.151;0.215;0.21;0.283;0.271;0.627;0.164;0.063;0.071;0.051;0.068;0.027
26917;0.251;0.12;0.151;0.215;0.21;0.281;0.269;0.623;0.168;0.068;0.076;0.054;0.066;0.024
26918;0.251;0.12;0.154;0.215;0.208;0.281;0.269;0.625;0.161;0.061;0.071;0.051;0.068;0.029
26919;0.251;0.12;0.154;0.212;0.205;0.281;0.269;0.627;0.161;0.063;0.071;0.054;0.071;0.027
26920;0.251;0.12;0.149;0.215;0.205;0.278;0.271;0.627;0.161;0.061;0.073;0.051;0.076;0.029
26921;0.254;0.117;0.149;0.215;0.205;0.281;0.269;0.627;0.161;0.061;0.073;0.051;0.068;0.029
26922;0.249;0.117;0.154;0.215;0.203;0.283;0.269;0.625;0.161;0.059;0.068;0.051;0.068;0.027
26923;0.249;0.117;0.151;0.215;0.205;0.286;0.266;0.627;0.161;0.059;0.073;0.054;0.068;0.032
26924;0.249;0.117;0.151;0.212;0.208;0.288;0.269;0.627;0.161;0.059;0.071;0.051;0.066;0.029
26925;0.249;0.115;0.146;0.215;0.205;0.288;0.266;0.625;0.159;0.059;0.071;0.049;0.068;0.027
26926;0.247;0.115;0.151;0.212;0.208;0.291;0.269;0.627;0.159;0.061;0.073;0.051;0.071;0.029
26927;0.249;0.115;0.149;0.212;0.21;0.291;0.266;0.627;0.159;0.059;0.073;0.051;0.068;0.029
26928;0.247;0.115;0.146;0.215;0.21;0.288;0.269;0.63;0.156;0.054;0.071;0.051;0.071;0.032
26929;0.247;0.115;0.149;0.212;0.21;0.291;0.266;0.627;0.156;0.056;0.073;0.049;0.068;0.024
26930;0.247;0.112;0.151;0.212;0.21;0.291;0.266;0.625;0.159;0.059;0.071;0.051;0.068;0.029
26931;0.247;0.115;0.151;0.212;0.21;0.291;0.266;0.627;0.156;0.059;0.073;0.051;0.071;0.032
26932;0.247;0.115;0.149;0.215;0.21;0.293;0.269;0.627;0.156;0.056;0.073;0.054;0.068;0.027
26933;0.247;0.112;0.146;0.212;0.21;0.293;0.266;0.625;0.154;0.054;0.073;0.051;0.071;0.029
26934;0.247;0.115;0.146;0.212;0.21;0.291;0.266;0.627;0.156;0.059;0.073;0.051;0.071;0.027
26935;0.247;0.115;0.146;0.212;0.212;0.291;0.264;0.627;0.151;0.054;0.076;0.051;0.071;0.029
26936;0.247;0.115;0.144;0.215;0.21;0.288;0.266;0.627;0.149;0.054;0.073;0.051;0.068;0.029
26937;0.249;0.115;0.146;0.215;0.215;0.291;0.266;0.627;0.149;0.054;0.073;0.049;0.071;0.024
26938;0.249;0.115;0.146;0.215;0.212;0.286;0.266;0.627;0.151;0.054;0.076;0.051;0.071;0.032
26939;0.247;0.112;0.144;0.212;0.212;0.286;0.266;0.625;0.146;0.054;0.073;0.051;0.073;0.027
26940;0.247;0.117;0.144;0.215;0.212;0.286;0.269;0.627;0.151;0.054;0.078;0.051;0.071;0.029
26941;0.247;0.117;0.142;0.212;0.21;0.286;0.269;0.623;0.151;0.051;0.076;0.051;0.071;0.029
26942;0.244;0.117;0.144;0.212;0.212;0.286;0.271;0.627;0.149;0.051;0.076;0.051;0.068;0.027
26943;0.244;0.117;0.144;0.212;0.215;0.286;0.266;0.627;0.151;0.054;0.081;0.054;0.073;0.029
26944;0.242;0.117;0.142;0.21;0.215;0.286;0.269;0.63;0.149;0.051;0.076;0.049;0.071;0.027
26945;0.242;0.117;0.142;0.208;0.215;0.286;0.266;0.627;0.151;0.054;0.078;0.051;0.071;0.032
26946;0.242;0.117;0.142;0.208;0.215;0.286;0.266;0.627;0.151;0.054;0.078;0.054;0.066;0.027
26947;0.239;0.117;0.142;0.208;0.215;0.286;0.266;0.625;0.149;0.051;0.076;0.051;0.071;0.029
26948;0.242;0.12;0.139;0.208;0.212;0.288;0.266;0.625;0.144;0.049;0.076;0.051;0.071;0.029
26949;0.242;0.12;0.142;0.208;0.212;0.286;0.266;0.627;0.151;0.051;0.078;0.051;0.068;0.027
26950;0.242;0.12;0.142;0.208;0.212;0.286;0.266;0.625;0.146;0.049;0.073;0.051;0.071;0.027
26951;0.239;0.12;0.144;0.21;0.212;0.286;0.264;0.623;0.149;0.049;0.078;0.054;0.066;0.024
26952;0.239;0.12;0.144;0.21;0.212;0.288;0.264;0.625;0.149;0.049;0.076;0.051;0.068;0.024
26953;0.242;0.12;0.144;0.212;0.21;0.286;0.264;0.625;0.151;0.049;0.076;0.051;0.068;0.029
26954;0.239;0.122;0.146;0.212;0.212;0.288;0.259;0.623;0.149;0.049;0.073;0.051;0.071;0.024
26955;0.242;0.12;0.144;0.215;0.21;0.283;0.259;0.625;0.146;0.051;0.076;0.051;0.071;0.029
26956;0.239;0.12;0.146;0.212;0.212;0.283;0.259;0.623;0.149;0.049;0.076;0.049;0.068;0.029
26957;0.242;0.12;0.146;0.21;0.212;0.283;0.259;0.623;0.146;0.049;0.076;0.051;0.071;0.024
26958;0.244;0.12;0.146;0.212;0.212;0.286;0.259;0.625;0.149;0.049;0.076;0.049;0.068;0.032
26959;0.242;0.122;0.146;0.215;0.212;0.286;0.261;0.623;0.149;0.051;0.073;0.054;0.066;0.022
26960;0.244;0.122;0.149;0.212;0.212;0.283;0.261;0.625;0.146;0.054;0.076;0.051;0.071;0.027
26961;0.244;0.122;0.149;0.212;0.21;0.283;0.266;0.625;0.151;0.051;0.071;0.049;0.068;0.029
26962;0.242;0.122;0.151;0.215;0.212;0.288;0.266;0.623;0.151;0.054;0.076;0.051;0.073;0.024
26963;0.244;0.122;0.146;0.215;0.21;0.288;0.269;0.62;0.149;0.051;0.076;0.051;0.068;0.029
26964;0.244;0.127;0.151;0.215;0.212;0.288;0.269;0.623;0.146;0.049;0.073;0.054;0.068;0.027
26965;0.244;0.125;0.151;0.212;0.21;0.286;0.271;0.62;0.151;0.049;0.073;0.049;0.071;0.027
26966;0.244;0.127;0.151;0.212;0.212;0.286;0.271;0.623;0.146;0.054;0.073;0.051;0.068;0.027
26967;0.242;0.125;0.149;0.212;0.212;0.288;0.269;0.623;0.151;0.054;0.068;0.051;0.066;0.022
26968;0.244;0.127;0.151;0.215;0.215;0.291;0.269;0.62;0.149;0.054;0.071;0.051;0.068;0.027
26969;0.244;0.127;0.151;0.215;0.21;0.288;0.266;0.62;0.149;0.054;0.071;0.051;0.068;0.024
26970;0.244;0.129;0.149;0.215;0.21;0.286;0.269;0.62;0.151;0.051;0.073;0.049;0.068;0.027
26971;0.242;0.129;0.149;0.215;0.21;0.288;0.266;0.62;0.149;0.051;0.071;0.051;0.068;0.029
26972;0.242;0.129;0.149;0.215;0.21;0.286;0.264;0.623;0.154;0.051;0.073;0.054;0.068;0.027
26973;0.244;0.129;0.151;0.215;0.21;0.291;0.264;0.623;0.154;0.054;0.071;0.051;0.068;0.027
26974;0.244;0.129;0.151;0.215;0.208;0.288;0.264;0.62;0.151;0.049;0.068;0.049;0.068;0.024
26975;0.239;0.129;0.146;0.212;0.21;0.288;0.261;0.623;0.151;0.051;0.071;0.051;0.068;0.027
26976;0.242;0.129;0.146;0.212;0.208;0.288;0.264;0.62;0.154;0.049;0.071;0.051;0.061;0.024
26977;0.239;0.129;0.149;0.212;0.21;0.291;0.264;0.618;0.151;0.049;0.071;0.051;0.068;0.027
26978;0.242;0.129;0.149;0.21;0.208;0.288;0.264;0.62;0.151;0.046;0.071;0.051;0.066;0.024
26979;0.239;0.129;0.146;0.212;0.205;0.291;0.261;0.623;0.154;0.051;0.071;0.049;0.068;0.029
26980;0.242;0.127;0.149;0.212;0.205;0.291;0.264;0.62;0.154;0.049;0.068;0.051;0.066;0.027
26981;0.242;0.127;0.149;0.21;0.205;0.291;0.261;0.62;0.154;0.051;0.071;0.051;0.068;0.029
26982;0.242;0.127;0.146;0.21;0.208;0.291;0.264;0.623;0.156;0.051;0.071;0.051;0.068;0.027
26983;0.239;0.127;0.149;0.21;0.205;0.291;0.261;0.62;0.154;0.046;0.071;0.051;0.068;0.029
26984;0.237;0.125;0.151;0.212;0.205;0.288;0.261;0.62;0.156;0.046;0.071;0.049;0.068;0.029
26985;0.239;0.127;0.149;0.21;0.208;0.291;0.261;0.62;0.154;0.049;0.071;0.051;0.066;0.027
26986;0.239;0.127;0.149;0.21;0.205;0.288;0.261;0.623;0.154;0.046;0.071;0.051;0.066;0.027
26987;0.239;0.122;0.151;0.21;0.205;0.288;0.261;0.623;0.154;0.046;0.073;0.051;0.066;0.024
26988;0.239;0.125;0.151;0.208;0.203;0.291;0.261;0.62;0.156;0.044;0.071;0.054;0.068;0.029
26989;0.237;0.125;0.151;0.21;0.203;0.288;0.261;0.618;0.154;0.049;0.071;0.051;0.066;0.027
26990;0.239;0.127;0.149;0.208;0.208;0.291;0.264;0.623;0.154;0.044;0.073;0.051;0.068;0.027
26991;0.237;0.125;0.151;0.21;0.208;0.291;0.264;0.623;0.151;0.044;0.071;0.051;0.066;0.027
26992;0.237;0.125;0.154;0.21;0.208;0.291;0.266;0.623;0.156;0.044;0.073;0.051;0.068;0.029
26993;0.237;0.127;0.151;0.208;0.205;0.288;0.264;0.62;0.154;0.044;0.073;0.051;0.063;0.024
26994;0.237;0.127;0.151;0.208;0.208;0.288;0.266;0.62;0.149;0.039;0.073;0.051;0.066;0.024
26995;0.237;0.127;0.151;0.208;0.21;0.291;0.264;0.62;0.154;0.044;0.076;0.049;0.063;0.024
26996;0.237;0.125;0.154;0.21;0.203;0.288;0.264;0.62;0.156;0.042;0.073;0.054;0.068;0.032
26997;0.237;0.129;0.154;0.208;0.205;0.291;0.264;0.62;0.154;0.042;0.073;0.054;0.068;0.027
26998;0.237;0.129;0.154;0.208;0.203;0.286;0.264;0.62;0.156;0.044;0.073;0.051;0.066;0.029
26999;0.237;0.125;0.151;0.212;0.205;0.291;0.264;0.62;0.149;0.039;0.073;0.051;0.063;0.024
27000;0.234;0.127;0.154;0.21;0.203;0.286;0.264;0.62;0.154;0.039;0.078;0.051;0.066;0.027
27001;0.234;0.127;0.151;0.21;0.205;0.288;0.264;0.62;0.151;0.037;0.076;0.054;0.066;0.027
27002;0.234;0.127;0.156;0.205;0.203;0.288;0.264;0.62;0.154;0.037;0.078;0.049;0.066;0.027
27003;0.237;0.129;0.156;0.208;0.203;0.288;0.266;0.62;0.154;0.037;0.076;0.049;0.068;0.027
27004;0.237;0.129;0.156;0.208;0.203;0.286;0.266;0.623;0.156;0.039;0.083;0.051;0.066;0.029
27005;0.237;0.127;0.156;0.21;0.205;0.291;0.266;0.62;0.154;0.039;0.078;0.051;0.066;0.029
27006;0.234;0.127;0.159;0.21;0.2;0.288;0.266;0.618;0.151;0.037;0.078;0.051;0.063;0.027
27007;0.237;0.127;0.159;0.21;0.205;0.291;0.264;0.62;0.149;0.037;0.081;0.051;0.066;0.024
27008;0.237;0.127;0.161;0.21;0.205;0.288;0.264;0.62;0.151;0.037;0.083;0.051;0.068;0.032
27009;0.237;0.129;0.161;0.212;0.205;0.286;0.266;0.623;0.154;0.037;0.083;0.054;0.068;0.027
27010;0.237;0.127;0.159;0.21;0.208;0.286;0.269;0.618;0.154;0.039;0.083;0.051;0.063;0.027
27011;0.237;0.127;0.161;0.212;0.205;0.286;0.264;0.62;0.151;0.039;0.085;0.054;0.066;0.027
27012;0.237;0.127;0.161;0.212;0.208;0.286;0.266;0.618;0.151;0.037;0.085;0.054;0.066;0.027
27013;0.237;0.129;0.159;0.212;0.205;0.288;0.266;0.618;0.154;0.039;0.085;0.051;0.066;0.027
27014;0.237;0.127;0.161;0.215;0.205;0.286;0.266;0.62;0.149;0.034;0.085;0.054;0.066;0.029
27015;0.237;0.127;0.159;0.212;0.208;0.286;0.269;0.62;0.151;0.037;0.085;0.054;0.068;0.029
27016;0.237;0.129;0.161;0.215;0.205;0.288;0.266;0.62;0.151;0.032;0.085;0.051;0.066;0.029
27017;0.237;0.129;0.164;0.217;0.205;0.286;0.264;0.618;0.149;0.032;0.083;0.051;0.066;0.032
27018;0.237;0.127;0.159;0.217;0.203;0.291;0.264;0.62;0.154;0.037;0.088;0.051;0.063;0.027
27019;0.237;0.125;0.156;0.217;0.203;0.286;0.264;0.623;0.151;0.037;0.088;0.054;0.068;0.029
27020;0.237;0.122;0.156;0.217;0.205;0.288;0.264;0.62;0.151;0.037;0.085;0.054;0.066;0.027
27021;0.234;0.122;0.159;0.217;0.203;0.288;0.266;0.62;0.151;0.032;0.085;0.051;0.068;0.027
27022;0.232;0.122;0.156;0.215;0.203;0.291;0.261;0.618;0.149;0.034;0.088;0.051;0.066;0.027
27023;0.237;0.125;0.156;0.217;0.205;0.286;0.264;0.623;0.151;0.037;0.088;0.051;0.073;0.032
27024;0.234;0.125;0.154;0.217;0.205;0.286;0.266;0.62;0.151;0.029;0.085;0.054;0.068;0.027
27025;0.237;0.125;0.154;0.215;0.208;0.288;0.266;0.62;0.151;0.032;0.085;0.054;0.066;0.027
27026;0.234;0.122;0.154;0.217;0.208;0.286;0.266;0.618;0.151;0.034;0.083;0.054;0.068;0.027
27027;0.237;0.122;0.154;0.217;0.21;0.288;0.266;0.618;0.151;0.032;0.085;0.051;0.063;0.024
27028;0.234;0.122;0.156;0.217;0.21;0.288;0.266;0.618;0.149;0.034;0.085;0.051;0.071;0.029
27029;0.237;0.122;0.156;0.215;0.212;0.286;0.269;0.62;0.149;0.032;0.085;0.051;0.068;0.029
27030;0.237;0.122;0.154;0.217;0.215;0.286;0.269;0.618;0.149;0.032;0.083;0.054;0.068;0.029
27031;0.234;0.122;0.154;0.215;0.212;0.286;0.271;0.618;0.146;0.032;0.083;0.051;0.073;0.032
27032;0.234;0.122;0.156;0.215;0.215;0.288;0.269;0.62;0.151;0.032;0.088;0.054;0.068;0.029
27033;0.237;0.12;0.156;0.215;0.212;0.286;0.269;0.62;0.151;0.029;0.083;0.051;0.066;0.022
27034;0.237;0.122;0.159;0.212;0.215;0.291;0.269;0.62;0.149;0.034;0.083;0.051;0.071;0.027
27035;0.237;0.122;0.161;0.215;0.212;0.288;0.271;0.62;0.151;0.032;0.083;0.051;0.071;0.034
27036;0.237;0.122;0.159;0.215;0.212;0.288;0.269;0.618;0.151;0.032;0.083;0.051;0.071;0.029
27037;0.237;0.12;0.161;0.212;0.212;0.286;0.271;0.618;0.149;0.034;0.083;0.051;0.071;0.029
27038;0.234;0.122;0.161;0.21;0.21;0.286;0.271;0.618;0.149;0.032;0.083;0.051;0.073;0.032
27039;0.237;0.122;0.161;0.215;0.212;0.286;0.269;0.618;0.151;0.034;0.081;0.051;0.071;0.032
27040;0.237;0.122;0.164;0.21;0.208;0.286;0.266;0.62;0.151;0.034;0.083;0.054;0.073;0.027
27041;0.237;0.12;0.164;0.212;0.21;0.288;0.269;0.615;0.149;0.032;0.081;0.051;0.073;0.032
27042;0.237;0.122;0.166;0.215;0.21;0.283;0.266;0.618;0.146;0.032;0.081;0.051;0.076;0.032
27043;0.239;0.122;0.164;0.215;0.21;0.286;0.266;0.618;0.149;0.034;0.081;0.049;0.076;0.029
27044;0.237;0.125;0.166;0.215;0.21;0.288;0.269;0.62;0.149;0.032;0.078;0.051;0.073;0.029
27045;0.239;0.125;0.166;0.215;0.208;0.286;0.266;0.62;0.146;0.032;0.078;0.051;0.078;0.029
27046;0.239;0.125;0.166;0.215;0.208;0.288;0.269;0.618;0.149;0.032;0.078;0.049;0.076;0.027
27047;0.239;0.125;0.171;0.215;0.205;0.286;0.269;0.618;0.149;0.034;0.076;0.049;0.076;0.029
27048;0.239;0.122;0.168;0.215;0.208;0.286;0.269;0.623;0.149;0.032;0.078;0.049;0.078;0.029
27049;0.242;0.122;0.173;0.212;0.21;0.286;0.269;0.62;0.149;0.034;0.076;0.051;0.081;0.029
27050;0.242;0.125;0.173;0.21;0.21;0.286;0.271;0.62;0.144;0.029;0.076;0.051;0.081;0.032
27051;0.244;0.12;0.171;0.215;0.21;0.286;0.273;0.615;0.149;0.034;0.078;0.051;0.081;0.029
27052;0.239;0.122;0.173;0.212;0.21;0.286;0.273;0.618;0.146;0.032;0.073;0.054;0.078;0.027
27053;0.239;0.12;0.173;0.212;0.21;0.286;0.273;0.62;0.144;0.032;0.073;0.051;0.081;0.029
27054;0.239;0.12;0.171;0.21;0.212;0.286;0.269;0.618;0.142;0.032;0.073;0.051;0.081;0.034
27055;0.239;0.122;0.173;0.212;0.212;0.286;0.271;0.62;0.144;0.032;0.076;0.051;0.081;0.029
27056;0.239;0.12;0.173;0.208;0.212;0.283;0.269;0.618;0.142;0.032;0.073;0.054;0.081;0.032
27057;0.237;0.117;0.176;0.21;0.212;0.283;0.266;0.618;0.142;0.032;0.073;0.051;0.083;0.029
27058;0.239;0.12;0.176;0.208;0.212;0.281;0.266;0.618;0.142;0.032;0.073;0.051;0.081;0.029
27059;0.237;0.12;0.173;0.21;0.212;0.281;0.266;0.618;0.142;0.032;0.076;0.051;0.083;0.032
27060;0.237;0.117;0.176;0.21;0.212;0.281;0.269;0.615;0.142;0.029;0.073;0.054;0.083;0.032
27061;0.239;0.117;0.176;0.21;0.21;0.281;0.266;0.618;0.139;0.032;0.073;0.054;0.083;0.029
27062;0.237;0.115;0.173;0.208;0.21;0.281;0.266;0.615;0.142;0.029;0.073;0.049;0.083;0.032
27063;0.239;0.115;0.176;0.21;0.21;0.281;0.269;0.618;0.139;0.034;0.073;0.051;0.083;0.032
27064;0.239;0.117;0.171;0.208;0.208;0.281;0.266;0.62;0.139;0.029;0.073;0.051;0.085;0.032
27065;0.239;0.115;0.176;0.208;0.212;0.281;0.266;0.618;0.142;0.029;0.073;0.051;0.085;0.027
27066;0.239;0.112;0.176;0.21;0.212;0.278;0.269;0.62;0.139;0.032;0.073;0.051;0.09;0.034
27067;0.239;0.115;0.176;0.212;0.21;0.278;0.269;0.615;0.142;0.034;0.073;0.054;0.088;0.029
27068;0.239;0.115;0.173;0.21;0.212;0.278;0.264;0.618;0.139;0.029;0.073;0.051;0.085;0.029
27069;0.242;0.117;0.173;0.21;0.212;0.281;0.266;0.618;0.137;0.029;0.068;0.051;0.085;0.032
27070;0.239;0.115;0.171;0.21;0.212;0.281;0.266;0.618;0.134;0.029;0.068;0.051;0.083;0.029
27071;0.239;0.117;0.171;0.21;0.212;0.278;0.264;0.618;0.137;0.032;0.073;0.051;0.088;0.029
27072;0.239;0.115;0.181;0.21;0.215;0.281;0.266;0.618;0.137;0.032;0.073;0.054;0.085;0.029
27073;0.239;0.12;0.176;0.21;0.212;0.281;0.266;0.62;0.137;0.032;0.071;0.051;0.085;0.032
27074;0.237;0.117;0.176;0.21;0.212;0.281;0.266;0.62;0.134;0.032;0.071;0.051;0.085;0.034
27075;0.237;0.12;0.178;0.21;0.212;0.281;0.266;0.62;0.137;0.034;0.071;0.049;0.085;0.032
27076;0.239;0.12;0.173;0.21;0.21;0.281;0.264;0.618;0.137;0.029;0.071;0.054;0.088;0.032
27077;0.239;0.122;0.181;0.21;0.208;0.281;0.261;0.618;0.132;0.029;0.073;0.056;0.088;0.032
27078;0.239;0.122;0.178;0.21;0.21;0.281;0.261;0.62;0.134;0.029;0.073;0.054;0.085;0.029
27079;0.239;0.125;0.183;0.21;0.208;0.281;0.259;0.618;0.132;0.029;0.073;0.054;0.085;0.032
27080;0.239;0.125;0.195;0.21;0.21;0.281;0.261;0.618;0.129;0.029;0.071;0.051;0.088;0.029
27081;0.242;0.125;0.198;0.208;0.21;0.283;0.261;0.618;0.134;0.029;0.071;0.051;0.085;0.032
27082;0.242;0.127;0.205;0.205;0.208;0.283;0.259;0.618;0.132;0.032;0.068;0.049;0.083;0.029
27083;0.242;0.127;0.22;0.205;0.208;0.281;0.261;0.615;0.132;0.029;0.071;0.051;0.085;0.032
27084;0.244;0.129;0.364;0.208;0.208;0.283;0.264;0.618;0.132;0.029;0.071;0.051;0.083;0.027
27085;0.239;0.129;0.374;0.205;0.208;0.281;0.264;0.62;0.129;0.029;0.068;0.051;0.085;0.032
27086;0.242;0.129;0.303;0.205;0.205;0.281;0.264;0.618;0.132;0.029;0.071;0.051;0.085;0.032
27087;0.242;0.129;0.293;0.208;0.205;0.278;0.264;0.618;0.129;0.032;0.071;0.054;0.083;0.029
27088;0.242;0.127;0.256;0.208;0.205;0.283;0.264;0.618;0.129;0.029;0.071;0.051;0.081;0.029
27089;0.242;0.132;0.269;0.205;0.205;0.281;0.264;0.618;0.129;0.029;0.071;0.054;0.083;0.032
27090;0.239;0.132;0.31;0.208;0.208;0.281;0.264;0.618;0.127;0.029;0.071;0.051;0.081;0.032
27091;0.244;0.132;0.273;0.21;0.205;0.283;0.261;0.618;0.129;0.029;0.073;0.051;0.081;0.032
27092;0.242;0.129;0.356;0.21;0.205;0.283;0.261;0.62;0.127;0.032;0.068;0.049;0.083;0.029
27093;0.242;0.129;0.659;0.21;0.208;0.283;0.261;0.615;0.129;0.029;0.068;0.051;0.078;0.029
27094;0.242;0.129;0.73;0.212;0.208;0.283;0.259;0.618;0.132;0.027;0.068;0.054;0.081;0.032
27095;0.242;0.129;0.537;0.212;0.208;0.283;0.259;0.618;0.127;0.029;0.068;0.049;0.081;0.029
27096;0.244;0.129;0.601;0.212;0.208;0.283;0.261;0.618;0.127;0.027;0.068;0.054;0.081;0.032
27097;0.242;0.129;0.625;0.212;0.208;0.281;0.261;0.618;0.127;0.027;0.066;0.054;0.078;0.029
27098;0.242;0.129;0.576;0.212;0.208;0.283;0.261;0.618;0.127;0.027;0.068;0.054;0.081;0.029
27099;0.242;0.127;0.359;0.212;0.208;0.281;0.261;0.615;0.125;0.029;0.066;0.051;0.078;0.032
27100;0.239;0.129;0.332;0.21;0.208;0.278;0.261;0.615;0.129;0.027;0.068;0.051;0.078;0.032
27101;0.237;0.127;0.295;0.21;0.21;0.278;0.261;0.618;0.127;0.029;0.066;0.051;0.073;0.027
27102;0.242;0.127;0.256;0.212;0.21;0.281;0.261;0.618;0.129;0.029;0.066;0.051;0.078;0.029
27103;0.239;0.129;0.337;0.212;0.208;0.278;0.259;0.615;0.132;0.029;0.068;0.049;0.076;0.032
27104;0.242;0.127;0.452;0.212;0.205;0.278;0.259;0.615;0.127;0.029;0.061;0.051;0.071;0.022
27105;0.239;0.127;0.469;0.21;0.205;0.281;0.256;0.615;0.127;0.029;0.063;0.051;0.073;0.027
27106;0.239;0.125;0.598;0.212;0.205;0.281;0.259;0.615;0.129;0.027;0.063;0.051;0.071;0.029
27107;0.242;0.122;0.752;0.21;0.203;0.278;0.256;0.615;0.122;0.027;0.059;0.051;0.073;0.027
27108;0.239;0.125;0.715;0.208;0.203;0.283;0.256;0.618;0.127;0.029;0.063;0.054;0.073;0.032
27109;0.237;0.125;0.522;0.21;0.203;0.278;0.256;0.613;0.127;0.027;0.063;0.054;0.071;0.024
27110;0.239;0.122;0.571;0.208;0.203;0.283;0.254;0.613;0.129;0.027;0.061;0.054;0.073;0.029
27111;0.237;0.122;0.525;0.208;0.203;0.286;0.259;0.615;0.129;0.027;0.059;0.051;0.071;0.027
27112;0.237;0.12;0.444;0.203;0.2;0.286;0.259;0.615;0.129;0.027;0.059;0.054;0.068;0.027
27113;0.237;0.122;0.769;0.205;0.203;0.283;0.256;0.615;0.129;0.027;0.056;0.051;0.078;0.039
27114;0.237;0.12;0.674;0.205;0.203;0.283;0.261;0.618;0.127;0.029;0.056;0.054;0.073;0.032
27115;0.234;0.12;0.725;0.2;0.205;0.286;0.261;0.618;0.129;0.027;0.061;0.051;0.071;0.029
27116;0.237;0.117;0.92;0.205;0.203;0.288;0.259;0.618;0.129;0.027;0.059;0.051;0.066;0.029
27117;0.237;0.117;0.73;0.203;0.205;0.288;0.261;0.618;0.129;0.027;0.056;0.054;0.068;0.027
27118;0.234;0.115;0.881;0.203;0.203;0.288;0.261;0.615;0.125;0.027;0.054;0.051;0.068;0.029
27119;0.234;0.117;0.669;0.205;0.203;0.286;0.259;0.615;0.129;0.024;0.056;0.054;0.066;0.027
27120;0.237;0.117;0.273;0.203;0.203;0.286;0.261;0.615;0.129;0.029;0.056;0.051;0.066;0.027
27121;0.237;0.117;0.547;0.203;0.203;0.288;0.259;0.615;0.129;0.027;0.056;0.054;0.066;0.029
27122;0.237;0.117;0.54;0.203;0.205;0.291;0.256;0.615;0.129;0.027;0.056;0.054;0.068;0.034
27123;0.237;0.117;0.415;0.208;0.203;0.288;0.261;0.615;0.129;0.029;0.054;0.051;0.063;0.029
27124;0.239;0.117;0.466;0.208;0.2;0.288;0.256;0.615;0.129;0.027;0.054;0.054;0.066;0.027
27125;0.239;0.115;0.488;0.208;0.203;0.288;0.256;0.615;0.129;0.027;0.051;0.054;0.066;0.027
27126;0.242;0.112;0.601;0.208;0.203;0.291;0.259;0.613;0.129;0.029;0.051;0.054;0.066;0.029
27127;0.242;0.112;0.63;0.205;0.2;0.288;0.259;0.615;0.129;0.027;0.049;0.054;0.063;0.027
27128;0.242;0.115;0.635;0.21;0.2;0.286;0.256;0.613;0.134;0.029;0.051;0.054;0.063;0.029
27129;0.242;0.112;0.513;0.208;0.2;0.286;0.256;0.615;0.129;0.027;0.049;0.054;0.061;0.024
27130;0.244;0.11;0.54;0.21;0.2;0.286;0.261;0.613;0.134;0.029;0.051;0.049;0.066;0.034
27131;0.242;0.112;0.574;0.208;0.2;0.288;0.261;0.615;0.132;0.029;0.049;0.051;0.063;0.029
27132;0.242;0.112;0.669;0.208;0.2;0.283;0.261;0.615;0.129;0.022;0.046;0.051;0.056;0.024
27133;0.239;0.112;0.527;0.208;0.198;0.283;0.261;0.613;0.132;0.027;0.046;0.051;0.061;0.027
27134;0.242;0.112;0.371;0.208;0.2;0.283;0.261;0.613;0.132;0.027;0.046;0.051;0.061;0.029
27135;0.242;0.112;0.251;0.208;0.198;0.286;0.264;0.615;0.132;0.027;0.049;0.051;0.061;0.029
27136;0.242;0.112;0.186;0.208;0.198;0.283;0.261;0.613;0.132;0.024;0.046;0.054;0.059;0.027
27137;0.242;0.112;0.181;0.208;0.198;0.286;0.261;0.613;0.134;0.027;0.049;0.054;0.061;0.027
27138;0.244;0.115;0.217;0.205;0.2;0.283;0.264;0.613;0.132;0.024;0.044;0.051;0.061;0.032
27139;0.244;0.117;0.356;0.208;0.2;0.283;0.261;0.615;0.132;0.029;0.049;0.051;0.061;0.029
27140;0.244;0.112;0.464;0.203;0.2;0.286;0.261;0.613;0.134;0.024;0.046;0.051;0.059;0.027
27141;0.242;0.112;0.481;0.208;0.198;0.283;0.264;0.613;0.134;0.024;0.046;0.051;0.059;0.027
27142;0.247;0.115;0.388;0.208;0.2;0.283;0.266;0.618;0.132;0.027;0.046;0.051;0.059;0.027
27143;0.247;0.115;0.305;0.205;0.2;0.283;0.264;0.615;0.132;0.027;0.046;0.051;0.056;0.027
27144;0.247;0.112;0.381;0.205;0.2;0.281;0.264;0.615;0.134;0.027;0.046;0.054;0.059;0.029
27145;0.244;0.112;0.403;0.208;0.2;0.281;0.266;0.615;0.134;0.027;0.046;0.051;0.056;0.024
27146;0.244;0.115;0.376;0.205;0.205;0.281;0.269;0.613;0.134;0.027;0.049;0.051;0.056;0.027
27147;0.247;0.115;0.337;0.205;0.2;0.283;0.264;0.613;0.134;0.024;0.046;0.051;0.059;0.029
27148;0.244;0.112;0.476;0.203;0.2;0.283;0.266;0.613;0.134;0.027;0.046;0.051;0.056;0.027
27149;0.247;0.115;0.479;0.203;0.203;0.281;0.266;0.615;0.134;0.024;0.046;0.054;0.059;0.027
27150;0.244;0.112;0.5;0.2;0.2;0.281;0.261;0.615;0.134;0.024;0.044;0.051;0.051;0.024
27151;0.247;0.112;0.488;0.203;0.2;0.281;0.261;0.615;0.134;0.024;0.046;0.054;0.054;0.027
27152;0.247;0.112;0.361;0.2;0.2;0.278;0.256;0.615;0.134;0.024;0.049;0.051;0.054;0.024
27153;0.244;0.112;0.393;0.2;0.198;0.281;0.254;0.615;0.137;0.024;0.049;0.051;0.054;0.027
27154;0.244;0.112;0.588;0.2;0.2;0.283;0.254;0.615;0.137;0.024;0.046;0.051;0.056;0.029
27155;0.244;0.112;0.535;0.203;0.198;0.283;0.251;0.615;0.134;0.024;0.049;0.051;0.051;0.029
27156;0.244;0.112;0.398;0.2;0.198;0.283;0.249;0.615;0.134;0.024;0.046;0.051;0.056;0.029
27157;0.244;0.11;0.447;0.203;0.2;0.281;0.254;0.613;0.132;0.022;0.044;0.051;0.054;0.029
27158;0.242;0.11;1.111;0.203;0.2;0.281;0.251;0.613;0.137;0.024;0.049;0.051;0.051;0.027
27159;0.242;0.112;1.077;0.2;0.2;0.283;0.256;0.613;0.132;0.024;0.046;0.054;0.054;0.029
27160;0.242;0.11;0.955;0.2;0.2;0.281;0.256;0.615;0.134;0.024;0.049;0.054;0.054;0.027
27161;0.239;0.112;0.981;0.2;0.2;0.281;0.259;0.615;0.132;0.024;0.046;0.054;0.054;0.024
27162;0.237;0.112;0.947;0.2;0.2;0.281;0.261;0.613;0.132;0.024;0.049;0.051;0.054;0.029
27163;0.239;0.112;1.03;0.198;0.2;0.278;0.264;0.615;0.132;0.022;0.046;0.049;0.054;0.029
27164;0.239;0.112;0.808;0.198;0.195;0.278;0.269;0.615;0.129;0.022;0.042;0.051;0.056;0.029
27165;0.237;0.115;0.774;0.195;0.2;0.278;0.269;0.615;0.129;0.024;0.044;0.051;0.056;0.029
27166;0.242;0.117;0.681;0.198;0.198;0.276;0.266;0.615;0.129;0.024;0.044;0.051;0.054;0.029
27167;0.239;0.117;0.461;0.195;0.195;0.278;0.269;0.615;0.129;0.022;0.042;0.051;0.054;0.027
27168;0.237;0.117;0.527;0.195;0.198;0.278;0.264;0.618;0.127;0.022;0.042;0.049;0.054;0.027
27169;0.239;0.12;0.557;0.198;0.198;0.281;0.264;0.613;0.129;0.024;0.044;0.051;0.054;0.027
27170;0.239;0.12;0.537;0.195;0.198;0.283;0.264;0.615;0.127;0.022;0.042;0.051;0.056;0.032
27171;0.237;0.122;0.62;0.198;0.198;0.281;0.264;0.613;0.125;0.024;0.042;0.051;0.049;0.022
27172;0.237;0.12;0.664;0.198;0.198;0.283;0.264;0.613;0.125;0.024;0.042;0.054;0.054;0.022
27173;0.237;0.12;0.771;0.195;0.195;0.283;0.261;0.613;0.125;0.022;0.042;0.051;0.056;0.032
27174;0.237;0.122;0.559;0.198;0.195;0.283;0.261;0.615;0.125;0.022;0.039;0.054;0.054;0.024
27175;0.242;0.122;0.671;0.198;0.195;0.283;0.264;0.613;0.125;0.024;0.039;0.051;0.059;0.029
27176;0.239;0.12;0.588;0.198;0.198;0.283;0.264;0.613;0.122;0.022;0.037;0.051;0.051;0.024
27177;0.237;0.122;0.261;0.198;0.198;0.283;0.261;0.613;0.122;0.024;0.039;0.051;0.054;0.027
27178;0.237;0.122;0.376;0.198;0.198;0.281;0.261;0.613;0.122;0.024;0.039;0.051;0.056;0.027
27179;0.237;0.122;0.608;0.198;0.195;0.281;0.259;0.61;0.122;0.022;0.039;0.051;0.054;0.024
27180;0.237;0.122;0.515;0.198;0.198;0.281;0.261;0.61;0.117;0.022;0.039;0.051;0.059;0.024
27181;0.239;0.12;0.605;0.198;0.2;0.281;0.256;0.613;0.117;0.022;0.037;0.049;0.054;0.024
27182;0.242;0.117;0.505;0.198;0.2;0.278;0.259;0.613;0.12;0.022;0.037;0.051;0.054;0.027
27183;0.239;0.12;0.53;0.198;0.203;0.278;0.261;0.613;0.12;0.024;0.037;0.051;0.056;0.027
27184;0.242;0.12;0.547;0.198;0.203;0.278;0.261;0.613;0.12;0.024;0.039;0.051;0.056;0.027
27185;0.239;0.117;0.537;0.198;0.205;0.278;0.259;0.61;0.117;0.024;0.039;0.054;0.056;0.024
27186;0.239;0.117;0.596;0.2;0.203;0.281;0.259;0.613;0.117;0.022;0.037;0.051;0.056;0.024
27187;0.239;0.115;0.698;0.198;0.203;0.281;0.261;0.61;0.117;0.02;0.034;0.051;0.056;0.027
27188;0.242;0.115;0.618;0.2;0.2;0.278;0.256;0.61;0.12;0.027;0.039;0.054;0.054;0.029
27189;0.242;0.115;0.608;0.198;0.2;0.278;0.256;0.613;0.12;0.024;0.037;0.054;0.056;0.027
27190;0.242;0.11;0.632;0.2;0.198;0.278;0.256;0.61;0.115;0.022;0.032;0.051;0.051;0.024
27191;0.239;0.11;0.918;0.203;0.2;0.281;0.256;0.61;0.117;0.024;0.037;0.051;0.056;0.027
27192;0.242;0.11;1.191;0.203;0.198;0.283;0.259;0.61;0.117;0.022;0.034;0.054;0.061;0.032
27193;0.242;0.11;0.586;0.2;0.193;0.281;0.256;0.613;0.12;0.024;0.037;0.051;0.059;0.029
27194;0.242;0.107;0.955;0.2;0.193;0.281;0.256;0.608;0.112;0.024;0.034;0.054;0.054;0.024
27195;0.242;0.107;4.998;0.198;0.193;0.283;0.259;0.61;0.112;0.024;0.037;0.051;0.059;0.027
27196;0.242;0.107;4.998;0.2;0.195;0.281;0.259;0.61;0.115;0.024;0.034;0.051;0.061;0.029
27197;0.239;0.105;2.017;0.198;0.195;0.283;0.261;0.61;0.112;0.022;0.032;0.051;0.059;0.027
27198;0.239;0.107;1.24;0.2;0.198;0.281;0.261;0.613;0.11;0.022;0.037;0.051;0.054;0.024
27199;0.239;0.105;0.947;0.195;0.195;0.278;0.261;0.61;0.112;0.022;0.034;0.051;0.059;0.029
27200;0.239;0.107;0.784;0.193;0.195;0.281;0.261;0.613;0.112;0.022;0.037;0.051;0.061;0.029
27201;0.237;0.105;0.737;0.193;0.195;0.281;0.264;0.61;0.107;0.02;0.034;0.051;0.061;0.027
27202;0.237;0.107;1.208;0.19;0.198;0.281;0.264;0.613;0.11;0.024;0.034;0.051;0.061;0.032
27203;0.237;0.107;0.691;0.193;0.198;0.278;0.261;0.613;0.105;0.02;0.032;0.051;0.061;0.024
27204;0.234;0.107;0.557;0.19;0.2;0.281;0.261;0.613;0.107;0.024;0.034;0.051;0.061;0.029
27205;0.234;0.103;0.493;0.19;0.2;0.278;0.259;0.61;0.107;0.022;0.032;0.051;0.063;0.024
27206;0.237;0.11;0.461;0.188;0.2;0.281;0.256;0.613;0.105;0.022;0.032;0.049;0.063;0.027
27207;0.234;0.105;0.452;0.193;0.2;0.281;0.259;0.613;0.103;0.022;0.037;0.051;0.063;0.029
27208;0.234;0.11;0.469;0.19;0.2;0.283;0.256;0.613;0.103;0.022;0.037;0.049;0.063;0.029
27209;0.234;0.11;0.635;0.193;0.2;0.281;0.256;0.613;0.103;0.02;0.034;0.051;0.066;0.027
27210;0.234;0.107;1.897;0.193;0.2;0.278;0.254;0.61;0.103;0.02;0.034;0.051;0.063;0.027
27211;0.234;0.107;4.998;0.193;0.203;0.281;0.254;0.613;0.103;0.022;0.034;0.049;0.063;0.029
27212;0.237;0.107;4.998;0.193;0.2;0.278;0.254;0.613;0.1;0.022;0.034;0.049;0.063;0.027
27213;0.237;0.107;4.998;0.193;0.198;0.281;0.254;0.61;0.1;0.024;0.039;0.051;0.061;0.027
27214;0.234;0.107;4.998;0.193;0.2;0.281;0.254;0.613;0.098;0.022;0.037;0.051;0.063;0.022
27215;0.237;0.11;4.998;0.195;0.2;0.278;0.254;0.61;0.095;0.02;0.037;0.051;0.063;0.027
27216;0.237;0.107;4.998;0.193;0.203;0.281;0.251;0.61;0.095;0.022;0.034;0.049;0.066;0.024
27217;0.237;0.11;4.998;0.193;0.203;0.278;0.251;0.608;0.095;0.022;0.034;0.051;0.066;0.027
27218;0.239;0.112;4.998;0.19;0.203;0.281;0.251;0.61;0.095;0.022;0.037;0.054;0.071;0.029
27219;0.239;0.11;4.998;0.195;0.203;0.278;0.251;0.61;0.095;0.022;0.034;0.049;0.068;0.024
27220;0.239;0.11;4.998;0.193;0.2;0.278;0.254;0.613;0.095;0.022;0.037;0.049;0.066;0.024
27221;0.237;0.11;4.998;0.193;0.2;0.276;0.249;0.61;0.093;0.022;0.034;0.051;0.068;0.027
27222;0.239;0.11;4.998;0.195;0.203;0.276;0.254;0.61;0.09;0.02;0.032;0.051;0.068;0.029
27223;0.237;0.107;4.998;0.195;0.203;0.276;0.251;0.61;0.093;0.02;0.037;0.051;0.066;0.024
27224;0.239;0.107;4.998;0.193;0.2;0.276;0.251;0.61;0.09;0.02;0.037;0.051;0.068;0.027
27225;0.237;0.11;4.998;0.195;0.198;0.278;0.251;0.608;0.09;0.02;0.037;0.051;0.066;0.024
27226;0.237;0.11;4.998;0.193;0.198;0.276;0.251;0.613;0.093;0.022;0.037;0.049;0.071;0.029
27227;0.237;0.107;4.998;0.193;0.195;0.278;0.251;0.61;0.088;0.022;0.034;0.049;0.066;0.022
27228;0.237;0.107;4.766;0.195;0.195;0.278;0.251;0.61;0.09;0.022;0.039;0.054;0.078;0.034
27229;0.237;0.107;2.351;0.193;0.193;0.278;0.251;0.613;0.088;0.017;0.039;0.054;0.068;0.022
27230;0.237;0.107;1.199;0.193;0.193;0.278;0.251;0.61;0.088;0.02;0.042;0.049;0.071;0.027
27231;0.239;0.105;0.669;0.195;0.19;0.281;0.254;0.608;0.088;0.02;0.037;0.051;0.073;0.032
27232;0.234;0.105;0.425;0.193;0.19;0.283;0.254;0.61;0.085;0.022;0.037;0.051;0.071;0.022
27233;0.237;0.107;0.312;0.193;0.193;0.281;0.256;0.608;0.085;0.02;0.037;0.049;0.073;0.027
27234;0.239;0.105;0.259;0.195;0.19;0.278;0.256;0.608;0.085;0.022;0.037;0.051;0.078;0.032
27235;0.239;0.105;0.237;0.2;0.195;0.278;0.256;0.61;0.085;0.02;0.039;0.054;0.071;0.024
27236;0.242;0.105;0.225;0.198;0.193;0.273;0.256;0.608;0.085;0.02;0.037;0.051;0.076;0.027
27237;0.239;0.105;0.22;0.198;0.19;0.276;0.256;0.605;0.083;0.02;0.039;0.051;0.076;0.027
27238;0.239;0.105;0.22;0.198;0.193;0.276;0.256;0.608;0.083;0.022;0.034;0.051;0.073;0.024
27239;0.242;0.105;2.913;0.2;0.193;0.278;0.259;0.608;0.085;0.022;0.037;0.051;0.076;0.027
27240;0.242;0.1;4.998;0.198;0.195;0.276;0.259;0.605;0.083;0.022;0.037;0.054;0.073;0.027
27241;0.242;0.103;4.998;0.2;0.195;0.276;0.259;0.605;0.078;0.017;0.029;0.051;0.073;0.024
27242;0.242;0.105;4.998;0.2;0.19;0.276;0.256;0.605;0.083;0.02;0.034;0.051;0.076;0.027
27243;0.244;0.103;4.998;0.2;0.193;0.276;0.256;0.603;0.083;0.02;0.037;0.051;0.076;0.027
27244;0.239;0.1;4.998;0.198;0.195;0.276;0.256;0.608;0.085;0.027;0.039;0.049;0.076;0.024
27245;0.242;0.103;4.998;0.198;0.195;0.276;0.254;0.605;0.085;0.022;0.037;0.054;0.081;0.027
27246;0.242;0.103;4.998;0.2;0.198;0.273;0.254;0.608;0.083;0.022;0.032;0.051;0.078;0.024
27247;0.244;0.103;2.903;0.198;0.198;0.276;0.254;0.608;0.081;0.022;0.034;0.051;0.081;0.029
27248;0.242;0.105;1.462;0.2;0.195;0.273;0.249;0.605;0.083;0.02;0.032;0.051;0.076;0.029
27249;0.239;0.103;0.796;0.2;0.198;0.273;0.251;0.605;0.083;0.02;0.034;0.049;0.078;0.024
27250;0.239;0.105;0.486;0.2;0.193;0.276;0.251;0.605;0.081;0.02;0.032;0.051;0.081;0.027
27251;0.242;0.103;0.342;0.2;0.195;0.271;0.251;0.605;0.083;0.02;0.032;0.051;0.081;0.027
27252;0.237;0.103;0.278;0.2;0.195;0.273;0.251;0.608;0.081;0.017;0.029;0.051;0.081;0.027
27253;0.237;0.103;0.244;0.198;0.195;0.271;0.254;0.605;0.083;0.022;0.032;0.051;0.078;0.024
27254;0.239;0.105;0.229;0.2;0.193;0.273;0.256;0.605;0.083;0.022;0.034;0.054;0.083;0.029
27255;0.239;0.105;0.227;0.2;0.193;0.273;0.254;0.605;0.081;0.02;0.032;0.051;0.081;0.029
27256;0.237;0.103;0.847;0.198;0.193;0.273;0.256;0.605;0.083;0.022;0.032;0.054;0.083;0.027
27257;0.234;0.103;4.998;0.198;0.193;0.271;0.254;0.605;0.081;0.02;0.032;0.051;0.081;0.024
27258;0.234;0.103;4.998;0.2;0.195;0.278;0.259;0.605;0.083;0.022;0.032;0.051;0.083;0.027
27259;0.232;0.105;4.998;0.195;0.193;0.273;0.259;0.605;0.081;0.02;0.029;0.051;0.081;0.024
27260;0.229;0.105;4.998;0.198;0.193;0.276;0.261;0.605;0.085;0.024;0.034;0.051;0.078;0.022
27261;0.232;0.105;4.998;0.195;0.198;0.276;0.259;0.605;0.081;0.02;0.029;0.049;0.083;0.027
27262;0.232;0.105;4.998;0.198;0.198;0.278;0.261;0.608;0.081;0.02;0.027;0.054;0.083;0.024
27263;0.232;0.103;4.998;0.195;0.198;0.276;0.259;0.603;0.081;0.02;0.027;0.049;0.083;0.024
27264;0.232;0.103;4.998;0.195;0.2;0.278;0.261;0.605;0.081;0.02;0.029;0.051;0.083;0.024
27265;0.237;0.103;4.976;0.195;0.2;0.276;0.259;0.603;0.081;0.02;0.027;0.051;0.085;0.027
27266;0.259;0.103;4.998;0.195;0.2;0.278;0.256;0.605;0.081;0.022;0.029;0.049;0.088;0.027
27267;0.254;0.103;4.998;0.193;0.198;0.276;0.256;0.605;0.081;0.02;0.027;0.051;0.085;0.027
27268;0.261;0.105;4.998;0.195;0.2;0.276;0.256;0.605;0.081;0.02;0.027;0.051;0.085;0.027
27269;0.269;0.103;4.998;0.193;0.203;0.278;0.254;0.603;0.083;0.022;0.027;0.051;0.085;0.027
27270;0.286;0.103;4.998;0.193;0.203;0.278;0.254;0.603;0.083;0.017;0.027;0.049;0.085;0.029
27271;0.291;0.103;4.998;0.195;0.203;0.278;0.254;0.603;0.081;0.02;0.029;0.051;0.085;0.024
27272;0.281;0.103;4.998;0.193;0.2;0.278;0.256;0.603;0.083;0.02;0.027;0.051;0.085;0.027
27273;0.281;0.103;4.998;0.193;0.2;0.281;0.256;0.603;0.081;0.017;0.024;0.049;0.088;0.024
27274;0.278;0.103;4.998;0.195;0.2;0.281;0.256;0.603;0.081;0.02;0.027;0.054;0.088;0.029
27275;0.288;0.103;4.998;0.193;0.2;0.278;0.256;0.605;0.085;0.024;0.032;0.051;0.083;0.024
27276;0.271;0.103;3.628;0.195;0.2;0.281;0.254;0.603;0.081;0.02;0.029;0.049;0.085;0.024
27277;0.293;0.1;1.802;0.195;0.2;0.283;0.254;0.603;0.085;0.02;0.027;0.049;0.093;0.034
27278;0.286;0.103;1.052;0.19;0.2;0.281;0.254;0.605;0.083;0.02;0.027;0.051;0.088;0.029
27279;0.291;0.103;0.664;0.193;0.2;0.281;0.251;0.605;0.09;0.024;0.032;0.051;0.09;0.029
27280;0.293;0.103;0.493;0.195;0.2;0.281;0.251;0.605;0.085;0.02;0.029;0.051;0.09;0.029
27281;0.3;0.1;0.591;0.19;0.2;0.278;0.251;0.605;0.085;0.02;0.027;0.051;0.083;0.027
27282;0.286;0.103;0.417;0.19;0.203;0.278;0.249;0.603;0.085;0.02;0.027;0.051;0.093;0.027
27283;0.288;0.103;0.369;0.19;0.205;0.281;0.251;0.608;0.088;0.02;0.029;0.051;0.09;0.027
27284;0.288;0.105;0.588;0.19;0.203;0.278;0.249;0.605;0.088;0.015;0.027;0.054;0.085;0.024
27285;0.286;0.103;0.537;0.188;0.205;0.281;0.251;0.605;0.09;0.017;0.027;0.049;0.09;0.024
27286;0.291;0.103;0.808;0.188;0.208;0.281;0.251;0.605;0.088;0.02;0.027;0.051;0.09;0.029
27287;0.281;0.103;0.759;0.188;0.205;0.278;0.254;0.605;0.09;0.022;0.027;0.051;0.09;0.029
27288;0.295;0.105;0.73;0.188;0.21;0.278;0.254;0.605;0.09;0.017;0.027;0.051;0.09;0.029
27289;0.281;0.105;0.786;0.188;0.205;0.278;0.251;0.608;0.09;0.017;0.029;0.051;0.09;0.024
27290;0.288;0.105;0.828;0.19;0.205;0.278;0.254;0.605;0.09;0.02;0.027;0.051;0.09;0.027
27291;0.283;0.107;0.94;0.19;0.205;0.278;0.254;0.605;0.095;0.022;0.029;0.051;0.09;0.027
27292;0.288;0.105;0.659;0.188;0.205;0.281;0.254;0.608;0.09;0.017;0.027;0.049;0.09;0.024
27293;0.293;0.107;0.649;0.188;0.203;0.278;0.256;0.605;0.093;0.02;0.029;0.051;0.093;0.029
27294;0.293;0.105;0.718;0.188;0.203;0.276;0.254;0.608;0.093;0.022;0.032;0.054;0.095;0.029
27295;0.3;0.107;0.654;0.188;0.203;0.276;0.254;0.605;0.095;0.017;0.032;0.051;0.09;0.024
27296;0.295;0.107;0.801;0.19;0.2;0.271;0.251;0.605;0.093;0.02;0.032;0.051;0.09;0.027
27297;0.293;0.107;0.828;0.188;0.2;0.271;0.254;0.608;0.095;0.022;0.032;0.051;0.093;0.029
27298;0.3;0.11;0.537;0.188;0.203;0.276;0.249;0.605;0.098;0.02;0.034;0.049;0.093;0.032
27299;0.298;0.107;0.527;0.188;0.203;0.271;0.251;0.608;0.095;0.02;0.032;0.051;0.093;0.024
27300;0.291;0.11;0.378;0.188;0.203;0.273;0.251;0.608;0.093;0.02;0.029;0.051;0.09;0.027
27301;0.295;0.11;0.588;0.188;0.2;0.271;0.251;0.608;0.098;0.022;0.034;0.054;0.09;0.027
27302;0.293;0.107;0.488;0.19;0.203;0.273;0.251;0.61;0.098;0.022;0.037;0.054;0.095;0.027
27303;0.298;0.107;0.369;0.188;0.203;0.271;0.251;0.608;0.098;0.02;0.034;0.051;0.093;0.027
27304;0.291;0.107;0.42;0.19;0.203;0.271;0.251;0.61;0.098;0.02;0.037;0.051;0.093;0.029
27305;0.295;0.107;0.41;0.19;0.2;0.271;0.254;0.608;0.1;0.022;0.037;0.051;0.093;0.029
27306;0.293;0.107;0.461;0.188;0.205;0.273;0.254;0.608;0.1;0.022;0.037;0.051;0.098;0.032
27307;0.295;0.107;0.823;0.193;0.2;0.273;0.254;0.605;0.1;0.02;0.037;0.049;0.095;0.029
27308;0.298;0.107;0.803;0.19;0.203;0.273;0.251;0.608;0.103;0.022;0.039;0.054;0.093;0.032
27309;0.295;0.107;0.642;0.193;0.203;0.273;0.251;0.608;0.105;0.02;0.039;0.051;0.095;0.027
27310;0.3;0.107;0.579;0.19;0.203;0.273;0.251;0.608;0.103;0.02;0.039;0.054;0.09;0.027
27311;0.3;0.105;0.696;0.193;0.203;0.271;0.251;0.608;0.103;0.02;0.037;0.051;0.093;0.027
27312;0.295;0.107;0.671;0.19;0.203;0.271;0.251;0.608;0.105;0.017;0.042;0.054;0.093;0.027
27313;0.291;0.107;0.535;0.19;0.203;0.276;0.249;0.608;0.107;0.022;0.044;0.054;0.09;0.027
27314;0.295;0.11;0.542;0.188;0.2;0.273;0.251;0.61;0.107;0.022;0.044;0.054;0.095;0.029
27315;0.298;0.107;0.62;0.193;0.198;0.271;0.251;0.61;0.107;0.02;0.042;0.054;0.093;0.029
27316;0.3;0.107;0.808;0.19;0.2;0.276;0.251;0.61;0.107;0.02;0.046;0.051;0.093;0.027
27317;0.298;0.107;0.52;0.19;0.2;0.271;0.251;0.608;0.11;0.02;0.046;0.051;0.093;0.027
27318;0.3;0.107;0.483;0.19;0.203;0.273;0.249;0.61;0.107;0.02;0.046;0.056;0.093;0.027
27319;0.298;0.105;0.698;0.188;0.198;0.271;0.249;0.608;0.11;0.022;0.046;0.056;0.093;0.029
27320;0.303;0.105;0.796;0.193;0.2;0.271;0.247;0.608;0.107;0.02;0.046;0.054;0.093;0.027
27321;0.3;0.107;0.63;0.19;0.203;0.273;0.249;0.608;0.11;0.02;0.049;0.051;0.093;0.027
27322;0.3;0.107;0.566;0.193;0.2;0.273;0.247;0.605;0.107;0.022;0.051;0.051;0.093;0.027
27323;0.303;0.107;0.732;0.193;0.2;0.276;0.247;0.608;0.112;0.02;0.049;0.054;0.09;0.024
27324;0.3;0.105;0.505;0.193;0.203;0.273;0.249;0.608;0.107;0.017;0.051;0.049;0.093;0.029
27325;0.3;0.107;0.474;0.195;0.2;0.273;0.244;0.605;0.107;0.017;0.049;0.054;0.088;0.029
27326;0.303;0.107;0.557;0.195;0.203;0.271;0.247;0.605;0.112;0.017;0.054;0.051;0.093;0.027
27327;0.3;0.107;0.435;0.193;0.203;0.271;0.247;0.608;0.112;0.017;0.056;0.051;0.088;0.024
27328;0.298;0.105;0.493;0.195;0.2;0.271;0.247;0.61;0.112;0.02;0.056;0.051;0.09;0.029
27329;0.298;0.107;0.627;0.195;0.203;0.273;0.247;0.605;0.112;0.02;0.054;0.051;0.088;0.027
27330;0.298;0.105;0.684;0.195;0.203;0.273;0.249;0.608;0.115;0.022;0.054;0.054;0.085;0.02
27331;0.298;0.107;0.747;0.193;0.2;0.271;0.249;0.608;0.115;0.017;0.056;0.051;0.093;0.032
27332;0.3;0.107;0.879;0.195;0.2;0.271;0.251;0.608;0.117;0.02;0.056;0.054;0.09;0.032
27333;0.3;0.107;0.635;0.195;0.203;0.273;0.251;0.608;0.115;0.02;0.056;0.051;0.085;0.027
27334;0.298;0.105;0.796;0.195;0.2;0.271;0.251;0.605;0.117;0.02;0.059;0.051;0.088;0.024
27335;0.298;0.105;0.803;0.195;0.203;0.273;0.249;0.608;0.117;0.017;0.059;0.049;0.085;0.029
27336;0.298;0.105;0.808;0.195;0.203;0.271;0.249;0.608;0.117;0.02;0.059;0.051;0.088;0.029
27337;0.3;0.105;0.84;0.195;0.2;0.273;0.249;0.608;0.12;0.02;0.059;0.051;0.083;0.024
27338;0.3;0.105;0.73;0.193;0.203;0.273;0.249;0.61;0.122;0.02;0.059;0.051;0.088;0.027
27339;0.298;0.105;0.759;0.193;0.2;0.278;0.247;0.608;0.122;0.02;0.061;0.051;0.085;0.027
27340;0.303;0.105;0.833;0.19;0.198;0.273;0.244;0.608;0.125;0.02;0.059;0.051;0.085;0.029
27341;0.303;0.105;0.989;0.193;0.2;0.278;0.247;0.605;0.125;0.02;0.061;0.051;0.085;0.024
27342;0.3;0.103;0.864;0.193;0.2;0.278;0.244;0.608;0.127;0.02;0.063;0.051;0.083;0.027
27343;0.3;0.103;0.977;0.193;0.2;0.276;0.239;0.608;0.125;0.02;0.061;0.051;0.088;0.032
27344;0.3;0.103;0.747;0.193;0.198;0.276;0.242;0.605;0.127;0.022;0.066;0.051;0.083;0.024
27345;0.298;0.103;1.04;0.193;0.2;0.278;0.242;0.605;0.127;0.022;0.063;0.054;0.085;0.029
27346;0.303;0.103;0.566;0.193;0.2;0.273;0.244;0.608;0.129;0.02;0.066;0.054;0.083;0.027
27347;0.298;0.103;0.671;0.195;0.2;0.276;0.242;0.608;0.129;0.017;0.066;0.051;0.083;0.024
27348;0.3;0.1;0.688;0.195;0.198;0.278;0.244;0.608;0.127;0.02;0.063;0.054;0.081;0.027
27349;0.3;0.105;0.723;0.193;0.198;0.276;0.242;0.605;0.134;0.024;0.068;0.054;0.081;0.027
27350;0.298;0.103;0.774;0.198;0.198;0.276;0.244;0.603;0.129;0.02;0.066;0.051;0.081;0.029
27351;0.3;0.103;0.781;0.195;0.198;0.281;0.244;0.605;0.132;0.02;0.066;0.051;0.081;0.027
27352;0.298;0.103;0.764;0.195;0.195;0.278;0.242;0.605;0.132;0.017;0.068;0.051;0.081;0.027
27353;0.298;0.103;0.74;0.195;0.195;0.281;0.244;0.605;0.134;0.02;0.071;0.049;0.081;0.027
27354;0.298;0.105;0.759;0.198;0.195;0.276;0.244;0.605;0.137;0.02;0.071;0.051;0.081;0.029
27355;0.3;0.103;1.208;0.198;0.198;0.276;0.244;0.603;0.134;0.02;0.071;0.051;0.081;0.027
27356;0.3;0.105;0.635;0.2;0.198;0.276;0.244;0.605;0.137;0.017;0.068;0.051;0.078;0.024
27357;0.298;0.105;1.135;0.198;0.195;0.276;0.244;0.603;0.137;0.02;0.073;0.054;0.081;0.027
27358;0.3;0.107;0.742;0.2;0.195;0.276;0.244;0.605;0.142;0.02;0.073;0.051;0.078;0.022
27359;0.298;0.105;0.742;0.2;0.198;0.273;0.244;0.603;0.142;0.024;0.073;0.051;0.081;0.027
27360;0.295;0.107;1.006;0.198;0.195;0.273;0.244;0.603;0.144;0.02;0.073;0.051;0.081;0.024
27361;0.295;0.107;1.084;0.2;0.198;0.273;0.242;0.603;0.146;0.022;0.073;0.051;0.081;0.027
27362;0.293;0.107;0.73;0.198;0.198;0.271;0.247;0.603;0.146;0.022;0.076;0.051;0.076;0.022
27363;0.295;0.105;0.811;0.198;0.198;0.273;0.244;0.603;0.151;0.02;0.073;0.049;0.076;0.022
27364;0.293;0.107;0.857;0.195;0.195;0.271;0.247;0.603;0.151;0.022;0.076;0.054;0.078;0.024
27365;0.293;0.105;0.796;0.195;0.195;0.276;0.247;0.603;0.154;0.02;0.076;0.054;0.078;0.027
27366;0.288;0.107;0.759;0.195;0.198;0.276;0.247;0.603;0.156;0.02;0.076;0.051;0.076;0.027
27367;0.291;0.107;0.747;0.198;0.193;0.276;0.249;0.603;0.156;0.02;0.073;0.051;0.071;0.022
27368;0.288;0.105;0.986;0.193;0.195;0.276;0.247;0.603;0.159;0.022;0.076;0.051;0.078;0.029
27369;0.288;0.105;1.467;0.195;0.193;0.276;0.247;0.603;0.164;0.02;0.078;0.051;0.073;0.024
27370;0.291;0.107;0.94;0.198;0.195;0.278;0.247;0.605;0.164;0.02;0.073;0.051;0.076;0.027
27371;0.291;0.107;1.082;0.195;0.193;0.281;0.244;0.603;0.166;0.022;0.076;0.049;0.073;0.027
27372;0.291;0.107;1.143;0.195;0.195;0.281;0.247;0.603;0.168;0.022;0.073;0.054;0.076;0.024
27373;0.288;0.11;0.911;0.195;0.193;0.276;0.242;0.603;0.168;0.02;0.076;0.054;0.078;0.032
27374;0.288;0.112;1.104;0.198;0.195;0.276;0.244;0.603;0.173;0.02;0.073;0.051;0.073;0.022
27375;0.288;0.107;1.091;0.198;0.195;0.278;0.244;0.603;0.176;0.022;0.076;0.051;0.076;0.029
27376;0.291;0.11;0.825;0.198;0.19;0.278;0.244;0.603;0.178;0.02;0.073;0.049;0.073;0.024
27377;0.291;0.11;0.911;0.198;0.193;0.276;0.249;0.605;0.178;0.02;0.076;0.051;0.073;0.029
27378;0.293;0.112;1.16;0.195;0.193;0.276;0.247;0.603;0.181;0.02;0.073;0.051;0.071;0.027
27379;0.293;0.11;1.152;0.2;0.19;0.276;0.249;0.601;0.181;0.02;0.071;0.051;0.076;0.029
27380;0.291;0.112;1.14;0.2;0.19;0.273;0.249;0.601;0.186;0.022;0.076;0.054;0.073;0.029
27381;0.288;0.112;1.15;0.2;0.188;0.271;0.249;0.603;0.186;0.022;0.071;0.054;0.073;0.027
27382;0.291;0.115;0.969;0.2;0.186;0.273;0.249;0.603;0.19;0.02;0.073;0.051;0.073;0.027
27383;0.288;0.115;1.089;0.198;0.186;0.273;0.249;0.601;0.193;0.02;0.073;0.051;0.071;0.024
27384;0.291;0.115;0.881;0.198;0.188;0.276;0.249;0.603;0.193;0.02;0.071;0.051;0.073;0.024
27385;0.288;0.117;0.864;0.198;0.188;0.273;0.249;0.603;0.195;0.022;0.071;0.054;0.073;0.029
27386;0.288;0.117;0.774;0.2;0.186;0.273;0.251;0.603;0.203;0.024;0.068;0.051;0.071;0.027
27387;0.286;0.12;0.798;0.203;0.188;0.276;0.251;0.603;0.203;0.022;0.068;0.054;0.071;0.024
27388;0.286;0.12;1.958;0.203;0.188;0.273;0.249;0.603;0.205;0.022;0.068;0.051;0.073;0.029
27389;0.286;0.117;0.781;0.2;0.188;0.276;0.249;0.603;0.21;0.022;0.068;0.054;0.068;0.024
27390;0.286;0.12;1.16;0.2;0.188;0.276;0.249;0.603;0.212;0.022;0.068;0.054;0.073;0.024
27391;0.286;0.12;1.169;0.2;0.19;0.276;0.249;0.601;0.215;0.02;0.066;0.051;0.073;0.029
27392;0.288;0.12;1.052;0.203;0.188;0.276;0.249;0.601;0.217;0.024;0.066;0.051;0.078;0.029
27393;0.291;0.117;0.195;0.2;0.19;0.273;0.249;0.601;0.222;0.022;0.068;0.054;0.071;0.027
27394;0.291;0.12;0.168;0.203;0.188;0.276;0.247;0.603;0.225;0.022;0.063;0.051;0.071;0.027
27395;0.293;0.12;0.178;0.2;0.186;0.276;0.247;0.603;0.225;0.022;0.066;0.051;0.073;0.027
27396;0.291;0.12;0.188;0.203;0.188;0.276;0.249;0.603;0.229;0.022;0.063;0.051;0.073;0.029
27397;0.291;0.117;0.21;0.2;0.19;0.273;0.244;0.603;0.229;0.024;0.063;0.054;0.071;0.024
27398;0.291;0.115;0.266;0.205;0.188;0.273;0.247;0.603;0.232;0.022;0.061;0.051;0.076;0.029
27399;0.291;0.117;0.437;0.203;0.188;0.273;0.249;0.605;0.234;0.024;0.061;0.051;0.073;0.024
27400;0.295;0.115;0.603;0.203;0.19;0.273;0.247;0.603;0.232;0.022;0.061;0.054;0.078;0.032
27401;0.295;0.117;0.391;0.2;0.19;0.273;0.249;0.605;0.232;0.02;0.063;0.051;0.073;0.027
27402;0.293;0.115;0.312;0.205;0.19;0.273;0.251;0.603;0.232;0.02;0.063;0.054;0.073;0.029
27403;0.293;0.112;0.464;0.205;0.19;0.273;0.247;0.603;0.229;0.02;0.061;0.051;0.073;0.024
27404;0.291;0.112;0.42;0.2;0.19;0.271;0.247;0.601;0.232;0.022;0.061;0.049;0.078;0.032
27405;0.291;0.112;0.718;0.203;0.19;0.271;0.247;0.603;0.232;0.02;0.061;0.051;0.073;0.027
27406;0.288;0.11;0.857;0.203;0.19;0.269;0.249;0.598;0.227;0.022;0.059;0.051;0.068;0.024
27407;0.288;0.11;0.625;0.203;0.193;0.269;0.249;0.603;0.229;0.022;0.059;0.051;0.076;0.027
27408;0.291;0.112;0.771;0.203;0.193;0.271;0.249;0.603;0.227;0.022;0.059;0.054;0.076;0.027
27409;0.293;0.115;0.891;0.203;0.19;0.269;0.249;0.601;0.227;0.024;0.061;0.054;0.076;0.027
27410;0.291;0.112;0.818;0.203;0.19;0.271;0.251;0.603;0.222;0.02;0.059;0.054;0.078;0.029
27411;0.288;0.107;1.091;0.203;0.19;0.271;0.249;0.603;0.222;0.022;0.059;0.051;0.073;0.024
27412;0.291;0.11;4.998;0.198;0.19;0.269;0.249;0.601;0.22;0.02;0.056;0.054;0.078;0.029
27413;0.291;0.112;4.998;0.203;0.19;0.271;0.249;0.605;0.217;0.022;0.061;0.051;0.076;0.022
27414;0.291;0.112;4.998;0.198;0.193;0.271;0.249;0.603;0.215;0.022;0.056;0.051;0.076;0.024
27415;0.291;0.11;4.998;0.198;0.19;0.273;0.249;0.601;0.215;0.022;0.056;0.051;0.078;0.024
27416;0.288;0.11;4.998;0.2;0.193;0.273;0.247;0.603;0.215;0.022;0.059;0.054;0.076;0.027
27417;0.291;0.112;4.998;0.2;0.195;0.273;0.251;0.605;0.215;0.022;0.059;0.054;0.078;0.029
27418;0.293;0.115;4.998;0.2;0.193;0.273;0.247;0.605;0.212;0.022;0.059;0.051;0.073;0.022
27419;0.291;0.11;4.998;0.198;0.193;0.273;0.251;0.605;0.212;0.022;0.059;0.051;0.078;0.024
27420;0.291;0.11;4.998;0.195;0.193;0.273;0.249;0.605;0.208;0.02;0.056;0.049;0.078;0.027
27421;0.288;0.11;4.998;0.198;0.193;0.273;0.251;0.603;0.212;0.022;0.056;0.051;0.078;0.027
27422;0.293;0.11;4.998;0.198;0.193;0.273;0.251;0.601;0.21;0.024;0.056;0.051;0.076;0.022
27423;0.291;0.11;4.998;0.195;0.193;0.269;0.249;0.603;0.21;0.022;0.054;0.054;0.078;0.027
27424;0.293;0.112;4.998;0.195;0.193;0.276;0.254;0.603;0.21;0.027;0.054;0.051;0.081;0.029
27425;0.293;0.11;4.998;0.195;0.193;0.271;0.256;0.603;0.21;0.027;0.056;0.051;0.081;0.027
27426;0.293;0.112;4.998;0.195;0.193;0.271;0.251;0.601;0.208;0.022;0.054;0.054;0.081;0.024
27427;0.291;0.11;3.777;0.198;0.19;0.273;0.254;0.601;0.208;0.02;0.054;0.051;0.081;0.029
27428;0.291;0.112;2.222;0.195;0.193;0.273;0.249;0.601;0.21;0.022;0.056;0.054;0.083;0.027
27429;0.291;0.117;1.494;0.2;0.193;0.271;0.251;0.603;0.208;0.022;0.056;0.051;0.078;0.024
27430;0.295;0.112;0.588;0.198;0.195;0.273;0.251;0.603;0.21;0.022;0.054;0.051;0.081;0.029
27431;0.298;0.115;0.305;0.198;0.19;0.271;0.254;0.603;0.21;0.022;0.056;0.051;0.085;0.029
27432;0.295;0.115;0.244;0.2;0.193;0.271;0.251;0.601;0.21;0.024;0.056;0.051;0.083;0.024
27433;0.298;0.115;0.193;0.203;0.193;0.273;0.251;0.601;0.212;0.02;0.059;0.051;0.078;0.024
27434;0.295;0.115;0.178;0.2;0.193;0.273;0.251;0.601;0.212;0.022;0.056;0.051;0.078;0.027
27435;0.293;0.115;0.171;0.203;0.193;0.271;0.251;0.601;0.212;0.022;0.059;0.049;0.083;0.027
27436;0.295;0.117;0.168;0.203;0.19;0.269;0.249;0.601;0.212;0.02;0.059;0.051;0.081;0.024
27437;0.293;0.117;0.166;0.205;0.188;0.271;0.249;0.603;0.215;0.027;0.063;0.051;0.083;0.029
27438;0.298;0.117;0.159;0.205;0.193;0.271;0.247;0.601;0.21;0.024;0.059;0.051;0.081;0.024
27439;0.298;0.117;0.154;0.205;0.19;0.271;0.249;0.603;0.208;0.022;0.059;0.054;0.085;0.022
27440;0.298;0.117;0.154;0.208;0.188;0.269;0.247;0.603;0.21;0.024;0.061;0.051;0.083;0.029
27441;0.298;0.117;0.156;0.205;0.19;0.271;0.249;0.603;0.21;0.024;0.061;0.054;0.083;0.027
27442;0.298;0.112;0.161;0.208;0.186;0.269;0.249;0.603;0.208;0.024;0.063;0.049;0.083;0.022
27443;0.3;0.115;0.161;0.21;0.188;0.269;0.247;0.601;0.208;0.022;0.061;0.049;0.083;0.024
27444;0.3;0.112;0.156;0.208;0.186;0.271;0.247;0.603;0.208;0.024;0.066;0.051;0.088;0.029
27445;0.303;0.112;0.159;0.208;0.186;0.266;0.249;0.601;0.208;0.022;0.066;0.051;0.083;0.024
27446;0.303;0.115;0.161;0.208;0.183;0.271;0.247;0.601;0.205;0.022;0.063;0.051;0.081;0.022
27447;0.303;0.115;0.159;0.208;0.186;0.269;0.249;0.601;0.205;0.022;0.066;0.054;0.085;0.029
27448;0.303;0.112;0.161;0.208;0.186;0.271;0.249;0.603;0.203;0.024;0.068;0.051;0.083;0.027
27449;0.305;0.115;0.161;0.21;0.186;0.269;0.247;0.603;0.205;0.024;0.068;0.051;0.085;0.024
27450;0.305;0.112;0.164;0.21;0.186;0.269;0.249;0.601;0.205;0.024;0.068;0.049;0.083;0.029
27451;0.305;0.11;0.159;0.208;0.188;0.269;0.249;0.603;0.2;0.022;0.068;0.051;0.083;0.027
27452;0.305;0.11;0.159;0.21;0.188;0.271;0.249;0.601;0.2;0.022;0.066;0.051;0.083;0.027
27453;0.305;0.107;0.156;0.21;0.19;0.269;0.249;0.601;0.198;0.024;0.068;0.051;0.081;0.027
27454;0.305;0.11;0.161;0.212;0.193;0.269;0.249;0.601;0.2;0.022;0.071;0.054;0.085;0.027
27455;0.308;0.107;0.159;0.21;0.193;0.269;0.251;0.601;0.2;0.024;0.068;0.051;0.083;0.029
27456;0.31;0.107;0.159;0.212;0.193;0.269;0.249;0.601;0.2;0.027;0.071;0.051;0.085;0.027
27457;0.308;0.107;0.156;0.212;0.193;0.269;0.249;0.601;0.198;0.024;0.071;0.049;0.085;0.027
27458;0.308;0.107;0.154;0.212;0.198;0.269;0.249;0.601;0.198;0.027;0.073;0.051;0.083;0.027
27459;0.31;0.105;0.156;0.212;0.195;0.269;0.249;0.601;0.195;0.022;0.071;0.051;0.085;0.027
27460;0.308;0.107;0.151;0.215;0.195;0.271;0.249;0.603;0.195;0.022;0.071;0.054;0.083;0.027
27461;0.305;0.11;0.151;0.217;0.193;0.266;0.247;0.601;0.195;0.022;0.071;0.049;0.083;0.024
27462;0.308;0.107;0.154;0.217;0.193;0.271;0.247;0.598;0.193;0.024;0.073;0.054;0.088;0.034
27463;0.305;0.107;0.156;0.215;0.19;0.271;0.249;0.598;0.193;0.027;0.073;0.051;0.085;0.027
27464;0.305;0.107;0.154;0.217;0.193;0.273;0.247;0.598;0.193;0.024;0.076;0.054;0.083;0.027
27465;0.303;0.107;0.154;0.215;0.19;0.269;0.247;0.601;0.19;0.022;0.071;0.051;0.088;0.029
27466;0.303;0.105;0.156;0.212;0.19;0.271;0.244;0.598;0.193;0.022;0.073;0.051;0.088;0.032
27467;0.3;0.105;0.159;0.215;0.188;0.273;0.247;0.601;0.19;0.024;0.073;0.054;0.083;0.027
27468;0.303;0.105;0.159;0.215;0.188;0.271;0.247;0.603;0.19;0.024;0.073;0.051;0.085;0.024
27469;0.3;0.105;0.159;0.212;0.188;0.276;0.244;0.601;0.186;0.02;0.071;0.049;0.085;0.027
27470;0.305;0.105;0.159;0.212;0.188;0.273;0.247;0.601;0.19;0.024;0.076;0.051;0.085;0.027
27471;0.3;0.103;0.161;0.21;0.186;0.273;0.247;0.601;0.186;0.02;0.071;0.049;0.088;0.024
27472;0.303;0.103;0.161;0.21;0.188;0.273;0.247;0.603;0.183;0.022;0.071;0.051;0.083;0.027
27473;0.3;0.105;0.164;0.208;0.186;0.271;0.247;0.601;0.183;0.022;0.073;0.051;0.088;0.024
27474;0.305;0.103;0.161;0.21;0.186;0.271;0.247;0.603;0.181;0.022;0.071;0.051;0.088;0.027
27475;0.303;0.103;0.166;0.208;0.186;0.271;0.247;0.601;0.181;0.022;0.071;0.054;0.09;0.029
27476;0.303;0.103;0.164;0.208;0.188;0.271;0.244;0.601;0.181;0.022;0.073;0.051;0.085;0.024
27477;0.305;0.1;0.164;0.208;0.188;0.269;0.247;0.601;0.178;0.022;0.073;0.054;0.09;0.027
27478;0.303;0.103;0.166;0.205;0.188;0.271;0.244;0.601;0.178;0.024;0.071;0.051;0.09;0.027
27479;0.303;0.103;0.166;0.208;0.188;0.269;0.242;0.601;0.176;0.022;0.071;0.051;0.09;0.024
27480;0.303;0.103;0.164;0.208;0.19;0.271;0.244;0.601;0.173;0.022;0.071;0.051;0.09;0.027
27481;0.303;0.103;0.164;0.21;0.19;0.271;0.244;0.601;0.176;0.022;0.073;0.051;0.085;0.024
27482;0.303;0.105;0.164;0.208;0.19;0.269;0.242;0.601;0.173;0.024;0.071;0.054;0.088;0.027
27483;0.303;0.105;0.161;0.208;0.188;0.269;0.244;0.598;0.171;0.02;0.068;0.051;0.093;0.029
27484;0.3;0.105;0.161;0.208;0.19;0.271;0.242;0.598;0.171;0.022;0.071;0.049;0.09;0.024
27485;0.303;0.105;0.161;0.21;0.188;0.271;0.242;0.598;0.171;0.022;0.068;0.054;0.093;0.029
27486;0.3;0.105;0.161;0.208;0.19;0.271;0.244;0.601;0.168;0.02;0.071;0.051;0.09;0.027
27487;0.3;0.107;0.159;0.208;0.19;0.271;0.244;0.598;0.166;0.024;0.068;0.051;0.088;0.022
27488;0.298;0.107;0.159;0.208;0.188;0.269;0.247;0.598;0.161;0.022;0.066;0.054;0.088;0.02
27489;0.298;0.107;0.156;0.208;0.19;0.271;0.247;0.596;0.164;0.02;0.068;0.051;0.093;0.027
27490;0.3;0.107;0.161;0.208;0.188;0.271;0.249;0.598;0.161;0.017;0.066;0.051;0.093;0.027
27491;0.3;0.11;0.159;0.21;0.188;0.269;0.249;0.598;0.159;0.022;0.066;0.054;0.095;0.027
27492;0.3;0.11;0.161;0.208;0.188;0.271;0.247;0.598;0.156;0.02;0.066;0.051;0.09;0.027
27493;0.298;0.11;0.161;0.205;0.186;0.271;0.247;0.598;0.154;0.017;0.063;0.054;0.093;0.027
27494;0.298;0.112;0.161;0.21;0.186;0.271;0.244;0.598;0.156;0.02;0.066;0.051;0.095;0.029
27495;0.298;0.115;0.161;0.21;0.188;0.271;0.247;0.598;0.156;0.022;0.068;0.051;0.095;0.024
27496;0.298;0.115;0.161;0.208;0.183;0.271;0.247;0.598;0.151;0.02;0.066;0.054;0.095;0.027
27497;0.298;0.115;0.159;0.21;0.186;0.273;0.244;0.598;0.151;0.022;0.066;0.054;0.093;0.024
27498;0.298;0.115;0.161;0.21;0.186;0.271;0.244;0.598;0.151;0.02;0.066;0.051;0.098;0.027
27499;0.298;0.115;0.161;0.21;0.183;0.273;0.247;0.596;0.151;0.02;0.063;0.051;0.1;0.034
27500;0.295;0.115;0.161;0.21;0.183;0.273;0.247;0.596;0.151;0.022;0.063;0.054;0.095;0.029
27501;0.298;0.117;0.164;0.21;0.181;0.276;0.247;0.598;0.151;0.022;0.066;0.051;0.095;0.024
27502;0.298;0.117;0.159;0.21;0.183;0.276;0.244;0.598;0.151;0.02;0.066;0.051;0.098;0.027
27503;0.3;0.117;0.164;0.21;0.181;0.276;0.244;0.598;0.149;0.02;0.063;0.051;0.098;0.029
27504;0.3;0.117;0.161;0.21;0.183;0.276;0.249;0.598;0.149;0.022;0.061;0.054;0.098;0.029
27505;0.303;0.117;0.161;0.21;0.183;0.273;0.249;0.596;0.146;0.02;0.061;0.051;0.1;0.029
27506;0.303;0.117;0.161;0.208;0.183;0.273;0.249;0.596;0.149;0.02;0.059;0.051;0.098;0.024
27507;0.305;0.117;0.159;0.21;0.183;0.273;0.251;0.598;0.146;0.02;0.061;0.051;0.093;0.02
27508;0.305;0.117;0.159;0.208;0.183;0.273;0.249;0.598;0.146;0.02;0.059;0.051;0.098;0.027
27509;0.305;0.117;0.161;0.208;0.181;0.273;0.251;0.596;0.146;0.022;0.059;0.051;0.098;0.027
27510;0.305;0.117;0.164;0.21;0.183;0.273;0.247;0.598;0.146;0.022;0.056;0.051;0.098;0.024
27511;0.308;0.117;0.164;0.21;0.183;0.273;0.247;0.598;0.146;0.022;0.056;0.051;0.098;0.027
27512;0.308;0.12;0.161;0.208;0.183;0.273;0.247;0.596;0.144;0.022;0.056;0.051;0.098;0.029
27513;0.305;0.12;0.164;0.21;0.183;0.271;0.249;0.596;0.144;0.02;0.054;0.049;0.1;0.024
27514;0.303;0.12;0.164;0.21;0.183;0.271;0.247;0.598;0.144;0.02;0.056;0.051;0.1;0.029
27515;0.303;0.117;0.161;0.208;0.183;0.271;0.247;0.596;0.146;0.02;0.054;0.051;0.098;0.027
27516;0.303;0.12;0.161;0.208;0.183;0.276;0.249;0.598;0.144;0.022;0.054;0.051;0.098;0.024
27517;0.303;0.117;0.161;0.21;0.183;0.273;0.247;0.596;0.142;0.022;0.051;0.051;0.095;0.024
27518;0.303;0.12;0.164;0.21;0.183;0.273;0.249;0.596;0.139;0.017;0.049;0.051;0.098;0.024
27519;0.305;0.12;0.161;0.208;0.186;0.271;0.247;0.598;0.144;0.022;0.054;0.051;0.1;0.027
27520;0.303;0.12;0.164;0.208;0.183;0.273;0.247;0.598;0.139;0.02;0.049;0.051;0.095;0.027
27521;0.303;0.117;0.164;0.21;0.186;0.273;0.247;0.598;0.142;0.022;0.051;0.051;0.095;0.024
27522;0.303;0.117;0.164;0.21;0.186;0.276;0.249;0.596;0.137;0.02;0.049;0.051;0.103;0.029
27523;0.308;0.117;0.161;0.21;0.186;0.273;0.249;0.596;0.142;0.02;0.049;0.054;0.095;0.027
27524;0.305;0.117;0.161;0.208;0.188;0.271;0.249;0.596;0.139;0.022;0.049;0.051;0.098;0.029
27525;0.305;0.117;0.164;0.212;0.186;0.273;0.249;0.596;0.139;0.02;0.051;0.054;0.095;0.027
27526;0.305;0.117;0.164;0.212;0.188;0.271;0.249;0.598;0.137;0.02;0.046;0.051;0.098;0.029
27527;0.308;0.112;0.164;0.215;0.186;0.269;0.249;0.596;0.137;0.02;0.046;0.054;0.093;0.024
27528;0.305;0.115;0.166;0.212;0.188;0.273;0.251;0.601;0.139;0.02;0.046;0.054;0.093;0.027
27529;0.305;0.115;0.166;0.215;0.188;0.271;0.251;0.596;0.137;0.017;0.046;0.054;0.093;0.024
27530;0.305;0.115;0.164;0.21;0.186;0.271;0.249;0.601;0.137;0.02;0.046;0.051;0.093;0.029
27531;0.305;0.117;0.166;0.212;0.188;0.271;0.249;0.598;0.137;0.022;0.046;0.054;0.093;0.024
27532;0.305;0.149;0.166;0.212;0.186;0.269;0.251;0.598;0.134;0.02;0.049;0.054;0.093;0.027
27533;0.303;0.154;0.164;0.21;0.186;0.269;0.251;0.601;0.137;0.02;0.046;0.054;0.09;0.024
27534;0.303;0.181;0.166;0.212;0.186;0.271;0.249;0.598;0.139;0.02;0.046;0.051;0.09;0.024
27535;0.303;0.181;0.166;0.21;0.186;0.269;0.251;0.601;0.134;0.017;0.046;0.051;0.09;0.022
27536;0.303;0.178;0.168;0.212;0.186;0.271;0.251;0.601;0.134;0.02;0.046;0.054;0.09;0.024
27537;0.303;0.181;0.171;0.208;0.186;0.271;0.249;0.601;0.134;0.02;0.046;0.051;0.093;0.029
27538;0.298;0.173;0.168;0.21;0.186;0.269;0.249;0.601;0.134;0.02;0.046;0.054;0.09;0.027
27539;0.3;0.168;0.168;0.21;0.186;0.269;0.249;0.601;0.132;0.02;0.042;0.051;0.088;0.022
27540;0.3;0.176;0.168;0.208;0.186;0.271;0.251;0.598;0.134;0.02;0.046;0.051;0.09;0.027
27541;0.298;0.166;0.168;0.208;0.186;0.271;0.249;0.601;0.137;0.02;0.049;0.051;0.093;0.027
27542;0.298;0.186;0.168;0.21;0.186;0.271;0.251;0.601;0.134;0.022;0.046;0.051;0.088;0.027
27543;0.298;0.166;0.171;0.21;0.186;0.271;0.249;0.603;0.132;0.02;0.046;0.051;0.09;0.029
27544;0.298;0.176;0.164;0.21;0.186;0.271;0.249;0.603;0.132;0.02;0.049;0.051;0.088;0.024
27545;0.3;0.166;0.166;0.21;0.186;0.269;0.249;0.603;0.134;0.02;0.046;0.054;0.093;0.034
27546;0.298;0.168;0.168;0.21;0.188;0.271;0.249;0.601;0.134;0.022;0.049;0.051;0.088;0.027
27547;0.3;0.166;0.164;0.208;0.186;0.271;0.249;0.601;0.137;0.022;0.051;0.051;0.09;0.029
27548;0.3;0.168;0.166;0.21;0.186;0.271;0.249;0.601;0.134;0.02;0.049;0.051;0.09;0.029
27549;0.298;0.173;0.161;0.21;0.186;0.271;0.251;0.601;0.137;0.022;0.049;0.051;0.088;0.024
27550;0.298;0.178;0.164;0.21;0.188;0.271;0.249;0.603;0.134;0.02;0.046;0.051;0.088;0.027
27551;0.3;0.166;0.166;0.21;0.188;0.271;0.247;0.601;0.137;0.02;0.049;0.051;0.088;0.027
27552;0.3;0.181;0.168;0.208;0.188;0.271;0.247;0.603;0.137;0.022;0.051;0.051;0.088;0.027
27553;0.298;0.166;0.166;0.21;0.186;0.269;0.249;0.605;0.137;0.022;0.051;0.051;0.088;0.027
27554;0.298;0.173;0.164;0.208;0.188;0.269;0.247;0.601;0.139;0.024;0.051;0.051;0.085;0.027
27555;0.295;0.168;0.168;0.21;0.188;0.269;0.247;0.603;0.139;0.02;0.051;0.054;0.088;0.027
27556;0.298;0.171;0.164;0.212;0.19;0.269;0.247;0.603;0.137;0.02;0.049;0.051;0.09;0.029
27557;0.295;0.173;0.166;0.208;0.19;0.266;0.247;0.601;0.139;0.02;0.051;0.054;0.088;0.022
27558;0.298;0.173;0.168;0.21;0.19;0.269;0.249;0.603;0.137;0.022;0.049;0.054;0.088;0.024
27559;0.295;0.164;0.166;0.21;0.188;0.269;0.247;0.605;0.142;0.022;0.051;0.051;0.088;0.024
27560;0.298;0.171;0.168;0.21;0.19;0.271;0.249;0.601;0.142;0.02;0.054;0.051;0.093;0.029
27561;0.298;0.159;0.166;0.212;0.186;0.266;0.249;0.603;0.142;0.017;0.051;0.051;0.085;0.024
27562;0.3;0.164;0.171;0.21;0.186;0.271;0.251;0.603;0.144;0.022;0.054;0.049;0.085;0.029
27563;0.3;0.168;0.168;0.21;0.188;0.269;0.251;0.603;0.144;0.02;0.054;0.051;0.088;0.022
27564;0.298;0.171;0.168;0.212;0.188;0.269;0.251;0.603;0.144;0.022;0.054;0.051;0.09;0.029
27565;0.298;0.166;0.171;0.21;0.188;0.271;0.251;0.603;0.146;0.022;0.056;0.049;0.088;0.024
27566;0.3;0.159;0.173;0.212;0.186;0.271;0.251;0.601;0.149;0.022;0.054;0.051;0.09;0.029
27567;0.3;0.176;0.171;0.212;0.188;0.266;0.251;0.603;0.149;0.022;0.054;0.054;0.088;0.024
27568;0.303;0.159;0.171;0.212;0.186;0.269;0.249;0.601;0.149;0.02;0.054;0.054;0.088;0.027
27569;0.303;0.168;0.171;0.212;0.188;0.269;0.247;0.601;0.151;0.02;0.054;0.051;0.09;0.027
27570;0.3;0.176;0.171;0.212;0.186;0.269;0.247;0.603;0.151;0.022;0.056;0.051;0.088;0.024
27571;0.303;0.166;0.171;0.212;0.188;0.269;0.244;0.601;0.154;0.022;0.056;0.054;0.088;0.029
27572;0.303;0.168;0.171;0.212;0.186;0.266;0.244;0.603;0.156;0.022;0.056;0.051;0.088;0.024
27573;0.303;0.173;0.173;0.215;0.188;0.266;0.242;0.601;0.156;0.024;0.061;0.054;0.09;0.029
27574;0.303;0.168;0.176;0.21;0.186;0.269;0.244;0.601;0.156;0.022;0.059;0.051;0.09;0.029
27575;0.3;0.176;0.171;0.21;0.188;0.266;0.247;0.598;0.156;0.022;0.059;0.051;0.088;0.024
27576;0.3;0.171;0.173;0.21;0.186;0.266;0.244;0.598;0.161;0.02;0.061;0.051;0.085;0.024
27577;0.3;0.171;0.171;0.212;0.186;0.264;0.244;0.601;0.161;0.022;0.063;0.049;0.085;0.027
27578;0.298;0.173;0.176;0.212;0.186;0.266;0.249;0.601;0.164;0.02;0.061;0.051;0.088;0.024
27579;0.298;0.168;0.176;0.212;0.186;0.266;0.251;0.598;0.164;0.022;0.063;0.054;0.088;0.027
27580;0.295;0.178;0.173;0.212;0.183;0.261;0.251;0.598;0.164;0.02;0.063;0.054;0.088;0.027
27581;0.293;0.166;0.173;0.215;0.183;0.266;0.251;0.601;0.166;0.02;0.066;0.051;0.09;0.027
27582;0.291;0.173;0.173;0.215;0.183;0.264;0.251;0.598;0.164;0.02;0.066;0.051;0.09;0.027
27583;0.291;0.173;0.176;0.21;0.183;0.264;0.254;0.598;0.166;0.02;0.068;0.051;0.088;0.024
27584;0.293;0.173;0.173;0.21;0.181;0.264;0.251;0.598;0.166;0.02;0.068;0.051;0.09;0.029
27585;0.293;0.171;0.176;0.21;0.183;0.264;0.254;0.598;0.168;0.022;0.068;0.054;0.088;0.027
27586;0.293;0.178;0.173;0.21;0.181;0.261;0.254;0.598;0.168;0.02;0.068;0.051;0.09;0.029
27587;0.293;0.166;0.178;0.21;0.183;0.264;0.251;0.601;0.168;0.02;0.071;0.051;0.09;0.024
27588;0.293;0.178;0.178;0.21;0.181;0.264;0.251;0.598;0.168;0.02;0.073;0.051;0.093;0.029
27589;0.293;0.164;0.173;0.208;0.183;0.261;0.249;0.598;0.171;0.02;0.073;0.051;0.088;0.024
27590;0.295;0.186;0.181;0.212;0.183;0.269;0.251;0.603;0.171;0.02;0.073;0.051;0.093;0.024
27591;0.295;0.168;0.178;0.208;0.183;0.266;0.251;0.601;0.168;0.02;0.076;0.054;0.09;0.027
27592;0.295;0.186;0.181;0.208;0.183;0.269;0.249;0.601;0.173;0.02;0.076;0.051;0.093;0.029
27593;0.295;0.173;0.183;0.208;0.186;0.269;0.249;0.598;0.171;0.017;0.078;0.051;0.09;0.024
27594;0.298;0.178;0.193;0.208;0.183;0.266;0.247;0.598;0.171;0.022;0.076;0.049;0.093;0.027
27595;0.295;0.178;0.193;0.205;0.183;0.269;0.247;0.596;0.173;0.02;0.081;0.054;0.093;0.027
27596;0.295;0.173;0.193;0.208;0.186;0.269;0.247;0.596;0.173;0.02;0.078;0.051;0.09;0.024
27597;0.295;0.173;0.203;0.203;0.186;0.271;0.247;0.598;0.173;0.02;0.076;0.051;0.093;0.027
27598;0.295;0.168;0.208;0.205;0.186;0.269;0.247;0.593;0.173;0.02;0.081;0.049;0.09;0.024
27599;0.295;0.176;0.251;0.203;0.186;0.271;0.244;0.598;0.171;0.02;0.078;0.051;0.09;0.022
27600;0.295;0.168;0.278;0.203;0.186;0.269;0.247;0.598;0.171;0.02;0.083;0.054;0.098;0.029
27601;0.295;0.171;0.295;0.203;0.188;0.266;0.251;0.598;0.173;0.02;0.083;0.051;0.095;0.027
27602;0.295;0.166;0.298;0.203;0.186;0.269;0.247;0.596;0.171;0.02;0.083;0.051;0.09;0.022
27603;0.295;0.176;0.303;0.2;0.188;0.269;0.249;0.598;0.173;0.02;0.083;0.051;0.093;0.027
27604;0.293;0.168;0.347;0.2;0.186;0.266;0.247;0.598;0.168;0.02;0.083;0.051;0.093;0.024
27605;0.293;0.176;0.374;0.203;0.186;0.266;0.247;0.596;0.171;0.02;0.088;0.051;0.095;0.029
27606;0.293;0.173;0.405;0.203;0.188;0.266;0.244;0.596;0.171;0.02;0.088;0.051;0.093;0.027
27607;0.295;0.176;0.452;0.203;0.186;0.269;0.247;0.596;0.171;0.022;0.085;0.051;0.095;0.027
27608;0.295;0.176;0.564;0.205;0.186;0.266;0.244;0.596;0.171;0.02;0.085;0.051;0.09;0.027
27609;0.295;0.173;0.381;0.203;0.186;0.269;0.247;0.598;0.171;0.02;0.088;0.054;0.09;0.024
27610;0.295;0.178;0.481;0.205;0.183;0.266;0.242;0.593;0.168;0.02;0.088;0.054;0.095;0.027
27611;0.295;0.171;0.601;0.203;0.183;0.264;0.244;0.596;0.171;0.02;0.088;0.051;0.09;0.024
27612;0.295;0.176;0.645;0.203;0.183;0.271;0.244;0.593;0.168;0.017;0.088;0.051;0.095;0.027
27613;0.298;0.171;0.637;0.203;0.183;0.269;0.247;0.596;0.168;0.017;0.088;0.049;0.093;0.027
27614;0.298;0.176;0.781;0.203;0.183;0.269;0.244;0.596;0.168;0.02;0.093;0.051;0.09;0.024
27615;0.3;0.173;0.828;0.203;0.181;0.269;0.247;0.596;0.171;0.024;0.093;0.054;0.1;0.032
27616;0.3;0.176;0.674;0.203;0.181;0.269;0.247;0.593;0.168;0.022;0.09;0.049;0.093;0.027
27617;0.3;0.173;1.226;0.2;0.183;0.269;0.247;0.596;0.168;0.02;0.093;0.051;0.095;0.029
27618;0.3;0.176;1.042;0.2;0.181;0.269;0.247;0.593;0.168;0.017;0.093;0.051;0.088;0.024
27619;0.295;0.173;2.261;0.2;0.183;0.266;0.247;0.593;0.166;0.022;0.093;0.054;0.093;0.029
27620;0.295;0.176;1.863;0.203;0.181;0.266;0.247;0.596;0.166;0.017;0.095;0.051;0.09;0.024
27621;0.295;0.171;1.301;0.203;0.181;0.266;0.244;0.596;0.166;0.02;0.093;0.051;0.09;0.029
27622;0.295;0.181;0.986;0.203;0.181;0.266;0.244;0.593;0.166;0.015;0.095;0.051;0.093;0.027
27623;0.293;0.173;0.801;0.203;0.181;0.266;0.242;0.593;0.164;0.02;0.093;0.051;0.093;0.029
27624;0.295;0.178;3.713;0.203;0.183;0.269;0.244;0.593;0.164;0.02;0.095;0.051;0.093;0.029
27625;0.293;0.173;4.998;0.2;0.181;0.266;0.242;0.596;0.161;0.02;0.095;0.054;0.093;0.027
27626;0.293;0.171;4.998;0.203;0.181;0.269;0.242;0.596;0.164;0.02;0.095;0.051;0.09;0.027
27627;0.293;0.173;4.998;0.203;0.183;0.269;0.242;0.598;0.161;0.02;0.095;0.051;0.09;0.027
27628;0.293;0.173;4.998;0.203;0.181;0.269;0.242;0.596;0.159;0.02;0.093;0.051;0.09;0.027
27629;0.298;0.171;4.998;0.203;0.181;0.271;0.244;0.596;0.159;0.02;0.095;0.054;0.09;0.024
27630;0.298;0.173;4.998;0.203;0.178;0.269;0.242;0.593;0.166;0.024;0.098;0.054;0.093;0.029
27631;0.298;0.166;4.998;0.203;0.181;0.269;0.244;0.593;0.159;0.022;0.095;0.054;0.093;0.027
27632;0.298;0.176;4.998;0.203;0.178;0.269;0.244;0.596;0.156;0.02;0.098;0.054;0.09;0.029
27633;0.298;0.171;4.998;0.205;0.178;0.269;0.244;0.593;0.156;0.02;0.093;0.051;0.09;0.027
27634;0.298;0.173;4.998;0.203;0.176;0.269;0.244;0.593;0.151;0.02;0.09;0.049;0.093;0.032
27635;0.298;0.168;4.998;0.205;0.178;0.266;0.244;0.593;0.154;0.022;0.093;0.051;0.09;0.024
27636;0.298;0.173;4.998;0.208;0.176;0.269;0.244;0.593;0.154;0.02;0.09;0.054;0.09;0.027
27637;0.298;0.168;4.998;0.208;0.176;0.269;0.244;0.593;0.154;0.024;0.09;0.051;0.088;0.027
27638;0.298;0.171;4.998;0.21;0.173;0.266;0.244;0.596;0.149;0.02;0.088;0.054;0.09;0.029
27639;0.295;0.168;4.998;0.21;0.173;0.266;0.242;0.596;0.149;0.02;0.088;0.051;0.088;0.024
27640;0.298;0.168;4.998;0.208;0.173;0.266;0.239;0.593;0.149;0.022;0.088;0.051;0.09;0.029
27641;0.3;0.168;4.998;0.21;0.176;0.266;0.242;0.596;0.146;0.022;0.085;0.051;0.088;0.024
27642;0.295;0.171;4.905;0.21;0.176;0.266;0.239;0.593;0.146;0.02;0.083;0.051;0.09;0.027
27643;0.3;0.166;2.544;0.208;0.176;0.266;0.239;0.596;0.146;0.022;0.081;0.051;0.088;0.027
27644;0.3;0.168;1.343;0.208;0.173;0.266;0.239;0.596;0.146;0.02;0.083;0.049;0.088;0.027
27645;0.298;0.166;1.045;0.21;0.173;0.269;0.239;0.596;0.142;0.02;0.081;0.051;0.088;0.029
27646;0.298;0.168;1.021;0.208;0.173;0.266;0.242;0.596;0.144;0.022;0.078;0.051;0.09;0.029
27647;0.298;0.164;0.811;0.21;0.178;0.264;0.239;0.593;0.144;0.02;0.078;0.051;0.088;0.024
27648;0.3;0.168;0.767;0.208;0.173;0.266;0.239;0.593;0.142;0.022;0.076;0.051;0.09;0.027
27649;0.3;0.166;1.372;0.21;0.176;0.264;0.242;0.593;0.139;0.022;0.071;0.054;0.088;0.024
27650;0.3;0.168;0.693;0.208;0.176;0.261;0.242;0.593;0.139;0.02;0.071;0.049;0.088;0.029
27651;0.3;0.168;0.698;0.21;0.173;0.261;0.242;0.593;0.139;0.02;0.073;0.049;0.088;0.024
27652;0.3;0.166;0.771;0.21;0.176;0.261;0.242;0.596;0.139;0.022;0.071;0.051;0.088;0.029
27653;0.3;0.168;0.774;0.21;0.176;0.264;0.242;0.596;0.137;0.022;0.068;0.049;0.085;0.024
27654;0.3;0.171;0.669;0.208;0.178;0.264;0.244;0.596;0.137;0.02;0.068;0.051;0.085;0.027
27655;0.303;0.168;0.649;0.208;0.176;0.264;0.244;0.593;0.137;0.022;0.068;0.051;0.088;0.029
27656;0.303;0.171;1.367;0.205;0.178;0.266;0.244;0.593;0.139;0.02;0.066;0.051;0.085;0.027
27657;0.3;0.168;1.03;0.205;0.178;0.266;0.242;0.596;0.137;0.02;0.063;0.051;0.09;0.032
27658;0.303;0.171;1.086;0.205;0.178;0.264;0.242;0.596;0.137;0.02;0.063;0.051;0.085;0.027
27659;0.303;0.176;0.757;0.208;0.176;0.264;0.239;0.596;0.139;0.022;0.063;0.051;0.088;0.029
27660;0.303;0.171;1.267;0.203;0.178;0.264;0.242;0.593;0.137;0.02;0.061;0.049;0.083;0.022
27661;0.303;0.171;1.248;0.203;0.178;0.264;0.242;0.593;0.137;0.022;0.061;0.049;0.083;0.022
27662;0.303;0.176;0.808;0.198;0.178;0.261;0.242;0.593;0.137;0.02;0.061;0.051;0.088;0.029
27663;0.303;0.173;1.006;0.2;0.178;0.264;0.242;0.598;0.137;0.017;0.059;0.051;0.085;0.027
27664;0.303;0.173;0.945;0.2;0.178;0.264;0.239;0.593;0.137;0.022;0.059;0.051;0.081;0.024
27665;0.3;0.176;0.972;0.198;0.178;0.261;0.239;0.593;0.134;0.02;0.059;0.051;0.085;0.029
27666;0.303;0.176;0.996;0.198;0.181;0.261;0.242;0.596;0.139;0.022;0.059;0.051;0.081;0.027
27667;0.303;0.173;0.923;0.195;0.181;0.264;0.239;0.593;0.137;0.022;0.056;0.051;0.081;0.027
27668;0.3;0.176;1.152;0.198;0.181;0.261;0.237;0.593;0.137;0.02;0.054;0.051;0.083;0.029
27669;0.303;0.173;0.994;0.195;0.183;0.261;0.239;0.593;0.132;0.022;0.054;0.049;0.083;0.024
27670;0.303;0.171;0.891;0.195;0.181;0.259;0.237;0.593;0.137;0.022;0.054;0.051;0.081;0.027
27671;0.305;0.171;0.972;0.193;0.181;0.264;0.239;0.593;0.137;0.024;0.056;0.054;0.083;0.029
27672;0.3;0.171;1.035;0.195;0.178;0.261;0.242;0.593;0.137;0.02;0.054;0.054;0.083;0.029
27673;0.298;0.168;0.945;0.195;0.183;0.261;0.242;0.593;0.134;0.022;0.054;0.051;0.081;0.027
27674;0.298;0.171;0.845;0.2;0.183;0.264;0.239;0.591;0.137;0.02;0.051;0.051;0.083;0.029
27675;0.3;0.168;1.345;0.198;0.181;0.266;0.239;0.593;0.134;0.024;0.051;0.051;0.085;0.029
27676;0.298;0.168;0.903;0.198;0.178;0.264;0.244;0.591;0.137;0.022;0.054;0.051;0.081;0.027
27677;0.298;0.168;0.664;0.198;0.178;0.261;0.239;0.593;0.137;0.024;0.051;0.049;0.081;0.027
27678;0.298;0.168;0.574;0.2;0.178;0.264;0.239;0.593;0.134;0.02;0.049;0.051;0.081;0.029
27679;0.295;0.166;0.662;0.198;0.178;0.264;0.242;0.591;0.132;0.022;0.049;0.051;0.078;0.029
27680;0.298;0.168;0.396;0.2;0.178;0.261;0.242;0.593;0.134;0.022;0.049;0.051;0.081;0.029
27681;0.295;0.166;0.481;0.2;0.178;0.261;0.239;0.591;0.134;0.022;0.046;0.051;0.076;0.022
27682;0.293;0.168;0.63;0.2;0.178;0.259;0.242;0.593;0.132;0.017;0.046;0.049;0.081;0.029
27683;0.295;0.166;0.625;0.203;0.181;0.259;0.242;0.596;0.134;0.022;0.049;0.054;0.081;0.029
27684;0.295;0.166;0.598;0.195;0.181;0.259;0.239;0.593;0.134;0.02;0.046;0.051;0.081;0.032
27685;0.295;0.164;0.618;0.2;0.181;0.261;0.242;0.593;0.134;0.022;0.049;0.054;0.081;0.029
27686;0.295;0.166;0.667;0.198;0.181;0.259;0.239;0.593;0.129;0.02;0.044;0.051;0.081;0.027
27687;0.293;0.166;0.461;0.2;0.183;0.259;0.237;0.593;0.132;0.022;0.046;0.051;0.078;0.027
27688;0.293;0.166;0.623;0.2;0.183;0.259;0.239;0.596;0.132;0.02;0.046;0.051;0.078;0.022
27689;0.293;0.166;0.605;0.198;0.183;0.261;0.242;0.596;0.129;0.02;0.046;0.051;0.081;0.032
27690;0.295;0.166;0.562;0.2;0.183;0.261;0.239;0.596;0.134;0.027;0.046;0.054;0.078;0.027
27691;0.298;0.166;0.537;0.203;0.181;0.261;0.239;0.591;0.129;0.02;0.046;0.051;0.076;0.024
27692;0.295;0.168;0.349;0.203;0.183;0.261;0.239;0.596;0.129;0.022;0.046;0.051;0.083;0.032
27693;0.293;0.171;0.322;0.2;0.183;0.264;0.242;0.596;0.127;0.022;0.044;0.054;0.076;0.027
27694;0.295;0.168;0.291;0.198;0.183;0.264;0.239;0.596;0.127;0.022;0.046;0.054;0.078;0.024
27695;0.298;0.173;0.549;0.2;0.186;0.261;0.239;0.593;0.127;0.022;0.046;0.054;0.078;0.022
27696;0.298;0.168;0.371;0.2;0.183;0.264;0.242;0.596;0.127;0.022;0.044;0.051;0.078;0.024
27697;0.3;0.168;0.505;0.203;0.186;0.261;0.237;0.593;0.127;0.02;0.044;0.051;0.076;0.024
27698;0.295;0.171;0.598;0.198;0.183;0.261;0.242;0.593;0.127;0.02;0.044;0.049;0.076;0.024
27699;0.298;0.168;0.547;0.198;0.186;0.264;0.242;0.593;0.122;0.02;0.042;0.049;0.081;0.027
27700;0.298;0.168;0.474;0.198;0.183;0.259;0.239;0.591;0.125;0.022;0.042;0.051;0.078;0.024
27701;0.295;0.168;0.652;0.195;0.183;0.259;0.242;0.591;0.125;0.022;0.042;0.051;0.076;0.022
27702;0.295;0.168;0.747;0.195;0.186;0.259;0.239;0.593;0.122;0.02;0.044;0.051;0.081;0.029
27703;0.293;0.168;0.601;0.198;0.183;0.261;0.239;0.591;0.122;0.02;0.042;0.051;0.081;0.027
27704;0.293;0.168;0.869;0.193;0.181;0.256;0.242;0.593;0.122;0.02;0.042;0.051;0.073;0.022
27705;0.295;0.168;0.837;0.198;0.183;0.261;0.242;0.593;0.12;0.022;0.044;0.051;0.078;0.027
27706;0.295;0.171;0.657;0.195;0.183;0.261;0.239;0.591;0.12;0.022;0.042;0.051;0.076;0.027
27707;0.295;0.166;1.121;0.198;0.181;0.259;0.242;0.593;0.12;0.02;0.042;0.051;0.078;0.027
27708;0.295;0.166;0.825;0.195;0.183;0.261;0.244;0.593;0.117;0.02;0.042;0.051;0.078;0.024
27709;0.295;0.171;0.789;0.195;0.186;0.261;0.242;0.593;0.117;0.02;0.039;0.051;0.081;0.029
27710;0.295;0.168;0.571;0.195;0.183;0.261;0.239;0.593;0.117;0.02;0.042;0.051;0.078;0.022
27711;0.295;0.168;0.532;0.2;0.186;0.261;0.242;0.593;0.112;0.02;0.042;0.051;0.081;0.027
27712;0.293;0.166;0.564;0.195;0.183;0.261;0.239;0.596;0.115;0.024;0.042;0.051;0.078;0.022
27713;0.295;0.168;0.71;0.198;0.183;0.259;0.234;0.593;0.115;0.022;0.042;0.051;0.078;0.024
27714;0.298;0.166;0.664;0.203;0.183;0.259;0.234;0.591;0.112;0.022;0.044;0.051;0.078;0.024
27715;0.293;0.166;0.715;0.198;0.186;0.261;0.237;0.593;0.112;0.022;0.039;0.049;0.078;0.029
27716;0.293;0.168;0.369;0.198;0.183;0.261;0.237;0.593;0.115;0.02;0.042;0.051;0.078;0.027
27717;0.293;0.166;0.273;0.2;0.183;0.259;0.234;0.593;0.112;0.02;0.039;0.051;0.078;0.027
27718;0.293;0.164;0.247;0.2;0.183;0.261;0.237;0.593;0.112;0.02;0.042;0.051;0.078;0.027
27719;0.293;0.171;0.237;0.2;0.181;0.259;0.234;0.593;0.112;0.02;0.042;0.054;0.078;0.024
27720;0.293;0.166;0.234;0.2;0.181;0.256;0.234;0.596;0.112;0.02;0.042;0.049;0.078;0.024
27721;0.293;0.168;0.254;0.2;0.181;0.259;0.234;0.593;0.11;0.022;0.042;0.049;0.081;0.024
27722;0.291;0.168;0.288;0.198;0.181;0.259;0.237;0.596;0.112;0.02;0.044;0.051;0.083;0.029
27723;0.293;0.168;0.364;0.198;0.178;0.259;0.234;0.593;0.107;0.02;0.039;0.049;0.078;0.027
27724;0.291;0.168;0.413;0.195;0.178;0.261;0.234;0.593;0.107;0.02;0.039;0.051;0.081;0.024
27725;0.291;0.168;0.715;0.195;0.176;0.261;0.234;0.593;0.107;0.022;0.039;0.049;0.081;0.027
27726;0.288;0.166;0.781;0.195;0.183;0.261;0.237;0.591;0.11;0.022;0.042;0.051;0.083;0.027
27727;0.293;0.171;0.779;0.195;0.181;0.261;0.237;0.591;0.105;0.02;0.039;0.049;0.081;0.024
27728;0.288;0.168;0.813;0.195;0.181;0.261;0.237;0.593;0.107;0.02;0.042;0.054;0.083;0.029
27729;0.288;0.168;0.803;0.193;0.181;0.264;0.234;0.593;0.105;0.017;0.039;0.049;0.085;0.029
27730;0.288;0.168;0.803;0.193;0.181;0.261;0.239;0.591;0.105;0.02;0.039;0.049;0.078;0.022
27731;0.291;0.171;0.845;0.193;0.183;0.264;0.237;0.591;0.105;0.02;0.039;0.049;0.085;0.024
27732;0.288;0.168;1.155;0.195;0.183;0.261;0.239;0.591;0.105;0.022;0.039;0.051;0.081;0.024
27733;0.288;0.171;0.979;0.195;0.183;0.264;0.239;0.591;0.107;0.024;0.042;0.049;0.083;0.027
27734;0.283;0.173;0.974;0.193;0.183;0.261;0.242;0.591;0.103;0.022;0.039;0.054;0.085;0.027
27735;0.283;0.176;0.977;0.193;0.183;0.264;0.239;0.591;0.105;0.022;0.042;0.051;0.085;0.027
27736;0.288;0.173;0.95;0.19;0.183;0.264;0.237;0.591;0.103;0.02;0.037;0.051;0.083;0.027
27737;0.283;0.176;0.955;0.193;0.183;0.261;0.239;0.591;0.1;0.02;0.039;0.051;0.083;0.024
27738;0.286;0.176;0.974;0.193;0.181;0.264;0.237;0.588;0.107;0.022;0.039;0.051;0.085;0.032
27739;0.286;0.176;1.028;0.193;0.181;0.264;0.234;0.591;0.103;0.02;0.039;0.051;0.085;0.027
27740;0.288;0.176;1.052;0.193;0.183;0.261;0.237;0.591;0.103;0.022;0.042;0.051;0.085;0.027
27741;0.288;0.173;1.008;0.193;0.181;0.264;0.237;0.591;0.103;0.022;0.039;0.051;0.085;0.027
27742;0.288;0.176;4.998;0.193;0.181;0.264;0.239;0.591;0.1;0.02;0.039;0.054;0.083;0.024
27743;0.288;0.176;4.998;0.193;0.183;0.261;0.237;0.588;0.1;0.022;0.039;0.051;0.085;0.024
27744;0.288;0.173;4.998;0.193;0.183;0.259;0.237;0.588;0.1;0.022;0.039;0.051;0.088;0.024
27745;0.291;0.176;4.998;0.193;0.181;0.264;0.239;0.591;0.1;0.022;0.039;0.051;0.085;0.022
27746;0.288;0.176;4.998;0.193;0.181;0.259;0.237;0.591;0.098;0.02;0.037;0.051;0.085;0.024
27747;0.291;0.176;4.998;0.193;0.183;0.261;0.242;0.591;0.103;0.024;0.039;0.051;0.085;0.022
27748;0.291;0.176;4.998;0.193;0.183;0.259;0.237;0.591;0.1;0.022;0.037;0.051;0.09;0.032
27749;0.291;0.181;4.998;0.195;0.181;0.261;0.239;0.591;0.1;0.024;0.039;0.054;0.088;0.027
27750;0.291;0.176;4.998;0.193;0.183;0.256;0.237;0.588;0.103;0.022;0.039;0.051;0.083;0.024
27751;0.293;0.178;4.998;0.195;0.181;0.261;0.239;0.588;0.098;0.022;0.037;0.051;0.088;0.024
27752;0.291;0.176;4.998;0.193;0.181;0.259;0.242;0.588;0.098;0.022;0.037;0.051;0.088;0.027
27753;0.291;0.176;4.998;0.193;0.181;0.259;0.242;0.588;0.098;0.02;0.039;0.051;0.088;0.022
27754;0.291;0.176;4.998;0.193;0.181;0.261;0.239;0.588;0.098;0.02;0.039;0.051;0.09;0.029
27755;0.291;0.178;4.998;0.195;0.183;0.261;0.239;0.591;0.098;0.022;0.039;0.051;0.085;0.022
27756;0.288;0.176;4.998;0.193;0.181;0.261;0.239;0.588;0.095;0.024;0.037;0.049;0.085;0.024
27757;0.291;0.178;4.998;0.193;0.181;0.261;0.237;0.588;0.098;0.022;0.039;0.051;0.09;0.024
27758;0.288;0.176;4.998;0.193;0.181;0.261;0.237;0.591;0.098;0.024;0.037;0.051;0.088;0.029
27759;0.288;0.178;4.998;0.193;0.181;0.264;0.237;0.588;0.093;0.022;0.039;0.051;0.093;0.027
27760;0.286;0.176;4.998;0.195;0.181;0.259;0.237;0.588;0.095;0.024;0.039;0.051;0.088;0.024
27761;0.286;0.176;4.998;0.195;0.181;0.264;0.237;0.588;0.098;0.022;0.039;0.054;0.093;0.029
27762;0.286;0.173;4.998;0.195;0.181;0.259;0.237;0.588;0.098;0.024;0.039;0.051;0.088;0.027
27763;0.283;0.176;4.998;0.195;0.178;0.264;0.237;0.588;0.095;0.024;0.037;0.051;0.09;0.027
27764;0.281;0.173;4.998;0.195;0.178;0.261;0.237;0.588;0.098;0.024;0.039;0.054;0.09;0.027
27765;0.286;0.173;4.998;0.195;0.178;0.259;0.234;0.591;0.093;0.022;0.037;0.051;0.09;0.027
27766;0.283;0.168;4.998;0.198;0.181;0.261;0.232;0.588;0.093;0.024;0.039;0.054;0.09;0.027
27767;0.283;0.171;4.998;0.2;0.181;0.261;0.237;0.591;0.093;0.024;0.039;0.051;0.083;0.02
27768;0.286;0.171;4.998;0.198;0.178;0.264;0.234;0.591;0.093;0.024;0.039;0.051;0.09;0.027
27769;0.283;0.173;4.998;0.2;0.183;0.261;0.237;0.591;0.09;0.02;0.037;0.051;0.088;0.024
27770;0.286;0.168;4.998;0.198;0.183;0.261;0.234;0.588;0.09;0.024;0.039;0.051;0.093;0.029
27771;0.283;0.171;4.998;0.2;0.181;0.264;0.234;0.588;0.09;0.022;0.042;0.051;0.09;0.027
27772;0.286;0.171;4.998;0.2;0.183;0.261;0.234;0.588;0.093;0.022;0.042;0.054;0.09;0.024
27773;0.286;0.171;4.998;0.2;0.183;0.261;0.234;0.588;0.093;0.027;0.039;0.051;0.09;0.027
27774;0.283;0.168;4.998;0.203;0.181;0.261;0.234;0.588;0.09;0.024;0.039;0.051;0.093;0.024
27775;0.286;0.171;4.998;0.2;0.183;0.259;0.232;0.591;0.09;0.022;0.037;0.051;0.09;0.027
27776;0.286;0.168;4.998;0.2;0.183;0.261;0.232;0.591;0.088;0.024;0.037;0.051;0.09;0.024
27777;0.286;0.168;4.998;0.2;0.183;0.259;0.232;0.591;0.09;0.022;0.039;0.051;0.095;0.029
27778;0.286;0.168;4.998;0.2;0.186;0.256;0.232;0.591;0.088;0.022;0.037;0.051;0.093;0.024
27779;0.286;0.166;4.998;0.198;0.181;0.259;0.232;0.588;0.09;0.022;0.039;0.051;0.093;0.027
27780;0.286;0.168;4.998;0.198;0.181;0.259;0.232;0.588;0.088;0.024;0.037;0.049;0.088;0.027
27781;0.286;0.166;4.998;0.198;0.178;0.259;0.232;0.588;0.085;0.022;0.037;0.049;0.093;0.027
27782;0.286;0.171;4.998;0.195;0.183;0.256;0.232;0.593;0.085;0.02;0.034;0.051;0.088;0.027
27783;0.288;0.168;4.998;0.198;0.181;0.259;0.234;0.591;0.085;0.027;0.037;0.049;0.093;0.027
27784;0.286;0.166;4.998;0.195;0.181;0.259;0.232;0.593;0.085;0.024;0.034;0.049;0.093;0.027
27785;0.288;0.166;4.998;0.198;0.181;0.259;0.232;0.593;0.088;0.024;0.039;0.054;0.088;0.024
27786;0.288;0.166;4.998;0.193;0.181;0.259;0.232;0.591;0.085;0.027;0.037;0.051;0.09;0.032
27787;0.288;0.166;4.998;0.195;0.181;0.261;0.234;0.593;0.088;0.024;0.039;0.051;0.093;0.024
27788;0.286;0.166;4.998;0.195;0.178;0.259;0.234;0.591;0.085;0.022;0.034;0.054;0.093;0.027
27789;0.286;0.168;4.998;0.195;0.178;0.261;0.232;0.591;0.085;0.024;0.034;0.051;0.093;0.027
27790;0.286;0.166;4.998;0.195;0.181;0.259;0.237;0.593;0.085;0.022;0.034;0.051;0.093;0.029
27791;0.286;0.164;4.998;0.195;0.181;0.259;0.237;0.593;0.083;0.024;0.034;0.049;0.093;0.032
27792;0.286;0.166;4.998;0.198;0.183;0.261;0.237;0.591;0.083;0.024;0.034;0.049;0.09;0.024
27793;0.286;0.166;4.998;0.195;0.181;0.264;0.234;0.593;0.09;0.029;0.039;0.051;0.095;0.032
27794;0.286;0.164;4.998;0.193;0.181;0.261;0.234;0.593;0.085;0.024;0.037;0.051;0.093;0.024
27795;0.288;0.164;3.481;0.193;0.183;0.261;0.234;0.591;0.083;0.02;0.034;0.051;0.093;0.027
27796;0.286;0.164;1.692;0.195;0.183;0.261;0.234;0.593;0.083;0.022;0.034;0.051;0.093;0.029
27797;0.288;0.166;0.889;0.193;0.186;0.259;0.232;0.593;0.083;0.024;0.034;0.051;0.09;0.022
27798;0.288;0.164;0.513;0.193;0.186;0.259;0.232;0.591;0.083;0.024;0.034;0.051;0.098;0.029
27799;0.291;0.166;0.371;0.193;0.186;0.256;0.234;0.593;0.083;0.024;0.037;0.049;0.095;0.027
27800;0.291;0.166;0.288;0.193;0.186;0.256;0.234;0.593;0.085;0.027;0.034;0.051;0.09;0.024
27801;0.291;0.166;0.269;0.195;0.183;0.256;0.234;0.593;0.085;0.022;0.032;0.051;0.093;0.027
27802;0.291;0.166;0.239;0.195;0.183;0.256;0.234;0.591;0.083;0.024;0.032;0.051;0.093;0.029
27803;0.291;0.168;0.234;0.195;0.183;0.256;0.237;0.593;0.083;0.024;0.032;0.051;0.093;0.027
27804;0.293;0.168;0.198;0.195;0.186;0.254;0.237;0.593;0.083;0.027;0.034;0.051;0.088;0.022
27805;0.293;0.168;0.195;0.193;0.186;0.256;0.237;0.593;0.083;0.027;0.032;0.051;0.085;0.024
27806;0.293;0.168;0.212;0.195;0.186;0.256;0.237;0.591;0.083;0.024;0.032;0.051;0.09;0.022
27807;0.295;0.168;0.261;0.195;0.186;0.251;0.239;0.591;0.085;0.024;0.032;0.049;0.093;0.027
27808;0.295;0.166;0.352;0.193;0.188;0.254;0.239;0.596;0.085;0.024;0.032;0.054;0.09;0.022
27809;0.293;0.168;0.525;0.193;0.186;0.251;0.239;0.596;0.083;0.024;0.032;0.051;0.09;0.024
27810;0.293;0.168;0.3;0.195;0.186;0.254;0.234;0.596;0.083;0.027;0.034;0.049;0.088;0.022
27811;0.293;0.171;0.264;0.195;0.186;0.251;0.237;0.596;0.085;0.024;0.034;0.051;0.093;0.027
27812;0.293;0.171;0.264;0.195;0.186;0.251;0.237;0.593;0.083;0.024;0.029;0.051;0.088;0.022
27813;0.288;0.168;0.325;0.193;0.186;0.251;0.237;0.593;0.085;0.022;0.029;0.051;0.093;0.027
27814;0.288;0.168;0.461;0.195;0.186;0.251;0.237;0.596;0.085;0.022;0.029;0.051;0.09;0.024
27815;0.291;0.171;0.474;0.193;0.186;0.251;0.234;0.593;0.085;0.024;0.032;0.051;0.088;0.024
27816;0.288;0.171;0.586;0.193;0.183;0.254;0.234;0.593;0.088;0.024;0.034;0.054;0.088;0.022
27817;0.291;0.173;0.527;0.193;0.186;0.254;0.234;0.593;0.085;0.024;0.032;0.049;0.09;0.029
27818;0.288;0.171;0.388;0.195;0.183;0.256;0.232;0.596;0.088;0.022;0.029;0.051;0.09;0.024
27819;0.286;0.171;0.242;0.195;0.183;0.256;0.229;0.593;0.088;0.024;0.032;0.054;0.088;0.024
27820;0.288;0.171;0.212;0.195;0.186;0.254;0.234;0.596;0.085;0.022;0.029;0.054;0.09;0.024
27821;0.288;0.173;0.244;0.198;0.183;0.256;0.234;0.591;0.088;0.024;0.029;0.054;0.09;0.027
27822;0.283;0.171;0.288;0.195;0.183;0.254;0.237;0.593;0.085;0.024;0.029;0.051;0.093;0.029
27823;0.288;0.171;0.273;0.195;0.186;0.259;0.237;0.593;0.093;0.024;0.034;0.051;0.09;0.029
27824;0.288;0.168;0.354;0.195;0.186;0.254;0.234;0.591;0.085;0.022;0.029;0.051;0.088;0.024
27825;0.286;0.168;0.391;0.195;0.188;0.256;0.239;0.591;0.088;0.024;0.027;0.051;0.088;0.024
27826;0.288;0.168;0.415;0.198;0.186;0.256;0.237;0.593;0.088;0.024;0.032;0.051;0.09;0.027
27827;0.288;0.168;0.391;0.198;0.186;0.254;0.239;0.593;0.088;0.02;0.027;0.049;0.088;0.027
27828;0.286;0.168;0.281;0.198;0.186;0.256;0.242;0.593;0.09;0.024;0.029;0.056;0.088;0.027
27829;0.288;0.168;0.291;0.198;0.186;0.254;0.239;0.591;0.085;0.024;0.029;0.051;0.088;0.024
27830;0.288;0.168;0.244;0.198;0.186;0.254;0.242;0.593;0.083;0.022;0.027;0.049;0.085;0.024
27831;0.286;0.166;0.325;0.2;0.183;0.254;0.239;0.593;0.088;0.022;0.027;0.051;0.088;0.027
27832;0.288;0.166;0.403;0.198;0.186;0.251;0.239;0.591;0.088;0.022;0.029;0.051;0.085;0.029
27833;0.291;0.166;0.205;0.2;0.183;0.256;0.239;0.591;0.088;0.02;0.027;0.049;0.088;0.027
27834;0.286;0.166;0.176;0.195;0.183;0.256;0.239;0.593;0.088;0.022;0.029;0.049;0.088;0.029
27835;0.288;0.166;0.168;0.2;0.183;0.254;0.237;0.591;0.09;0.022;0.029;0.046;0.088;0.027
27836;0.288;0.166;0.166;0.198;0.183;0.256;0.239;0.591;0.088;0.022;0.032;0.051;0.083;0.027
27837;0.288;0.166;0.164;0.2;0.183;0.256;0.237;0.591;0.085;0.022;0.027;0.054;0.088;0.029
27838;0.288;0.164;0.161;0.2;0.181;0.254;0.237;0.591;0.088;0.024;0.029;0.051;0.083;0.027
27839;0.291;0.166;0.156;0.203;0.181;0.256;0.234;0.593;0.093;0.022;0.029;0.051;0.088;0.027
27840;0.288;0.164;0.154;0.198;0.181;0.256;0.234;0.593;0.09;0.022;0.029;0.051;0.085;0.027
27841;0.291;0.166;0.154;0.2;0.181;0.254;0.234;0.591;0.09;0.022;0.032;0.051;0.085;0.027
27842;0.288;0.168;0.154;0.2;0.181;0.259;0.237;0.593;0.09;0.024;0.027;0.049;0.088;0.024
27843;0.291;0.168;0.149;0.203;0.183;0.256;0.237;0.593;0.093;0.022;0.029;0.051;0.09;0.029
27844;0.291;0.168;0.146;0.2;0.181;0.256;0.234;0.591;0.09;0.02;0.029;0.051;0.085;0.029
27845;0.288;0.171;0.149;0.2;0.181;0.256;0.234;0.591;0.095;0.024;0.032;0.054;0.085;0.027
27846;0.291;0.168;0.146;0.2;0.181;0.256;0.234;0.591;0.093;0.02;0.032;0.051;0.085;0.024
27847;0.291;0.171;0.144;0.203;0.178;0.256;0.234;0.588;0.095;0.022;0.029;0.054;0.083;0.027
27848;0.295;0.173;0.144;0.2;0.178;0.256;0.229;0.588;0.098;0.02;0.032;0.051;0.088;0.027
27849;0.293;0.178;0.142;0.203;0.176;0.256;0.232;0.591;0.088;0.02;0.029;0.049;0.085;0.024
27850;0.293;0.176;0.144;0.2;0.178;0.259;0.232;0.591;0.093;0.02;0.032;0.051;0.085;0.024
27851;0.291;0.176;0.142;0.2;0.176;0.256;0.232;0.591;0.095;0.022;0.032;0.051;0.083;0.022
27852;0.295;0.173;0.144;0.2;0.173;0.259;0.232;0.588;0.098;0.022;0.032;0.051;0.088;0.027
27853;0.293;0.178;0.146;0.2;0.173;0.259;0.232;0.593;0.093;0.02;0.032;0.049;0.088;0.027
27854;0.293;0.176;0.142;0.2;0.171;0.256;0.229;0.591;0.098;0.024;0.032;0.049;0.088;0.029
27855;0.293;0.176;0.142;0.198;0.168;0.256;0.234;0.591;0.098;0.02;0.032;0.051;0.085;0.024
27856;0.293;0.176;0.144;0.2;0.171;0.256;0.234;0.586;0.09;0.015;0.027;0.051;0.083;0.024
27857;0.291;0.173;0.144;0.198;0.173;0.254;0.234;0.591;0.098;0.02;0.032;0.051;0.085;0.029
27858;0.293;0.176;0.142;0.203;0.171;0.254;0.234;0.588;0.098;0.02;0.032;0.049;0.085;0.029
27859;0.293;0.176;0.144;0.2;0.173;0.254;0.232;0.586;0.098;0.022;0.032;0.051;0.085;0.027
27860;0.291;0.176;0.139;0.198;0.173;0.254;0.232;0.588;0.103;0.02;0.034;0.051;0.088;0.024
27861;0.293;0.176;0.142;0.198;0.173;0.254;0.232;0.588;0.098;0.02;0.029;0.049;0.083;0.027
27862;0.291;0.173;0.142;0.198;0.173;0.254;0.229;0.588;0.103;0.022;0.034;0.051;0.09;0.029
27863;0.291;0.173;0.142;0.198;0.173;0.256;0.232;0.591;0.1;0.02;0.034;0.051;0.085;0.024
27864;0.291;0.173;0.142;0.198;0.176;0.254;0.234;0.588;0.105;0.022;0.034;0.051;0.085;0.029
27865;0.288;0.173;0.144;0.195;0.176;0.254;0.229;0.588;0.1;0.02;0.034;0.049;0.083;0.024
27866;0.288;0.173;0.142;0.198;0.173;0.256;0.232;0.591;0.103;0.02;0.034;0.051;0.081;0.024
27867;0.291;0.173;0.142;0.195;0.176;0.256;0.229;0.588;0.103;0.022;0.037;0.054;0.088;0.034
27868;0.288;0.171;0.144;0.198;0.173;0.254;0.234;0.588;0.103;0.022;0.037;0.051;0.081;0.02
27869;0.288;0.173;0.146;0.198;0.173;0.254;0.234;0.588;0.1;0.02;0.032;0.051;0.085;0.027
27870;0.286;0.173;0.144;0.195;0.173;0.254;0.234;0.588;0.103;0.02;0.034;0.051;0.083;0.029
27871;0.288;0.171;0.142;0.198;0.171;0.256;0.234;0.586;0.105;0.022;0.034;0.051;0.085;0.027
27872;0.288;0.171;0.144;0.198;0.168;0.256;0.237;0.588;0.105;0.02;0.034;0.051;0.085;0.027
27873;0.288;0.171;0.146;0.2;0.168;0.256;0.234;0.586;0.1;0.022;0.034;0.054;0.083;0.022
27874;0.288;0.168;0.142;0.2;0.171;0.256;0.237;0.588;0.105;0.02;0.037;0.051;0.083;0.024
27875;0.288;0.171;0.144;0.2;0.166;0.256;0.237;0.586;0.105;0.02;0.037;0.049;0.085;0.024
27876;0.288;0.168;0.146;0.198;0.168;0.256;0.237;0.586;0.107;0.02;0.037;0.051;0.085;0.029
27877;0.286;0.171;0.146;0.198;0.166;0.256;0.237;0.586;0.105;0.02;0.039;0.051;0.085;0.024
27878;0.291;0.171;0.144;0.198;0.168;0.256;0.234;0.583;0.105;0.02;0.039;0.051;0.09;0.027
27879;0.288;0.168;0.146;0.2;0.168;0.256;0.234;0.586;0.105;0.02;0.037;0.049;0.09;0.029
27880;0.288;0.166;0.144;0.198;0.168;0.251;0.234;0.583;0.107;0.024;0.042;0.054;0.085;0.027
27881;0.286;0.166;0.144;0.2;0.168;0.256;0.232;0.583;0.107;0.02;0.037;0.051;0.085;0.024
27882;0.288;0.168;0.146;0.2;0.168;0.256;0.232;0.583;0.107;0.02;0.039;0.051;0.085;0.029
27883;0.283;0.168;0.146;0.2;0.171;0.256;0.232;0.583;0.107;0.02;0.042;0.051;0.085;0.022
27884;0.286;0.168;0.146;0.2;0.168;0.254;0.232;0.581;0.105;0.022;0.039;0.051;0.085;0.027
27885;0.286;0.166;0.146;0.198;0.168;0.254;0.234;0.581;0.107;0.022;0.039;0.049;0.088;0.027
27886;0.288;0.168;0.144;0.2;0.171;0.254;0.234;0.583;0.11;0.022;0.042;0.051;0.088;0.024
27887;0.288;0.168;0.146;0.203;0.171;0.249;0.234;0.581;0.11;0.022;0.039;0.051;0.085;0.027
27888;0.288;0.168;0.144;0.2;0.173;0.251;0.234;0.579;0.107;0.02;0.042;0.049;0.085;0.029
27889;0.286;0.166;0.146;0.2;0.168;0.251;0.234;0.579;0.107;0.017;0.039;0.051;0.085;0.02
27890;0.286;0.168;0.146;0.198;0.171;0.254;0.237;0.579;0.11;0.022;0.039;0.051;0.088;0.027
27891;0.286;0.168;0.146;0.198;0.171;0.251;0.239;0.579;0.112;0.017;0.039;0.049;0.088;0.024
27892;0.286;0.166;0.146;0.198;0.171;0.251;0.239;0.581;0.117;0.02;0.042;0.051;0.088;0.027
27893;0.286;0.166;0.146;0.198;0.171;0.254;0.237;0.581;0.115;0.02;0.042;0.051;0.085;0.024
27894;0.286;0.168;0.146;0.2;0.171;0.251;0.237;0.581;0.115;0.022;0.042;0.051;0.088;0.027
27895;0.286;0.168;0.149;0.198;0.168;0.251;0.237;0.581;0.112;0.02;0.042;0.049;0.088;0.027
27896;0.286;0.168;0.151;0.2;0.168;0.251;0.239;0.579;0.117;0.02;0.042;0.051;0.088;0.027
27897;0.291;0.166;0.146;0.2;0.168;0.251;0.237;0.581;0.115;0.02;0.039;0.049;0.085;0.024
27898;0.288;0.166;0.142;0.198;0.168;0.251;0.237;0.581;0.117;0.022;0.039;0.051;0.088;0.027
27899;0.291;0.166;0.144;0.198;0.166;0.251;0.237;0.583;0.115;0.02;0.039;0.051;0.09;0.027
27900;0.291;0.168;0.146;0.2;0.166;0.254;0.239;0.581;0.117;0.022;0.039;0.049;0.088;0.027
27901;0.291;0.168;0.142;0.203;0.166;0.251;0.237;0.583;0.115;0.02;0.039;0.049;0.085;0.024
27902;0.291;0.166;0.144;0.203;0.166;0.251;0.237;0.583;0.12;0.02;0.039;0.051;0.088;0.029
27903;0.291;0.164;0.142;0.2;0.164;0.249;0.239;0.581;0.117;0.02;0.039;0.051;0.085;0.024
27904;0.293;0.168;0.142;0.203;0.161;0.251;0.237;0.581;0.117;0.017;0.037;0.051;0.085;0.024
27905;0.293;0.166;0.137;0.203;0.164;0.251;0.237;0.583;0.12;0.022;0.039;0.051;0.085;0.024
27906;0.291;0.166;0.142;0.203;0.164;0.249;0.237;0.586;0.117;0.02;0.037;0.051;0.093;0.032
27907;0.291;0.164;0.139;0.203;0.164;0.251;0.234;0.581;0.117;0.02;0.037;0.049;0.085;0.024
27908;0.293;0.166;0.139;0.205;0.166;0.249;0.237;0.581;0.12;0.02;0.039;0.051;0.09;0.024
27909;0.295;0.168;0.139;0.205;0.166;0.251;0.237;0.583;0.117;0.02;0.037;0.051;0.085;0.024
27910;0.293;0.166;0.139;0.208;0.164;0.251;0.237;0.583;0.117;0.02;0.037;0.049;0.088;0.024
27911;0.293;0.166;0.142;0.208;0.168;0.251;0.237;0.583;0.117;0.022;0.039;0.051;0.088;0.029
27912;0.295;0.166;0.139;0.208;0.171;0.254;0.234;0.583;0.12;0.02;0.034;0.051;0.088;0.027
27913;0.293;0.161;0.139;0.208;0.168;0.254;0.237;0.581;0.12;0.022;0.039;0.051;0.088;0.029
27914;0.293;0.166;0.137;0.205;0.168;0.251;0.237;0.583;0.117;0.022;0.037;0.049;0.088;0.027
27915;0.293;0.164;0.142;0.205;0.168;0.251;0.237;0.583;0.12;0.017;0.037;0.051;0.088;0.032
27916;0.293;0.164;0.142;0.208;0.171;0.249;0.239;0.586;0.117;0.02;0.037;0.049;0.088;0.027
27917;0.293;0.164;0.142;0.205;0.168;0.251;0.242;0.583;0.117;0.02;0.034;0.049;0.09;0.032
27918;0.293;0.164;0.142;0.203;0.168;0.249;0.244;0.583;0.115;0.02;0.034;0.051;0.088;0.027
27919;0.295;0.164;0.139;0.203;0.168;0.249;0.239;0.583;0.117;0.022;0.032;0.049;0.085;0.027
27920;0.293;0.161;0.142;0.203;0.171;0.249;0.242;0.581;0.112;0.022;0.032;0.051;0.088;0.027
27921;0.295;0.164;0.144;0.203;0.168;0.249;0.239;0.581;0.117;0.02;0.034;0.049;0.085;0.027
27922;0.293;0.164;0.142;0.205;0.168;0.251;0.239;0.583;0.115;0.02;0.034;0.049;0.083;0.024
27923;0.291;0.164;0.144;0.203;0.171;0.251;0.239;0.586;0.115;0.02;0.034;0.051;0.088;0.029
27924;0.293;0.164;0.139;0.203;0.168;0.249;0.239;0.586;0.112;0.02;0.032;0.051;0.083;0.024
27925;0.293;0.166;0.142;0.203;0.171;0.251;0.237;0.588;0.115;0.02;0.034;0.051;0.088;0.027
27926;0.295;0.161;0.139;0.203;0.171;0.249;0.237;0.588;0.112;0.02;0.032;0.051;0.085;0.029
27927;0.293;0.161;0.139;0.2;0.171;0.251;0.237;0.586;0.11;0.022;0.032;0.051;0.085;0.027
27928;0.293;0.164;0.137;0.2;0.171;0.251;0.234;0.588;0.112;0.024;0.034;0.051;0.088;0.024
27929;0.295;0.161;0.139;0.2;0.173;0.251;0.237;0.588;0.11;0.022;0.032;0.051;0.085;0.027
27930;0.295;0.164;0.144;0.2;0.173;0.249;0.237;0.588;0.112;0.022;0.037;0.051;0.085;0.027
27931;0.298;0.164;0.139;0.198;0.171;0.251;0.237;0.588;0.11;0.02;0.034;0.051;0.088;0.029
27932;0.298;0.161;0.139;0.198;0.173;0.254;0.237;0.593;0.11;0.022;0.034;0.051;0.088;0.022
27933;0.298;0.164;0.139;0.198;0.171;0.254;0.234;0.591;0.107;0.022;0.032;0.051;0.085;0.024
27934;0.3;0.164;0.142;0.195;0.171;0.251;0.234;0.591;0.107;0.02;0.032;0.049;0.088;0.029
27935;0.295;0.164;0.146;0.2;0.171;0.251;0.234;0.591;0.107;0.02;0.034;0.054;0.088;0.024
27936;0.298;0.166;0.144;0.2;0.168;0.249;0.232;0.591;0.11;0.022;0.029;0.049;0.085;0.027
27937;0.295;0.164;0.146;0.2;0.168;0.251;0.234;0.596;0.107;0.02;0.032;0.051;0.085;0.027
27938;0.295;0.164;0.146;0.195;0.168;0.251;0.232;0.593;0.11;0.022;0.034;0.049;0.085;0.027
27939;0.298;0.164;0.149;0.2;0.168;0.249;0.232;0.596;0.107;0.022;0.032;0.051;0.088;0.027
27940;0.298;0.166;0.151;0.2;0.168;0.249;0.232;0.593;0.105;0.022;0.032;0.051;0.085;0.027
27941;0.298;0.166;0.151;0.2;0.171;0.249;0.234;0.593;0.105;0.02;0.032;0.051;0.093;0.029
27942;0.293;0.164;0.146;0.2;0.171;0.249;0.237;0.598;0.105;0.022;0.032;0.049;0.088;0.027
27943;0.295;0.166;0.149;0.198;0.168;0.249;0.239;0.593;0.105;0.02;0.029;0.051;0.09;0.024
27944;0.298;0.166;0.154;0.195;0.173;0.251;0.237;0.591;0.103;0.022;0.032;0.054;0.085;0.027
27945;0.295;0.166;0.151;0.198;0.173;0.247;0.237;0.593;0.103;0.02;0.027;0.051;0.09;0.027
27946;0.293;0.166;0.151;0.2;0.173;0.249;0.237;0.593;0.103;0.02;0.032;0.051;0.088;0.029
27947;0.295;0.166;0.151;0.198;0.171;0.249;0.237;0.593;0.103;0.022;0.029;0.051;0.09;0.024
27948;0.295;0.166;0.154;0.198;0.171;0.249;0.239;0.596;0.1;0.022;0.027;0.051;0.088;0.024
27949;0.293;0.166;0.154;0.198;0.173;0.249;0.239;0.596;0.1;0.022;0.029;0.049;0.088;0.027
27950;0.293;0.166;0.156;0.195;0.171;0.249;0.237;0.596;0.1;0.022;0.027;0.054;0.088;0.027
27951;0.293;0.164;0.154;0.198;0.171;0.251;0.239;0.593;0.1;0.022;0.027;0.049;0.088;0.022
27952;0.293;0.166;0.151;0.2;0.173;0.249;0.239;0.593;0.1;0.02;0.029;0.051;0.088;0.024
27953;0.293;0.164;0.151;0.2;0.168;0.251;0.237;0.596;0.098;0.022;0.029;0.051;0.093;0.029
27954;0.295;0.166;0.151;0.198;0.171;0.249;0.237;0.593;0.098;0.022;0.029;0.051;0.088;0.024
27955;0.293;0.164;0.151;0.198;0.171;0.249;0.237;0.593;0.098;0.024;0.029;0.049;0.09;0.024
27956;0.293;0.164;0.154;0.198;0.171;0.251;0.242;0.596;0.095;0.022;0.027;0.051;0.09;0.027
27957;0.293;0.166;0.151;0.195;0.171;0.251;0.239;0.593;0.095;0.022;0.027;0.051;0.09;0.024
27958;0.293;0.164;0.149;0.198;0.173;0.251;0.239;0.596;0.095;0.022;0.027;0.051;0.093;0.027
27959;0.295;0.166;0.151;0.198;0.173;0.251;0.239;0.596;0.098;0.022;0.029;0.051;0.093;0.027
27960;0.295;0.166;0.149;0.198;0.173;0.251;0.239;0.593;0.093;0.024;0.027;0.051;0.098;0.029
27961;0.293;0.166;0.151;0.198;0.173;0.251;0.239;0.596;0.093;0.022;0.029;0.051;0.09;0.027
27962;0.295;0.166;0.156;0.195;0.173;0.249;0.239;0.596;0.093;0.022;0.029;0.051;0.09;0.024
27963;0.295;0.164;0.154;0.2;0.171;0.251;0.242;0.596;0.093;0.022;0.027;0.049;0.093;0.024
27964;0.295;0.164;0.154;0.203;0.173;0.254;0.239;0.593;0.095;0.022;0.029;0.054;0.093;0.027
27965;0.295;0.164;0.156;0.203;0.171;0.251;0.242;0.591;0.093;0.02;0.029;0.051;0.095;0.029
27966;0.295;0.164;0.156;0.203;0.171;0.251;0.242;0.596;0.093;0.024;0.027;0.051;0.09;0.02
27967;0.295;0.164;0.154;0.203;0.171;0.249;0.239;0.593;0.093;0.022;0.027;0.051;0.093;0.024
27968;0.295;0.164;0.154;0.205;0.168;0.251;0.242;0.593;0.093;0.02;0.027;0.051;0.095;0.029
27969;0.293;0.161;0.151;0.205;0.168;0.251;0.239;0.593;0.09;0.022;0.029;0.051;0.093;0.024
27970;0.295;0.161;0.154;0.203;0.168;0.251;0.242;0.591;0.09;0.022;0.027;0.051;0.093;0.024
27971;0.295;0.159;0.151;0.203;0.168;0.251;0.239;0.591;0.093;0.022;0.027;0.049;0.095;0.027
27972;0.298;0.159;0.151;0.203;0.168;0.251;0.237;0.588;0.088;0.02;0.027;0.049;0.098;0.032
27973;0.295;0.161;0.156;0.203;0.168;0.254;0.237;0.588;0.088;0.022;0.027;0.049;0.095;0.027
27974;0.295;0.159;0.154;0.2;0.168;0.249;0.237;0.588;0.088;0.02;0.027;0.051;0.093;0.024
27975;0.295;0.161;0.151;0.198;0.168;0.251;0.239;0.591;0.088;0.02;0.027;0.049;0.095;0.027
27976;0.295;0.159;0.151;0.198;0.168;0.251;0.239;0.588;0.09;0.02;0.029;0.051;0.1;0.027
27977;0.293;0.159;0.154;0.2;0.173;0.251;0.237;0.586;0.088;0.02;0.027;0.051;0.09;0.022
27978;0.295;0.159;0.154;0.2;0.171;0.251;0.239;0.588;0.09;0.022;0.024;0.051;0.095;0.027
27979;0.298;0.161;0.156;0.2;0.173;0.249;0.234;0.588;0.088;0.02;0.029;0.049;0.095;0.027
27980;0.295;0.161;0.154;0.2;0.173;0.249;0.237;0.588;0.085;0.02;0.027;0.051;0.095;0.029
27981;0.3;0.161;0.156;0.2;0.171;0.249;0.239;0.586;0.085;0.017;0.027;0.051;0.095;0.029
27982;0.298;0.159;0.154;0.2;0.173;0.247;0.239;0.586;0.088;0.017;0.027;0.051;0.098;0.032
27983;0.295;0.159;0.154;0.198;0.171;0.251;0.237;0.581;0.088;0.017;0.027;0.051;0.095;0.024
27984;0.298;0.159;0.154;0.195;0.171;0.251;0.237;0.583;0.085;0.017;0.024;0.054;0.1;0.032
27985;0.298;0.161;0.159;0.198;0.173;0.249;0.237;0.586;0.083;0.015;0.024;0.051;0.09;0.022
27986;0.3;0.159;0.159;0.195;0.171;0.251;0.239;0.583;0.085;0.02;0.027;0.054;0.098;0.027
27987;0.295;0.161;0.159;0.195;0.173;0.249;0.239;0.581;0.085;0.02;0.027;0.049;0.098;0.027
27988;0.298;0.159;0.159;0.195;0.168;0.247;0.237;0.581;0.085;0.02;0.024;0.051;0.098;0.032
27989;0.298;0.161;0.159;0.2;0.171;0.249;0.239;0.583;0.085;0.02;0.027;0.051;0.095;0.024
27990;0.298;0.161;0.156;0.198;0.171;0.251;0.239;0.583;0.088;0.015;0.027;0.049;0.1;0.032
27991;0.3;0.159;0.156;0.2;0.173;0.249;0.237;0.581;0.083;0.017;0.024;0.049;0.098;0.029
27992;0.298;0.159;0.154;0.2;0.171;0.251;0.239;0.579;0.083;0.02;0.024;0.049;0.098;0.027
27993;0.298;0.161;0.154;0.198;0.173;0.249;0.237;0.581;0.088;0.02;0.029;0.051;0.095;0.027
27994;0.298;0.159;0.154;0.198;0.173;0.249;0.232;0.581;0.085;0.017;0.024;0.051;0.095;0.027
27995;0.295;0.161;0.151;0.198;0.171;0.249;0.234;0.581;0.083;0.015;0.024;0.049;0.093;0.022
27996;0.293;0.161;0.151;0.195;0.171;0.249;0.234;0.581;0.083;0.017;0.024;0.051;0.098;0.029
27997;0.295;0.161;0.149;0.195;0.173;0.251;0.232;0.579;0.083;0.017;0.024;0.051;0.09;0.022
27998;0.293;0.161;0.149;0.195;0.171;0.249;0.232;0.581;0.083;0.02;0.027;0.049;0.095;0.032
27999;0.293;0.159;0.149;0.19;0.171;0.249;0.234;0.579;0.081;0.017;0.024;0.051;0.098;0.027
28000;0.293;0.164;0.149;0.193;0.173;0.251;0.232;0.581;0.085;0.017;0.027;0.049;0.098;0.029
28001;0.288;0.159;0.149;0.19;0.171;0.247;0.234;0.579;0.085;0.017;0.024;0.054;0.098;0.029
28002;0.291;0.161;0.146;0.188;0.173;0.249;0.237;0.581;0.081;0.02;0.024;0.049;0.095;0.027
28003;0.291;0.161;0.151;0.19;0.173;0.247;0.234;0.581;0.083;0.02;0.024;0.051;0.093;0.024
28004;0.291;0.161;0.151;0.193;0.176;0.247;0.239;0.581;0.081;0.015;0.024;0.049;0.095;0.032
28005;0.291;0.161;0.146;0.195;0.173;0.247;0.239;0.583;0.085;0.02;0.027;0.049;0.098;0.027
28006;0.293;0.161;0.149;0.193;0.173;0.247;0.237;0.579;0.083;0.017;0.027;0.051;0.095;0.029
28007;0.291;0.161;0.151;0.193;0.173;0.244;0.237;0.583;0.081;0.02;0.024;0.051;0.098;0.029
28008;0.291;0.159;0.151;0.195;0.176;0.247;0.234;0.581;0.083;0.017;0.027;0.051;0.1;0.029
28009;0.291;0.159;0.151;0.193;0.171;0.242;0.234;0.583;0.081;0.017;0.027;0.051;0.095;0.029
28010;0.288;0.159;0.154;0.193;0.171;0.242;0.237;0.583;0.085;0.017;0.024;0.051;0.095;0.024
28011;0.293;0.161;0.151;0.193;0.168;0.244;0.232;0.583;0.078;0.017;0.024;0.051;0.098;0.032
28012;0.291;0.159;0.149;0.195;0.173;0.247;0.232;0.586;0.081;0.017;0.024;0.049;0.093;0.024
28013;0.291;0.159;0.156;0.193;0.171;0.247;0.232;0.583;0.081;0.017;0.024;0.051;0.095;0.027
28014;0.293;0.161;0.151;0.193;0.173;0.247;0.234;0.583;0.081;0.017;0.024;0.051;0.095;0.027
28015;0.293;0.156;0.151;0.193;0.171;0.244;0.234;0.586;0.083;0.02;0.024;0.049;0.093;0.027
28016;0.293;0.156;0.156;0.193;0.173;0.247;0.232;0.583;0.085;0.02;0.027;0.054;0.095;0.027
28017;0.293;0.156;0.154;0.19;0.171;0.247;0.232;0.586;0.081;0.02;0.022;0.051;0.095;0.027
28018;0.291;0.154;0.161;0.193;0.171;0.244;0.234;0.586;0.081;0.017;0.024;0.049;0.093;0.032
28019;0.293;0.154;0.164;0.193;0.168;0.249;0.232;0.586;0.081;0.015;0.022;0.051;0.098;0.027
28020;0.293;0.154;0.166;0.19;0.171;0.244;0.232;0.586;0.081;0.017;0.022;0.049;0.095;0.027
28021;0.291;0.154;0.176;0.195;0.171;0.247;0.232;0.586;0.083;0.02;0.027;0.051;0.093;0.024
28022;0.293;0.156;0.183;0.193;0.173;0.247;0.232;0.586;0.083;0.02;0.024;0.051;0.098;0.024
28023;0.291;0.154;0.181;0.19;0.173;0.244;0.229;0.586;0.085;0.017;0.024;0.051;0.095;0.029
28024;0.288;0.154;0.181;0.193;0.171;0.247;0.232;0.586;0.083;0.02;0.024;0.049;0.095;0.029
28025;0.293;0.154;0.183;0.193;0.171;0.247;0.232;0.586;0.085;0.017;0.022;0.049;0.095;0.027
28026;0.288;0.154;0.193;0.193;0.173;0.247;0.232;0.583;0.083;0.017;0.024;0.049;0.095;0.027
28027;0.291;0.156;0.2;0.19;0.171;0.244;0.232;0.586;0.085;0.017;0.024;0.049;0.093;0.024
28028;0.291;0.151;0.234;0.193;0.171;0.251;0.232;0.583;0.081;0.017;0.024;0.051;0.095;0.027
28029;0.288;0.154;0.254;0.193;0.171;0.247;0.234;0.586;0.078;0.017;0.022;0.051;0.095;0.024
28030;0.293;0.154;0.269;0.195;0.168;0.249;0.234;0.583;0.078;0.015;0.022;0.051;0.098;0.032
28031;0.288;0.154;0.303;0.195;0.171;0.249;0.229;0.581;0.078;0.02;0.022;0.051;0.095;0.022
28032;0.291;0.156;0.356;0.195;0.171;0.247;0.234;0.586;0.076;0.022;0.022;0.051;0.095;0.029
28033;0.291;0.154;0.391;0.198;0.171;0.249;0.234;0.586;0.076;0.02;0.024;0.051;0.095;0.027
28034;0.291;0.154;0.374;0.195;0.171;0.247;0.232;0.586;0.076;0.02;0.02;0.049;0.093;0.024
28035;0.291;0.154;0.457;0.195;0.171;0.247;0.232;0.583;0.073;0.017;0.022;0.051;0.093;0.027
28036;0.291;0.156;0.483;0.198;0.168;0.244;0.232;0.586;0.073;0.017;0.022;0.049;0.093;0.027
28037;0.291;0.154;0.491;0.195;0.171;0.244;0.232;0.586;0.071;0.02;0.022;0.051;0.09;0.02
28038;0.293;0.156;0.596;0.195;0.168;0.247;0.229;0.583;0.071;0.017;0.024;0.051;0.09;0.024
28039;0.291;0.154;0.786;0.193;0.171;0.247;0.229;0.583;0.073;0.017;0.022;0.051;0.093;0.029
28040;0.291;0.154;0.984;0.193;0.171;0.247;0.229;0.586;0.071;0.022;0.027;0.049;0.095;0.027
28041;0.291;0.154;0.967;0.193;0.171;0.242;0.232;0.583;0.068;0.017;0.024;0.051;0.095;0.027
28042;0.291;0.156;1.045;0.193;0.173;0.247;0.232;0.583;0.071;0.02;0.022;0.051;0.09;0.024
28043;0.291;0.154;1.038;0.19;0.171;0.244;0.229;0.581;0.068;0.02;0.022;0.051;0.093;0.029
28044;0.288;0.154;0.645;0.195;0.173;0.249;0.229;0.583;0.066;0.02;0.022;0.051;0.093;0.027
28045;0.291;0.154;0.493;0.193;0.173;0.247;0.229;0.581;0.068;0.017;0.022;0.051;0.095;0.027
28046;0.291;0.151;0.486;0.193;0.173;0.247;0.229;0.579;0.063;0.02;0.02;0.051;0.093;0.032
28047;0.286;0.149;0.54;0.193;0.173;0.247;0.229;0.581;0.063;0.02;0.022;0.051;0.093;0.024
28048;0.288;0.149;0.488;0.193;0.173;0.247;0.229;0.581;0.063;0.017;0.022;0.051;0.09;0.024
28049;0.288;0.149;0.52;0.19;0.173;0.247;0.232;0.581;0.061;0.02;0.02;0.051;0.09;0.024
28050;0.288;0.149;0.535;0.19;0.176;0.249;0.229;0.581;0.061;0.02;0.024;0.051;0.088;0.027
28051;0.286;0.149;0.61;0.195;0.173;0.249;0.232;0.581;0.061;0.017;0.02;0.049;0.093;0.032
28052;0.286;0.146;0.715;0.193;0.173;0.247;0.234;0.581;0.059;0.017;0.02;0.049;0.09;0.024
28053;0.288;0.149;0.542;0.193;0.173;0.247;0.232;0.581;0.056;0.02;0.022;0.051;0.088;0.027
28054;0.286;0.146;0.437;0.195;0.173;0.242;0.232;0.581;0.059;0.017;0.022;0.051;0.09;0.027
28055;0.288;0.144;0.364;0.193;0.173;0.247;0.229;0.581;0.056;0.017;0.02;0.051;0.085;0.027
28056;0.283;0.146;0.317;0.195;0.173;0.249;0.227;0.579;0.059;0.017;0.022;0.049;0.085;0.024
28057;0.286;0.144;0.293;0.195;0.176;0.247;0.229;0.579;0.056;0.017;0.02;0.051;0.09;0.029
28058;0.283;0.146;0.291;0.193;0.173;0.249;0.229;0.579;0.056;0.02;0.02;0.051;0.083;0.027
28059;0.283;0.144;0.286;0.195;0.176;0.247;0.229;0.581;0.059;0.017;0.02;0.051;0.093;0.029
28060;0.283;0.144;0.327;0.195;0.173;0.244;0.227;0.581;0.059;0.02;0.02;0.051;0.09;0.027
28061;0.283;0.142;0.31;0.198;0.173;0.247;0.225;0.581;0.056;0.015;0.02;0.049;0.083;0.022
28062;0.286;0.142;0.273;0.198;0.176;0.244;0.225;0.581;0.061;0.02;0.022;0.051;0.09;0.032
28063;0.286;0.139;0.254;0.198;0.173;0.247;0.227;0.581;0.059;0.017;0.022;0.051;0.088;0.029
28064;0.283;0.142;0.251;0.195;0.173;0.247;0.225;0.583;0.059;0.017;0.022;0.051;0.083;0.027
28065;0.283;0.139;0.242;0.195;0.176;0.244;0.225;0.581;0.063;0.017;0.024;0.051;0.085;0.029
28066;0.283;0.142;0.254;0.195;0.176;0.244;0.225;0.579;0.061;0.017;0.024;0.051;0.085;0.024
28067;0.286;0.142;0.266;0.195;0.176;0.247;0.222;0.576;0.061;0.017;0.02;0.049;0.085;0.027
28068;0.283;0.142;0.271;0.195;0.176;0.249;0.225;0.579;0.063;0.02;0.022;0.049;0.085;0.032
28069;0.286;0.142;0.271;0.195;0.173;0.247;0.227;0.581;0.063;0.02;0.022;0.054;0.083;0.029
28070;0.288;0.144;0.276;0.198;0.176;0.247;0.229;0.576;0.066;0.02;0.024;0.049;0.081;0.027
28071;0.286;0.142;0.266;0.198;0.176;0.249;0.229;0.581;0.066;0.02;0.024;0.051;0.088;0.029
28072;0.288;0.144;0.269;0.198;0.178;0.247;0.227;0.579;0.066;0.02;0.02;0.051;0.083;0.027
28073;0.286;0.144;0.254;0.2;0.176;0.251;0.229;0.579;0.063;0.02;0.02;0.051;0.083;0.029
28074;0.283;0.144;0.254;0.2;0.178;0.251;0.229;0.579;0.066;0.022;0.024;0.051;0.085;0.027
28075;0.286;0.144;0.254;0.198;0.176;0.249;0.229;0.579;0.066;0.02;0.024;0.054;0.081;0.027
28076;0.286;0.146;0.247;0.2;0.176;0.251;0.229;0.583;0.066;0.017;0.024;0.051;0.083;0.027
28077;0.286;0.144;0.259;0.2;0.178;0.251;0.229;0.579;0.068;0.022;0.024;0.051;0.085;0.027
28078;0.286;0.146;0.271;0.198;0.178;0.247;0.229;0.579;0.066;0.017;0.022;0.054;0.081;0.027
28079;0.286;0.144;0.264;0.2;0.178;0.249;0.229;0.579;0.066;0.02;0.022;0.049;0.081;0.027
28080;0.283;0.144;0.273;0.2;0.178;0.249;0.229;0.579;0.068;0.02;0.022;0.049;0.078;0.022
28081;0.286;0.146;0.322;0.2;0.178;0.247;0.227;0.581;0.068;0.022;0.024;0.049;0.081;0.029
28082;0.286;0.146;0.344;0.198;0.178;0.247;0.227;0.581;0.068;0.022;0.024;0.049;0.081;0.027
28083;0.283;0.146;0.393;0.2;0.178;0.249;0.229;0.581;0.068;0.022;0.024;0.051;0.081;0.029
28084;0.286;0.144;0.459;0.198;0.178;0.247;0.227;0.581;0.066;0.02;0.024;0.049;0.078;0.024
28085;0.286;0.149;0.408;0.198;0.181;0.249;0.227;0.581;0.073;0.022;0.027;0.051;0.078;0.027
28086;0.286;0.149;0.447;0.198;0.178;0.249;0.225;0.581;0.071;0.022;0.024;0.054;0.081;0.032
28087;0.286;0.146;0.386;0.195;0.176;0.249;0.227;0.581;0.071;0.02;0.027;0.051;0.078;0.027
28088;0.283;0.146;0.405;0.195;0.176;0.251;0.225;0.581;0.073;0.022;0.024;0.049;0.081;0.029
28089;0.286;0.151;0.403;0.195;0.173;0.249;0.225;0.581;0.073;0.022;0.024;0.049;0.078;0.029
28090;0.288;0.151;0.432;0.195;0.176;0.249;0.222;0.581;0.073;0.022;0.024;0.051;0.081;0.027
28091;0.288;0.149;0.437;0.193;0.176;0.247;0.225;0.581;0.076;0.022;0.027;0.051;0.078;0.027
28092;0.288;0.151;0.4;0.193;0.176;0.249;0.22;0.581;0.076;0.022;0.027;0.049;0.081;0.024
28093;0.291;0.151;0.42;0.193;0.176;0.247;0.22;0.581;0.076;0.022;0.027;0.051;0.081;0.029
28094;0.291;0.151;0.361;0.19;0.178;0.249;0.22;0.581;0.078;0.024;0.027;0.049;0.076;0.024
28095;0.291;0.151;0.339;0.193;0.176;0.247;0.22;0.579;0.081;0.022;0.027;0.051;0.078;0.027
28096;0.293;0.154;0.308;0.193;0.176;0.249;0.222;0.579;0.081;0.024;0.024;0.049;0.076;0.027
28097;0.291;0.154;0.283;0.195;0.176;0.247;0.225;0.581;0.078;0.022;0.029;0.051;0.078;0.024
28098;0.293;0.156;0.3;0.193;0.176;0.249;0.222;0.583;0.081;0.022;0.029;0.049;0.078;0.027
28099;0.291;0.154;0.322;0.19;0.178;0.244;0.225;0.581;0.081;0.022;0.024;0.049;0.078;0.024
28100;0.291;0.154;0.315;0.19;0.176;0.244;0.227;0.583;0.083;0.024;0.027;0.051;0.076;0.029
28101;0.291;0.156;0.278;0.19;0.176;0.242;0.225;0.581;0.085;0.024;0.032;0.051;0.078;0.027
28102;0.293;0.156;0.278;0.193;0.176;0.244;0.227;0.581;0.088;0.024;0.029;0.049;0.076;0.027
28103;0.291;0.156;0.291;0.19;0.176;0.244;0.227;0.581;0.085;0.027;0.032;0.051;0.076;0.022
28104;0.293;0.156;0.298;0.19;0.176;0.239;0.229;0.581;0.085;0.022;0.027;0.051;0.081;0.029
28105;0.293;0.156;0.3;0.19;0.173;0.242;0.229;0.581;0.085;0.024;0.027;0.051;0.076;0.029
28106;0.291;0.156;0.278;0.19;0.173;0.247;0.227;0.581;0.09;0.024;0.029;0.051;0.076;0.024
28107;0.291;0.154;0.291;0.188;0.171;0.244;0.227;0.581;0.088;0.024;0.027;0.049;0.078;0.029
28108;0.291;0.156;0.295;0.19;0.168;0.244;0.227;0.579;0.09;0.02;0.027;0.051;0.073;0.024
28109;0.293;0.154;0.271;0.188;0.171;0.244;0.227;0.581;0.09;0.024;0.029;0.051;0.078;0.027
28110;0.291;0.156;0.266;0.19;0.171;0.247;0.227;0.583;0.095;0.022;0.027;0.049;0.071;0.022
28111;0.293;0.156;0.261;0.19;0.168;0.244;0.225;0.581;0.093;0.024;0.027;0.051;0.081;0.029
28112;0.293;0.156;0.261;0.19;0.168;0.247;0.225;0.579;0.093;0.024;0.029;0.051;0.078;0.024
28113;0.291;0.154;0.254;0.19;0.171;0.247;0.225;0.583;0.093;0.024;0.027;0.051;0.081;0.027
28114;0.293;0.154;0.251;0.19;0.171;0.247;0.225;0.581;0.095;0.022;0.027;0.049;0.078;0.029
28115;0.293;0.154;0.254;0.193;0.171;0.244;0.225;0.581;0.095;0.024;0.027;0.049;0.078;0.024
28116;0.293;0.151;0.249;0.19;0.173;0.244;0.225;0.581;0.095;0.024;0.029;0.051;0.078;0.027
28117;0.293;0.151;0.249;0.19;0.171;0.244;0.222;0.581;0.095;0.024;0.027;0.051;0.073;0.027
28118;0.295;0.154;0.254;0.19;0.171;0.244;0.222;0.581;0.095;0.024;0.029;0.051;0.076;0.024
28119;0.293;0.151;0.249;0.188;0.168;0.244;0.222;0.579;0.095;0.024;0.027;0.049;0.078;0.024
28120;0.293;0.151;0.254;0.188;0.173;0.247;0.222;0.581;0.098;0.027;0.029;0.051;0.078;0.027
28121;0.291;0.151;0.249;0.188;0.171;0.242;0.225;0.579;0.095;0.022;0.027;0.051;0.078;0.027
28122;0.293;0.151;0.254;0.188;0.173;0.244;0.225;0.583;0.098;0.024;0.027;0.049;0.073;0.022
28123;0.291;0.149;0.251;0.188;0.173;0.244;0.222;0.579;0.098;0.024;0.024;0.051;0.078;0.027
28124;0.293;0.149;0.256;0.188;0.168;0.244;0.222;0.579;0.1;0.024;0.027;0.051;0.076;0.027
28125;0.291;0.149;0.254;0.188;0.173;0.244;0.225;0.579;0.098;0.027;0.027;0.051;0.081;0.029
28126;0.288;0.149;0.251;0.188;0.171;0.242;0.222;0.576;0.1;0.024;0.027;0.049;0.081;0.027
28127;0.288;0.146;0.254;0.186;0.171;0.244;0.222;0.576;0.1;0.027;0.027;0.051;0.081;0.032
28128;0.291;0.149;0.261;0.186;0.171;0.247;0.225;0.579;0.098;0.022;0.022;0.054;0.081;0.029
28129;0.288;0.149;0.269;0.188;0.171;0.247;0.227;0.579;0.103;0.027;0.024;0.054;0.078;0.029
28130;0.288;0.149;0.276;0.188;0.171;0.247;0.225;0.579;0.103;0.027;0.024;0.054;0.081;0.029
28131;0.286;0.149;0.273;0.188;0.171;0.244;0.225;0.579;0.103;0.024;0.027;0.051;0.076;0.024
28132;0.286;0.146;0.254;0.188;0.171;0.247;0.227;0.579;0.103;0.029;0.027;0.051;0.078;0.024
28133;0.283;0.149;0.254;0.188;0.168;0.244;0.227;0.579;0.103;0.029;0.027;0.049;0.078;0.027
28134;0.283;0.146;0.269;0.188;0.171;0.244;0.229;0.579;0.105;0.027;0.024;0.049;0.088;0.034
28135;0.288;0.146;0.286;0.188;0.171;0.247;0.232;0.576;0.103;0.027;0.024;0.051;0.078;0.022
28136;0.286;0.146;0.298;0.188;0.171;0.249;0.229;0.579;0.105;0.027;0.027;0.051;0.078;0.027
28137;0.283;0.149;0.347;0.188;0.171;0.247;0.227;0.579;0.103;0.024;0.027;0.051;0.081;0.024
28138;0.286;0.146;0.359;0.188;0.171;0.251;0.229;0.579;0.105;0.029;0.029;0.054;0.081;0.024
28139;0.283;0.149;0.405;0.188;0.171;0.249;0.227;0.579;0.105;0.027;0.024;0.051;0.081;0.029
28140;0.286;0.149;0.447;0.188;0.171;0.247;0.227;0.576;0.103;0.027;0.024;0.054;0.078;0.024
28141;0.283;0.146;0.442;0.19;0.173;0.244;0.227;0.579;0.103;0.027;0.029;0.051;0.081;0.027
28142;0.283;0.149;0.491;0.188;0.168;0.247;0.225;0.579;0.103;0.027;0.027;0.051;0.083;0.027
28143;0.283;0.144;0.525;0.193;0.168;0.247;0.225;0.579;0.103;0.027;0.027;0.051;0.078;0.024
28144;0.283;0.146;0.676;0.19;0.168;0.244;0.225;0.579;0.103;0.027;0.027;0.051;0.081;0.027
28145;0.283;0.146;0.784;0.19;0.168;0.244;0.225;0.579;0.105;0.024;0.024;0.049;0.083;0.027
28146;0.283;0.146;0.613;0.193;0.171;0.247;0.225;0.581;0.105;0.027;0.024;0.049;0.078;0.024
28147;0.278;0.144;0.864;0.188;0.168;0.242;0.225;0.579;0.103;0.029;0.027;0.051;0.083;0.029
28148;0.278;0.146;0.894;0.193;0.166;0.247;0.227;0.579;0.103;0.027;0.024;0.051;0.083;0.027
28149;0.278;0.144;0.864;0.19;0.168;0.244;0.227;0.579;0.1;0.027;0.024;0.051;0.078;0.022
28150;0.278;0.149;0.891;0.193;0.168;0.247;0.229;0.579;0.103;0.024;0.027;0.051;0.085;0.029
28151;0.276;0.144;4.998;0.193;0.166;0.247;0.229;0.576;0.103;0.027;0.027;0.051;0.081;0.027
28152;0.276;0.146;4.998;0.193;0.166;0.249;0.232;0.579;0.103;0.027;0.027;0.054;0.083;0.027
28153;0.278;0.149;4.998;0.193;0.166;0.247;0.232;0.576;0.103;0.024;0.024;0.054;0.078;0.024
28154;0.273;0.146;4.998;0.19;0.166;0.244;0.229;0.579;0.1;0.024;0.022;0.051;0.083;0.029
28155;0.276;0.144;4.998;0.195;0.166;0.244;0.232;0.579;0.105;0.024;0.024;0.051;0.083;0.022
28156;0.276;0.146;4.998;0.195;0.166;0.247;0.232;0.579;0.103;0.024;0.027;0.051;0.083;0.027
28157;0.276;0.149;4.998;0.198;0.166;0.244;0.232;0.576;0.103;0.027;0.027;0.051;0.085;0.029
28158;0.278;0.149;4.998;0.195;0.166;0.247;0.234;0.579;0.105;0.027;0.029;0.051;0.085;0.027
28159;0.278;0.149;4.998;0.195;0.166;0.244;0.229;0.576;0.105;0.024;0.024;0.051;0.088;0.027
28160;0.281;0.151;4.998;0.198;0.168;0.244;0.229;0.576;0.105;0.024;0.027;0.054;0.085;0.029
28161;0.281;0.151;4.998;0.195;0.166;0.244;0.229;0.576;0.105;0.027;0.029;0.051;0.083;0.029
28162;0.278;0.151;4.998;0.195;0.166;0.242;0.229;0.579;0.103;0.024;0.027;0.054;0.085;0.024
28163;0.281;0.154;4.998;0.195;0.168;0.244;0.227;0.579;0.103;0.027;0.029;0.051;0.085;0.022
28164;0.283;0.156;4.998;0.195;0.168;0.242;0.229;0.576;0.103;0.024;0.027;0.051;0.085;0.029
28165;0.281;0.156;4.998;0.195;0.168;0.239;0.229;0.579;0.105;0.022;0.029;0.054;0.088;0.029
28166;0.283;0.156;4.998;0.193;0.171;0.244;0.227;0.576;0.105;0.027;0.029;0.054;0.085;0.027
28167;0.283;0.159;4.998;0.193;0.168;0.244;0.227;0.579;0.103;0.027;0.027;0.051;0.088;0.027
28168;0.286;0.159;4.998;0.193;0.168;0.242;0.229;0.576;0.107;0.024;0.029;0.051;0.085;0.027
28169;0.283;0.156;4.998;0.193;0.168;0.242;0.229;0.576;0.105;0.024;0.027;0.051;0.088;0.027
28170;0.281;0.159;4.998;0.195;0.168;0.244;0.227;0.576;0.105;0.024;0.027;0.051;0.085;0.022
28171;0.283;0.156;4.998;0.19;0.168;0.242;0.229;0.579;0.105;0.027;0.027;0.054;0.088;0.027
28172;0.283;0.156;4.998;0.193;0.168;0.244;0.229;0.579;0.103;0.024;0.027;0.051;0.088;0.027
28173;0.283;0.156;4.998;0.195;0.168;0.242;0.227;0.576;0.098;0.022;0.022;0.054;0.088;0.027
28174;0.278;0.156;4.998;0.193;0.168;0.244;0.229;0.579;0.103;0.024;0.029;0.054;0.088;0.024
28175;0.281;0.156;4.998;0.19;0.166;0.244;0.229;0.579;0.103;0.024;0.027;0.054;0.088;0.027
28176;0.276;0.159;4.998;0.193;0.168;0.244;0.227;0.576;0.1;0.024;0.027;0.049;0.085;0.029
28177;0.278;0.154;4.998;0.19;0.168;0.244;0.227;0.579;0.103;0.022;0.027;0.051;0.09;0.024
28178;0.276;0.156;4.998;0.19;0.166;0.247;0.225;0.576;0.098;0.022;0.027;0.049;0.085;0.024
28179;0.276;0.159;4.998;0.193;0.168;0.247;0.225;0.576;0.1;0.024;0.027;0.051;0.09;0.029
28180;0.271;0.159;4.998;0.19;0.168;0.244;0.225;0.579;0.1;0.024;0.027;0.051;0.09;0.024
28181;0.273;0.159;3.411;0.19;0.171;0.247;0.227;0.576;0.103;0.022;0.029;0.051;0.088;0.029
28182;0.276;0.159;2.097;0.19;0.171;0.247;0.227;0.576;0.103;0.022;0.027;0.051;0.09;0.024
28183;0.273;0.159;1.565;0.19;0.168;0.244;0.225;0.576;0.098;0.022;0.027;0.051;0.085;0.024
28184;0.273;0.159;1.133;0.193;0.171;0.247;0.227;0.579;0.098;0.022;0.024;0.049;0.093;0.032
28185;0.273;0.159;0.938;0.19;0.168;0.247;0.229;0.579;0.1;0.022;0.027;0.051;0.09;0.024
28186;0.271;0.159;0.874;0.193;0.168;0.247;0.227;0.581;0.098;0.022;0.027;0.051;0.09;0.032
28187;0.273;0.156;0.769;0.19;0.168;0.247;0.227;0.581;0.103;0.022;0.029;0.051;0.088;0.022
28188;0.273;0.156;0.803;0.193;0.166;0.247;0.225;0.579;0.103;0.022;0.027;0.051;0.09;0.029
28189;0.276;0.156;0.84;0.195;0.166;0.247;0.227;0.576;0.1;0.022;0.029;0.051;0.088;0.024
28190;0.273;0.156;0.945;0.193;0.166;0.247;0.227;0.579;0.098;0.024;0.027;0.051;0.088;0.022
28191;0.273;0.156;0.857;0.193;0.168;0.244;0.225;0.581;0.098;0.022;0.029;0.051;0.09;0.029
28192;0.271;0.154;1.36;0.193;0.168;0.247;0.227;0.581;0.095;0.017;0.024;0.049;0.09;0.027
28193;0.271;0.156;1.162;0.193;0.171;0.247;0.225;0.579;0.1;0.022;0.032;0.051;0.088;0.022
28194;0.273;0.156;1.248;0.195;0.168;0.247;0.225;0.581;0.098;0.022;0.032;0.051;0.09;0.024
28195;0.273;0.156;1.184;0.195;0.168;0.247;0.225;0.579;0.095;0.017;0.029;0.051;0.09;0.024
28196;0.273;0.156;1.365;0.193;0.168;0.247;0.225;0.579;0.095;0.022;0.032;0.049;0.09;0.029
28197;0.271;0.156;0.774;0.195;0.171;0.247;0.225;0.579;0.098;0.022;0.032;0.051;0.093;0.027
28198;0.273;0.156;0.94;0.195;0.168;0.247;0.227;0.581;0.098;0.022;0.029;0.051;0.093;0.027
28199;0.269;0.156;1.172;0.195;0.171;0.247;0.227;0.581;0.098;0.02;0.032;0.051;0.088;0.029
28200;0.269;0.156;1.626;0.195;0.168;0.244;0.227;0.579;0.095;0.022;0.029;0.051;0.09;0.027
28201;0.271;0.156;1.238;0.193;0.168;0.244;0.227;0.581;0.095;0.02;0.029;0.051;0.093;0.032
28202;0.269;0.156;1.587;0.195;0.168;0.244;0.227;0.579;0.093;0.022;0.029;0.051;0.088;0.022
28203;0.271;0.159;1.575;0.193;0.168;0.244;0.227;0.576;0.093;0.02;0.027;0.051;0.093;0.027
28204;0.269;0.156;1.584;0.193;0.168;0.249;0.229;0.576;0.093;0.02;0.029;0.051;0.085;0.02
28205;0.269;0.159;0.598;0.195;0.168;0.244;0.229;0.576;0.095;0.024;0.034;0.054;0.095;0.032
28206;0.269;0.161;0.681;0.19;0.168;0.244;0.229;0.579;0.093;0.022;0.029;0.051;0.088;0.024
28207;0.271;0.161;1.145;0.19;0.171;0.244;0.227;0.579;0.09;0.022;0.032;0.051;0.09;0.027
28208;0.269;0.164;0.967;0.193;0.168;0.247;0.227;0.576;0.093;0.022;0.029;0.054;0.093;0.027
28209;0.271;0.161;1.25;0.195;0.171;0.244;0.227;0.576;0.095;0.027;0.037;0.051;0.09;0.024
28210;0.269;0.161;1.057;0.19;0.173;0.244;0.225;0.576;0.093;0.02;0.029;0.051;0.09;0.027
28211;0.271;0.161;0.996;0.193;0.173;0.242;0.229;0.576;0.093;0.024;0.032;0.051;0.09;0.027
28212;0.271;0.164;0.903;0.193;0.173;0.244;0.225;0.579;0.088;0.022;0.029;0.051;0.093;0.029
28213;0.269;0.164;0.935;0.193;0.173;0.239;0.225;0.579;0.09;0.022;0.029;0.049;0.085;0.022
28214;0.271;0.164;0.869;0.193;0.171;0.244;0.225;0.576;0.088;0.02;0.029;0.051;0.09;0.027
28215;0.273;0.161;1.001;0.195;0.171;0.239;0.225;0.576;0.088;0.022;0.032;0.051;0.085;0.024
28216;0.271;0.159;1.113;0.195;0.171;0.242;0.227;0.574;0.085;0.02;0.032;0.051;0.088;0.027
28217;0.273;0.159;0.977;0.195;0.171;0.244;0.227;0.574;0.085;0.02;0.032;0.051;0.093;0.027
28218;0.269;0.159;1.05;0.195;0.173;0.244;0.225;0.576;0.085;0.02;0.029;0.051;0.093;0.029
28219;0.271;0.161;0.784;0.195;0.173;0.247;0.227;0.574;0.085;0.022;0.029;0.051;0.093;0.024
28220;0.271;0.161;0.854;0.195;0.173;0.244;0.229;0.574;0.085;0.02;0.029;0.051;0.09;0.027
28221;0.273;0.156;0.85;0.193;0.173;0.242;0.229;0.574;0.088;0.022;0.029;0.054;0.085;0.024
28222;0.273;0.156;0.669;0.195;0.176;0.244;0.229;0.574;0.088;0.017;0.027;0.049;0.093;0.027
28223;0.276;0.159;0.684;0.195;0.176;0.242;0.227;0.576;0.085;0.022;0.029;0.049;0.088;0.022
28224;0.273;0.159;0.664;0.195;0.176;0.242;0.227;0.574;0.083;0.017;0.029;0.051;0.09;0.027
28225;0.273;0.156;0.669;0.193;0.176;0.242;0.227;0.574;0.085;0.02;0.029;0.054;0.093;0.032
28226;0.276;0.156;0.806;0.195;0.176;0.242;0.229;0.574;0.085;0.02;0.032;0.051;0.088;0.027
28227;0.276;0.154;0.779;0.193;0.176;0.244;0.225;0.571;0.085;0.02;0.029;0.049;0.09;0.027
28228;0.276;0.154;0.679;0.19;0.173;0.242;0.229;0.574;0.085;0.022;0.027;0.051;0.09;0.024
28229;0.281;0.154;0.53;0.19;0.173;0.244;0.229;0.574;0.088;0.022;0.029;0.051;0.09;0.024
28230;0.281;0.154;0.471;0.19;0.173;0.244;0.229;0.574;0.088;0.02;0.032;0.051;0.083;0.022
28231;0.278;0.154;0.813;0.193;0.171;0.244;0.229;0.574;0.085;0.022;0.029;0.051;0.093;0.024
28232;0.281;0.154;0.833;0.193;0.173;0.244;0.229;0.576;0.085;0.02;0.029;0.051;0.09;0.029
28233;0.278;0.154;0.793;0.19;0.168;0.244;0.227;0.574;0.088;0.022;0.027;0.049;0.088;0.027
28234;0.281;0.154;0.671;0.19;0.171;0.244;0.229;0.571;0.085;0.02;0.027;0.051;0.088;0.024
28235;0.281;0.156;0.593;0.19;0.171;0.242;0.227;0.576;0.083;0.022;0.024;0.049;0.088;0.027
28236;0.281;0.156;0.652;0.188;0.168;0.247;0.229;0.574;0.085;0.022;0.027;0.051;0.093;0.029
28237;0.278;0.154;0.718;0.188;0.173;0.244;0.227;0.574;0.083;0.024;0.027;0.051;0.09;0.024
28238;0.281;0.156;0.645;0.188;0.173;0.242;0.229;0.576;0.083;0.022;0.029;0.051;0.088;0.027
28239;0.278;0.156;0.669;0.188;0.171;0.244;0.225;0.571;0.085;0.02;0.029;0.051;0.09;0.027
28240;0.281;0.156;0.681;0.19;0.171;0.242;0.225;0.576;0.083;0.02;0.027;0.051;0.085;0.022
28241;0.281;0.156;0.657;0.188;0.171;0.239;0.227;0.574;0.085;0.024;0.027;0.051;0.09;0.029
28242;0.278;0.156;0.862;0.188;0.168;0.239;0.225;0.576;0.083;0.022;0.027;0.051;0.088;0.029
28243;0.278;0.156;0.82;0.188;0.171;0.239;0.225;0.576;0.085;0.022;0.027;0.049;0.085;0.024
28244;0.281;0.159;0.911;0.188;0.171;0.239;0.225;0.576;0.083;0.02;0.027;0.051;0.09;0.027
28245;0.281;0.159;1.123;0.186;0.171;0.239;0.225;0.576;0.085;0.022;0.024;0.051;0.088;0.027
28246;0.281;0.159;1.128;0.19;0.171;0.239;0.225;0.579;0.081;0.02;0.027;0.051;0.085;0.027
28247;0.278;0.156;1.187;0.186;0.171;0.242;0.225;0.576;0.083;0.022;0.022;0.051;0.088;0.024
28248;0.276;0.159;1.15;0.183;0.171;0.242;0.225;0.579;0.085;0.022;0.024;0.049;0.09;0.027
28249;0.278;0.156;4.998;0.186;0.171;0.242;0.222;0.579;0.083;0.022;0.027;0.051;0.088;0.027
28250;0.278;0.156;4.998;0.188;0.171;0.242;0.222;0.579;0.081;0.02;0.024;0.054;0.09;0.029
28251;0.278;0.156;2.197;0.188;0.173;0.242;0.222;0.579;0.088;0.022;0.024;0.051;0.085;0.02
28252;0.281;0.154;1.169;0.188;0.173;0.242;0.225;0.579;0.083;0.022;0.024;0.051;0.09;0.024
28253;0.281;0.156;0.691;0.186;0.173;0.244;0.22;0.579;0.088;0.022;0.024;0.054;0.09;0.024
28254;0.278;0.159;0.471;0.188;0.173;0.244;0.22;0.581;0.083;0.022;0.027;0.051;0.095;0.032
28255;0.283;0.159;0.369;0.19;0.173;0.242;0.22;0.581;0.085;0.022;0.027;0.049;0.085;0.024
28256;0.278;0.156;0.322;0.19;0.176;0.244;0.222;0.581;0.085;0.024;0.027;0.051;0.093;0.032
28257;0.278;0.156;0.303;0.19;0.173;0.242;0.222;0.579;0.085;0.022;0.024;0.051;0.088;0.029
28258;0.278;0.159;0.303;0.19;0.173;0.239;0.222;0.579;0.085;0.02;0.024;0.051;0.088;0.024
28259;0.278;0.159;0.322;0.188;0.173;0.242;0.225;0.579;0.085;0.022;0.022;0.049;0.093;0.032
28260;0.278;0.159;0.325;0.19;0.176;0.244;0.222;0.581;0.085;0.022;0.027;0.051;0.088;0.022
28261;0.278;0.159;0.325;0.188;0.173;0.239;0.225;0.581;0.088;0.024;0.024;0.049;0.088;0.024
28262;0.278;0.161;0.334;0.19;0.173;0.242;0.222;0.581;0.088;0.02;0.024;0.051;0.09;0.029
28263;0.281;0.156;0.457;0.19;0.173;0.244;0.22;0.576;0.085;0.024;0.027;0.051;0.088;0.024
28264;0.281;0.159;0.53;0.186;0.173;0.242;0.22;0.579;0.088;0.022;0.022;0.051;0.088;0.027
28265;0.283;0.159;0.564;0.188;0.173;0.244;0.217;0.579;0.088;0.027;0.027;0.051;0.088;0.024
28266;0.281;0.161;0.588;0.19;0.173;0.242;0.22;0.579;0.09;0.022;0.024;0.049;0.088;0.027
28267;0.281;0.159;0.593;0.19;0.173;0.242;0.217;0.579;0.083;0.022;0.02;0.051;0.093;0.027
28268;0.281;0.159;0.513;0.19;0.171;0.242;0.22;0.576;0.088;0.024;0.024;0.054;0.09;0.027
28269;0.283;0.161;0.388;0.188;0.171;0.239;0.22;0.579;0.09;0.024;0.024;0.051;0.09;0.024
28270;0.283;0.159;0.354;0.188;0.171;0.239;0.22;0.576;0.088;0.024;0.024;0.054;0.09;0.029
28271;0.283;0.159;0.347;0.19;0.168;0.242;0.22;0.579;0.09;0.022;0.024;0.051;0.09;0.029
28272;0.283;0.161;0.337;0.188;0.171;0.242;0.22;0.576;0.09;0.022;0.022;0.051;0.09;0.024
28273;0.283;0.159;0.334;0.188;0.168;0.239;0.22;0.576;0.093;0.024;0.024;0.049;0.093;0.027
28274;0.283;0.161;0.332;0.188;0.168;0.239;0.22;0.576;0.09;0.022;0.024;0.051;0.09;0.024
28275;0.283;0.161;0.334;0.19;0.168;0.239;0.222;0.576;0.09;0.024;0.022;0.051;0.09;0.032
28276;0.283;0.161;0.344;0.188;0.171;0.239;0.22;0.574;0.09;0.024;0.024;0.051;0.09;0.029
28277;0.283;0.161;0.347;0.19;0.168;0.239;0.222;0.574;0.09;0.02;0.022;0.051;0.09;0.029
28278;0.281;0.164;2.441;0.19;0.168;0.239;0.222;0.571;0.088;0.024;0.022;0.051;0.09;0.024
28279;0.283;0.164;4.998;0.19;0.171;0.239;0.222;0.576;0.088;0.024;0.024;0.051;0.093;0.029
28280;0.283;0.164;4.998;0.193;0.171;0.239;0.222;0.574;0.093;0.024;0.022;0.049;0.09;0.027
28281;0.281;0.164;4.998;0.193;0.171;0.242;0.22;0.571;0.088;0.024;0.022;0.051;0.09;0.024
28282;0.281;0.166;4.998;0.19;0.168;0.242;0.222;0.574;0.09;0.022;0.02;0.051;0.088;0.024
28283;0.281;0.164;4.998;0.193;0.171;0.244;0.22;0.574;0.088;0.02;0.02;0.049;0.088;0.024
28284;0.278;0.164;4.998;0.19;0.173;0.242;0.217;0.574;0.09;0.022;0.022;0.049;0.09;0.024
28285;0.278;0.166;4.998;0.19;0.173;0.239;0.22;0.576;0.09;0.022;0.022;0.049;0.093;0.029
28286;0.278;0.166;4.998;0.188;0.171;0.237;0.222;0.576;0.093;0.022;0.022;0.051;0.09;0.027
28287;0.278;0.166;3.044;0.19;0.171;0.242;0.217;0.574;0.09;0.02;0.02;0.049;0.095;0.027
28288;0.278;0.164;1.743;0.188;0.171;0.237;0.217;0.576;0.09;0.024;0.02;0.051;0.093;0.027
28289;0.278;0.164;1.128;0.19;0.176;0.239;0.217;0.574;0.09;0.02;0.022;0.051;0.093;0.027
28290;0.278;0.166;1.323;0.188;0.173;0.237;0.22;0.579;0.09;0.027;0.022;0.049;0.098;0.032
28291;0.276;0.166;0.977;0.19;0.173;0.239;0.22;0.576;0.093;0.022;0.022;0.049;0.095;0.029
28292;0.273;0.166;0.708;0.19;0.173;0.239;0.22;0.574;0.09;0.022;0.02;0.051;0.093;0.027
28293;0.273;0.166;0.637;0.19;0.173;0.237;0.217;0.576;0.093;0.024;0.022;0.051;0.093;0.027
28294;0.273;0.166;0.52;0.19;0.173;0.237;0.22;0.579;0.09;0.02;0.02;0.051;0.093;0.029
28295;0.276;0.166;0.635;0.19;0.171;0.237;0.22;0.576;0.09;0.022;0.02;0.049;0.093;0.027
28296;0.276;0.168;0.623;0.19;0.173;0.237;0.22;0.576;0.09;0.02;0.022;0.051;0.093;0.024
28297;0.278;0.166;0.53;0.19;0.171;0.237;0.22;0.581;0.09;0.022;0.02;0.051;0.093;0.024
28298;0.276;0.168;0.955;0.188;0.171;0.237;0.22;0.576;0.088;0.022;0.02;0.051;0.09;0.032
28299;0.273;0.168;4.998;0.19;0.173;0.237;0.22;0.579;0.09;0.022;0.022;0.051;0.09;0.024
28300;0.271;0.168;4.998;0.19;0.171;0.234;0.217;0.576;0.093;0.022;0.024;0.049;0.095;0.032
28301;0.271;0.166;4.998;0.188;0.171;0.237;0.22;0.579;0.093;0.022;0.022;0.049;0.093;0.027
28302;0.271;0.168;4.998;0.19;0.171;0.239;0.217;0.579;0.09;0.022;0.02;0.049;0.09;0.024
28303;0.271;0.166;4.998;0.188;0.171;0.239;0.217;0.576;0.093;0.024;0.022;0.049;0.093;0.027
28304;0.271;0.168;4.998;0.188;0.171;0.239;0.217;0.579;0.093;0.02;0.02;0.049;0.093;0.024
28305;0.269;0.168;4.998;0.188;0.171;0.237;0.215;0.579;0.095;0.024;0.024;0.051;0.09;0.027
28306;0.273;0.166;4.998;0.188;0.173;0.242;0.217;0.579;0.093;0.02;0.02;0.049;0.095;0.032
28307;0.271;0.166;4.998;0.188;0.171;0.242;0.217;0.576;0.09;0.022;0.022;0.049;0.09;0.027
28308;0.271;0.168;4.998;0.186;0.171;0.242;0.215;0.576;0.095;0.022;0.02;0.051;0.095;0.027
28309;0.271;0.166;4.998;0.188;0.173;0.237;0.22;0.576;0.09;0.02;0.017;0.049;0.09;0.027
28310;0.271;0.166;4.998;0.188;0.171;0.242;0.217;0.579;0.095;0.02;0.022;0.051;0.09;0.027
28311;0.271;0.166;4.998;0.186;0.173;0.239;0.22;0.579;0.095;0.022;0.022;0.049;0.093;0.029
28312;0.269;0.166;4.998;0.186;0.171;0.242;0.217;0.576;0.095;0.022;0.022;0.049;0.095;0.024
28313;0.271;0.166;4.998;0.183;0.173;0.239;0.22;0.579;0.095;0.022;0.022;0.049;0.09;0.027
28314;0.269;0.166;4.998;0.183;0.171;0.239;0.22;0.576;0.095;0.02;0.02;0.051;0.093;0.029
28315;0.271;0.164;4.998;0.183;0.173;0.237;0.22;0.579;0.095;0.02;0.02;0.049;0.095;0.027
28316;0.269;0.166;4.998;0.181;0.171;0.237;0.222;0.576;0.095;0.02;0.02;0.049;0.093;0.024
28317;0.271;0.166;4.998;0.181;0.171;0.239;0.22;0.579;0.1;0.022;0.022;0.049;0.095;0.029
28318;0.269;0.166;4.998;0.183;0.168;0.237;0.22;0.579;0.093;0.022;0.022;0.049;0.093;0.027
28319;0.269;0.164;4.998;0.181;0.171;0.237;0.217;0.579;0.1;0.022;0.02;0.049;0.095;0.029
28320;0.271;0.166;4.998;0.183;0.171;0.239;0.217;0.579;0.095;0.022;0.022;0.049;0.095;0.027
28321;0.271;0.164;4.998;0.186;0.173;0.239;0.22;0.581;0.098;0.02;0.015;0.046;0.095;0.027
28322;0.271;0.166;4.998;0.183;0.171;0.239;0.215;0.576;0.098;0.02;0.017;0.049;0.095;0.029
28323;0.269;0.164;4.998;0.183;0.171;0.242;0.217;0.579;0.098;0.02;0.02;0.051;0.09;0.024
28324;0.269;0.166;4.998;0.183;0.173;0.242;0.217;0.576;0.1;0.017;0.017;0.049;0.093;0.027
28325;0.271;0.166;4.998;0.186;0.173;0.239;0.215;0.576;0.1;0.022;0.02;0.049;0.095;0.029
28326;0.271;0.164;4.998;0.183;0.176;0.242;0.215;0.576;0.1;0.022;0.022;0.049;0.093;0.024
28327;0.271;0.166;3.335;0.183;0.176;0.239;0.217;0.576;0.1;0.02;0.017;0.049;0.103;0.037
28328;0.271;0.164;2.087;0.186;0.176;0.239;0.217;0.579;0.1;0.02;0.02;0.046;0.093;0.027
28329;0.271;0.166;1.248;0.188;0.173;0.239;0.215;0.576;0.103;0.022;0.02;0.051;0.093;0.024
28330;0.276;0.164;1.204;0.188;0.178;0.242;0.217;0.576;0.1;0.02;0.02;0.051;0.098;0.032
28331;0.271;0.166;0.767;0.188;0.176;0.242;0.217;0.576;0.103;0.02;0.017;0.049;0.095;0.027
28332;0.271;0.164;0.469;0.188;0.176;0.239;0.217;0.576;0.098;0.02;0.02;0.049;0.093;0.024
28333;0.271;0.164;0.276;0.188;0.178;0.242;0.217;0.574;0.103;0.02;0.017;0.049;0.098;0.029
28334;0.273;0.164;0.291;0.188;0.176;0.239;0.217;0.576;0.105;0.022;0.02;0.049;0.095;0.027
28335;0.273;0.164;0.361;0.188;0.176;0.237;0.22;0.576;0.1;0.02;0.017;0.051;0.095;0.029
28336;0.273;0.161;0.378;0.19;0.176;0.242;0.217;0.579;0.105;0.022;0.02;0.049;0.095;0.024
28337;0.273;0.166;0.403;0.193;0.176;0.239;0.22;0.576;0.105;0.02;0.02;0.049;0.095;0.029
28338;0.273;0.166;0.435;0.19;0.176;0.239;0.22;0.576;0.105;0.02;0.02;0.049;0.098;0.029
28339;0.273;0.166;0.383;0.193;0.176;0.237;0.22;0.574;0.103;0.022;0.017;0.049;0.095;0.022
28340;0.273;0.164;0.31;0.19;0.176;0.237;0.222;0.579;0.105;0.017;0.015;0.049;0.095;0.029
28341;0.273;0.166;0.278;0.193;0.173;0.239;0.22;0.579;0.105;0.022;0.017;0.049;0.098;0.027
28342;0.273;0.166;0.288;0.193;0.176;0.237;0.222;0.579;0.105;0.017;0.017;0.049;0.098;0.027
28343;0.273;0.168;0.288;0.193;0.173;0.239;0.22;0.576;0.105;0.022;0.017;0.049;0.098;0.027
28344;0.276;0.166;0.293;0.193;0.173;0.239;0.22;0.581;0.107;0.022;0.02;0.051;0.098;0.027
28345;0.276;0.164;0.291;0.193;0.173;0.239;0.22;0.579;0.105;0.02;0.015;0.054;0.098;0.029
28346;0.273;0.166;0.276;0.193;0.176;0.239;0.217;0.579;0.105;0.017;0.015;0.049;0.095;0.024
28347;0.273;0.166;0.254;0.193;0.173;0.237;0.22;0.579;0.107;0.02;0.02;0.051;0.098;0.024
28348;0.276;0.168;0.249;0.193;0.171;0.239;0.217;0.579;0.107;0.017;0.017;0.049;0.095;0.024
28349;0.273;0.166;0.249;0.193;0.173;0.237;0.217;0.576;0.107;0.022;0.017;0.051;0.103;0.032
28350;0.273;0.166;0.242;0.195;0.173;0.239;0.22;0.576;0.105;0.02;0.015;0.049;0.098;0.024
28351;0.276;0.166;0.232;0.193;0.173;0.239;0.217;0.576;0.107;0.024;0.02;0.049;0.1;0.024
28352;0.273;0.168;0.229;0.195;0.173;0.242;0.217;0.576;0.11;0.022;0.02;0.051;0.103;0.029
28353;0.271;0.168;0.225;0.193;0.176;0.237;0.217;0.576;0.107;0.02;0.017;0.049;0.103;0.029
28354;0.273;0.166;0.215;0.193;0.176;0.242;0.22;0.576;0.112;0.024;0.017;0.051;0.095;0.024
28355;0.271;0.161;0.215;0.193;0.178;0.239;0.215;0.576;0.112;0.022;0.017;0.049;0.1;0.027
28356;0.271;0.164;0.21;0.193;0.173;0.239;0.22;0.576;0.112;0.022;0.02;0.049;0.098;0.027
28357;0.271;0.164;0.212;0.193;0.173;0.242;0.222;0.576;0.11;0.017;0.017;0.051;0.107;0.032
28358;0.273;0.159;0.208;0.19;0.173;0.239;0.22;0.579;0.112;0.022;0.02;0.051;0.1;0.024
28359;0.271;0.161;0.21;0.19;0.176;0.242;0.222;0.574;0.115;0.02;0.017;0.051;0.1;0.024
28360;0.276;0.161;0.21;0.19;0.173;0.242;0.22;0.574;0.115;0.02;0.017;0.051;0.107;0.027
28361;0.273;0.161;0.208;0.19;0.171;0.239;0.225;0.574;0.112;0.02;0.017;0.051;0.105;0.029
28362;0.273;0.156;0.203;0.193;0.171;0.242;0.22;0.576;0.115;0.022;0.017;0.051;0.105;0.024
28363;0.273;0.159;0.208;0.193;0.173;0.239;0.222;0.576;0.11;0.022;0.017;0.051;0.105;0.029
28364;0.273;0.156;0.212;0.19;0.171;0.237;0.222;0.576;0.112;0.02;0.012;0.051;0.105;0.027
28365;0.271;0.156;0.215;0.193;0.173;0.237;0.22;0.574;0.115;0.02;0.017;0.051;0.103;0.024
28366;0.271;0.156;0.217;0.193;0.173;0.234;0.22;0.574;0.117;0.024;0.02;0.049;0.105;0.027
28367;0.273;0.159;0.222;0.19;0.171;0.237;0.22;0.574;0.112;0.017;0.017;0.049;0.105;0.027
28368;0.273;0.156;0.225;0.188;0.168;0.239;0.22;0.574;0.112;0.022;0.015;0.049;0.103;0.024
28369;0.271;0.159;0.22;0.193;0.171;0.234;0.22;0.574;0.117;0.022;0.017;0.049;0.1;0.024
28370;0.273;0.156;0.22;0.188;0.171;0.239;0.22;0.574;0.115;0.024;0.017;0.054;0.107;0.027
28371;0.271;0.156;0.222;0.19;0.171;0.237;0.217;0.576;0.115;0.017;0.015;0.051;0.107;0.027
28372;0.271;0.159;0.227;0.188;0.171;0.237;0.22;0.576;0.117;0.022;0.015;0.049;0.105;0.024
28373;0.273;0.159;0.225;0.19;0.171;0.239;0.217;0.574;0.115;0.022;0.017;0.049;0.11;0.029
28374;0.269;0.156;0.215;0.188;0.168;0.237;0.22;0.576;0.117;0.022;0.017;0.049;0.105;0.024
28375;0.271;0.156;0.22;0.188;0.168;0.234;0.222;0.574;0.117;0.022;0.017;0.051;0.105;0.024
28376;0.271;0.159;0.22;0.188;0.168;0.239;0.217;0.574;0.115;0.022;0.015;0.049;0.112;0.029
28377;0.269;0.159;0.217;0.193;0.171;0.234;0.217;0.576;0.117;0.022;0.017;0.049;0.107;0.027
28378;0.269;0.161;0.21;0.188;0.168;0.237;0.215;0.576;0.115;0.022;0.02;0.049;0.107;0.024
28379;0.273;0.159;0.212;0.188;0.171;0.237;0.212;0.576;0.117;0.022;0.015;0.049;0.112;0.029
28380;0.269;0.161;0.208;0.186;0.168;0.237;0.212;0.574;0.112;0.022;0.017;0.046;0.11;0.027
28381;0.269;0.159;0.205;0.186;0.171;0.239;0.212;0.574;0.115;0.022;0.017;0.051;0.11;0.027
28382;0.273;0.159;0.205;0.186;0.171;0.239;0.212;0.576;0.112;0.022;0.015;0.049;0.112;0.027
28383;0.271;0.156;0.203;0.186;0.168;0.237;0.212;0.576;0.115;0.022;0.015;0.051;0.107;0.022
28384;0.271;0.159;0.203;0.183;0.173;0.242;0.215;0.576;0.115;0.022;0.015;0.051;0.11;0.027
28385;0.273;0.159;0.203;0.183;0.168;0.239;0.21;0.574;0.112;0.022;0.017;0.049;0.11;0.029
28386;0.271;0.159;0.2;0.181;0.166;0.239;0.21;0.574;0.115;0.022;0.017;0.049;0.107;0.024
28387;0.271;0.156;0.198;0.183;0.168;0.239;0.212;0.574;0.115;0.024;0.017;0.051;0.107;0.024
28388;0.276;0.159;0.198;0.186;0.166;0.242;0.21;0.574;0.11;0.022;0.017;0.051;0.112;0.027
28389;0.273;0.156;0.203;0.181;0.166;0.239;0.212;0.574;0.115;0.024;0.02;0.049;0.112;0.029
28390;0.276;0.156;0.2;0.183;0.164;0.239;0.212;0.574;0.112;0.022;0.017;0.049;0.107;0.022
28391;0.273;0.156;0.2;0.183;0.164;0.239;0.215;0.574;0.112;0.024;0.017;0.051;0.11;0.027
28392;0.273;0.156;0.203;0.183;0.164;0.239;0.212;0.574;0.112;0.027;0.017;0.049;0.11;0.027
28393;0.273;0.156;0.205;0.183;0.164;0.237;0.212;0.574;0.112;0.024;0.017;0.051;0.11;0.024
28394;0.276;0.159;0.208;0.186;0.161;0.237;0.215;0.574;0.11;0.022;0.017;0.049;0.107;0.029
28395;0.276;0.159;0.203;0.183;0.166;0.237;0.22;0.574;0.11;0.022;0.017;0.049;0.107;0.024
28396;0.276;0.159;0.208;0.183;0.166;0.239;0.217;0.574;0.112;0.027;0.02;0.051;0.11;0.027
28397;0.273;0.159;0.208;0.183;0.164;0.237;0.217;0.574;0.112;0.024;0.02;0.049;0.107;0.032
28398;0.273;0.156;0.205;0.186;0.166;0.234;0.217;0.574;0.11;0.024;0.017;0.051;0.105;0.024
28399;0.273;0.154;0.21;0.183;0.164;0.237;0.217;0.574;0.11;0.022;0.017;0.049;0.107;0.027
28400;0.273;0.156;0.208;0.183;0.166;0.237;0.217;0.574;0.107;0.024;0.017;0.049;0.11;0.027
28401;0.276;0.159;0.208;0.186;0.166;0.239;0.215;0.571;0.11;0.027;0.017;0.049;0.11;0.029
28402;0.271;0.156;0.203;0.186;0.168;0.239;0.215;0.571;0.112;0.029;0.022;0.049;0.105;0.022
28403;0.273;0.156;0.205;0.186;0.168;0.237;0.215;0.574;0.105;0.024;0.02;0.049;0.11;0.029
28404;0.276;0.156;0.205;0.19;0.168;0.237;0.215;0.571;0.107;0.024;0.02;0.049;0.107;0.027
28405;0.273;0.156;0.205;0.19;0.168;0.234;0.215;0.571;0.11;0.027;0.02;0.051;0.107;0.027
28406;0.273;0.156;0.203;0.188;0.166;0.237;0.215;0.571;0.11;0.027;0.017;0.049;0.107;0.029
28407;0.273;0.156;0.203;0.188;0.166;0.237;0.215;0.571;0.105;0.024;0.017;0.049;0.107;0.024
28408;0.273;0.156;0.203;0.188;0.166;0.237;0.212;0.571;0.107;0.027;0.017;0.049;0.107;0.024
28409;0.273;0.154;0.2;0.188;0.168;0.234;0.215;0.571;0.11;0.024;0.02;0.049;0.107;0.027
28410;0.271;0.154;0.203;0.19;0.166;0.239;0.215;0.571;0.107;0.027;0.022;0.054;0.107;0.029
28411;0.271;0.154;0.198;0.19;0.166;0.237;0.215;0.574;0.105;0.024;0.02;0.049;0.107;0.024
28412;0.273;0.151;0.198;0.19;0.164;0.234;0.217;0.571;0.107;0.024;0.02;0.051;0.105;0.027
28413;0.271;0.151;0.193;0.19;0.164;0.239;0.215;0.569;0.105;0.024;0.022;0.051;0.107;0.024
28414;0.271;0.154;0.195;0.193;0.164;0.237;0.215;0.574;0.107;0.024;0.022;0.051;0.103;0.024
28415;0.271;0.151;0.195;0.19;0.161;0.237;0.215;0.569;0.11;0.024;0.022;0.049;0.105;0.029
28416;0.271;0.151;0.195;0.195;0.161;0.239;0.212;0.569;0.105;0.024;0.02;0.051;0.103;0.022
28417;0.269;0.149;0.195;0.21;0.164;0.237;0.212;0.571;0.105;0.027;0.022;0.051;0.107;0.027
28418;0.266;0.151;0.195;0.222;0.161;0.237;0.215;0.569;0.107;0.027;0.02;0.049;0.105;0.032
28419;0.269;0.149;0.19;0.249;0.161;0.237;0.215;0.574;0.105;0.024;0.02;0.049;0.107;0.024
28420;0.266;0.149;0.193;0.266;0.164;0.237;0.215;0.571;0.107;0.022;0.02;0.051;0.103;0.022
28421;0.269;0.151;0.195;0.273;0.161;0.234;0.215;0.571;0.107;0.024;0.024;0.049;0.103;0.027
28422;0.266;0.149;0.195;0.283;0.161;0.239;0.217;0.574;0.105;0.022;0.022;0.051;0.105;0.024
28423;0.266;0.151;0.198;0.276;0.159;0.237;0.217;0.569;0.107;0.024;0.022;0.051;0.103;0.027
28424;0.264;0.151;0.193;0.281;0.161;0.237;0.217;0.571;0.105;0.024;0.024;0.051;0.11;0.032
28425;0.266;0.149;0.193;0.278;0.161;0.239;0.217;0.569;0.105;0.024;0.022;0.051;0.103;0.024
28426;0.266;0.149;0.195;0.276;0.164;0.237;0.217;0.569;0.107;0.024;0.027;0.051;0.103;0.027
28427;0.266;0.151;0.195;0.269;0.161;0.239;0.215;0.569;0.107;0.024;0.024;0.051;0.105;0.024
28428;0.269;0.151;0.198;0.276;0.164;0.237;0.212;0.569;0.105;0.022;0.022;0.051;0.105;0.029
28429;0.266;0.149;0.198;0.269;0.164;0.239;0.215;0.571;0.105;0.022;0.022;0.051;0.103;0.027
28430;0.269;0.151;0.198;0.269;0.164;0.237;0.21;0.571;0.105;0.022;0.024;0.051;0.103;0.027
28431;0.269;0.151;0.198;0.276;0.164;0.244;0.212;0.571;0.103;0.02;0.022;0.049;0.103;0.022
28432;0.269;0.154;0.2;0.266;0.164;0.242;0.212;0.574;0.105;0.02;0.022;0.046;0.103;0.027
28433;0.271;0.154;0.195;0.266;0.164;0.242;0.212;0.571;0.107;0.02;0.027;0.049;0.103;0.027
28434;0.271;0.154;0.198;0.256;0.164;0.242;0.21;0.571;0.103;0.02;0.024;0.051;0.103;0.029
28435;0.271;0.154;0.195;0.249;0.164;0.242;0.21;0.571;0.105;0.02;0.024;0.049;0.105;0.027
28436;0.273;0.156;0.198;0.244;0.166;0.242;0.21;0.574;0.1;0.02;0.022;0.051;0.105;0.032
28437;0.273;0.154;0.195;0.242;0.166;0.239;0.21;0.574;0.1;0.02;0.027;0.051;0.103;0.027
28438;0.276;0.156;0.198;0.242;0.166;0.242;0.212;0.574;0.103;0.02;0.024;0.049;0.105;0.027
28439;0.273;0.154;0.198;0.244;0.164;0.242;0.212;0.574;0.103;0.02;0.024;0.049;0.1;0.024
28440;0.276;0.156;0.198;0.239;0.164;0.242;0.21;0.574;0.1;0.022;0.027;0.051;0.103;0.027
28441;0.276;0.154;0.198;0.244;0.164;0.239;0.21;0.574;0.1;0.02;0.022;0.051;0.105;0.029
28442;0.276;0.154;0.195;0.242;0.166;0.239;0.215;0.574;0.1;0.02;0.024;0.049;0.103;0.027
28443;0.273;0.154;0.198;0.237;0.166;0.242;0.21;0.574;0.098;0.02;0.022;0.049;0.105;0.029
28444;0.273;0.151;0.198;0.239;0.164;0.239;0.215;0.574;0.098;0.02;0.027;0.051;0.103;0.029
28445;0.273;0.154;0.198;0.234;0.161;0.239;0.212;0.574;0.1;0.02;0.022;0.049;0.105;0.032
28446;0.276;0.151;0.198;0.239;0.164;0.239;0.212;0.574;0.098;0.017;0.024;0.049;0.105;0.032
28447;0.273;0.151;0.198;0.237;0.166;0.242;0.215;0.574;0.098;0.017;0.027;0.049;0.103;0.027
28448;0.276;0.151;0.2;0.244;0.166;0.242;0.212;0.576;0.095;0.017;0.022;0.051;0.105;0.029
28449;0.276;0.151;0.198;0.244;0.166;0.242;0.212;0.576;0.095;0.017;0.022;0.049;0.105;0.027
28450;0.276;0.149;0.203;0.247;0.164;0.242;0.212;0.574;0.095;0.015;0.027;0.051;0.105;0.029
28451;0.276;0.149;0.2;0.249;0.164;0.242;0.21;0.574;0.095;0.017;0.024;0.049;0.105;0.029
28452;0.278;0.149;0.198;0.254;0.166;0.237;0.212;0.574;0.093;0.015;0.02;0.049;0.105;0.027
28453;0.278;0.149;0.205;0.256;0.166;0.239;0.21;0.574;0.095;0.02;0.029;0.049;0.105;0.024
28454;0.281;0.146;0.203;0.264;0.164;0.237;0.212;0.574;0.095;0.017;0.027;0.051;0.107;0.029
28455;0.281;0.149;0.2;0.261;0.164;0.237;0.212;0.574;0.095;0.02;0.022;0.049;0.105;0.029
28456;0.278;0.146;0.2;0.269;0.164;0.239;0.212;0.571;0.095;0.02;0.027;0.051;0.103;0.029
28457;0.278;0.144;0.203;0.269;0.164;0.242;0.212;0.574;0.093;0.017;0.027;0.051;0.105;0.027
28458;0.281;0.144;0.203;0.271;0.161;0.239;0.215;0.574;0.095;0.02;0.029;0.049;0.107;0.029
28459;0.278;0.144;0.203;0.271;0.161;0.242;0.212;0.571;0.095;0.017;0.024;0.049;0.11;0.034
28460;0.278;0.144;0.208;0.271;0.164;0.242;0.212;0.574;0.093;0.017;0.027;0.051;0.103;0.024
28461;0.281;0.142;0.205;0.266;0.164;0.239;0.212;0.571;0.09;0.015;0.027;0.049;0.1;0.027
28462;0.278;0.142;0.205;0.269;0.164;0.239;0.212;0.574;0.093;0.017;0.027;0.051;0.103;0.029
28463;0.278;0.139;0.205;0.266;0.164;0.242;0.212;0.571;0.09;0.02;0.024;0.051;0.103;0.027
28464;0.281;0.142;0.205;0.264;0.164;0.239;0.21;0.571;0.09;0.017;0.027;0.051;0.105;0.029
28465;0.281;0.139;0.205;0.264;0.161;0.242;0.208;0.574;0.09;0.015;0.027;0.049;0.103;0.027
28466;0.278;0.139;0.205;0.261;0.166;0.239;0.21;0.571;0.085;0.017;0.027;0.049;0.1;0.029
28467;0.278;0.139;0.205;0.259;0.166;0.244;0.21;0.571;0.09;0.02;0.029;0.049;0.105;0.027
28468;0.276;0.139;0.205;0.261;0.168;0.239;0.21;0.571;0.088;0.017;0.029;0.049;0.103;0.029
28469;0.278;0.137;0.205;0.259;0.166;0.237;0.21;0.571;0.088;0.017;0.027;0.049;0.103;0.029
28470;0.278;0.139;0.205;0.261;0.164;0.237;0.212;0.569;0.088;0.015;0.027;0.051;0.103;0.029
28471;0.276;0.139;0.205;0.256;0.168;0.239;0.21;0.571;0.083;0.015;0.024;0.049;0.105;0.027
28472;0.278;0.139;0.205;0.261;0.166;0.239;0.208;0.571;0.085;0.017;0.027;0.049;0.103;0.029
28473;0.278;0.142;0.203;0.259;0.166;0.239;0.212;0.571;0.085;0.017;0.027;0.049;0.1;0.024
28474;0.278;0.142;0.205;0.264;0.166;0.239;0.208;0.571;0.083;0.015;0.024;0.051;0.105;0.029
28475;0.278;0.142;0.205;0.264;0.166;0.242;0.208;0.569;0.085;0.02;0.029;0.049;0.1;0.027
28476;0.276;0.142;0.208;0.261;0.166;0.242;0.205;0.569;0.083;0.017;0.027;0.049;0.1;0.024
28477;0.276;0.142;0.208;0.264;0.164;0.242;0.205;0.569;0.083;0.017;0.027;0.049;0.105;0.032
28478;0.276;0.144;0.205;0.269;0.164;0.239;0.203;0.569;0.085;0.02;0.029;0.049;0.103;0.029
28479;0.278;0.142;0.21;0.266;0.168;0.242;0.203;0.569;0.085;0.017;0.027;0.049;0.103;0.029
28480;0.276;0.142;0.205;0.271;0.166;0.239;0.203;0.569;0.083;0.02;0.029;0.049;0.1;0.032
28481;0.278;0.144;0.208;0.271;0.166;0.242;0.205;0.569;0.083;0.02;0.029;0.049;0.1;0.029
28482;0.276;0.142;0.205;0.264;0.166;0.239;0.205;0.569;0.081;0.015;0.027;0.049;0.103;0.027
28483;0.278;0.139;0.203;0.264;0.166;0.237;0.208;0.569;0.081;0.02;0.029;0.049;0.095;0.029
28484;0.278;0.144;0.208;0.264;0.168;0.239;0.205;0.569;0.081;0.017;0.027;0.049;0.098;0.027
28485;0.278;0.142;0.205;0.264;0.168;0.239;0.208;0.569;0.083;0.02;0.029;0.049;0.103;0.032
28486;0.281;0.144;0.205;0.266;0.171;0.237;0.205;0.566;0.081;0.015;0.027;0.049;0.1;0.027
28487;0.278;0.142;0.208;0.261;0.171;0.237;0.205;0.566;0.078;0.017;0.029;0.046;0.1;0.029
28488;0.281;0.144;0.21;0.261;0.171;0.237;0.21;0.571;0.078;0.017;0.029;0.049;0.1;0.027
28489;0.278;0.142;0.21;0.259;0.168;0.239;0.208;0.566;0.076;0.015;0.027;0.049;0.098;0.027
28490;0.278;0.139;0.21;0.259;0.168;0.239;0.205;0.566;0.073;0.01;0.024;0.051;0.098;0.029
28491;0.281;0.144;0.21;0.261;0.171;0.237;0.208;0.569;0.078;0.015;0.029;0.049;0.098;0.027
28492;0.281;0.142;0.21;0.256;0.168;0.239;0.205;0.569;0.078;0.015;0.027;0.049;0.1;0.029
28493;0.283;0.139;0.212;0.256;0.171;0.237;0.205;0.566;0.076;0.015;0.027;0.051;0.098;0.027
28494;0.283;0.139;0.21;0.256;0.171;0.237;0.205;0.566;0.076;0.017;0.027;0.049;0.095;0.024
28495;0.281;0.139;0.21;0.254;0.171;0.239;0.205;0.569;0.076;0.017;0.029;0.049;0.1;0.029
28496;0.283;0.137;0.21;0.256;0.168;0.242;0.205;0.566;0.078;0.015;0.029;0.051;0.1;0.029
28497;0.283;0.137;0.21;0.254;0.171;0.237;0.208;0.569;0.073;0.017;0.027;0.049;0.1;0.027
28498;0.283;0.137;0.212;0.259;0.171;0.242;0.208;0.569;0.078;0.017;0.029;0.049;0.098;0.027
28499;0.286;0.137;0.212;0.254;0.171;0.239;0.208;0.566;0.076;0.017;0.029;0.051;0.098;0.027
28500;0.283;0.134;0.21;0.254;0.173;0.242;0.205;0.566;0.073;0.015;0.027;0.051;0.098;0.027
28501;0.281;0.137;0.21;0.256;0.171;0.239;0.208;0.566;0.076;0.015;0.027;0.049;0.095;0.022
28502;0.283;0.134;0.21;0.256;0.173;0.239;0.205;0.569;0.073;0.015;0.027;0.051;0.1;0.029
28503;0.283;0.137;0.212;0.256;0.171;0.237;0.205;0.566;0.076;0.02;0.029;0.049;0.1;0.027
28504;0.283;0.137;0.212;0.259;0.171;0.237;0.208;0.566;0.078;0.017;0.029;0.051;0.098;0.027
28505;0.283;0.134;0.212;0.256;0.171;0.237;0.208;0.569;0.076;0.017;0.029;0.049;0.098;0.027
28506;0.281;0.137;0.212;0.256;0.168;0.237;0.21;0.566;0.076;0.017;0.027;0.049;0.098;0.029
28507;0.283;0.137;0.212;0.259;0.168;0.234;0.208;0.566;0.073;0.02;0.029;0.049;0.098;0.027
28508;0.283;0.134;0.212;0.256;0.168;0.237;0.205;0.569;0.076;0.017;0.027;0.051;0.098;0.024
28509;0.281;0.134;0.212;0.259;0.168;0.234;0.205;0.569;0.078;0.017;0.029;0.049;0.095;0.024
28510;0.281;0.134;0.215;0.259;0.168;0.234;0.208;0.569;0.076;0.015;0.027;0.049;0.098;0.029
28511;0.281;0.132;0.215;0.259;0.168;0.237;0.205;0.569;0.078;0.017;0.029;0.049;0.1;0.027
28512;0.276;0.134;0.212;0.259;0.171;0.234;0.21;0.569;0.078;0.02;0.029;0.049;0.095;0.027
28513;0.281;0.137;0.215;0.261;0.168;0.237;0.208;0.569;0.076;0.02;0.027;0.049;0.1;0.024
28514;0.281;0.134;0.217;0.261;0.171;0.232;0.21;0.569;0.076;0.015;0.024;0.051;0.1;0.032
28515;0.281;0.137;0.215;0.259;0.171;0.232;0.208;0.566;0.076;0.015;0.027;0.049;0.098;0.024
28516;0.281;0.134;0.217;0.259;0.171;0.237;0.208;0.566;0.076;0.017;0.029;0.046;0.098;0.022
28517;0.283;0.139;0.217;0.259;0.171;0.234;0.21;0.566;0.078;0.017;0.032;0.049;0.095;0.022
28518;0.281;0.134;0.22;0.259;0.171;0.234;0.208;0.566;0.078;0.017;0.027;0.051;0.1;0.029
28519;0.281;0.134;0.215;0.256;0.168;0.234;0.208;0.569;0.076;0.015;0.027;0.049;0.095;0.027
28520;0.278;0.137;0.217;0.259;0.168;0.234;0.208;0.569;0.078;0.015;0.029;0.046;0.105;0.037
28521;0.281;0.134;0.215;0.259;0.171;0.239;0.205;0.569;0.076;0.015;0.029;0.049;0.098;0.027
28522;0.281;0.134;0.215;0.259;0.171;0.237;0.208;0.569;0.076;0.017;0.027;0.051;0.1;0.027
28523;0.278;0.134;0.217;0.259;0.168;0.234;0.205;0.569;0.078;0.015;0.027;0.051;0.095;0.027
28524;0.278;0.134;0.212;0.259;0.168;0.239;0.205;0.569;0.078;0.017;0.029;0.051;0.098;0.027
28525;0.278;0.134;0.215;0.259;0.171;0.239;0.205;0.569;0.081;0.015;0.027;0.049;0.1;0.027
28526;0.278;0.132;0.217;0.259;0.168;0.239;0.208;0.571;0.081;0.017;0.029;0.049;0.098;0.029
28527;0.276;0.132;0.217;0.261;0.171;0.237;0.208;0.569;0.081;0.015;0.029;0.051;0.095;0.022
28528;0.276;0.132;0.215;0.261;0.168;0.239;0.208;0.569;0.083;0.02;0.032;0.049;0.1;0.029
28529;0.273;0.132;0.22;0.264;0.171;0.237;0.208;0.569;0.081;0.012;0.027;0.049;0.098;0.029
28530;0.276;0.132;0.22;0.261;0.171;0.237;0.208;0.569;0.081;0.015;0.027;0.049;0.1;0.029
28531;0.276;0.132;0.215;0.264;0.168;0.237;0.203;0.569;0.081;0.017;0.027;0.049;0.098;0.024
28532;0.273;0.129;0.217;0.261;0.168;0.237;0.208;0.571;0.081;0.012;0.024;0.049;0.095;0.024
28533;0.273;0.129;0.222;0.261;0.168;0.234;0.205;0.569;0.081;0.012;0.024;0.051;0.095;0.027
28534;0.273;0.127;0.217;0.264;0.168;0.234;0.208;0.569;0.083;0.017;0.027;0.051;0.1;0.029
28535;0.273;0.129;0.217;0.261;0.168;0.234;0.208;0.569;0.083;0.012;0.027;0.049;0.093;0.022
28536;0.273;0.129;0.22;0.264;0.171;0.237;0.203;0.571;0.083;0.02;0.027;0.049;0.095;0.024
28537;0.273;0.129;0.22;0.261;0.168;0.234;0.208;0.569;0.085;0.017;0.029;0.049;0.1;0.029
28538;0.273;0.129;0.217;0.261;0.171;0.237;0.21;0.566;0.083;0.015;0.027;0.049;0.093;0.027
28539;0.271;0.127;0.212;0.259;0.171;0.234;0.21;0.564;0.083;0.015;0.024;0.049;0.095;0.027
28540;0.271;0.132;0.217;0.259;0.173;0.237;0.21;0.566;0.083;0.015;0.024;0.049;0.098;0.027
28541;0.273;0.132;0.212;0.259;0.171;0.234;0.21;0.564;0.083;0.015;0.024;0.049;0.093;0.024
28542;0.271;0.132;0.212;0.261;0.171;0.237;0.212;0.564;0.083;0.017;0.027;0.049;0.095;0.024
28543;0.271;0.132;0.212;0.259;0.171;0.234;0.208;0.569;0.083;0.017;0.027;0.049;0.093;0.024
28544;0.271;0.134;0.21;0.259;0.171;0.237;0.208;0.564;0.085;0.015;0.027;0.049;0.093;0.024
28545;0.271;0.134;0.212;0.259;0.171;0.234;0.208;0.566;0.085;0.015;0.024;0.049;0.095;0.027
28546;0.271;0.137;0.215;0.259;0.171;0.237;0.21;0.564;0.085;0.017;0.027;0.051;0.093;0.027
28547;0.269;0.134;0.208;0.256;0.168;0.232;0.205;0.564;0.088;0.017;0.024;0.049;0.095;0.027
28548;0.271;0.134;0.212;0.259;0.168;0.234;0.208;0.566;0.085;0.017;0.024;0.049;0.093;0.027
28549;0.273;0.137;0.21;0.256;0.168;0.234;0.205;0.564;0.088;0.015;0.024;0.049;0.093;0.027
28550;0.273;0.134;0.21;0.259;0.171;0.234;0.208;0.564;0.088;0.017;0.027;0.051;0.093;0.024
28551;0.273;0.134;0.217;0.256;0.168;0.234;0.208;0.564;0.088;0.017;0.024;0.049;0.09;0.024
28552;0.271;0.134;0.21;0.259;0.171;0.232;0.205;0.564;0.088;0.017;0.027;0.054;0.093;0.027
28553;0.273;0.137;0.215;0.259;0.173;0.237;0.208;0.564;0.085;0.017;0.027;0.051;0.093;0.022
28554;0.276;0.137;0.217;0.259;0.171;0.234;0.21;0.564;0.088;0.017;0.027;0.049;0.093;0.024
28555;0.273;0.134;0.215;0.261;0.171;0.234;0.208;0.566;0.088;0.017;0.024;0.049;0.09;0.024
28556;0.273;0.134;0.217;0.259;0.171;0.234;0.208;0.562;0.088;0.017;0.024;0.051;0.095;0.029
28557;0.273;0.134;0.22;0.259;0.173;0.237;0.208;0.564;0.09;0.017;0.024;0.051;0.088;0.027
28558;0.273;0.134;0.232;0.259;0.171;0.234;0.21;0.564;0.088;0.017;0.024;0.049;0.088;0.027
28559;0.273;0.134;0.232;0.256;0.168;0.237;0.208;0.562;0.085;0.017;0.024;0.049;0.09;0.029
28560;0.271;0.134;0.254;0.256;0.173;0.239;0.21;0.562;0.085;0.015;0.027;0.051;0.09;0.027
28561;0.271;0.132;0.337;0.256;0.173;0.234;0.208;0.562;0.085;0.017;0.024;0.049;0.088;0.024
28562;0.271;0.132;0.493;0.254;0.173;0.237;0.205;0.562;0.083;0.015;0.022;0.049;0.088;0.027
28563;0.273;0.129;0.527;0.256;0.171;0.234;0.208;0.564;0.088;0.02;0.022;0.049;0.088;0.024
28564;0.273;0.134;0.767;0.256;0.171;0.234;0.208;0.559;0.085;0.015;0.024;0.049;0.085;0.024
28565;0.273;0.134;0.632;0.256;0.173;0.232;0.208;0.562;0.088;0.017;0.022;0.049;0.088;0.029
28566;0.276;0.134;0.698;0.256;0.173;0.234;0.21;0.564;0.088;0.017;0.022;0.049;0.09;0.024
28567;0.276;0.134;0.623;0.256;0.173;0.237;0.21;0.564;0.085;0.017;0.024;0.049;0.088;0.027
28568;0.276;0.137;0.747;0.259;0.171;0.234;0.21;0.559;0.085;0.02;0.024;0.049;0.088;0.024
28569;0.276;0.134;0.544;0.256;0.173;0.234;0.21;0.562;0.085;0.015;0.022;0.049;0.085;0.024
28570;0.276;0.137;0.657;0.259;0.171;0.234;0.212;0.562;0.083;0.015;0.02;0.049;0.085;0.022
28571;0.278;0.137;0.513;0.261;0.168;0.232;0.212;0.562;0.083;0.017;0.02;0.049;0.088;0.027
28572;0.281;0.137;0.569;0.261;0.168;0.234;0.212;0.562;0.083;0.015;0.022;0.049;0.085;0.024
28573;0.278;0.139;0.481;0.259;0.168;0.234;0.212;0.562;0.083;0.017;0.022;0.051;0.088;0.029
28574;0.278;0.137;0.642;0.261;0.166;0.237;0.212;0.562;0.083;0.015;0.024;0.051;0.085;0.024
28575;0.276;0.137;0.542;0.259;0.166;0.234;0.21;0.564;0.081;0.02;0.02;0.049;0.085;0.024
28576;0.276;0.137;0.657;0.259;0.168;0.237;0.208;0.562;0.081;0.017;0.022;0.049;0.088;0.027
28577;0.276;0.139;0.745;0.259;0.168;0.239;0.21;0.562;0.081;0.02;0.022;0.049;0.09;0.029
28578;0.273;0.137;0.708;0.256;0.168;0.237;0.21;0.562;0.081;0.022;0.022;0.049;0.085;0.029
28579;0.276;0.139;0.623;0.259;0.171;0.239;0.208;0.564;0.081;0.02;0.02;0.049;0.088;0.027
28580;0.276;0.139;0.588;0.259;0.168;0.239;0.208;0.564;0.078;0.02;0.02;0.049;0.085;0.024
28581;0.276;0.137;0.74;0.264;0.168;0.242;0.208;0.562;0.076;0.02;0.022;0.049;0.085;0.027
28582;0.276;0.134;0.618;0.259;0.171;0.239;0.212;0.564;0.081;0.017;0.02;0.049;0.083;0.024
28583;0.276;0.137;0.583;0.264;0.173;0.239;0.21;0.564;0.078;0.017;0.02;0.049;0.09;0.027
28584;0.276;0.137;0.847;0.259;0.171;0.242;0.212;0.564;0.076;0.017;0.022;0.051;0.088;0.027
28585;0.273;0.134;0.667;0.264;0.173;0.239;0.215;0.562;0.078;0.017;0.022;0.049;0.088;0.024
28586;0.271;0.134;0.725;0.261;0.173;0.242;0.215;0.566;0.076;0.02;0.022;0.051;0.088;0.027
28587;0.273;0.134;1.023;0.261;0.171;0.244;0.212;0.569;0.078;0.022;0.022;0.049;0.09;0.027
28588;0.271;0.137;1.211;0.264;0.171;0.239;0.217;0.566;0.078;0.02;0.02;0.051;0.09;0.029
28589;0.271;0.132;1.348;0.264;0.173;0.242;0.215;0.569;0.081;0.02;0.022;0.049;0.085;0.024
28590;0.273;0.134;1.365;0.261;0.173;0.239;0.215;0.566;0.078;0.017;0.022;0.051;0.088;0.027
28591;0.271;0.132;1.389;0.261;0.173;0.242;0.212;0.569;0.076;0.017;0.022;0.049;0.09;0.029
28592;0.271;0.132;1.289;0.261;0.176;0.242;0.212;0.566;0.073;0.02;0.022;0.049;0.09;0.027
28593;0.271;0.132;1.37;0.259;0.173;0.239;0.208;0.569;0.073;0.02;0.02;0.049;0.088;0.027
28594;0.271;0.132;1.448;0.261;0.176;0.242;0.21;0.569;0.078;0.017;0.024;0.049;0.088;0.024
28595;0.271;0.132;1.199;0.256;0.173;0.242;0.21;0.569;0.076;0.02;0.024;0.049;0.088;0.029
28596;0.271;0.132;1.135;0.256;0.173;0.239;0.205;0.566;0.073;0.02;0.022;0.049;0.088;0.024
28597;0.273;0.132;1.345;0.256;0.173;0.244;0.205;0.569;0.073;0.022;0.024;0.049;0.088;0.024
28598;0.276;0.132;1.086;0.256;0.173;0.242;0.208;0.566;0.076;0.022;0.024;0.049;0.09;0.024
28599;0.273;0.132;0.779;0.254;0.171;0.244;0.21;0.566;0.071;0.02;0.022;0.049;0.09;0.027
28600;0.273;0.129;0.764;0.249;0.171;0.242;0.212;0.566;0.073;0.02;0.027;0.051;0.093;0.027
28601;0.273;0.132;0.547;0.251;0.171;0.242;0.215;0.566;0.071;0.022;0.022;0.049;0.085;0.024
28602;0.269;0.129;0.337;0.251;0.171;0.239;0.215;0.566;0.073;0.02;0.024;0.049;0.09;0.027
28603;0.273;0.132;0.254;0.251;0.171;0.244;0.217;0.566;0.071;0.022;0.024;0.049;0.093;0.027
28604;0.271;0.129;0.271;0.251;0.173;0.239;0.222;0.564;0.071;0.02;0.024;0.049;0.093;0.029
28605;0.273;0.129;0.251;0.251;0.171;0.244;0.22;0.564;0.068;0.02;0.024;0.051;0.093;0.029
28606;0.271;0.129;0.247;0.251;0.173;0.242;0.217;0.564;0.071;0.022;0.027;0.051;0.093;0.024
28607;0.273;0.132;0.291;0.251;0.173;0.239;0.22;0.564;0.071;0.022;0.024;0.049;0.088;0.022
28608;0.271;0.132;0.276;0.254;0.173;0.242;0.217;0.566;0.068;0.02;0.024;0.051;0.095;0.029
28609;0.271;0.129;0.266;0.254;0.171;0.244;0.215;0.566;0.068;0.022;0.027;0.049;0.095;0.027
28610;0.271;0.132;0.273;0.256;0.168;0.239;0.215;0.564;0.068;0.022;0.024;0.049;0.09;0.027
28611;0.271;0.132;0.264;0.254;0.171;0.239;0.215;0.564;0.068;0.022;0.027;0.051;0.093;0.029
28612;0.271;0.132;0.264;0.251;0.171;0.242;0.212;0.566;0.068;0.022;0.024;0.049;0.09;0.029
28613;0.271;0.132;0.256;0.254;0.171;0.242;0.21;0.566;0.068;0.022;0.024;0.049;0.093;0.027
28614;0.271;0.132;0.288;0.256;0.171;0.242;0.21;0.564;0.066;0.02;0.024;0.049;0.093;0.027
28615;0.271;0.129;0.291;0.254;0.173;0.244;0.212;0.562;0.066;0.027;0.027;0.049;0.09;0.027
28616;0.271;0.129;0.269;0.256;0.176;0.242;0.21;0.564;0.066;0.022;0.027;0.049;0.095;0.029
28617;0.271;0.129;0.244;0.256;0.173;0.242;0.215;0.564;0.066;0.022;0.029;0.049;0.093;0.027
28618;0.271;0.132;0.227;0.256;0.171;0.242;0.212;0.566;0.066;0.022;0.027;0.051;0.093;0.027
28619;0.273;0.129;0.222;0.256;0.173;0.242;0.215;0.566;0.063;0.022;0.027;0.051;0.093;0.029
28620;0.271;0.129;0.239;0.259;0.171;0.244;0.215;0.564;0.063;0.022;0.027;0.049;0.093;0.029
28621;0.273;0.132;0.237;0.261;0.173;0.244;0.215;0.564;0.061;0.022;0.027;0.049;0.09;0.027
28622;0.273;0.129;0.244;0.259;0.171;0.239;0.215;0.564;0.061;0.02;0.024;0.049;0.093;0.029
28623;0.273;0.129;0.244;0.261;0.171;0.239;0.212;0.564;0.063;0.022;0.027;0.046;0.093;0.027
28624;0.276;0.127;0.261;0.261;0.173;0.242;0.21;0.562;0.063;0.022;0.024;0.046;0.093;0.029
28625;0.273;0.129;0.247;0.261;0.168;0.239;0.21;0.564;0.061;0.022;0.024;0.051;0.09;0.027
28626;0.276;0.129;0.234;0.261;0.173;0.242;0.21;0.564;0.063;0.02;0.024;0.049;0.095;0.029
28627;0.276;0.129;0.237;0.261;0.171;0.239;0.208;0.562;0.059;0.017;0.024;0.049;0.09;0.027
28628;0.276;0.129;0.242;0.264;0.168;0.242;0.208;0.562;0.059;0.022;0.027;0.051;0.093;0.029
28629;0.276;0.127;0.256;0.261;0.171;0.239;0.205;0.564;0.061;0.024;0.024;0.051;0.09;0.024
28630;0.271;0.129;0.261;0.264;0.168;0.239;0.203;0.562;0.059;0.022;0.027;0.049;0.09;0.027
28631;0.271;0.129;0.269;0.264;0.168;0.239;0.203;0.562;0.059;0.022;0.027;0.049;0.09;0.029
28632;0.273;0.129;0.269;0.264;0.168;0.237;0.205;0.564;0.061;0.022;0.027;0.051;0.09;0.027
28633;0.271;0.127;0.266;0.261;0.168;0.237;0.208;0.562;0.056;0.017;0.024;0.049;0.088;0.024
28634;0.269;0.127;0.378;0.264;0.168;0.237;0.21;0.562;0.059;0.022;0.024;0.049;0.09;0.027
28635;0.269;0.127;0.398;0.261;0.171;0.237;0.21;0.562;0.059;0.02;0.024;0.051;0.093;0.029
28636;0.264;0.129;0.452;0.261;0.168;0.237;0.21;0.562;0.059;0.022;0.024;0.049;0.09;0.024
28637;0.264;0.132;0.479;0.261;0.168;0.239;0.215;0.562;0.059;0.022;0.027;0.051;0.093;0.029
28638;0.266;0.129;0.452;0.264;0.166;0.237;0.217;0.562;0.059;0.022;0.027;0.051;0.09;0.027
28639;0.264;0.127;0.442;0.261;0.168;0.239;0.215;0.559;0.059;0.02;0.027;0.051;0.088;0.027
28640;0.266;0.127;0.508;0.261;0.166;0.237;0.217;0.562;0.056;0.02;0.022;0.051;0.095;0.027
28641;0.264;0.132;0.33;0.259;0.168;0.237;0.215;0.562;0.059;0.02;0.024;0.049;0.09;0.027
28642;0.266;0.129;0.447;0.264;0.168;0.237;0.212;0.562;0.059;0.024;0.024;0.049;0.09;0.024
28643;0.264;0.129;0.459;0.264;0.166;0.239;0.215;0.562;0.056;0.02;0.024;0.049;0.09;0.027
28644;0.269;0.129;0.415;0.261;0.166;0.237;0.215;0.562;0.056;0.02;0.024;0.051;0.09;0.029
28645;0.266;0.129;0.413;0.261;0.166;0.237;0.215;0.562;0.056;0.02;0.024;0.049;0.09;0.024
28646;0.264;0.132;0.483;0.261;0.166;0.234;0.212;0.562;0.056;0.02;0.024;0.051;0.09;0.029
28647;0.266;0.132;0.415;0.261;0.166;0.237;0.212;0.559;0.059;0.022;0.024;0.049;0.093;0.027
28648;0.266;0.132;0.474;0.261;0.168;0.237;0.21;0.559;0.056;0.02;0.024;0.051;0.09;0.024
28649;0.269;0.132;0.303;0.261;0.168;0.234;0.212;0.562;0.056;0.022;0.027;0.049;0.09;0.024
28650;0.266;0.129;0.361;0.259;0.164;0.232;0.21;0.562;0.059;0.02;0.024;0.051;0.09;0.024
28651;0.266;0.132;0.312;0.261;0.168;0.237;0.212;0.562;0.061;0.027;0.032;0.051;0.093;0.027
28652;0.269;0.132;0.352;0.256;0.168;0.232;0.208;0.559;0.056;0.02;0.024;0.051;0.088;0.024
28653;0.269;0.132;0.356;0.259;0.166;0.234;0.21;0.559;0.056;0.02;0.024;0.051;0.093;0.027
28654;0.266;0.129;0.322;0.256;0.166;0.239;0.208;0.559;0.054;0.022;0.027;0.049;0.093;0.027
28655;0.266;0.129;0.437;0.261;0.168;0.234;0.21;0.559;0.059;0.024;0.027;0.049;0.09;0.024
28656;0.266;0.132;0.444;0.256;0.164;0.234;0.21;0.559;0.059;0.022;0.024;0.051;0.088;0.024
28657;0.266;0.129;0.491;0.254;0.166;0.234;0.21;0.559;0.059;0.022;0.022;0.049;0.09;0.022
28658;0.269;0.132;0.369;0.256;0.166;0.237;0.212;0.562;0.056;0.022;0.024;0.051;0.093;0.022
28659;0.269;0.134;0.337;0.254;0.166;0.237;0.21;0.559;0.059;0.022;0.022;0.051;0.09;0.024
28660;0.271;0.132;0.391;0.254;0.164;0.234;0.212;0.562;0.061;0.024;0.027;0.051;0.093;0.027
28661;0.271;0.132;0.425;0.256;0.166;0.237;0.21;0.559;0.059;0.022;0.024;0.049;0.09;0.022
28662;0.273;0.134;0.393;0.256;0.164;0.237;0.212;0.564;0.056;0.027;0.024;0.049;0.093;0.027
28663;0.271;0.132;0.376;0.256;0.164;0.237;0.212;0.559;0.059;0.022;0.022;0.051;0.093;0.027
28664;0.271;0.134;0.364;0.256;0.164;0.234;0.21;0.562;0.059;0.022;0.024;0.049;0.088;0.022
28665;0.271;0.129;0.356;0.256;0.164;0.239;0.215;0.562;0.059;0.024;0.024;0.051;0.095;0.024
28666;0.271;0.134;0.334;0.256;0.164;0.232;0.212;0.562;0.061;0.024;0.024;0.051;0.093;0.024
28667;0.276;0.134;0.325;0.256;0.164;0.234;0.212;0.564;0.061;0.022;0.024;0.049;0.093;0.027
28668;0.273;0.132;0.303;0.259;0.164;0.234;0.215;0.562;0.059;0.024;0.024;0.051;0.093;0.029
28669;0.273;0.134;0.32;0.259;0.164;0.234;0.215;0.562;0.061;0.024;0.022;0.049;0.093;0.024
28670;0.276;0.132;0.305;0.259;0.164;0.234;0.212;0.562;0.056;0.022;0.02;0.051;0.093;0.024
28671;0.276;0.134;0.286;0.259;0.166;0.234;0.212;0.564;0.059;0.022;0.022;0.049;0.093;0.027
28672;0.276;0.132;0.283;0.261;0.164;0.234;0.215;0.564;0.063;0.024;0.024;0.049;0.093;0.029
28673;0.273;0.134;0.283;0.259;0.164;0.234;0.212;0.564;0.059;0.024;0.024;0.049;0.09;0.024
28674;0.273;0.137;0.278;0.259;0.166;0.232;0.217;0.562;0.059;0.022;0.024;0.051;0.09;0.024
28675;0.278;0.137;0.269;0.261;0.164;0.234;0.212;0.564;0.059;0.024;0.022;0.049;0.095;0.029
28676;0.276;0.137;0.298;0.259;0.164;0.234;0.215;0.564;0.061;0.022;0.02;0.051;0.095;0.027
28677;0.278;0.137;0.342;0.261;0.164;0.234;0.215;0.564;0.059;0.022;0.024;0.049;0.093;0.027
28678;0.276;0.137;0.369;0.259;0.164;0.234;0.212;0.564;0.059;0.022;0.022;0.049;0.09;0.022
28679;0.276;0.134;0.366;0.261;0.166;0.239;0.212;0.564;0.059;0.02;0.022;0.049;0.095;0.029
28680;0.278;0.137;0.437;0.264;0.164;0.232;0.212;0.564;0.061;0.024;0.024;0.049;0.098;0.029
28681;0.278;0.137;0.383;0.259;0.164;0.237;0.212;0.566;0.059;0.024;0.022;0.051;0.093;0.022
28682;0.278;0.137;0.391;0.259;0.161;0.234;0.212;0.564;0.061;0.022;0.022;0.051;0.093;0.024
28683;0.276;0.137;0.535;0.259;0.161;0.234;0.21;0.566;0.059;0.022;0.022;0.049;0.095;0.029
28684;0.278;0.139;0.522;0.264;0.161;0.234;0.212;0.564;0.061;0.024;0.024;0.049;0.093;0.029
28685;0.278;0.137;0.532;0.259;0.161;0.237;0.215;0.564;0.059;0.024;0.022;0.049;0.095;0.029
28686;0.278;0.137;0.625;0.259;0.164;0.234;0.212;0.564;0.059;0.022;0.024;0.051;0.09;0.024
28687;0.278;0.139;0.508;0.261;0.161;0.237;0.212;0.562;0.059;0.022;0.022;0.049;0.095;0.027
28688;0.278;0.137;0.559;0.259;0.161;0.239;0.215;0.564;0.056;0.02;0.022;0.049;0.09;0.027
28689;0.281;0.139;0.603;0.261;0.161;0.242;0.215;0.564;0.061;0.022;0.024;0.049;0.098;0.027
28690;0.278;0.134;0.554;0.261;0.161;0.239;0.217;0.564;0.061;0.02;0.022;0.049;0.09;0.024
28691;0.281;0.134;0.581;0.264;0.161;0.239;0.215;0.562;0.061;0.022;0.022;0.049;0.095;0.024
28692;0.281;0.134;0.603;0.264;0.161;0.239;0.217;0.564;0.056;0.02;0.022;0.049;0.09;0.024
28693;0.276;0.134;0.498;0.261;0.159;0.239;0.215;0.562;0.059;0.02;0.022;0.049;0.093;0.027
28694;0.278;0.134;0.537;0.264;0.161;0.237;0.215;0.564;0.061;0.017;0.022;0.049;0.093;0.027
28695;0.276;0.134;1.34;0.264;0.161;0.239;0.215;0.562;0.056;0.02;0.022;0.049;0.093;0.024
28696;0.278;0.134;4.998;0.266;0.159;0.237;0.215;0.562;0.061;0.02;0.02;0.051;0.09;0.029
28697;0.278;0.134;4.998;0.264;0.159;0.237;0.215;0.559;0.061;0.017;0.022;0.049;0.093;0.027
28698;0.278;0.129;4.998;0.261;0.159;0.237;0.215;0.562;0.061;0.02;0.024;0.049;0.095;0.029
28699;0.276;0.132;4.998;0.261;0.159;0.234;0.215;0.564;0.059;0.017;0.02;0.051;0.085;0.022
28700;0.278;0.132;4.998;0.264;0.156;0.237;0.215;0.564;0.061;0.017;0.022;0.049;0.09;0.024
28701;0.276;0.134;4.998;0.261;0.159;0.237;0.215;0.562;0.059;0.02;0.022;0.049;0.09;0.027
28702;0.276;0.132;4.998;0.264;0.159;0.239;0.215;0.562;0.063;0.017;0.02;0.049;0.09;0.027
28703;0.276;0.134;4.998;0.259;0.156;0.237;0.215;0.562;0.061;0.02;0.022;0.046;0.093;0.024
28704;0.278;0.134;4.998;0.261;0.156;0.237;0.215;0.562;0.061;0.02;0.02;0.049;0.088;0.024
28705;0.278;0.134;4.998;0.261;0.156;0.239;0.212;0.562;0.061;0.017;0.022;0.049;0.093;0.029
28706;0.278;0.137;4.998;0.261;0.156;0.242;0.21;0.562;0.061;0.02;0.02;0.049;0.088;0.024
28707;0.278;0.137;4.998;0.261;0.159;0.239;0.215;0.562;0.059;0.02;0.02;0.049;0.09;0.027
28708;0.278;0.134;4.998;0.261;0.159;0.242;0.212;0.559;0.066;0.02;0.027;0.051;0.093;0.027
28709;0.281;0.137;4.998;0.261;0.156;0.239;0.215;0.559;0.066;0.02;0.024;0.051;0.088;0.027
28710;0.283;0.134;4.998;0.259;0.156;0.242;0.212;0.559;0.063;0.02;0.022;0.049;0.093;0.029
28711;0.278;0.137;4.998;0.261;0.156;0.242;0.212;0.559;0.066;0.022;0.022;0.049;0.088;0.024
28712;0.281;0.137;4.998;0.259;0.156;0.242;0.212;0.559;0.066;0.02;0.024;0.049;0.085;0.027
28713;0.276;0.137;4.998;0.259;0.159;0.239;0.217;0.562;0.066;0.02;0.022;0.049;0.095;0.034
28714;0.278;0.139;4.998;0.256;0.156;0.239;0.212;0.559;0.066;0.02;0.022;0.051;0.09;0.027
28715;0.281;0.137;4.998;0.259;0.159;0.239;0.215;0.562;0.068;0.02;0.022;0.049;0.088;0.027
28716;0.276;0.137;4.998;0.259;0.159;0.239;0.215;0.562;0.068;0.02;0.024;0.049;0.088;0.027
28717;0.276;0.137;4.998;0.256;0.159;0.242;0.215;0.559;0.066;0.017;0.022;0.051;0.09;0.027
28718;0.276;0.137;4.998;0.256;0.156;0.239;0.215;0.559;0.068;0.02;0.022;0.051;0.085;0.027
28719;0.278;0.134;4.998;0.256;0.159;0.244;0.217;0.562;0.066;0.017;0.022;0.049;0.088;0.029
28720;0.276;0.134;4.998;0.254;0.159;0.244;0.217;0.559;0.071;0.02;0.022;0.051;0.088;0.027
28721;0.276;0.134;4.998;0.256;0.161;0.242;0.217;0.559;0.071;0.02;0.024;0.049;0.085;0.027
28722;0.276;0.137;4.998;0.254;0.164;0.244;0.217;0.559;0.071;0.02;0.022;0.049;0.088;0.022
28723;0.276;0.137;4.998;0.254;0.164;0.244;0.217;0.559;0.071;0.02;0.024;0.049;0.088;0.029
28724;0.276;0.137;4.998;0.251;0.161;0.242;0.217;0.559;0.073;0.02;0.022;0.051;0.085;0.024
28725;0.278;0.134;4.998;0.254;0.161;0.242;0.217;0.559;0.073;0.022;0.024;0.049;0.088;0.027
28726;0.276;0.137;4.998;0.254;0.159;0.244;0.217;0.559;0.076;0.02;0.024;0.049;0.088;0.027
28727;0.278;0.137;4.998;0.251;0.159;0.244;0.217;0.559;0.076;0.022;0.022;0.049;0.083;0.024
28728;0.281;0.137;4.998;0.251;0.159;0.244;0.217;0.559;0.076;0.022;0.027;0.049;0.088;0.027
28729;0.278;0.134;4.998;0.249;0.156;0.242;0.217;0.559;0.073;0.02;0.02;0.051;0.085;0.024
28730;0.276;0.137;4.998;0.251;0.156;0.242;0.217;0.562;0.078;0.02;0.022;0.051;0.085;0.024
28731;0.276;0.134;4.998;0.249;0.159;0.244;0.215;0.562;0.076;0.022;0.024;0.049;0.088;0.024
28732;0.276;0.134;4.998;0.249;0.159;0.242;0.215;0.562;0.076;0.017;0.02;0.049;0.083;0.024
28733;0.278;0.134;4.998;0.249;0.159;0.239;0.217;0.559;0.078;0.022;0.024;0.054;0.088;0.027
28734;0.278;0.134;4.998;0.249;0.159;0.242;0.212;0.562;0.078;0.02;0.024;0.051;0.088;0.027
28735;0.276;0.134;4.998;0.244;0.159;0.242;0.215;0.562;0.078;0.022;0.024;0.049;0.085;0.024
28736;0.276;0.134;4.998;0.247;0.161;0.242;0.217;0.559;0.081;0.02;0.022;0.049;0.083;0.024
28737;0.276;0.134;4.998;0.247;0.161;0.242;0.217;0.559;0.078;0.02;0.022;0.049;0.078;0.017
28738;0.276;0.137;4.998;0.244;0.159;0.242;0.217;0.557;0.081;0.022;0.024;0.049;0.088;0.029
28739;0.276;0.134;4.998;0.244;0.161;0.242;0.215;0.559;0.081;0.02;0.024;0.051;0.088;0.024
28740;0.273;0.134;4.998;0.247;0.159;0.242;0.217;0.559;0.081;0.02;0.027;0.051;0.085;0.024
28741;0.276;0.134;4.998;0.249;0.156;0.242;0.215;0.559;0.083;0.02;0.027;0.049;0.085;0.027
28742;0.273;0.137;4.998;0.249;0.159;0.247;0.215;0.557;0.085;0.02;0.027;0.051;0.085;0.024
28743;0.273;0.137;4.998;0.249;0.159;0.242;0.215;0.562;0.085;0.022;0.027;0.049;0.085;0.027
28744;0.273;0.139;4.998;0.251;0.161;0.244;0.215;0.559;0.083;0.02;0.024;0.049;0.085;0.024
28745;0.273;0.139;4.998;0.251;0.159;0.244;0.215;0.559;0.083;0.02;0.024;0.049;0.088;0.029
28746;0.271;0.139;4.998;0.251;0.161;0.244;0.212;0.559;0.085;0.022;0.027;0.051;0.085;0.024
28747;0.271;0.137;4.998;0.251;0.159;0.242;0.215;0.562;0.09;0.02;0.024;0.051;0.083;0.024
28748;0.273;0.139;4.998;0.251;0.161;0.244;0.215;0.559;0.085;0.017;0.022;0.049;0.083;0.024
28749;0.271;0.139;4.998;0.254;0.161;0.242;0.212;0.559;0.09;0.02;0.027;0.049;0.083;0.024
28750;0.269;0.139;4.998;0.251;0.164;0.242;0.215;0.559;0.093;0.02;0.027;0.049;0.085;0.027
28751;0.269;0.139;4.998;0.251;0.164;0.242;0.212;0.562;0.093;0.024;0.029;0.049;0.085;0.027
28752;0.269;0.142;4.998;0.254;0.164;0.239;0.212;0.559;0.09;0.017;0.027;0.051;0.085;0.024
28753;0.269;0.139;4.998;0.249;0.161;0.239;0.21;0.559;0.09;0.02;0.027;0.049;0.083;0.027
28754;0.271;0.139;4.998;0.249;0.156;0.237;0.215;0.557;0.093;0.017;0.027;0.051;0.083;0.024
28755;0.273;0.137;3.923;0.251;0.156;0.242;0.21;0.557;0.09;0.02;0.027;0.051;0.085;0.027
28756;0.271;0.139;1.97;0.251;0.156;0.237;0.212;0.559;0.093;0.02;0.027;0.049;0.083;0.024
28757;0.269;0.137;1.055;0.251;0.156;0.239;0.21;0.557;0.09;0.015;0.027;0.051;0.081;0.027
28758;0.269;0.137;0.625;0.251;0.154;0.237;0.21;0.557;0.095;0.02;0.027;0.049;0.085;0.029
28759;0.269;0.137;0.415;0.251;0.156;0.237;0.21;0.554;0.098;0.017;0.024;0.049;0.081;0.024
28760;0.269;0.134;0.315;0.249;0.156;0.239;0.21;0.557;0.095;0.02;0.027;0.051;0.085;0.029
28761;0.269;0.139;0.278;0.247;0.156;0.234;0.212;0.557;0.098;0.017;0.024;0.051;0.085;0.029
28762;0.269;0.137;0.261;0.247;0.156;0.237;0.21;0.554;0.095;0.02;0.027;0.051;0.078;0.027
28763;0.269;0.137;0.251;0.244;0.156;0.239;0.21;0.559;0.098;0.017;0.024;0.049;0.083;0.032
28764;0.269;0.137;0.254;0.244;0.154;0.237;0.212;0.559;0.098;0.017;0.027;0.049;0.081;0.027
28765;0.269;0.137;0.251;0.247;0.156;0.237;0.21;0.557;0.1;0.02;0.024;0.049;0.081;0.022
28766;0.271;0.137;0.242;0.244;0.156;0.234;0.208;0.557;0.103;0.02;0.029;0.051;0.083;0.029
28767;0.269;0.139;0.244;0.244;0.159;0.234;0.21;0.557;0.1;0.02;0.024;0.049;0.083;0.027
28768;0.269;0.137;0.239;0.242;0.159;0.237;0.212;0.557;0.1;0.02;0.024;0.046;0.078;0.029
28769;0.269;0.137;0.227;0.242;0.159;0.237;0.212;0.559;0.1;0.015;0.024;0.049;0.076;0.024
28770;0.269;0.134;0.237;0.242;0.159;0.237;0.212;0.559;0.103;0.02;0.027;0.049;0.085;0.027
28771;0.266;0.137;0.334;0.242;0.159;0.239;0.212;0.557;0.1;0.017;0.027;0.049;0.081;0.027
28772;0.266;0.137;0.327;0.242;0.159;0.239;0.212;0.557;0.105;0.015;0.024;0.049;0.078;0.024
28773;0.269;0.139;0.344;0.244;0.159;0.239;0.215;0.557;0.1;0.015;0.022;0.049;0.081;0.029
28774;0.269;0.137;0.278;0.244;0.161;0.242;0.21;0.554;0.1;0.015;0.024;0.049;0.083;0.029
28775;0.266;0.137;0.249;0.242;0.161;0.239;0.21;0.557;0.1;0.015;0.024;0.049;0.085;0.032
28776;0.269;0.139;0.251;0.242;0.161;0.237;0.21;0.559;0.1;0.015;0.024;0.049;0.078;0.027
28777;0.266;0.139;0.249;0.242;0.159;0.239;0.21;0.554;0.103;0.02;0.024;0.051;0.081;0.027
28778;0.266;0.139;0.256;0.242;0.164;0.239;0.21;0.559;0.103;0.017;0.027;0.049;0.081;0.027
28779;0.266;0.139;0.256;0.242;0.161;0.239;0.21;0.557;0.103;0.017;0.027;0.049;0.078;0.024
28780;0.266;0.137;0.249;0.242;0.164;0.239;0.21;0.559;0.103;0.017;0.024;0.051;0.081;0.027
28781;0.264;0.139;0.254;0.242;0.164;0.239;0.21;0.557;0.103;0.015;0.022;0.046;0.078;0.027
28782;0.264;0.142;0.242;0.242;0.161;0.239;0.205;0.559;0.103;0.017;0.027;0.049;0.081;0.029
28783;0.264;0.139;0.244;0.242;0.159;0.237;0.208;0.559;0.103;0.02;0.024;0.049;0.078;0.024
28784;0.264;0.139;0.232;0.242;0.164;0.239;0.21;0.557;0.103;0.02;0.024;0.051;0.081;0.029
28785;0.266;0.142;0.234;0.239;0.161;0.242;0.21;0.559;0.105;0.017;0.024;0.049;0.078;0.027
28786;0.266;0.142;0.239;0.244;0.161;0.237;0.21;0.559;0.103;0.017;0.024;0.051;0.078;0.027
28787;0.264;0.142;0.234;0.242;0.164;0.237;0.215;0.557;0.103;0.017;0.027;0.049;0.076;0.024
28788;0.266;0.142;0.234;0.239;0.164;0.239;0.212;0.557;0.103;0.017;0.024;0.046;0.083;0.029
28789;0.266;0.144;0.232;0.239;0.161;0.237;0.212;0.559;0.105;0.017;0.024;0.051;0.078;0.024
28790;0.266;0.144;0.229;0.242;0.164;0.237;0.212;0.557;0.103;0.017;0.024;0.049;0.078;0.027
28791;0.266;0.144;0.227;0.242;0.161;0.237;0.21;0.559;0.105;0.017;0.022;0.051;0.076;0.024
28792;0.266;0.142;0.227;0.242;0.164;0.237;0.21;0.557;0.1;0.017;0.024;0.049;0.076;0.024
28793;0.264;0.144;0.225;0.242;0.164;0.234;0.21;0.559;0.103;0.02;0.022;0.051;0.078;0.024
28794;0.266;0.146;0.225;0.244;0.164;0.237;0.21;0.557;0.103;0.02;0.022;0.046;0.081;0.027
28795;0.269;0.146;0.227;0.244;0.161;0.234;0.21;0.557;0.105;0.017;0.024;0.049;0.073;0.027
28796;0.269;0.144;0.225;0.247;0.161;0.234;0.208;0.559;0.103;0.017;0.022;0.049;0.078;0.027
28797;0.266;0.144;0.222;0.249;0.161;0.237;0.205;0.562;0.103;0.02;0.022;0.049;0.076;0.027
28798;0.266;0.146;0.225;0.249;0.161;0.234;0.21;0.557;0.103;0.02;0.024;0.049;0.076;0.027
28799;0.266;0.144;0.217;0.249;0.164;0.232;0.208;0.559;0.103;0.02;0.022;0.049;0.078;0.024
28800;0.266;0.144;0.22;0.249;0.161;0.237;0.208;0.559;0.1;0.02;0.022;0.049;0.076;0.024
28801;0.264;0.144;0.222;0.249;0.161;0.234;0.208;0.562;0.1;0.02;0.024;0.051;0.078;0.024
28802;0.266;0.144;0.212;0.249;0.161;0.237;0.208;0.559;0.103;0.02;0.024;0.051;0.073;0.02
28803;0.266;0.142;0.21;0.249;0.161;0.237;0.212;0.559;0.103;0.02;0.022;0.051;0.076;0.027
28804;0.264;0.144;0.215;0.249;0.161;0.239;0.212;0.559;0.1;0.017;0.022;0.046;0.078;0.027
28805;0.264;0.142;0.212;0.249;0.161;0.239;0.215;0.559;0.098;0.017;0.022;0.049;0.078;0.027
28806;0.264;0.142;0.21;0.249;0.161;0.239;0.212;0.559;0.1;0.02;0.022;0.051;0.076;0.024
28807;0.264;0.144;0.21;0.251;0.164;0.239;0.212;0.559;0.1;0.017;0.02;0.049;0.078;0.024
28808;0.266;0.144;0.22;0.249;0.161;0.234;0.212;0.559;0.098;0.022;0.022;0.046;0.076;0.029
28809;0.264;0.144;0.217;0.249;0.164;0.237;0.21;0.559;0.098;0.02;0.02;0.051;0.078;0.022
28810;0.264;0.144;0.217;0.249;0.164;0.237;0.21;0.559;0.098;0.02;0.022;0.051;0.073;0.024
28811;0.266;0.144;0.227;0.247;0.161;0.237;0.21;0.559;0.103;0.017;0.022;0.049;0.076;0.027
28812;0.264;0.144;0.222;0.249;0.159;0.234;0.208;0.557;0.095;0.02;0.022;0.049;0.078;0.027
28813;0.264;0.144;0.22;0.247;0.164;0.237;0.21;0.559;0.098;0.02;0.022;0.049;0.078;0.029
28814;0.266;0.144;0.22;0.247;0.164;0.237;0.208;0.562;0.098;0.022;0.022;0.049;0.076;0.027
28815;0.266;0.142;0.21;0.249;0.161;0.239;0.208;0.559;0.098;0.017;0.022;0.049;0.076;0.029
28816;0.266;0.142;0.198;0.244;0.161;0.234;0.208;0.559;0.095;0.022;0.022;0.051;0.078;0.027
28817;0.264;0.144;0.2;0.244;0.161;0.239;0.208;0.559;0.095;0.017;0.017;0.049;0.076;0.024
28818;0.264;0.146;0.195;0.244;0.161;0.237;0.205;0.559;0.093;0.017;0.022;0.049;0.076;0.027
28819;0.264;0.146;0.195;0.242;0.164;0.239;0.21;0.559;0.095;0.02;0.022;0.049;0.078;0.029
28820;0.264;0.144;0.195;0.244;0.161;0.237;0.205;0.559;0.093;0.02;0.02;0.049;0.078;0.027
28821;0.264;0.142;0.193;0.239;0.161;0.237;0.205;0.559;0.095;0.022;0.024;0.049;0.076;0.029
28822;0.264;0.144;0.193;0.244;0.164;0.237;0.208;0.559;0.093;0.022;0.022;0.049;0.078;0.027
28823;0.264;0.146;0.19;0.242;0.164;0.237;0.21;0.559;0.09;0.02;0.022;0.049;0.076;0.027
28824;0.266;0.144;0.19;0.244;0.164;0.239;0.208;0.557;0.093;0.02;0.022;0.049;0.076;0.024
28825;0.264;0.144;0.19;0.242;0.166;0.237;0.208;0.557;0.09;0.022;0.022;0.049;0.073;0.024
28826;0.264;0.146;0.19;0.244;0.164;0.234;0.21;0.557;0.093;0.022;0.024;0.049;0.073;0.024
28827;0.264;0.146;0.19;0.247;0.166;0.242;0.208;0.557;0.088;0.017;0.022;0.049;0.076;0.027
28828;0.264;0.144;0.188;0.249;0.164;0.242;0.208;0.554;0.088;0.017;0.022;0.049;0.076;0.027
28829;0.264;0.142;0.188;0.244;0.164;0.239;0.208;0.554;0.088;0.02;0.017;0.049;0.076;0.029
28830;0.266;0.142;0.186;0.249;0.164;0.239;0.21;0.554;0.085;0.017;0.02;0.049;0.076;0.027
28831;0.264;0.142;0.186;0.249;0.164;0.242;0.208;0.557;0.085;0.02;0.02;0.049;0.076;0.027
28832;0.264;0.144;0.183;0.249;0.164;0.239;0.208;0.559;0.088;0.02;0.022;0.049;0.076;0.029
28833;0.269;0.144;0.19;0.251;0.164;0.239;0.21;0.554;0.085;0.02;0.02;0.049;0.073;0.024
28834;0.266;0.142;0.186;0.251;0.164;0.237;0.21;0.554;0.085;0.017;0.02;0.049;0.073;0.027
28835;0.264;0.144;0.183;0.249;0.161;0.239;0.21;0.554;0.085;0.02;0.02;0.049;0.076;0.024
28836;0.264;0.142;0.183;0.251;0.164;0.237;0.21;0.554;0.088;0.02;0.022;0.049;0.073;0.027
28837;0.264;0.139;0.183;0.247;0.161;0.239;0.208;0.552;0.085;0.024;0.024;0.049;0.076;0.029
28838;0.266;0.142;0.186;0.249;0.166;0.239;0.21;0.552;0.083;0.02;0.022;0.049;0.076;0.027
28839;0.266;0.139;0.183;0.249;0.166;0.242;0.208;0.552;0.088;0.017;0.02;0.049;0.073;0.024
28840;0.266;0.142;0.183;0.249;0.164;0.242;0.208;0.552;0.085;0.022;0.022;0.049;0.076;0.032
28841;0.266;0.139;0.183;0.251;0.164;0.242;0.208;0.552;0.085;0.017;0.022;0.049;0.073;0.029
28842;0.264;0.142;0.186;0.249;0.164;0.239;0.21;0.554;0.088;0.02;0.022;0.051;0.073;0.024
28843;0.264;0.139;0.178;0.251;0.164;0.239;0.21;0.554;0.085;0.02;0.022;0.049;0.076;0.027
28844;0.266;0.137;0.183;0.249;0.166;0.239;0.21;0.552;0.088;0.024;0.024;0.051;0.076;0.029
28845;0.264;0.139;0.183;0.249;0.164;0.237;0.208;0.552;0.088;0.02;0.024;0.049;0.076;0.027
28846;0.266;0.139;0.183;0.251;0.164;0.237;0.208;0.554;0.081;0.02;0.02;0.049;0.071;0.024
28847;0.264;0.139;0.181;0.251;0.164;0.239;0.205;0.552;0.083;0.022;0.022;0.051;0.073;0.027
28848;0.264;0.142;0.181;0.251;0.164;0.239;0.205;0.554;0.083;0.02;0.017;0.049;0.073;0.027
28849;0.264;0.142;0.181;0.251;0.164;0.239;0.205;0.554;0.085;0.02;0.017;0.049;0.073;0.029
28850;0.264;0.142;0.178;0.249;0.161;0.239;0.205;0.554;0.081;0.022;0.02;0.049;0.073;0.029
28851;0.264;0.139;0.183;0.247;0.164;0.237;0.205;0.554;0.085;0.022;0.024;0.049;0.071;0.024
28852;0.264;0.142;0.178;0.249;0.166;0.239;0.205;0.554;0.083;0.022;0.017;0.049;0.071;0.027
28853;0.261;0.139;0.181;0.251;0.166;0.239;0.205;0.554;0.085;0.02;0.02;0.049;0.071;0.029
28854;0.264;0.142;0.181;0.249;0.164;0.237;0.208;0.554;0.088;0.027;0.024;0.049;0.071;0.027
28855;0.261;0.139;0.178;0.251;0.164;0.237;0.205;0.554;0.085;0.022;0.02;0.049;0.073;0.032
28856;0.261;0.139;0.178;0.249;0.166;0.239;0.203;0.554;0.085;0.02;0.02;0.049;0.071;0.029
28857;0.261;0.139;0.178;0.251;0.166;0.239;0.208;0.557;0.085;0.02;0.02;0.051;0.068;0.029
28858;0.261;0.142;0.176;0.249;0.166;0.237;0.208;0.554;0.083;0.022;0.017;0.049;0.068;0.024
28859;0.259;0.142;0.176;0.251;0.166;0.237;0.205;0.554;0.085;0.022;0.02;0.049;0.071;0.027
28860;0.259;0.142;0.178;0.251;0.166;0.237;0.203;0.557;0.085;0.022;0.02;0.051;0.068;0.027
28861;0.261;0.144;0.176;0.249;0.166;0.239;0.208;0.557;0.09;0.022;0.022;0.049;0.071;0.029
28862;0.259;0.142;0.178;0.251;0.166;0.239;0.205;0.559;0.085;0.02;0.02;0.051;0.068;0.027
28863;0.259;0.142;0.176;0.251;0.166;0.239;0.205;0.557;0.085;0.022;0.02;0.049;0.068;0.029
28864;0.259;0.142;0.178;0.251;0.166;0.239;0.208;0.554;0.083;0.022;0.02;0.049;0.073;0.032
28865;0.259;0.142;0.176;0.251;0.168;0.239;0.208;0.554;0.088;0.024;0.02;0.049;0.066;0.027
28866;0.259;0.144;0.176;0.254;0.166;0.239;0.205;0.554;0.085;0.022;0.02;0.046;0.068;0.029
28867;0.259;0.142;0.173;0.251;0.168;0.239;0.208;0.557;0.088;0.02;0.02;0.049;0.068;0.024
28868;0.259;0.142;0.173;0.251;0.168;0.239;0.205;0.554;0.088;0.022;0.022;0.051;0.071;0.027
28869;0.259;0.142;0.176;0.251;0.168;0.239;0.208;0.559;0.085;0.02;0.02;0.046;0.076;0.032
28870;0.261;0.142;0.176;0.251;0.168;0.239;0.205;0.557;0.088;0.024;0.02;0.049;0.068;0.027
28871;0.259;0.142;0.176;0.251;0.168;0.242;0.205;0.557;0.085;0.02;0.02;0.051;0.071;0.029
28872;0.261;0.142;0.181;0.254;0.166;0.237;0.205;0.559;0.09;0.022;0.02;0.049;0.071;0.027
28873;0.261;0.144;0.178;0.251;0.168;0.237;0.205;0.557;0.093;0.022;0.02;0.046;0.068;0.029
28874;0.259;0.142;0.178;0.251;0.164;0.239;0.205;0.559;0.09;0.024;0.022;0.051;0.071;0.027
28875;0.264;0.142;0.181;0.251;0.168;0.239;0.203;0.559;0.09;0.022;0.022;0.049;0.068;0.029
28876;0.261;0.144;0.181;0.251;0.166;0.239;0.205;0.559;0.09;0.024;0.02;0.049;0.068;0.027
28877;0.261;0.142;0.178;0.247;0.168;0.239;0.203;0.559;0.09;0.022;0.02;0.049;0.071;0.029
28878;0.261;0.142;0.181;0.249;0.168;0.239;0.205;0.559;0.09;0.022;0.02;0.049;0.068;0.027
28879;0.261;0.142;0.181;0.249;0.171;0.237;0.203;0.559;0.09;0.022;0.02;0.049;0.068;0.029
28880;0.259;0.142;0.181;0.249;0.168;0.239;0.205;0.559;0.093;0.022;0.022;0.049;0.071;0.027
28881;0.264;0.142;0.183;0.247;0.168;0.239;0.203;0.557;0.093;0.022;0.022;0.049;0.066;0.027
28882;0.261;0.142;0.178;0.247;0.166;0.239;0.203;0.559;0.093;0.022;0.022;0.049;0.071;0.027
28883;0.261;0.142;0.183;0.247;0.166;0.237;0.205;0.559;0.093;0.017;0.022;0.049;0.066;0.024
28884;0.261;0.142;0.183;0.249;0.168;0.239;0.205;0.559;0.093;0.024;0.02;0.049;0.063;0.029
28885;0.259;0.139;0.181;0.247;0.166;0.239;0.205;0.559;0.095;0.022;0.02;0.049;0.066;0.029
28886;0.261;0.142;0.186;0.249;0.166;0.237;0.205;0.562;0.095;0.02;0.02;0.049;0.068;0.027
28887;0.261;0.142;0.181;0.249;0.168;0.237;0.205;0.559;0.093;0.022;0.022;0.046;0.066;0.024
28888;0.264;0.139;0.178;0.249;0.164;0.237;0.208;0.557;0.095;0.022;0.02;0.051;0.066;0.029
28889;0.264;0.139;0.176;0.249;0.166;0.237;0.208;0.559;0.098;0.022;0.02;0.049;0.066;0.027
28890;0.264;0.139;0.176;0.249;0.166;0.239;0.205;0.559;0.1;0.024;0.022;0.049;0.066;0.027
28891;0.264;0.139;0.173;0.249;0.166;0.237;0.205;0.554;0.098;0.02;0.017;0.049;0.068;0.029
28892;0.261;0.137;0.173;0.249;0.166;0.237;0.21;0.559;0.1;0.022;0.022;0.054;0.066;0.024
28893;0.264;0.137;0.171;0.249;0.166;0.237;0.205;0.559;0.1;0.022;0.022;0.049;0.068;0.024
28894;0.264;0.142;0.173;0.249;0.166;0.234;0.203;0.557;0.105;0.024;0.02;0.051;0.068;0.027
28895;0.264;0.139;0.171;0.249;0.164;0.237;0.2;0.557;0.103;0.022;0.022;0.046;0.068;0.024
28896;0.264;0.137;0.173;0.251;0.166;0.229;0.203;0.557;0.103;0.024;0.017;0.049;0.066;0.027
28897;0.264;0.137;0.171;0.249;0.161;0.234;0.203;0.559;0.105;0.022;0.02;0.049;0.066;0.024
28898;0.264;0.137;0.173;0.247;0.164;0.237;0.203;0.557;0.105;0.024;0.022;0.049;0.066;0.027
28899;0.266;0.139;0.173;0.247;0.166;0.234;0.205;0.557;0.107;0.022;0.02;0.051;0.066;0.027
28900;0.266;0.139;0.171;0.247;0.164;0.234;0.2;0.554;0.105;0.02;0.015;0.051;0.063;0.027
28901;0.264;0.137;0.173;0.247;0.166;0.234;0.203;0.557;0.107;0.024;0.02;0.051;0.063;0.024
28902;0.264;0.139;0.173;0.247;0.166;0.234;0.203;0.552;0.112;0.027;0.022;0.046;0.066;0.024
28903;0.264;0.139;0.171;0.244;0.164;0.234;0.203;0.554;0.107;0.024;0.02;0.051;0.066;0.027
28904;0.264;0.137;0.173;0.244;0.164;0.234;0.203;0.554;0.11;0.027;0.022;0.051;0.063;0.027
28905;0.264;0.139;0.171;0.244;0.166;0.234;0.203;0.557;0.11;0.022;0.022;0.051;0.066;0.027
28906;0.261;0.139;0.176;0.242;0.164;0.234;0.205;0.554;0.11;0.022;0.02;0.051;0.071;0.034
28907;0.261;0.139;0.173;0.244;0.164;0.234;0.205;0.554;0.112;0.024;0.022;0.051;0.066;0.027
28908;0.261;0.137;0.176;0.242;0.161;0.232;0.205;0.552;0.112;0.024;0.022;0.049;0.063;0.029
28909;0.264;0.139;0.173;0.244;0.164;0.234;0.208;0.554;0.115;0.022;0.024;0.051;0.063;0.027
28910;0.259;0.137;0.176;0.242;0.166;0.232;0.208;0.552;0.112;0.024;0.02;0.049;0.063;0.024
28911;0.261;0.137;0.176;0.242;0.164;0.232;0.205;0.552;0.115;0.024;0.022;0.051;0.066;0.027
28912;0.259;0.137;0.173;0.244;0.164;0.232;0.205;0.554;0.115;0.024;0.022;0.051;0.061;0.024
28913;0.259;0.137;0.176;0.242;0.164;0.232;0.205;0.552;0.115;0.022;0.02;0.049;0.063;0.027
28914;0.259;0.137;0.176;0.242;0.161;0.229;0.205;0.552;0.112;0.022;0.017;0.049;0.061;0.024
28915;0.259;0.137;0.176;0.242;0.168;0.229;0.203;0.552;0.115;0.024;0.022;0.049;0.063;0.024
28916;0.256;0.137;0.173;0.239;0.164;0.232;0.205;0.554;0.112;0.024;0.017;0.049;0.063;0.027
28917;0.259;0.134;0.171;0.239;0.166;0.232;0.203;0.552;0.115;0.024;0.02;0.051;0.063;0.027
28918;0.259;0.134;0.168;0.239;0.166;0.232;0.203;0.552;0.115;0.024;0.02;0.049;0.063;0.027
28919;0.264;0.137;0.173;0.244;0.166;0.232;0.2;0.549;0.112;0.024;0.022;0.054;0.066;0.027
28920;0.259;0.137;0.176;0.244;0.168;0.232;0.203;0.552;0.115;0.024;0.022;0.049;0.066;0.027
28921;0.261;0.134;0.176;0.242;0.168;0.232;0.205;0.549;0.115;0.024;0.02;0.051;0.063;0.027
28922;0.264;0.137;0.176;0.242;0.168;0.234;0.203;0.552;0.115;0.024;0.02;0.049;0.063;0.024
28923;0.259;0.134;0.176;0.244;0.166;0.234;0.203;0.552;0.115;0.022;0.02;0.049;0.063;0.027
28924;0.261;0.132;0.178;0.247;0.166;0.232;0.203;0.552;0.112;0.022;0.02;0.049;0.061;0.022
28925;0.264;0.134;0.178;0.244;0.166;0.232;0.205;0.549;0.112;0.022;0.017;0.051;0.066;0.027
28926;0.261;0.137;0.176;0.242;0.166;0.234;0.205;0.552;0.112;0.024;0.02;0.049;0.061;0.024
28927;0.264;0.137;0.178;0.244;0.164;0.232;0.2;0.552;0.117;0.022;0.022;0.046;0.061;0.02
28928;0.264;0.134;0.178;0.244;0.164;0.234;0.205;0.549;0.112;0.024;0.02;0.049;0.066;0.029
28929;0.264;0.137;0.178;0.244;0.166;0.232;0.205;0.549;0.115;0.022;0.02;0.051;0.061;0.027
28930;0.261;0.137;0.181;0.244;0.166;0.234;0.205;0.552;0.115;0.022;0.022;0.051;0.061;0.024
28931;0.266;0.134;0.181;0.244;0.166;0.234;0.205;0.549;0.115;0.024;0.02;0.049;0.063;0.029
28932;0.264;0.137;0.183;0.244;0.166;0.234;0.205;0.549;0.115;0.024;0.02;0.049;0.063;0.027
28933;0.264;0.137;0.181;0.244;0.168;0.237;0.205;0.552;0.112;0.024;0.02;0.049;0.066;0.029
28934;0.264;0.137;0.183;0.244;0.166;0.232;0.203;0.549;0.112;0.022;0.02;0.049;0.059;0.024
28935;0.266;0.134;0.186;0.244;0.166;0.232;0.205;0.549;0.115;0.024;0.017;0.049;0.066;0.029
28936;0.264;0.137;0.183;0.247;0.161;0.234;0.203;0.552;0.115;0.022;0.017;0.049;0.061;0.027
28937;0.266;0.137;0.186;0.247;0.166;0.239;0.205;0.552;0.115;0.02;0.017;0.049;0.061;0.024
28938;0.264;0.137;0.181;0.244;0.164;0.237;0.205;0.554;0.115;0.024;0.02;0.051;0.063;0.027
28939;0.264;0.137;0.181;0.247;0.166;0.237;0.203;0.549;0.112;0.022;0.02;0.051;0.063;0.029
28940;0.264;0.137;0.183;0.249;0.164;0.237;0.205;0.554;0.115;0.022;0.02;0.049;0.063;0.029
28941;0.266;0.142;0.186;0.247;0.164;0.239;0.203;0.552;0.112;0.022;0.017;0.049;0.066;0.027
28942;0.264;0.137;0.181;0.249;0.164;0.237;0.203;0.552;0.115;0.022;0.017;0.049;0.061;0.027
28943;0.266;0.139;0.183;0.249;0.164;0.239;0.205;0.552;0.112;0.02;0.02;0.049;0.063;0.027
28944;0.264;0.137;0.183;0.247;0.161;0.234;0.203;0.552;0.112;0.022;0.017;0.046;0.061;0.024
28945;0.266;0.137;0.183;0.249;0.161;0.234;0.205;0.552;0.112;0.022;0.017;0.049;0.063;0.029
28946;0.266;0.137;0.186;0.249;0.161;0.237;0.205;0.557;0.112;0.024;0.02;0.049;0.059;0.027
28947;0.266;0.139;0.186;0.249;0.159;0.239;0.203;0.554;0.112;0.024;0.015;0.051;0.061;0.027
28948;0.266;0.142;0.183;0.249;0.159;0.239;0.203;0.554;0.11;0.022;0.017;0.049;0.061;0.027
28949;0.264;0.137;0.176;0.249;0.161;0.237;0.205;0.557;0.115;0.024;0.02;0.051;0.063;0.029
28950;0.264;0.137;0.181;0.247;0.159;0.237;0.203;0.554;0.11;0.022;0.017;0.049;0.063;0.027
28951;0.269;0.139;0.178;0.247;0.159;0.234;0.203;0.557;0.11;0.022;0.02;0.049;0.063;0.029
28952;0.266;0.139;0.176;0.244;0.161;0.237;0.203;0.554;0.112;0.024;0.022;0.049;0.066;0.027
28953;0.266;0.137;0.173;0.244;0.164;0.234;0.205;0.554;0.107;0.024;0.02;0.049;0.061;0.024
28954;0.266;0.137;0.178;0.244;0.164;0.237;0.208;0.557;0.11;0.022;0.02;0.049;0.063;0.029
28955;0.266;0.134;0.173;0.244;0.161;0.234;0.205;0.554;0.107;0.022;0.017;0.049;0.066;0.027
28956;0.266;0.137;0.171;0.242;0.164;0.234;0.203;0.554;0.107;0.022;0.015;0.049;0.061;0.029
28957;0.266;0.134;0.176;0.244;0.164;0.237;0.208;0.554;0.103;0.024;0.02;0.049;0.063;0.027
28958;0.264;0.137;0.176;0.244;0.164;0.237;0.208;0.559;0.103;0.022;0.015;0.051;0.063;0.027
28959;0.266;0.134;0.173;0.244;0.164;0.237;0.205;0.557;0.105;0.022;0.015;0.049;0.063;0.027
28960;0.266;0.134;0.173;0.242;0.164;0.239;0.205;0.557;0.105;0.024;0.02;0.049;0.059;0.029
28961;0.264;0.132;0.168;0.244;0.164;0.237;0.208;0.557;0.103;0.022;0.017;0.051;0.061;0.024
28962;0.266;0.137;0.176;0.244;0.164;0.237;0.205;0.554;0.103;0.022;0.017;0.049;0.056;0.02
28963;0.264;0.134;0.176;0.247;0.164;0.234;0.203;0.554;0.1;0.024;0.017;0.051;0.061;0.027
28964;0.264;0.132;0.176;0.244;0.166;0.237;0.205;0.557;0.103;0.024;0.017;0.051;0.063;0.027
28965;0.264;0.132;0.178;0.244;0.166;0.237;0.203;0.554;0.1;0.024;0.015;0.049;0.063;0.029
28966;0.261;0.132;0.176;0.244;0.166;0.237;0.205;0.557;0.103;0.022;0.015;0.046;0.059;0.024
28967;0.264;0.134;0.178;0.242;0.166;0.239;0.205;0.557;0.1;0.022;0.017;0.049;0.061;0.027
28968;0.261;0.134;0.181;0.244;0.166;0.234;0.2;0.557;0.103;0.024;0.02;0.049;0.059;0.027
28969;0.261;0.132;0.181;0.244;0.168;0.239;0.203;0.554;0.103;0.024;0.017;0.049;0.061;0.027
28970;0.261;0.132;0.181;0.244;0.168;0.239;0.205;0.554;0.1;0.022;0.017;0.049;0.059;0.027
28971;0.261;0.134;0.183;0.244;0.181;0.239;0.205;0.554;0.103;0.024;0.02;0.049;0.059;0.024
28972;0.261;0.129;0.183;0.247;0.198;0.234;0.203;0.554;0.1;0.027;0.02;0.049;0.061;0.024
28973;0.261;0.132;0.181;0.244;0.212;0.239;0.203;0.554;0.1;0.022;0.02;0.051;0.063;0.029
28974;0.261;0.129;0.181;0.247;0.212;0.239;0.205;0.552;0.098;0.024;0.02;0.049;0.061;0.027
28975;0.264;0.132;0.181;0.247;0.21;0.239;0.205;0.554;0.1;0.024;0.02;0.049;0.059;0.024
28976;0.264;0.132;0.178;0.247;0.222;0.239;0.205;0.554;0.098;0.024;0.017;0.051;0.059;0.029
28977;0.264;0.129;0.183;0.247;0.225;0.237;0.205;0.554;0.098;0.027;0.02;0.049;0.061;0.024
28978;0.261;0.129;0.178;0.244;0.217;0.239;0.203;0.552;0.098;0.024;0.017;0.049;0.061;0.027
28979;0.266;0.129;0.181;0.249;0.217;0.237;0.2;0.554;0.098;0.027;0.02;0.051;0.059;0.027
28980;0.264;0.129;0.183;0.247;0.227;0.237;0.208;0.552;0.095;0.022;0.017;0.049;0.056;0.024
28981;0.261;0.129;0.181;0.249;0.22;0.239;0.203;0.554;0.1;0.027;0.022;0.049;0.061;0.029
28982;0.261;0.132;0.181;0.249;0.222;0.237;0.205;0.552;0.09;0.022;0.015;0.049;0.059;0.024
28983;0.261;0.129;0.181;0.249;0.217;0.242;0.203;0.554;0.095;0.022;0.017;0.049;0.061;0.027
28984;0.264;0.129;0.181;0.249;0.227;0.237;0.205;0.552;0.093;0.027;0.017;0.049;0.056;0.027
28985;0.261;0.129;0.181;0.247;0.225;0.239;0.205;0.552;0.093;0.024;0.015;0.051;0.056;0.027
28986;0.264;0.129;0.178;0.249;0.222;0.237;0.205;0.552;0.093;0.024;0.017;0.049;0.059;0.022
28987;0.264;0.129;0.181;0.249;0.225;0.239;0.205;0.552;0.088;0.022;0.017;0.051;0.054;0.022
28988;0.261;0.129;0.181;0.249;0.22;0.237;0.205;0.552;0.088;0.024;0.017;0.049;0.059;0.027
28989;0.259;0.129;0.183;0.249;0.222;0.242;0.208;0.549;0.088;0.022;0.015;0.049;0.056;0.024
28990;0.264;0.129;0.181;0.247;0.22;0.239;0.203;0.549;0.085;0.024;0.015;0.051;0.059;0.029
28991;0.264;0.127;0.183;0.249;0.222;0.239;0.205;0.552;0.09;0.024;0.017;0.051;0.059;0.024
28992;0.261;0.127;0.183;0.247;0.225;0.239;0.205;0.552;0.085;0.022;0.012;0.051;0.054;0.024
28993;0.261;0.127;0.181;0.249;0.22;0.239;0.205;0.552;0.088;0.024;0.017;0.046;0.059;0.027
28994;0.264;0.129;0.186;0.247;0.222;0.239;0.2;0.549;0.085;0.024;0.015;0.049;0.056;0.024
28995;0.261;0.127;0.183;0.247;0.227;0.239;0.203;0.554;0.085;0.022;0.017;0.046;0.054;0.027
28996;0.264;0.129;0.186;0.247;0.215;0.239;0.203;0.552;0.083;0.022;0.015;0.049;0.061;0.029
28997;0.261;0.129;0.183;0.244;0.217;0.239;0.2;0.552;0.083;0.024;0.015;0.049;0.059;0.029
28998;0.261;0.127;0.183;0.244;0.217;0.239;0.203;0.552;0.083;0.024;0.012;0.049;0.054;0.022
28999;0.264;0.127;0.181;0.242;0.222;0.239;0.203;0.552;0.083;0.024;0.012;0.049;0.051;0.029
29000;0.261;0.127;0.183;0.244;0.22;0.239;0.203;0.549;0.081;0.024;0.012;0.049;0.056;0.024
29001;0.259;0.127;0.181;0.244;0.215;0.239;0.203;0.552;0.081;0.022;0.015;0.049;0.054;0.029
29002;0.261;0.127;0.181;0.242;0.22;0.239;0.205;0.552;0.081;0.022;0.015;0.051;0.056;0.029
29003;0.261;0.127;0.181;0.242;0.225;0.237;0.205;0.552;0.081;0.022;0.012;0.049;0.051;0.027
29004;0.259;0.127;0.183;0.239;0.225;0.237;0.205;0.552;0.081;0.02;0.012;0.051;0.056;0.027
29005;0.261;0.125;0.181;0.242;0.225;0.237;0.203;0.552;0.081;0.022;0.012;0.049;0.054;0.029
29006;0.259;0.125;0.181;0.242;0.225;0.239;0.205;0.552;0.081;0.024;0.015;0.049;0.054;0.029
29007;0.264;0.122;0.181;0.239;0.225;0.237;0.205;0.554;0.081;0.022;0.012;0.049;0.051;0.027
29008;0.264;0.125;0.183;0.242;0.227;0.237;0.203;0.549;0.081;0.02;0.012;0.051;0.049;0.024
29009;0.261;0.125;0.181;0.239;0.227;0.237;0.203;0.552;0.078;0.02;0.012;0.049;0.051;0.027
29010;0.261;0.122;0.183;0.237;0.225;0.237;0.203;0.552;0.081;0.022;0.012;0.046;0.054;0.027
29011;0.264;0.125;0.183;0.237;0.227;0.234;0.203;0.549;0.081;0.024;0.012;0.046;0.051;0.024
29012;0.261;0.125;0.183;0.234;0.225;0.237;0.203;0.552;0.078;0.022;0.012;0.049;0.051;0.027
29013;0.261;0.122;0.183;0.237;0.225;0.234;0.2;0.552;0.078;0.022;0.012;0.049;0.054;0.027
29014;0.264;0.125;0.183;0.234;0.227;0.237;0.2;0.552;0.081;0.022;0.017;0.046;0.054;0.027
29015;0.264;0.122;0.183;0.237;0.227;0.237;0.203;0.552;0.081;0.022;0.012;0.049;0.051;0.024
29016;0.261;0.125;0.186;0.237;0.227;0.237;0.203;0.552;0.081;0.02;0.015;0.049;0.051;0.027
29017;0.264;0.125;0.188;0.237;0.225;0.237;0.203;0.552;0.081;0.022;0.017;0.051;0.054;0.024
29018;0.264;0.122;0.19;0.234;0.227;0.239;0.203;0.549;0.083;0.022;0.017;0.049;0.046;0.024
29019;0.264;0.122;0.186;0.234;0.222;0.237;0.205;0.549;0.081;0.02;0.012;0.049;0.049;0.027
29020;0.264;0.125;0.19;0.237;0.222;0.237;0.203;0.549;0.083;0.017;0.017;0.046;0.051;0.027
29021;0.264;0.125;0.19;0.232;0.222;0.234;0.2;0.549;0.081;0.02;0.012;0.051;0.051;0.027
29022;0.264;0.125;0.19;0.232;0.227;0.237;0.2;0.549;0.081;0.02;0.017;0.049;0.049;0.029
29023;0.264;0.125;0.186;0.234;0.225;0.237;0.2;0.552;0.083;0.02;0.017;0.049;0.051;0.024
29024;0.264;0.127;0.19;0.232;0.222;0.234;0.2;0.552;0.081;0.02;0.017;0.051;0.049;0.027
29025;0.264;0.125;0.19;0.232;0.222;0.234;0.203;0.549;0.083;0.02;0.017;0.049;0.049;0.024
29026;0.264;0.125;0.19;0.234;0.227;0.237;0.203;0.552;0.083;0.022;0.02;0.049;0.051;0.029
29027;0.264;0.127;0.188;0.234;0.227;0.237;0.203;0.549;0.081;0.02;0.017;0.049;0.049;0.024
29028;0.264;0.127;0.188;0.234;0.225;0.237;0.203;0.549;0.083;0.022;0.02;0.049;0.049;0.027
29029;0.264;0.127;0.19;0.234;0.222;0.237;0.2;0.549;0.081;0.017;0.017;0.049;0.049;0.027
29030;0.266;0.127;0.188;0.234;0.227;0.237;0.2;0.549;0.081;0.02;0.017;0.049;0.049;0.027
29031;0.264;0.127;0.188;0.234;0.227;0.239;0.198;0.549;0.083;0.022;0.02;0.049;0.049;0.024
29032;0.264;0.125;0.186;0.234;0.225;0.237;0.2;0.549;0.083;0.02;0.017;0.049;0.051;0.027
29033;0.264;0.125;0.188;0.232;0.225;0.237;0.2;0.549;0.078;0.022;0.02;0.049;0.046;0.027
29034;0.264;0.127;0.188;0.234;0.222;0.237;0.198;0.547;0.081;0.02;0.017;0.049;0.049;0.027
29035;0.264;0.127;0.188;0.234;0.222;0.239;0.195;0.549;0.083;0.02;0.02;0.049;0.046;0.022
29036;0.264;0.125;0.188;0.234;0.22;0.237;0.195;0.549;0.081;0.017;0.02;0.049;0.044;0.024
29037;0.264;0.127;0.19;0.234;0.22;0.237;0.2;0.549;0.085;0.024;0.024;0.049;0.056;0.032
29038;0.264;0.125;0.19;0.232;0.222;0.239;0.198;0.547;0.083;0.022;0.022;0.049;0.049;0.024
29039;0.264;0.127;0.188;0.234;0.22;0.237;0.198;0.549;0.081;0.02;0.022;0.051;0.046;0.024
29040;0.264;0.127;0.19;0.232;0.22;0.234;0.195;0.547;0.081;0.017;0.022;0.049;0.051;0.027
29041;0.261;0.125;0.193;0.234;0.22;0.239;0.198;0.547;0.083;0.02;0.022;0.051;0.044;0.022
29042;0.264;0.125;0.195;0.234;0.22;0.234;0.2;0.547;0.083;0.02;0.024;0.049;0.049;0.029
29043;0.261;0.127;0.19;0.234;0.217;0.232;0.198;0.547;0.083;0.017;0.02;0.051;0.044;0.022
29044;0.261;0.127;0.193;0.234;0.222;0.237;0.2;0.547;0.083;0.017;0.02;0.049;0.046;0.024
29045;0.264;0.125;0.195;0.234;0.225;0.234;0.198;0.549;0.083;0.02;0.024;0.049;0.046;0.027
29046;0.261;0.129;0.193;0.232;0.222;0.237;0.203;0.547;0.083;0.02;0.022;0.051;0.044;0.022
29047;0.261;0.127;0.193;0.237;0.225;0.232;0.198;0.549;0.083;0.02;0.022;0.049;0.042;0.024
29048;0.261;0.127;0.193;0.232;0.222;0.232;0.2;0.547;0.088;0.02;0.024;0.049;0.049;0.027
29049;0.261;0.125;0.193;0.234;0.225;0.232;0.198;0.544;0.083;0.02;0.024;0.049;0.042;0.017
29050;0.261;0.127;0.195;0.234;0.227;0.234;0.2;0.547;0.083;0.022;0.024;0.049;0.044;0.024
29051;0.261;0.127;0.198;0.234;0.225;0.234;0.2;0.547;0.083;0.017;0.024;0.049;0.044;0.024
29052;0.261;0.127;0.193;0.232;0.225;0.234;0.203;0.547;0.085;0.017;0.027;0.051;0.049;0.024
29053;0.264;0.129;0.195;0.232;0.227;0.234;0.203;0.544;0.085;0.017;0.024;0.051;0.049;0.032
29054;0.256;0.127;0.198;0.232;0.232;0.234;0.203;0.544;0.085;0.02;0.027;0.049;0.042;0.02
29055;0.264;0.129;0.195;0.237;0.225;0.237;0.2;0.547;0.081;0.015;0.027;0.051;0.044;0.022
29056;0.259;0.129;0.195;0.234;0.229;0.237;0.2;0.544;0.083;0.017;0.027;0.049;0.044;0.024
29057;0.259;0.127;0.193;0.232;0.232;0.232;0.2;0.547;0.083;0.017;0.027;0.051;0.044;0.027
29058;0.259;0.129;0.193;0.232;0.227;0.232;0.198;0.547;0.085;0.017;0.029;0.051;0.046;0.027
29059;0.259;0.125;0.193;0.234;0.227;0.234;0.198;0.547;0.083;0.02;0.027;0.049;0.046;0.022
29060;0.259;0.127;0.19;0.232;0.229;0.229;0.198;0.549;0.085;0.017;0.027;0.049;0.044;0.024
29061;0.261;0.127;0.193;0.232;0.232;0.232;0.198;0.549;0.083;0.015;0.027;0.049;0.044;0.027
29062;0.261;0.127;0.193;0.229;0.229;0.232;0.198;0.547;0.083;0.017;0.029;0.049;0.049;0.032
29063;0.259;0.125;0.195;0.234;0.227;0.232;0.198;0.547;0.083;0.015;0.029;0.049;0.044;0.02
29064;0.259;0.129;0.195;0.232;0.227;0.229;0.195;0.547;0.083;0.02;0.032;0.049;0.039;0.022
29065;0.259;0.125;0.193;0.234;0.229;0.232;0.195;0.549;0.085;0.017;0.032;0.049;0.044;0.029
29066;0.261;0.127;0.195;0.229;0.227;0.232;0.195;0.549;0.083;0.02;0.032;0.051;0.049;0.029
29067;0.261;0.127;0.195;0.232;0.225;0.234;0.195;0.549;0.081;0.017;0.029;0.051;0.042;0.027
29068;0.259;0.125;0.198;0.232;0.227;0.234;0.198;0.549;0.085;0.017;0.034;0.049;0.044;0.024
29069;0.259;0.125;0.198;0.229;0.225;0.232;0.198;0.547;0.083;0.015;0.032;0.051;0.044;0.027
29070;0.259;0.122;0.198;0.229;0.225;0.234;0.198;0.547;0.083;0.02;0.032;0.051;0.042;0.029
29071;0.259;0.125;0.198;0.229;0.227;0.237;0.203;0.549;0.085;0.017;0.034;0.049;0.044;0.027
29072;0.259;0.125;0.203;0.227;0.227;0.237;0.203;0.549;0.085;0.017;0.032;0.049;0.044;0.027
29073;0.261;0.125;0.21;0.227;0.225;0.237;0.203;0.547;0.085;0.02;0.034;0.049;0.044;0.029
29074;0.256;0.125;0.222;0.225;0.225;0.237;0.2;0.549;0.085;0.02;0.037;0.051;0.044;0.029
29075;0.259;0.125;0.244;0.225;0.222;0.237;0.203;0.547;0.085;0.015;0.032;0.046;0.044;0.027
29076;0.261;0.125;0.337;0.227;0.227;0.237;0.203;0.549;0.083;0.015;0.032;0.051;0.044;0.032
29077;0.259;0.122;0.459;0.227;0.222;0.237;0.203;0.554;0.083;0.017;0.029;0.049;0.044;0.027
29078;0.259;0.122;0.547;0.227;0.225;0.239;0.203;0.547;0.081;0.017;0.032;0.049;0.046;0.027
29079;0.259;0.122;0.508;0.229;0.225;0.239;0.205;0.549;0.083;0.02;0.032;0.051;0.042;0.027
29080;0.261;0.122;0.403;0.227;0.227;0.239;0.205;0.549;0.083;0.015;0.029;0.049;0.039;0.024
29081;0.261;0.122;0.366;0.225;0.229;0.237;0.205;0.549;0.083;0.017;0.032;0.046;0.044;0.029
29082;0.259;0.12;0.386;0.227;0.227;0.237;0.205;0.552;0.085;0.017;0.032;0.051;0.039;0.024
29083;0.261;0.122;0.376;0.227;0.225;0.239;0.203;0.549;0.085;0.015;0.034;0.049;0.039;0.022
29084;0.261;0.125;0.32;0.227;0.227;0.239;0.205;0.549;0.083;0.015;0.027;0.049;0.044;0.029
29085;0.261;0.125;0.3;0.229;0.227;0.239;0.203;0.549;0.083;0.017;0.029;0.046;0.042;0.024
29086;0.259;0.122;0.281;0.229;0.225;0.237;0.205;0.549;0.083;0.015;0.027;0.049;0.042;0.027
29087;0.261;0.125;0.278;0.232;0.227;0.239;0.203;0.549;0.085;0.02;0.027;0.049;0.042;0.029
29088;0.259;0.125;0.283;0.232;0.229;0.239;0.205;0.552;0.085;0.017;0.027;0.049;0.037;0.022
29089;0.259;0.125;0.283;0.229;0.229;0.242;0.205;0.549;0.088;0.02;0.029;0.049;0.042;0.024
29090;0.256;0.125;0.295;0.232;0.232;0.239;0.205;0.547;0.088;0.02;0.029;0.049;0.044;0.027
29091;0.256;0.125;0.303;0.232;0.232;0.239;0.205;0.549;0.088;0.017;0.029;0.049;0.042;0.027
29092;0.259;0.127;0.278;0.229;0.232;0.239;0.205;0.549;0.088;0.017;0.032;0.049;0.046;0.032
29093;0.259;0.125;0.283;0.232;0.232;0.239;0.205;0.549;0.085;0.017;0.024;0.049;0.042;0.024
29094;0.256;0.125;0.286;0.234;0.232;0.242;0.203;0.549;0.088;0.017;0.029;0.049;0.042;0.024
29095;0.256;0.122;0.312;0.232;0.229;0.242;0.203;0.549;0.088;0.017;0.029;0.049;0.044;0.027
29096;0.256;0.127;0.364;0.234;0.232;0.242;0.205;0.549;0.088;0.02;0.032;0.049;0.042;0.024
29097;0.256;0.127;0.398;0.232;0.227;0.239;0.203;0.547;0.088;0.017;0.027;0.049;0.042;0.027
29098;0.256;0.127;0.491;0.229;0.232;0.239;0.205;0.549;0.085;0.02;0.029;0.051;0.042;0.027
29099;0.256;0.125;0.676;0.232;0.229;0.239;0.205;0.549;0.085;0.02;0.032;0.051;0.044;0.032
29100;0.254;0.127;0.703;0.232;0.229;0.242;0.208;0.547;0.085;0.02;0.032;0.049;0.037;0.022
29101;0.256;0.122;0.854;0.232;0.232;0.239;0.205;0.547;0.088;0.017;0.027;0.051;0.042;0.027
29102;0.256;0.122;0.837;0.232;0.234;0.239;0.208;0.547;0.085;0.02;0.032;0.049;0.039;0.027
29103;0.256;0.125;0.837;0.229;0.229;0.239;0.205;0.547;0.088;0.02;0.029;0.051;0.042;0.027
29104;0.256;0.125;0.698;0.232;0.232;0.239;0.205;0.547;0.088;0.02;0.029;0.049;0.037;0.022
29105;0.254;0.122;0.784;0.232;0.229;0.237;0.205;0.544;0.081;0.015;0.024;0.049;0.039;0.024
29106;0.254;0.125;0.671;0.234;0.229;0.239;0.203;0.544;0.083;0.017;0.029;0.051;0.039;0.027
29107;0.254;0.122;0.688;0.234;0.229;0.237;0.205;0.544;0.083;0.02;0.029;0.049;0.039;0.027
29108;0.254;0.122;0.654;0.234;0.229;0.239;0.203;0.544;0.083;0.02;0.029;0.051;0.042;0.024
29109;0.251;0.122;0.75;0.229;0.232;0.237;0.2;0.547;0.083;0.02;0.032;0.051;0.042;0.029
29110;0.254;0.122;0.601;0.232;0.232;0.239;0.203;0.547;0.081;0.02;0.034;0.051;0.037;0.024
29111;0.256;0.12;0.601;0.234;0.232;0.239;0.203;0.544;0.078;0.02;0.034;0.051;0.042;0.029
29112;0.256;0.122;0.647;0.232;0.232;0.239;0.2;0.544;0.083;0.02;0.032;0.051;0.037;0.027
29113;0.254;0.12;0.706;0.237;0.232;0.239;0.203;0.544;0.081;0.02;0.032;0.049;0.039;0.024
29114;0.254;0.12;0.688;0.237;0.229;0.239;0.203;0.542;0.078;0.02;0.032;0.051;0.042;0.027
29115;0.256;0.12;1.042;0.234;0.229;0.239;0.203;0.544;0.09;0.02;0.032;0.049;0.039;0.027
29116;0.251;0.12;0.852;0.239;0.229;0.239;0.203;0.544;0.09;0.02;0.034;0.051;0.042;0.029
29117;0.251;0.12;0.627;0.237;0.229;0.239;0.203;0.544;0.09;0.02;0.034;0.049;0.037;0.027
29118;0.251;0.117;0.701;0.237;0.232;0.239;0.203;0.544;0.085;0.015;0.032;0.049;0.037;0.027
29119;0.254;0.12;0.691;0.234;0.229;0.242;0.203;0.544;0.088;0.02;0.037;0.049;0.037;0.027
29120;0.256;0.12;0.747;0.237;0.229;0.239;0.205;0.544;0.093;0.02;0.034;0.051;0.039;0.032
29121;0.254;0.12;0.662;0.237;0.227;0.239;0.205;0.544;0.093;0.02;0.037;0.049;0.034;0.027
29122;0.256;0.12;0.708;0.237;0.227;0.239;0.205;0.542;0.09;0.02;0.034;0.049;0.039;0.029
29123;0.256;0.117;0.776;0.234;0.229;0.239;0.203;0.542;0.09;0.017;0.037;0.049;0.042;0.029
29124;0.256;0.12;0.527;0.237;0.227;0.239;0.205;0.542;0.088;0.015;0.034;0.049;0.039;0.027
29125;0.256;0.12;0.598;0.234;0.227;0.234;0.208;0.542;0.088;0.017;0.037;0.049;0.037;0.029
29126;0.256;0.117;0.559;0.234;0.227;0.237;0.208;0.542;0.088;0.022;0.034;0.051;0.039;0.027
29127;0.251;0.117;0.554;0.234;0.229;0.239;0.205;0.542;0.085;0.02;0.034;0.049;0.034;0.027
29128;0.254;0.12;0.491;0.234;0.229;0.237;0.205;0.542;0.093;0.022;0.037;0.049;0.039;0.024
29129;0.254;0.117;0.532;0.234;0.229;0.237;0.205;0.542;0.095;0.02;0.037;0.046;0.039;0.027
29130;0.256;0.117;0.476;0.232;0.229;0.237;0.205;0.542;0.093;0.02;0.034;0.049;0.034;0.024
29131;0.254;0.117;0.469;0.232;0.229;0.237;0.205;0.542;0.093;0.02;0.037;0.051;0.042;0.029
29132;0.256;0.117;0.447;0.232;0.227;0.234;0.203;0.542;0.095;0.017;0.037;0.049;0.034;0.024
29133;0.256;0.117;0.352;0.232;0.232;0.234;0.203;0.542;0.093;0.017;0.034;0.049;0.032;0.024
29134;0.256;0.12;0.359;0.232;0.229;0.234;0.203;0.544;0.095;0.02;0.037;0.049;0.039;0.027
29135;0.256;0.12;0.374;0.234;0.229;0.237;0.2;0.542;0.093;0.02;0.037;0.049;0.037;0.024
29136;0.259;0.117;0.315;0.234;0.229;0.239;0.203;0.542;0.095;0.02;0.034;0.049;0.034;0.029
29137;0.256;0.117;0.334;0.232;0.229;0.237;0.205;0.544;0.095;0.02;0.037;0.049;0.034;0.024
29138;0.256;0.115;0.332;0.234;0.229;0.237;0.205;0.544;0.093;0.022;0.037;0.049;0.037;0.027
29139;0.256;0.117;0.334;0.234;0.229;0.237;0.203;0.547;0.093;0.02;0.034;0.049;0.037;0.024
29140;0.256;0.115;0.366;0.234;0.229;0.237;0.205;0.544;0.093;0.022;0.034;0.049;0.032;0.022
29141;0.259;0.12;0.32;0.234;0.229;0.237;0.205;0.542;0.093;0.02;0.034;0.051;0.037;0.029
29142;0.254;0.115;0.303;0.232;0.229;0.237;0.208;0.547;0.093;0.02;0.034;0.051;0.037;0.024
29143;0.256;0.117;0.264;0.232;0.227;0.239;0.203;0.547;0.09;0.02;0.037;0.051;0.034;0.022
29144;0.259;0.117;0.217;0.232;0.232;0.237;0.205;0.547;0.093;0.02;0.034;0.051;0.034;0.027
29145;0.256;0.115;0.251;0.232;0.229;0.239;0.203;0.544;0.095;0.022;0.037;0.049;0.032;0.024
29146;0.259;0.117;0.41;0.229;0.227;0.239;0.205;0.544;0.095;0.022;0.034;0.051;0.037;0.029
29147;0.259;0.117;0.364;0.229;0.227;0.239;0.205;0.547;0.095;0.022;0.032;0.049;0.032;0.027
29148;0.259;0.117;0.298;0.232;0.225;0.239;0.205;0.547;0.093;0.02;0.034;0.049;0.037;0.022
29149;0.261;0.117;0.322;0.229;0.225;0.239;0.203;0.544;0.09;0.02;0.032;0.049;0.034;0.027
29150;0.259;0.112;0.291;0.229;0.225;0.242;0.2;0.547;0.09;0.017;0.032;0.049;0.032;0.029
29151;0.259;0.117;0.247;0.227;0.225;0.237;0.203;0.547;0.095;0.02;0.034;0.051;0.032;0.024
29152;0.259;0.117;0.227;0.229;0.225;0.237;0.203;0.547;0.09;0.02;0.032;0.049;0.037;0.027
29153;0.261;0.117;0.22;0.225;0.225;0.237;0.2;0.549;0.093;0.02;0.032;0.049;0.029;0.024
29154;0.259;0.117;0.222;0.225;0.222;0.234;0.203;0.547;0.093;0.02;0.032;0.049;0.037;0.029
29155;0.259;0.117;0.22;0.227;0.225;0.237;0.203;0.549;0.09;0.02;0.032;0.049;0.032;0.024
29156;0.259;0.12;0.234;0.225;0.222;0.239;0.203;0.549;0.093;0.02;0.034;0.049;0.034;0.027
29157;0.261;0.117;0.232;0.222;0.222;0.237;0.203;0.549;0.09;0.02;0.029;0.049;0.034;0.024
29158;0.259;0.12;0.234;0.222;0.225;0.237;0.203;0.552;0.093;0.02;0.032;0.051;0.034;0.027
29159;0.259;0.117;0.242;0.222;0.22;0.237;0.203;0.547;0.09;0.02;0.032;0.049;0.034;0.029
29160;0.259;0.117;0.259;0.22;0.222;0.237;0.2;0.552;0.09;0.022;0.032;0.049;0.029;0.024
29161;0.259;0.12;0.247;0.222;0.222;0.234;0.203;0.549;0.093;0.02;0.029;0.049;0.034;0.029
29162;0.261;0.117;0.232;0.222;0.222;0.239;0.205;0.549;0.095;0.022;0.032;0.049;0.032;0.024
29163;0.261;0.117;0.225;0.222;0.22;0.234;0.2;0.547;0.093;0.017;0.029;0.049;0.034;0.024
29164;0.261;0.12;0.217;0.222;0.222;0.237;0.203;0.547;0.095;0.017;0.032;0.049;0.029;0.024
29165;0.259;0.12;0.22;0.222;0.222;0.237;0.195;0.549;0.093;0.02;0.032;0.051;0.034;0.027
29166;0.261;0.117;0.222;0.222;0.222;0.239;0.2;0.549;0.09;0.017;0.029;0.049;0.029;0.024
29167;0.259;0.12;0.222;0.222;0.22;0.237;0.203;0.552;0.09;0.015;0.027;0.049;0.034;0.024
29168;0.261;0.12;0.222;0.222;0.22;0.239;0.2;0.549;0.093;0.02;0.032;0.049;0.032;0.029
29169;0.261;0.12;0.239;0.225;0.22;0.239;0.2;0.549;0.088;0.017;0.027;0.049;0.029;0.024
29170;0.264;0.12;0.269;0.225;0.22;0.237;0.2;0.549;0.093;0.02;0.027;0.049;0.029;0.024
29171;0.261;0.12;0.356;0.227;0.217;0.237;0.203;0.549;0.09;0.022;0.029;0.051;0.029;0.027
29172;0.261;0.122;0.518;0.229;0.22;0.237;0.2;0.549;0.088;0.017;0.027;0.049;0.032;0.024
29173;0.261;0.12;0.361;0.227;0.217;0.237;0.203;0.549;0.088;0.017;0.029;0.049;0.029;0.027
29174;0.261;0.12;0.354;0.227;0.217;0.239;0.2;0.549;0.09;0.02;0.032;0.049;0.032;0.024
29175;0.261;0.12;0.291;0.232;0.215;0.234;0.203;0.547;0.09;0.02;0.029;0.049;0.032;0.024
29176;0.261;0.12;0.317;0.229;0.22;0.239;0.203;0.549;0.088;0.02;0.029;0.049;0.032;0.027
29177;0.264;0.12;0.322;0.229;0.22;0.239;0.203;0.547;0.088;0.02;0.029;0.049;0.029;0.027
29178;0.261;0.12;0.327;0.232;0.22;0.237;0.203;0.547;0.088;0.02;0.029;0.049;0.024;0.027
29179;0.264;0.122;0.347;0.234;0.222;0.239;0.203;0.547;0.088;0.022;0.032;0.049;0.032;0.027
29180;0.261;0.12;0.427;0.232;0.225;0.237;0.203;0.547;0.088;0.022;0.027;0.049;0.027;0.024
29181;0.261;0.12;0.491;0.232;0.222;0.239;0.203;0.547;0.088;0.022;0.029;0.049;0.032;0.027
29182;0.264;0.12;0.515;0.234;0.222;0.239;0.205;0.549;0.088;0.02;0.029;0.049;0.029;0.024
29183;0.261;0.122;0.422;0.232;0.22;0.237;0.203;0.547;0.085;0.02;0.027;0.049;0.024;0.022
29184;0.261;0.122;0.3;0.232;0.222;0.239;0.2;0.547;0.083;0.02;0.029;0.049;0.029;0.024
29185;0.259;0.122;0.276;0.232;0.222;0.239;0.2;0.549;0.085;0.022;0.032;0.049;0.027;0.022
29186;0.264;0.122;0.322;0.229;0.222;0.239;0.2;0.547;0.083;0.02;0.029;0.049;0.024;0.022
29187;0.261;0.122;0.339;0.232;0.222;0.239;0.2;0.547;0.083;0.02;0.029;0.049;0.027;0.024
29188;0.261;0.122;0.349;0.232;0.222;0.239;0.2;0.549;0.083;0.02;0.027;0.051;0.029;0.024
29189;0.261;0.12;0.361;0.227;0.222;0.234;0.2;0.547;0.085;0.022;0.027;0.049;0.029;0.027
29190;0.261;0.125;0.42;0.229;0.22;0.239;0.198;0.549;0.081;0.022;0.027;0.049;0.024;0.022
29191;0.261;0.127;0.371;0.229;0.22;0.239;0.2;0.549;0.085;0.022;0.027;0.049;0.029;0.027
29192;0.261;0.125;0.376;0.225;0.22;0.237;0.2;0.549;0.081;0.017;0.027;0.049;0.027;0.027
29193;0.261;0.122;0.342;0.227;0.222;0.234;0.2;0.549;0.081;0.02;0.027;0.049;0.027;0.027
29194;0.259;0.125;0.344;0.227;0.22;0.237;0.198;0.547;0.078;0.02;0.024;0.049;0.027;0.029
29195;0.261;0.125;0.371;0.227;0.222;0.237;0.2;0.547;0.078;0.02;0.024;0.049;0.029;0.024
29196;0.261;0.125;0.425;0.229;0.222;0.237;0.2;0.547;0.078;0.02;0.027;0.049;0.027;0.027
29197;0.261;0.122;0.344;0.229;0.222;0.237;0.2;0.544;0.078;0.02;0.022;0.049;0.024;0.027
29198;0.259;0.122;0.356;0.229;0.222;0.237;0.203;0.547;0.076;0.017;0.024;0.049;0.027;0.024
29199;0.259;0.125;0.305;0.229;0.22;0.237;0.2;0.547;0.078;0.022;0.024;0.049;0.024;0.024
29200;0.259;0.125;0.327;0.229;0.222;0.237;0.203;0.547;0.076;0.022;0.024;0.051;0.032;0.024
29201;0.259;0.122;0.33;0.227;0.222;0.239;0.205;0.549;0.078;0.02;0.027;0.049;0.027;0.029
29202;0.261;0.125;0.359;0.229;0.225;0.239;0.203;0.547;0.076;0.02;0.024;0.049;0.022;0.027
29203;0.259;0.125;0.342;0.227;0.222;0.239;0.203;0.547;0.076;0.022;0.027;0.049;0.032;0.027
29204;0.256;0.125;0.447;0.229;0.225;0.239;0.203;0.547;0.073;0.02;0.027;0.049;0.024;0.027
29205;0.259;0.125;0.464;0.229;0.225;0.237;0.205;0.544;0.071;0.02;0.024;0.046;0.029;0.029
29206;0.259;0.122;0.374;0.229;0.225;0.234;0.203;0.549;0.073;0.02;0.024;0.049;0.027;0.027
29207;0.259;0.125;0.342;0.229;0.225;0.234;0.2;0.544;0.073;0.022;0.024;0.051;0.027;0.027
29208;0.261;0.122;0.295;0.229;0.225;0.237;0.203;0.547;0.071;0.017;0.024;0.049;0.027;0.024
29209;0.259;0.122;0.288;0.232;0.227;0.234;0.2;0.547;0.073;0.017;0.024;0.049;0.027;0.029
29210;0.261;0.122;0.295;0.227;0.222;0.234;0.203;0.547;0.068;0.017;0.024;0.049;0.027;0.027
29211;0.261;0.122;0.281;0.229;0.22;0.234;0.203;0.547;0.073;0.02;0.024;0.049;0.022;0.022
29212;0.259;0.122;0.293;0.232;0.222;0.234;0.2;0.547;0.068;0.02;0.024;0.049;0.027;0.027
29213;0.259;0.12;0.293;0.229;0.22;0.234;0.203;0.547;0.068;0.017;0.027;0.049;0.027;0.027
29214;0.261;0.122;0.308;0.229;0.22;0.232;0.203;0.547;0.068;0.017;0.024;0.049;0.024;0.024
29215;0.261;0.12;0.337;0.232;0.217;0.234;0.2;0.547;0.073;0.022;0.027;0.049;0.027;0.024
29216;0.259;0.12;0.278;0.232;0.22;0.234;0.203;0.547;0.068;0.017;0.027;0.049;0.027;0.024
29217;0.259;0.122;0.315;0.232;0.22;0.234;0.203;0.547;0.068;0.017;0.024;0.049;0.024;0.022
29218;0.264;0.12;0.325;0.229;0.217;0.234;0.2;0.547;0.071;0.022;0.027;0.051;0.027;0.029
29219;0.264;0.12;0.557;0.229;0.22;0.234;0.2;0.547;0.068;0.02;0.024;0.051;0.027;0.024
29220;0.264;0.12;0.793;0.229;0.22;0.237;0.198;0.547;0.066;0.017;0.024;0.049;0.024;0.027
29221;0.264;0.12;1.147;0.232;0.217;0.234;0.198;0.547;0.068;0.02;0.024;0.051;0.027;0.027
29222;0.264;0.12;2.798;0.232;0.22;0.237;0.2;0.544;0.068;0.017;0.027;0.049;0.022;0.027
29223;0.266;0.12;4.998;0.232;0.22;0.234;0.2;0.544;0.068;0.02;0.024;0.049;0.027;0.029
29224;0.264;0.12;4.998;0.232;0.22;0.234;0.198;0.547;0.066;0.015;0.027;0.049;0.024;0.024
29225;0.261;0.122;4.998;0.232;0.22;0.237;0.198;0.547;0.063;0.017;0.027;0.049;0.027;0.022
29226;0.264;0.12;4.998;0.229;0.222;0.237;0.2;0.547;0.068;0.02;0.027;0.049;0.024;0.024
29227;0.264;0.12;4.998;0.229;0.22;0.237;0.2;0.547;0.066;0.02;0.027;0.049;0.027;0.027
29228;0.261;0.117;4.998;0.232;0.222;0.239;0.198;0.547;0.066;0.02;0.029;0.049;0.027;0.024
29229;0.261;0.122;4.998;0.232;0.22;0.237;0.2;0.544;0.063;0.02;0.029;0.049;0.027;0.029
29230;0.261;0.12;4.998;0.229;0.22;0.239;0.198;0.542;0.066;0.022;0.032;0.051;0.027;0.027
29231;0.261;0.12;4.998;0.229;0.22;0.237;0.2;0.544;0.063;0.02;0.029;0.051;0.024;0.024
29232;0.261;0.122;4.998;0.232;0.22;0.239;0.203;0.544;0.068;0.02;0.029;0.049;0.024;0.022
29233;0.261;0.122;4.998;0.229;0.217;0.239;0.203;0.544;0.063;0.022;0.029;0.049;0.029;0.029
29234;0.259;0.12;4.998;0.232;0.217;0.239;0.203;0.544;0.063;0.02;0.029;0.049;0.024;0.024
29235;0.261;0.12;4.998;0.232;0.222;0.239;0.205;0.544;0.066;0.015;0.029;0.051;0.024;0.024
29236;0.261;0.117;4.998;0.227;0.217;0.237;0.203;0.544;0.063;0.02;0.029;0.049;0.027;0.024
29237;0.259;0.12;4.998;0.227;0.22;0.237;0.208;0.547;0.063;0.02;0.029;0.049;0.024;0.027
29238;0.259;0.115;4.998;0.227;0.217;0.237;0.203;0.547;0.066;0.02;0.032;0.049;0.027;0.027
29239;0.261;0.117;4.998;0.227;0.222;0.234;0.203;0.547;0.063;0.02;0.032;0.049;0.024;0.027
29240;0.261;0.115;4.998;0.225;0.22;0.239;0.205;0.544;0.066;0.02;0.032;0.049;0.027;0.027
29241;0.261;0.117;4.998;0.227;0.222;0.237;0.203;0.544;0.063;0.017;0.032;0.049;0.027;0.027
29242;0.259;0.117;4.998;0.229;0.22;0.239;0.203;0.547;0.063;0.02;0.029;0.049;0.024;0.024
29243;0.261;0.117;4.998;0.227;0.222;0.237;0.203;0.547;0.061;0.02;0.032;0.051;0.027;0.024
29244;0.261;0.117;4.998;0.225;0.222;0.242;0.2;0.547;0.059;0.017;0.029;0.046;0.027;0.027
29245;0.261;0.117;4.998;0.227;0.222;0.239;0.2;0.547;0.059;0.017;0.032;0.049;0.027;0.027
29246;0.261;0.115;4.998;0.227;0.22;0.239;0.198;0.549;0.061;0.017;0.029;0.049;0.027;0.024
29247;0.264;0.115;4.998;0.227;0.225;0.242;0.198;0.544;0.063;0.017;0.032;0.046;0.027;0.027
29248;0.266;0.117;4.998;0.227;0.222;0.239;0.2;0.544;0.061;0.017;0.034;0.049;0.027;0.027
29249;0.264;0.115;4.998;0.229;0.222;0.242;0.198;0.547;0.061;0.02;0.032;0.049;0.022;0.022
29250;0.266;0.115;4.998;0.229;0.222;0.242;0.198;0.547;0.061;0.02;0.032;0.049;0.027;0.027
29251;0.264;0.115;4.998;0.227;0.225;0.242;0.195;0.547;0.059;0.02;0.034;0.049;0.024;0.027
29252;0.264;0.117;4.998;0.227;0.22;0.242;0.198;0.547;0.061;0.017;0.029;0.046;0.027;0.032
29253;0.264;0.115;4.998;0.229;0.22;0.242;0.195;0.547;0.059;0.02;0.034;0.049;0.027;0.024
29254;0.266;0.117;4.998;0.227;0.22;0.239;0.198;0.547;0.059;0.02;0.034;0.049;0.029;0.029
29255;0.266;0.115;4.998;0.227;0.22;0.242;0.2;0.547;0.061;0.022;0.034;0.051;0.029;0.029
29256;0.266;0.117;4.998;0.225;0.217;0.239;0.2;0.547;0.061;0.02;0.032;0.049;0.024;0.027
29257;0.264;0.117;4.998;0.225;0.22;0.239;0.2;0.549;0.059;0.022;0.032;0.049;0.027;0.027
29258;0.266;0.117;4.998;0.229;0.22;0.237;0.2;0.547;0.061;0.02;0.037;0.049;0.024;0.027
29259;0.264;0.12;4.998;0.225;0.22;0.239;0.203;0.547;0.059;0.02;0.034;0.049;0.029;0.032
29260;0.266;0.117;4.998;0.227;0.217;0.237;0.203;0.547;0.059;0.02;0.037;0.049;0.029;0.027
29261;0.269;0.117;4.998;0.227;0.22;0.237;0.2;0.549;0.061;0.02;0.037;0.046;0.022;0.022
29262;0.269;0.12;4.998;0.225;0.222;0.237;0.203;0.547;0.059;0.017;0.037;0.049;0.029;0.029
29263;0.269;0.12;4.998;0.227;0.22;0.237;0.203;0.547;0.059;0.02;0.034;0.051;0.027;0.027
29264;0.269;0.12;4.998;0.227;0.22;0.234;0.2;0.544;0.056;0.017;0.034;0.051;0.027;0.029
29265;0.271;0.117;4.998;0.227;0.217;0.234;0.198;0.549;0.059;0.017;0.037;0.051;0.024;0.024
29266;0.271;0.12;4.998;0.222;0.22;0.232;0.198;0.544;0.059;0.02;0.039;0.051;0.024;0.024
29267;0.271;0.12;4.998;0.222;0.22;0.234;0.198;0.547;0.059;0.02;0.034;0.051;0.027;0.027
29268;0.273;0.12;4.998;0.222;0.222;0.234;0.2;0.549;0.059;0.02;0.039;0.051;0.024;0.027
29269;0.273;0.12;4.998;0.222;0.22;0.234;0.198;0.547;0.061;0.02;0.037;0.049;0.022;0.022
29270;0.271;0.12;4.998;0.225;0.217;0.234;0.195;0.547;0.056;0.02;0.042;0.049;0.024;0.027
29271;0.271;0.12;4.998;0.22;0.217;0.232;0.195;0.547;0.056;0.022;0.039;0.049;0.027;0.027
29272;0.271;0.12;4.998;0.22;0.22;0.237;0.195;0.547;0.059;0.02;0.042;0.051;0.022;0.024
29273;0.271;0.12;4.998;0.222;0.217;0.239;0.198;0.549;0.056;0.017;0.039;0.049;0.024;0.024
29274;0.269;0.117;4.998;0.222;0.217;0.237;0.198;0.549;0.056;0.017;0.042;0.049;0.024;0.024
29275;0.269;0.12;4.998;0.22;0.217;0.237;0.198;0.549;0.054;0.017;0.039;0.049;0.029;0.027
29276;0.266;0.12;4.998;0.222;0.217;0.234;0.198;0.549;0.059;0.02;0.042;0.049;0.022;0.024
29277;0.269;0.12;4.998;0.225;0.215;0.237;0.198;0.549;0.059;0.017;0.042;0.049;0.027;0.024
29278;0.266;0.12;4.998;0.222;0.22;0.237;0.198;0.549;0.056;0.02;0.039;0.049;0.027;0.024
29279;0.266;0.12;4.998;0.222;0.215;0.237;0.2;0.549;0.056;0.02;0.037;0.051;0.024;0.029
29280;0.266;0.12;4.998;0.222;0.212;0.237;0.195;0.547;0.056;0.02;0.042;0.049;0.027;0.027
29281;0.269;0.12;4.998;0.222;0.212;0.239;0.195;0.547;0.059;0.02;0.042;0.049;0.024;0.024
29282;0.269;0.12;4.998;0.225;0.21;0.237;0.198;0.547;0.059;0.017;0.039;0.051;0.027;0.027
29283;0.269;0.12;4.998;0.225;0.215;0.242;0.198;0.552;0.059;0.017;0.044;0.049;0.024;0.024
29284;0.266;0.117;4.998;0.225;0.215;0.237;0.198;0.549;0.059;0.02;0.042;0.049;0.024;0.024
29285;0.271;0.12;4.998;0.222;0.215;0.239;0.198;0.549;0.056;0.02;0.044;0.051;0.027;0.024
29286;0.269;0.12;4.998;0.225;0.215;0.237;0.2;0.549;0.056;0.017;0.039;0.049;0.027;0.024
29287;0.271;0.122;4.998;0.227;0.212;0.234;0.198;0.549;0.059;0.022;0.044;0.051;0.022;0.024
29288;0.271;0.12;4.998;0.222;0.212;0.237;0.198;0.552;0.061;0.022;0.044;0.049;0.027;0.024
29289;0.269;0.12;4.998;0.225;0.21;0.234;0.2;0.552;0.059;0.02;0.042;0.051;0.024;0.024
29290;0.269;0.122;4.998;0.225;0.212;0.232;0.198;0.552;0.059;0.02;0.042;0.049;0.024;0.024
29291;0.269;0.125;4.998;0.225;0.212;0.234;0.2;0.552;0.059;0.017;0.044;0.051;0.027;0.024
29292;0.269;0.125;4.998;0.225;0.215;0.232;0.2;0.552;0.061;0.02;0.044;0.051;0.027;0.029
29293;0.271;0.122;4.998;0.225;0.212;0.234;0.198;0.552;0.059;0.017;0.044;0.049;0.024;0.022
29294;0.269;0.125;3.318;0.222;0.212;0.232;0.198;0.552;0.059;0.02;0.044;0.051;0.027;0.027
29295;0.266;0.122;1.729;0.222;0.212;0.232;0.195;0.549;0.056;0.02;0.042;0.049;0.024;0.022
29296;0.269;0.125;0.984;0.225;0.212;0.232;0.198;0.552;0.056;0.017;0.044;0.049;0.024;0.027
29297;0.269;0.125;0.642;0.225;0.212;0.232;0.195;0.552;0.059;0.02;0.044;0.049;0.024;0.024
29298;0.269;0.125;0.483;0.222;0.212;0.234;0.195;0.552;0.061;0.02;0.044;0.046;0.027;0.029
29299;0.269;0.122;0.41;0.222;0.21;0.234;0.193;0.552;0.063;0.017;0.042;0.049;0.024;0.024
29300;0.266;0.125;0.376;0.222;0.212;0.232;0.195;0.549;0.059;0.02;0.046;0.049;0.022;0.024
29301;0.269;0.127;0.359;0.222;0.21;0.234;0.195;0.549;0.061;0.017;0.044;0.051;0.027;0.024
29302;0.266;0.125;0.354;0.222;0.208;0.232;0.193;0.549;0.061;0.02;0.046;0.049;0.024;0.024
29303;0.269;0.127;0.347;0.227;0.208;0.234;0.195;0.549;0.061;0.017;0.046;0.046;0.024;0.029
29304;0.266;0.125;0.347;0.222;0.208;0.234;0.193;0.549;0.056;0.017;0.044;0.049;0.024;0.024
29305;0.264;0.125;0.344;0.227;0.21;0.237;0.193;0.552;0.061;0.02;0.046;0.049;0.027;0.022
29306;0.266;0.122;0.342;0.222;0.21;0.234;0.193;0.549;0.061;0.02;0.046;0.049;0.029;0.029
29307;0.264;0.125;0.342;0.225;0.21;0.234;0.198;0.549;0.061;0.02;0.046;0.049;0.027;0.027
29308;0.266;0.122;0.344;0.222;0.21;0.234;0.195;0.549;0.061;0.02;0.046;0.049;0.024;0.027
29309;0.266;0.125;0.342;0.222;0.21;0.234;0.195;0.547;0.059;0.022;0.044;0.049;0.024;0.024
29310;0.266;0.125;0.342;0.22;0.21;0.234;0.195;0.549;0.056;0.02;0.044;0.049;0.027;0.027
29311;0.266;0.125;0.342;0.22;0.208;0.232;0.195;0.549;0.059;0.015;0.044;0.049;0.024;0.024
29312;0.266;0.125;0.347;0.225;0.212;0.232;0.195;0.549;0.059;0.02;0.046;0.049;0.024;0.024
29313;0.266;0.125;0.342;0.222;0.21;0.234;0.195;0.549;0.059;0.017;0.044;0.049;0.027;0.024
29314;0.266;0.125;0.339;0.222;0.212;0.232;0.195;0.549;0.056;0.017;0.044;0.046;0.027;0.027
29315;0.266;0.122;0.334;0.22;0.212;0.232;0.195;0.547;0.056;0.017;0.042;0.049;0.024;0.024
29316;0.266;0.122;0.342;0.22;0.212;0.232;0.195;0.547;0.059;0.017;0.044;0.051;0.024;0.027
29317;0.264;0.122;0.342;0.222;0.21;0.234;0.195;0.547;0.059;0.017;0.044;0.046;0.027;0.022
29318;0.264;0.12;0.347;0.22;0.21;0.232;0.195;0.549;0.059;0.015;0.039;0.049;0.024;0.027
29319;0.264;0.122;0.352;0.222;0.212;0.232;0.193;0.547;0.059;0.017;0.042;0.051;0.027;0.024
29320;0.266;0.122;0.352;0.22;0.212;0.229;0.195;0.547;0.059;0.017;0.042;0.049;0.024;0.027
29321;0.264;0.122;0.254;0.22;0.212;0.234;0.193;0.547;0.059;0.017;0.044;0.049;0.024;0.022
29322;0.266;0.12;0.198;0.222;0.212;0.232;0.193;0.549;0.056;0.015;0.042;0.049;0.029;0.027
29323;0.266;0.122;0.222;0.22;0.215;0.234;0.195;0.549;0.059;0.017;0.039;0.046;0.022;0.024
29324;0.266;0.12;0.288;0.222;0.21;0.232;0.193;0.549;0.059;0.017;0.039;0.046;0.024;0.027
29325;0.264;0.122;0.317;0.222;0.212;0.232;0.195;0.547;0.059;0.017;0.042;0.049;0.027;0.022
29326;0.266;0.122;0.312;0.222;0.21;0.234;0.195;0.547;0.059;0.017;0.037;0.046;0.024;0.029
29327;0.264;0.122;0.315;0.222;0.21;0.232;0.195;0.547;0.056;0.017;0.042;0.046;0.024;0.022
29328;0.266;0.122;0.264;0.22;0.208;0.229;0.198;0.544;0.059;0.017;0.039;0.046;0.027;0.032
29329;0.264;0.122;0.249;0.22;0.21;0.232;0.195;0.544;0.059;0.017;0.042;0.051;0.027;0.027
29330;0.266;0.122;0.222;0.222;0.21;0.234;0.195;0.544;0.056;0.015;0.042;0.046;0.027;0.027
29331;0.264;0.122;0.205;0.225;0.21;0.234;0.195;0.547;0.059;0.02;0.039;0.051;0.024;0.022
29332;0.264;0.12;0.212;0.222;0.21;0.234;0.193;0.547;0.056;0.017;0.039;0.049;0.024;0.027
29333;0.261;0.12;0.232;0.225;0.208;0.234;0.193;0.549;0.056;0.017;0.037;0.049;0.027;0.027
29334;0.264;0.122;0.305;0.225;0.208;0.234;0.193;0.544;0.059;0.017;0.042;0.049;0.027;0.034
29335;0.261;0.12;0.237;0.227;0.21;0.237;0.195;0.547;0.059;0.017;0.042;0.049;0.024;0.022
29336;0.259;0.122;0.205;0.229;0.21;0.234;0.193;0.547;0.059;0.02;0.042;0.051;0.027;0.024
29337;0.259;0.122;0.19;0.227;0.212;0.237;0.195;0.547;0.056;0.017;0.039;0.049;0.024;0.022
29338;0.259;0.12;0.193;0.227;0.212;0.232;0.193;0.547;0.059;0.017;0.039;0.049;0.024;0.032
29339;0.259;0.12;0.19;0.229;0.21;0.234;0.193;0.547;0.059;0.017;0.042;0.049;0.029;0.027
29340;0.259;0.122;0.188;0.227;0.212;0.239;0.193;0.547;0.059;0.015;0.042;0.049;0.024;0.024
29341;0.259;0.12;0.188;0.229;0.21;0.237;0.193;0.544;0.059;0.017;0.039;0.049;0.022;0.022
29342;0.256;0.12;0.19;0.227;0.212;0.232;0.193;0.544;0.059;0.012;0.039;0.049;0.027;0.027
29343;0.256;0.12;0.195;0.227;0.21;0.239;0.193;0.544;0.059;0.017;0.039;0.051;0.027;0.027
29344;0.256;0.117;0.186;0.227;0.212;0.259;0.195;0.549;0.056;0.015;0.039;0.049;0.024;0.024
29345;0.254;0.117;0.178;0.229;0.212;0.295;0.193;0.547;0.059;0.02;0.039;0.049;0.027;0.024
29346;0.256;0.12;0.181;0.227;0.21;0.298;0.198;0.549;0.059;0.017;0.034;0.049;0.029;0.024
29347;0.256;0.117;0.178;0.227;0.212;0.332;0.193;0.547;0.061;0.02;0.039;0.049;0.024;0.029
29348;0.256;0.12;0.171;0.227;0.21;0.327;0.193;0.549;0.059;0.017;0.037;0.049;0.029;0.027
29349;0.256;0.12;0.173;0.227;0.205;0.315;0.193;0.547;0.061;0.017;0.042;0.049;0.024;0.024
29350;0.254;0.117;0.171;0.227;0.21;0.33;0.193;0.549;0.061;0.015;0.039;0.049;0.027;0.024
29351;0.256;0.117;0.171;0.229;0.208;0.322;0.195;0.547;0.061;0.017;0.039;0.049;0.027;0.024
29352;0.259;0.117;0.166;0.227;0.208;0.31;0.195;0.549;0.063;0.02;0.042;0.049;0.022;0.022
29353;0.256;0.12;0.168;0.227;0.205;0.327;0.195;0.549;0.061;0.015;0.039;0.049;0.029;0.027
29354;0.254;0.117;0.168;0.227;0.205;0.303;0.193;0.549;0.061;0.02;0.039;0.049;0.027;0.029
29355;0.254;0.117;0.171;0.227;0.205;0.325;0.195;0.549;0.063;0.017;0.039;0.049;0.027;0.022
29356;0.256;0.117;0.166;0.227;0.208;0.31;0.198;0.549;0.061;0.02;0.039;0.046;0.027;0.027
29357;0.254;0.117;0.164;0.227;0.205;0.315;0.198;0.549;0.061;0.02;0.037;0.049;0.027;0.024
29358;0.256;0.12;0.166;0.225;0.21;0.312;0.198;0.547;0.061;0.017;0.037;0.049;0.027;0.027
29359;0.254;0.117;0.166;0.227;0.21;0.291;0.2;0.549;0.063;0.017;0.039;0.049;0.027;0.022
29360;0.256;0.117;0.166;0.229;0.21;0.293;0.203;0.552;0.063;0.015;0.039;0.049;0.027;0.027
29361;0.254;0.117;0.164;0.229;0.21;0.281;0.203;0.552;0.063;0.02;0.039;0.049;0.029;0.027
29362;0.254;0.117;0.164;0.232;0.21;0.281;0.203;0.547;0.061;0.02;0.039;0.051;0.024;0.022
29363;0.254;0.117;0.161;0.227;0.212;0.283;0.2;0.552;0.066;0.02;0.039;0.049;0.024;0.024
29364;0.254;0.117;0.164;0.229;0.212;0.278;0.198;0.549;0.066;0.017;0.039;0.049;0.024;0.022
29365;0.254;0.117;0.164;0.229;0.215;0.281;0.2;0.549;0.063;0.017;0.037;0.049;0.029;0.027
29366;0.254;0.12;0.161;0.232;0.212;0.283;0.198;0.549;0.066;0.017;0.039;0.051;0.027;0.024
29367;0.254;0.12;0.159;0.232;0.212;0.291;0.198;0.549;0.063;0.017;0.039;0.049;0.027;0.024
29368;0.254;0.12;0.159;0.232;0.212;0.293;0.198;0.552;0.063;0.02;0.037;0.051;0.027;0.024
29369;0.254;0.12;0.161;0.232;0.212;0.288;0.198;0.549;0.063;0.02;0.037;0.051;0.027;0.027
29370;0.256;0.12;0.161;0.232;0.212;0.291;0.195;0.552;0.063;0.02;0.039;0.049;0.027;0.022
29371;0.256;0.12;0.159;0.232;0.215;0.288;0.195;0.549;0.066;0.02;0.039;0.051;0.027;0.024
29372;0.254;0.122;0.159;0.232;0.215;0.288;0.195;0.552;0.066;0.02;0.039;0.049;0.027;0.022
29373;0.254;0.12;0.161;0.234;0.215;0.295;0.195;0.549;0.063;0.02;0.039;0.051;0.027;0.027
29374;0.254;0.12;0.154;0.229;0.215;0.298;0.195;0.552;0.066;0.02;0.039;0.049;0.029;0.024
29375;0.254;0.12;0.154;0.229;0.212;0.3;0.195;0.549;0.066;0.02;0.039;0.049;0.027;0.024
29376;0.254;0.12;0.154;0.232;0.215;0.298;0.198;0.554;0.061;0.017;0.037;0.049;0.029;0.027
29377;0.256;0.12;0.156;0.232;0.215;0.308;0.198;0.552;0.066;0.017;0.037;0.049;0.027;0.024
29378;0.254;0.12;0.156;0.234;0.212;0.303;0.198;0.552;0.063;0.022;0.039;0.051;0.029;0.024
29379;0.256;0.117;0.156;0.232;0.215;0.298;0.198;0.552;0.063;0.022;0.039;0.049;0.029;0.024
29380;0.256;0.12;0.159;0.229;0.212;0.3;0.198;0.554;0.066;0.02;0.039;0.051;0.034;0.029
29381;0.254;0.12;0.159;0.232;0.215;0.295;0.198;0.554;0.066;0.017;0.037;0.051;0.027;0.029
29382;0.254;0.12;0.159;0.232;0.217;0.298;0.2;0.552;0.066;0.02;0.034;0.049;0.027;0.024
29383;0.254;0.117;0.159;0.234;0.215;0.295;0.198;0.552;0.066;0.017;0.039;0.049;0.029;0.024
29384;0.254;0.117;0.159;0.234;0.215;0.293;0.2;0.552;0.066;0.022;0.039;0.049;0.029;0.027
29385;0.256;0.122;0.159;0.234;0.217;0.288;0.198;0.549;0.063;0.017;0.037;0.046;0.027;0.027
29386;0.256;0.12;0.159;0.239;0.217;0.293;0.195;0.552;0.066;0.017;0.037;0.051;0.032;0.029
29387;0.256;0.12;0.164;0.237;0.212;0.286;0.198;0.552;0.068;0.022;0.042;0.051;0.027;0.027
29388;0.256;0.12;0.166;0.237;0.212;0.298;0.198;0.552;0.066;0.017;0.037;0.049;0.032;0.024
29389;0.256;0.117;0.166;0.237;0.215;0.291;0.2;0.552;0.066;0.022;0.037;0.049;0.029;0.022
29390;0.256;0.117;0.166;0.239;0.212;0.291;0.198;0.552;0.066;0.02;0.037;0.051;0.024;0.022
29391;0.254;0.12;0.164;0.237;0.212;0.291;0.198;0.552;0.068;0.02;0.037;0.049;0.029;0.027
29392;0.254;0.12;0.166;0.237;0.215;0.291;0.2;0.552;0.063;0.02;0.034;0.049;0.027;0.024
29393;0.259;0.117;0.164;0.237;0.217;0.286;0.203;0.552;0.066;0.02;0.037;0.049;0.027;0.022
29394;0.256;0.117;0.168;0.239;0.212;0.291;0.2;0.552;0.066;0.017;0.034;0.049;0.027;0.024
29395;0.256;0.117;0.164;0.237;0.21;0.291;0.2;0.552;0.063;0.02;0.034;0.049;0.029;0.027
29396;0.256;0.12;0.164;0.239;0.212;0.293;0.198;0.552;0.066;0.02;0.037;0.049;0.029;0.022
29397;0.256;0.117;0.166;0.239;0.212;0.293;0.2;0.552;0.061;0.017;0.032;0.051;0.029;0.027
29398;0.256;0.12;0.164;0.239;0.21;0.298;0.198;0.549;0.066;0.02;0.034;0.051;0.027;0.024
29399;0.254;0.117;0.164;0.239;0.212;0.293;0.2;0.552;0.066;0.02;0.034;0.049;0.027;0.022
29400;0.256;0.115;0.164;0.242;0.212;0.298;0.2;0.552;0.063;0.022;0.037;0.049;0.029;0.024
29401;0.254;0.117;0.164;0.239;0.217;0.295;0.2;0.552;0.066;0.02;0.034;0.049;0.027;0.027
29402;0.251;0.117;0.166;0.239;0.212;0.293;0.2;0.552;0.066;0.022;0.037;0.049;0.029;0.027
29403;0.254;0.115;0.168;0.239;0.212;0.291;0.2;0.549;0.063;0.017;0.034;0.049;0.027;0.022
29404;0.254;0.117;0.168;0.239;0.215;0.295;0.203;0.549;0.063;0.02;0.034;0.049;0.024;0.022
29405;0.254;0.115;0.161;0.239;0.212;0.288;0.203;0.549;0.063;0.02;0.037;0.051;0.029;0.024
29406;0.254;0.12;0.164;0.237;0.215;0.293;0.198;0.552;0.066;0.022;0.037;0.049;0.027;0.027
29407;0.254;0.117;0.164;0.237;0.215;0.291;0.205;0.549;0.068;0.022;0.037;0.051;0.027;0.029
29408;0.254;0.117;0.164;0.237;0.215;0.291;0.2;0.552;0.066;0.02;0.037;0.049;0.032;0.027
29409;0.254;0.117;0.164;0.234;0.217;0.291;0.203;0.554;0.068;0.022;0.034;0.051;0.032;0.032
29410;0.254;0.117;0.164;0.232;0.217;0.288;0.203;0.552;0.068;0.022;0.034;0.051;0.032;0.024
29411;0.254;0.117;0.166;0.232;0.217;0.283;0.2;0.552;0.068;0.022;0.034;0.051;0.027;0.029
29412;0.251;0.12;0.166;0.234;0.217;0.288;0.2;0.554;0.068;0.022;0.034;0.051;0.029;0.024
29413;0.251;0.117;0.164;0.234;0.215;0.283;0.198;0.552;0.068;0.022;0.037;0.051;0.027;0.024
29414;0.254;0.12;0.164;0.232;0.215;0.286;0.198;0.552;0.066;0.02;0.034;0.049;0.029;0.027
29415;0.251;0.115;0.161;0.232;0.215;0.288;0.198;0.554;0.066;0.022;0.034;0.049;0.029;0.024
29416;0.251;0.117;0.164;0.232;0.215;0.286;0.195;0.554;0.066;0.02;0.037;0.051;0.027;0.024
29417;0.254;0.115;0.164;0.234;0.215;0.291;0.198;0.554;0.068;0.02;0.037;0.049;0.027;0.024
29418;0.251;0.12;0.164;0.232;0.215;0.288;0.198;0.554;0.068;0.02;0.034;0.051;0.029;0.024
29419;0.251;0.117;0.161;0.232;0.212;0.291;0.195;0.554;0.068;0.022;0.034;0.051;0.032;0.027
29420;0.251;0.117;0.161;0.232;0.21;0.288;0.198;0.552;0.068;0.022;0.037;0.049;0.029;0.027
29421;0.251;0.117;0.159;0.234;0.212;0.291;0.195;0.554;0.068;0.024;0.034;0.049;0.024;0.022
29422;0.249;0.117;0.161;0.234;0.21;0.291;0.195;0.554;0.066;0.017;0.032;0.049;0.029;0.024
29423;0.251;0.12;0.161;0.234;0.212;0.291;0.195;0.552;0.073;0.024;0.039;0.051;0.032;0.027
29424;0.249;0.117;0.166;0.232;0.212;0.291;0.2;0.554;0.068;0.02;0.037;0.051;0.032;0.027
29425;0.251;0.117;0.164;0.229;0.212;0.288;0.195;0.554;0.066;0.022;0.037;0.049;0.032;0.027
29426;0.251;0.12;0.166;0.232;0.21;0.293;0.198;0.554;0.068;0.02;0.034;0.051;0.027;0.022
29427;0.251;0.115;0.161;0.232;0.212;0.291;0.198;0.557;0.068;0.02;0.034;0.049;0.024;0.022
29428;0.251;0.117;0.161;0.232;0.212;0.291;0.2;0.554;0.071;0.022;0.037;0.051;0.034;0.032
29429;0.249;0.115;0.161;0.229;0.212;0.293;0.203;0.554;0.071;0.02;0.034;0.049;0.027;0.024
29430;0.249;0.115;0.161;0.229;0.212;0.293;0.2;0.552;0.068;0.022;0.032;0.049;0.027;0.027
29431;0.251;0.115;0.164;0.232;0.21;0.288;0.198;0.554;0.068;0.022;0.037;0.049;0.032;0.029
29432;0.249;0.115;0.161;0.232;0.212;0.293;0.2;0.552;0.071;0.022;0.034;0.049;0.027;0.027
29433;0.249;0.115;0.164;0.229;0.212;0.288;0.198;0.554;0.071;0.022;0.034;0.049;0.029;0.027
29434;0.249;0.115;0.164;0.229;0.21;0.291;0.2;0.557;0.071;0.02;0.034;0.051;0.027;0.024
29435;0.247;0.117;0.161;0.229;0.212;0.286;0.2;0.554;0.068;0.022;0.034;0.049;0.032;0.029
29436;0.247;0.117;0.166;0.229;0.212;0.288;0.195;0.552;0.071;0.02;0.032;0.049;0.032;0.027
29437;0.247;0.117;0.164;0.229;0.215;0.288;0.198;0.554;0.068;0.022;0.034;0.051;0.027;0.027
29438;0.247;0.117;0.166;0.229;0.21;0.288;0.198;0.557;0.071;0.017;0.032;0.049;0.027;0.027
29439;0.247;0.115;0.164;0.229;0.212;0.288;0.198;0.554;0.071;0.02;0.032;0.051;0.032;0.027
29440;0.247;0.112;0.164;0.229;0.212;0.291;0.198;0.554;0.071;0.022;0.034;0.049;0.029;0.024
29441;0.247;0.115;0.168;0.234;0.212;0.288;0.198;0.554;0.068;0.02;0.029;0.049;0.029;0.024
29442;0.247;0.115;0.168;0.232;0.212;0.291;0.195;0.552;0.068;0.02;0.029;0.049;0.027;0.022
29443;0.247;0.112;0.166;0.232;0.212;0.291;0.2;0.554;0.068;0.024;0.032;0.049;0.029;0.024
29444;0.247;0.117;0.168;0.232;0.215;0.288;0.195;0.552;0.068;0.022;0.032;0.051;0.029;0.029
29445;0.244;0.115;0.166;0.232;0.212;0.293;0.198;0.552;0.071;0.022;0.034;0.051;0.027;0.024
29446;0.244;0.115;0.168;0.232;0.212;0.288;0.198;0.552;0.068;0.02;0.032;0.051;0.029;0.027
29447;0.247;0.112;0.168;0.232;0.21;0.288;0.198;0.552;0.066;0.017;0.034;0.049;0.032;0.029
29448;0.244;0.115;0.168;0.232;0.215;0.293;0.2;0.554;0.071;0.022;0.032;0.049;0.034;0.027
29449;0.247;0.115;0.168;0.232;0.215;0.288;0.198;0.552;0.068;0.022;0.032;0.049;0.027;0.024
29450;0.244;0.117;0.168;0.234;0.212;0.291;0.203;0.554;0.068;0.022;0.034;0.051;0.029;0.027
29451;0.244;0.112;0.166;0.234;0.215;0.291;0.198;0.552;0.068;0.022;0.034;0.051;0.029;0.024
29452;0.244;0.115;0.166;0.232;0.212;0.293;0.198;0.552;0.066;0.02;0.032;0.046;0.029;0.024
29453;0.247;0.115;0.168;0.234;0.212;0.291;0.198;0.552;0.068;0.022;0.034;0.049;0.032;0.024
29454;0.247;0.115;0.166;0.232;0.212;0.288;0.198;0.552;0.066;0.022;0.034;0.051;0.027;0.027
29455;0.247;0.115;0.168;0.232;0.212;0.291;0.198;0.552;0.066;0.022;0.032;0.049;0.024;0.022
29456;0.249;0.115;0.168;0.232;0.212;0.291;0.198;0.552;0.063;0.022;0.032;0.051;0.032;0.027
29457;0.249;0.115;0.166;0.232;0.215;0.291;0.198;0.552;0.066;0.017;0.034;0.049;0.029;0.024
29458;0.249;0.112;0.164;0.229;0.212;0.291;0.198;0.552;0.063;0.02;0.034;0.051;0.027;0.024
29459;0.247;0.115;0.166;0.229;0.21;0.291;0.193;0.552;0.063;0.02;0.034;0.049;0.032;0.027
29460;0.251;0.112;0.166;0.229;0.212;0.291;0.195;0.549;0.066;0.024;0.042;0.051;0.029;0.027
29461;0.251;0.112;0.168;0.229;0.212;0.291;0.198;0.552;0.061;0.02;0.037;0.051;0.029;0.024
29462;0.251;0.112;0.168;0.229;0.215;0.291;0.195;0.552;0.059;0.022;0.039;0.049;0.029;0.027
29463;0.249;0.115;0.168;0.232;0.212;0.291;0.195;0.552;0.063;0.022;0.042;0.051;0.029;0.027
29464;0.249;0.115;0.168;0.227;0.215;0.288;0.195;0.552;0.061;0.02;0.042;0.049;0.029;0.024
29465;0.251;0.115;0.171;0.227;0.215;0.291;0.195;0.552;0.061;0.02;0.042;0.051;0.029;0.027
29466;0.249;0.115;0.171;0.229;0.217;0.291;0.198;0.552;0.063;0.02;0.044;0.051;0.029;0.024
29467;0.251;0.115;0.171;0.229;0.217;0.291;0.198;0.552;0.061;0.02;0.046;0.054;0.029;0.027
29468;0.247;0.112;0.171;0.227;0.217;0.288;0.198;0.552;0.061;0.02;0.044;0.049;0.032;0.027
29469;0.247;0.112;0.171;0.227;0.217;0.291;0.198;0.552;0.061;0.02;0.046;0.049;0.029;0.027
29470;0.249;0.112;0.173;0.227;0.215;0.288;0.198;0.552;0.061;0.022;0.044;0.051;0.029;0.024
29471;0.249;0.112;0.171;0.229;0.217;0.291;0.198;0.552;0.061;0.02;0.049;0.049;0.032;0.027
29472;0.247;0.112;0.171;0.229;0.215;0.291;0.2;0.552;0.061;0.022;0.046;0.049;0.032;0.022
29473;0.247;0.112;0.168;0.227;0.215;0.293;0.2;0.552;0.061;0.02;0.046;0.049;0.032;0.027
29474;0.244;0.112;0.173;0.232;0.217;0.293;0.203;0.552;0.063;0.02;0.044;0.049;0.032;0.024
29475;0.247;0.112;0.173;0.229;0.217;0.291;0.203;0.554;0.066;0.02;0.049;0.049;0.034;0.027
29476;0.244;0.11;0.168;0.229;0.222;0.295;0.2;0.554;0.063;0.022;0.051;0.049;0.032;0.029
29477;0.247;0.11;0.168;0.229;0.222;0.293;0.205;0.554;0.063;0.022;0.051;0.051;0.032;0.024
29478;0.247;0.11;0.168;0.232;0.22;0.295;0.203;0.554;0.063;0.02;0.046;0.049;0.032;0.024
29479;0.247;0.11;0.166;0.232;0.22;0.293;0.203;0.554;0.063;0.02;0.051;0.051;0.034;0.029
29480;0.244;0.107;0.168;0.232;0.222;0.293;0.2;0.554;0.066;0.02;0.049;0.051;0.032;0.024
29481;0.249;0.107;0.168;0.232;0.222;0.298;0.203;0.554;0.063;0.022;0.051;0.049;0.029;0.022
29482;0.247;0.11;0.168;0.232;0.222;0.298;0.2;0.552;0.063;0.02;0.051;0.049;0.034;0.027
29483;0.247;0.107;0.168;0.232;0.22;0.295;0.2;0.554;0.066;0.022;0.051;0.049;0.032;0.027
29484;0.247;0.11;0.168;0.232;0.22;0.298;0.203;0.554;0.063;0.022;0.051;0.051;0.034;0.024
29485;0.249;0.11;0.166;0.232;0.22;0.298;0.2;0.552;0.063;0.022;0.054;0.051;0.032;0.029
29486;0.247;0.107;0.166;0.232;0.217;0.298;0.2;0.554;0.066;0.017;0.054;0.051;0.034;0.022
29487;0.247;0.107;0.168;0.232;0.217;0.295;0.2;0.554;0.068;0.022;0.056;0.051;0.032;0.027
29488;0.249;0.107;0.166;0.229;0.217;0.3;0.198;0.557;0.066;0.017;0.056;0.051;0.032;0.027
29489;0.247;0.107;0.171;0.229;0.22;0.295;0.2;0.554;0.068;0.02;0.056;0.049;0.032;0.022
29490;0.247;0.11;0.173;0.229;0.22;0.3;0.203;0.557;0.068;0.022;0.059;0.049;0.032;0.027
29491;0.249;0.107;0.168;0.227;0.22;0.298;0.2;0.557;0.066;0.02;0.056;0.049;0.037;0.029
29492;0.247;0.107;0.171;0.227;0.22;0.298;0.203;0.557;0.063;0.02;0.056;0.049;0.032;0.024
29493;0.244;0.107;0.171;0.227;0.22;0.298;0.2;0.557;0.066;0.02;0.056;0.049;0.032;0.024
29494;0.244;0.11;0.171;0.227;0.22;0.298;0.203;0.557;0.066;0.02;0.059;0.051;0.037;0.024
29495;0.244;0.107;0.171;0.229;0.22;0.295;0.2;0.557;0.066;0.022;0.061;0.051;0.034;0.027
29496;0.249;0.107;0.173;0.229;0.222;0.298;0.2;0.554;0.068;0.02;0.061;0.051;0.032;0.024
29497;0.247;0.107;0.173;0.227;0.222;0.295;0.2;0.554;0.063;0.02;0.056;0.049;0.032;0.022
29498;0.247;0.11;0.173;0.227;0.22;0.295;0.2;0.554;0.068;0.017;0.063;0.049;0.037;0.029
29499;0.247;0.107;0.176;0.227;0.217;0.295;0.198;0.554;0.063;0.02;0.059;0.049;0.034;0.022
29500;0.247;0.107;0.176;0.227;0.217;0.295;0.2;0.554;0.063;0.022;0.059;0.051;0.032;0.027
29501;0.247;0.11;0.173;0.227;0.22;0.298;0.2;0.554;0.063;0.02;0.063;0.051;0.034;0.027
29502;0.247;0.107;0.173;0.227;0.22;0.3;0.203;0.554;0.066;0.022;0.063;0.051;0.034;0.029
29503;0.247;0.11;0.173;0.227;0.217;0.295;0.2;0.552;0.063;0.02;0.063;0.051;0.039;0.029
29504;0.247;0.105;0.171;0.227;0.217;0.298;0.2;0.554;0.061;0.017;0.061;0.051;0.034;0.024
29505;0.244;0.11;0.173;0.227;0.217;0.298;0.2;0.554;0.066;0.02;0.063;0.051;0.037;0.027
29506;0.247;0.112;0.176;0.227;0.22;0.298;0.203;0.554;0.066;0.017;0.066;0.051;0.039;0.029
29507;0.247;0.11;0.173;0.229;0.217;0.298;0.203;0.554;0.063;0.017;0.066;0.049;0.037;0.027
29508;0.247;0.11;0.176;0.227;0.22;0.298;0.203;0.554;0.066;0.02;0.063;0.051;0.037;0.024
29509;0.247;0.107;0.176;0.227;0.217;0.298;0.203;0.554;0.066;0.017;0.066;0.051;0.037;0.024
29510;0.247;0.11;0.176;0.227;0.217;0.293;0.203;0.552;0.066;0.022;0.063;0.051;0.034;0.022
29511;0.247;0.107;0.178;0.227;0.22;0.295;0.2;0.552;0.066;0.02;0.066;0.049;0.039;0.029
29512;0.249;0.11;0.178;0.227;0.217;0.295;0.203;0.554;0.063;0.02;0.066;0.051;0.037;0.024
29513;0.247;0.11;0.178;0.225;0.22;0.293;0.203;0.554;0.066;0.02;0.066;0.051;0.037;0.027
29514;0.244;0.112;0.181;0.227;0.22;0.295;0.2;0.549;0.066;0.02;0.066;0.051;0.037;0.024
29515;0.247;0.11;0.181;0.227;0.222;0.295;0.203;0.554;0.066;0.017;0.066;0.051;0.039;0.024
29516;0.247;0.11;0.183;0.227;0.22;0.293;0.203;0.554;0.066;0.02;0.066;0.049;0.039;0.027
29517;0.247;0.112;0.188;0.227;0.22;0.291;0.203;0.552;0.066;0.02;0.063;0.051;0.034;0.024
29518;0.247;0.112;0.186;0.229;0.22;0.291;0.205;0.554;0.068;0.02;0.066;0.051;0.037;0.024
29519;0.249;0.112;0.188;0.227;0.22;0.293;0.203;0.552;0.068;0.02;0.066;0.051;0.034;0.024
29520;0.247;0.112;0.19;0.227;0.217;0.295;0.203;0.552;0.066;0.022;0.066;0.051;0.037;0.024
29521;0.247;0.11;0.19;0.229;0.217;0.293;0.205;0.554;0.066;0.02;0.063;0.049;0.037;0.027
29522;0.249;0.11;0.193;0.227;0.217;0.291;0.203;0.552;0.066;0.02;0.063;0.051;0.037;0.024
29523;0.247;0.11;0.2;0.227;0.217;0.293;0.203;0.552;0.063;0.02;0.061;0.051;0.037;0.024
29524;0.247;0.11;0.21;0.227;0.217;0.295;0.203;0.552;0.066;0.02;0.063;0.049;0.039;0.029
29525;0.247;0.11;0.232;0.227;0.215;0.291;0.203;0.552;0.063;0.02;0.063;0.049;0.037;0.024
29526;0.247;0.11;0.229;0.229;0.217;0.293;0.203;0.552;0.066;0.022;0.063;0.049;0.039;0.027
29527;0.249;0.11;0.32;0.229;0.215;0.288;0.2;0.552;0.068;0.02;0.061;0.051;0.039;0.027
29528;0.249;0.11;0.447;0.227;0.217;0.291;0.2;0.554;0.068;0.022;0.066;0.049;0.037;0.027
29529;0.251;0.112;0.571;0.229;0.215;0.291;0.203;0.554;0.066;0.02;0.063;0.051;0.039;0.027
29530;0.247;0.11;0.762;0.232;0.212;0.291;0.198;0.552;0.068;0.02;0.066;0.049;0.042;0.029
29531;0.247;0.112;0.676;0.229;0.215;0.291;0.2;0.552;0.068;0.02;0.063;0.051;0.037;0.022
29532;0.249;0.11;2.031;0.232;0.215;0.286;0.2;0.552;0.066;0.02;0.063;0.049;0.039;0.027
29533;0.247;0.11;4.998;0.232;0.212;0.288;0.2;0.552;0.068;0.022;0.061;0.051;0.042;0.027
29534;0.249;0.11;4.998;0.229;0.215;0.288;0.2;0.554;0.068;0.02;0.063;0.051;0.039;0.029
29535;0.247;0.11;4.998;0.229;0.212;0.291;0.203;0.552;0.066;0.017;0.061;0.051;0.039;0.029
29536;0.247;0.11;4.998;0.229;0.217;0.288;0.2;0.552;0.066;0.017;0.061;0.049;0.034;0.024
29537;0.247;0.11;4.998;0.229;0.215;0.291;0.203;0.554;0.068;0.02;0.061;0.049;0.039;0.024
29538;0.247;0.107;4.998;0.229;0.212;0.291;0.2;0.552;0.071;0.02;0.063;0.051;0.044;0.029
29539;0.247;0.11;4.998;0.232;0.215;0.291;0.2;0.552;0.071;0.022;0.066;0.051;0.039;0.029
29540;0.244;0.11;4.998;0.232;0.215;0.288;0.2;0.554;0.068;0.024;0.063;0.049;0.042;0.024
29541;0.249;0.11;4.998;0.227;0.215;0.293;0.203;0.549;0.068;0.022;0.063;0.051;0.046;0.034
29542;0.244;0.11;4.998;0.227;0.215;0.291;0.203;0.549;0.073;0.02;0.063;0.051;0.039;0.024
29543;0.247;0.11;4.998;0.225;0.215;0.293;0.2;0.552;0.068;0.022;0.063;0.049;0.039;0.027
29544;0.247;0.11;4.998;0.227;0.215;0.293;0.198;0.552;0.068;0.02;0.063;0.049;0.039;0.024
29545;0.249;0.11;4.998;0.227;0.212;0.293;0.2;0.552;0.071;0.017;0.063;0.049;0.039;0.024
29546;0.247;0.11;4.998;0.225;0.215;0.293;0.198;0.552;0.071;0.017;0.063;0.049;0.039;0.024
29547;0.247;0.112;4.998;0.225;0.217;0.293;0.198;0.554;0.071;0.022;0.066;0.051;0.039;0.024
29548;0.247;0.11;4.998;0.225;0.217;0.293;0.198;0.552;0.071;0.02;0.066;0.049;0.039;0.024
29549;0.247;0.107;4.998;0.227;0.217;0.291;0.198;0.552;0.071;0.02;0.066;0.051;0.039;0.027
29550;0.247;0.11;4.998;0.225;0.217;0.288;0.195;0.549;0.071;0.022;0.068;0.049;0.042;0.024
29551;0.244;0.105;4.998;0.225;0.217;0.291;0.198;0.552;0.071;0.017;0.068;0.051;0.039;0.027
29552;0.247;0.11;4.998;0.227;0.215;0.288;0.195;0.554;0.068;0.022;0.068;0.049;0.042;0.024
29553;0.249;0.107;4.998;0.225;0.217;0.288;0.198;0.554;0.073;0.02;0.068;0.049;0.039;0.024
29554;0.247;0.11;4.998;0.227;0.215;0.288;0.195;0.554;0.071;0.02;0.071;0.049;0.042;0.024
29555;0.249;0.107;4.998;0.227;0.217;0.286;0.198;0.554;0.071;0.017;0.071;0.049;0.039;0.027
29556;0.249;0.107;4.998;0.227;0.217;0.286;0.195;0.554;0.073;0.02;0.071;0.051;0.037;0.022
29557;0.247;0.107;4.998;0.225;0.215;0.286;0.193;0.554;0.073;0.022;0.071;0.049;0.042;0.024
29558;0.247;0.11;4.998;0.227;0.215;0.286;0.195;0.554;0.073;0.022;0.073;0.049;0.039;0.024
29559;0.251;0.107;4.998;0.227;0.215;0.286;0.195;0.557;0.071;0.02;0.071;0.051;0.039;0.024
29560;0.249;0.107;4.998;0.227;0.215;0.286;0.195;0.554;0.071;0.02;0.071;0.049;0.042;0.024
29561;0.249;0.11;4.998;0.227;0.215;0.283;0.198;0.554;0.071;0.017;0.071;0.049;0.044;0.027
29562;0.249;0.107;4.998;0.227;0.217;0.286;0.195;0.554;0.073;0.02;0.071;0.049;0.042;0.024
29563;0.249;0.107;4.998;0.229;0.217;0.283;0.195;0.554;0.073;0.02;0.073;0.049;0.042;0.024
29564;0.249;0.107;4.998;0.232;0.215;0.286;0.195;0.552;0.071;0.017;0.071;0.051;0.039;0.022
29565;0.249;0.107;4.998;0.232;0.215;0.283;0.195;0.554;0.073;0.02;0.073;0.046;0.042;0.024
29566;0.249;0.107;4.998;0.229;0.217;0.286;0.195;0.552;0.076;0.022;0.073;0.049;0.044;0.027
29567;0.249;0.107;4.998;0.225;0.217;0.283;0.198;0.554;0.071;0.017;0.073;0.049;0.044;0.027
29568;0.249;0.107;4.998;0.229;0.215;0.283;0.198;0.554;0.071;0.02;0.071;0.049;0.042;0.027
29569;0.249;0.105;4.998;0.229;0.215;0.283;0.195;0.554;0.073;0.022;0.071;0.051;0.044;0.027
29570;0.251;0.107;4.998;0.229;0.217;0.283;0.195;0.557;0.073;0.02;0.071;0.049;0.044;0.024
29571;0.249;0.107;4.998;0.229;0.217;0.283;0.198;0.554;0.073;0.022;0.073;0.049;0.042;0.027
29572;0.247;0.105;4.998;0.227;0.215;0.283;0.198;0.552;0.073;0.02;0.073;0.051;0.042;0.027
29573;0.249;0.107;4.998;0.229;0.215;0.281;0.195;0.554;0.071;0.02;0.071;0.046;0.039;0.027
29574;0.247;0.105;4.998;0.227;0.212;0.283;0.195;0.552;0.073;0.02;0.076;0.051;0.044;0.024
29575;0.247;0.107;4.998;0.227;0.215;0.283;0.193;0.557;0.071;0.02;0.071;0.051;0.042;0.029
29576;0.249;0.107;4.998;0.227;0.212;0.283;0.193;0.554;0.071;0.02;0.071;0.051;0.042;0.027
29577;0.247;0.105;4.998;0.227;0.212;0.281;0.193;0.557;0.071;0.022;0.073;0.051;0.042;0.027
29578;0.247;0.107;4.998;0.227;0.212;0.286;0.19;0.557;0.068;0.02;0.071;0.049;0.044;0.027
29579;0.247;0.105;4.998;0.227;0.215;0.283;0.195;0.554;0.073;0.022;0.073;0.051;0.044;0.027
29580;0.249;0.107;4.998;0.227;0.215;0.283;0.195;0.554;0.073;0.02;0.073;0.051;0.044;0.027
29581;0.249;0.105;4.998;0.227;0.212;0.288;0.195;0.557;0.071;0.022;0.071;0.046;0.042;0.024
29582;0.249;0.107;4.998;0.227;0.212;0.286;0.193;0.557;0.071;0.017;0.071;0.051;0.044;0.027
29583;0.251;0.107;4.998;0.227;0.212;0.286;0.195;0.554;0.071;0.022;0.076;0.051;0.042;0.027
29584;0.249;0.107;4.998;0.225;0.212;0.286;0.195;0.554;0.071;0.02;0.073;0.051;0.044;0.027
29585;0.251;0.107;4.998;0.227;0.212;0.286;0.195;0.557;0.068;0.017;0.071;0.051;0.044;0.022
29586;0.251;0.107;4.998;0.225;0.215;0.283;0.195;0.557;0.071;0.02;0.073;0.049;0.046;0.029
29587;0.251;0.107;4.998;0.227;0.212;0.286;0.195;0.554;0.073;0.02;0.073;0.051;0.042;0.027
29588;0.254;0.107;4.998;0.227;0.212;0.288;0.193;0.554;0.071;0.02;0.073;0.051;0.044;0.027
29589;0.251;0.107;4.998;0.227;0.215;0.286;0.195;0.557;0.073;0.022;0.076;0.051;0.044;0.027
29590;0.251;0.107;4.998;0.229;0.215;0.288;0.198;0.552;0.068;0.017;0.073;0.049;0.044;0.024
29591;0.254;0.107;4.998;0.229;0.215;0.283;0.198;0.557;0.071;0.02;0.078;0.051;0.049;0.027
29592;0.256;0.107;4.998;0.227;0.215;0.286;0.198;0.557;0.071;0.02;0.078;0.051;0.044;0.029
29593;0.251;0.107;4.998;0.232;0.217;0.286;0.195;0.557;0.071;0.02;0.081;0.051;0.044;0.027
29594;0.254;0.105;4.998;0.229;0.212;0.286;0.2;0.557;0.073;0.02;0.081;0.054;0.044;0.027
29595;0.251;0.107;4.998;0.229;0.215;0.286;0.198;0.557;0.071;0.02;0.081;0.049;0.044;0.024
29596;0.254;0.105;4.998;0.229;0.215;0.283;0.198;0.557;0.073;0.02;0.088;0.049;0.044;0.024
29597;0.251;0.105;4.998;0.229;0.215;0.286;0.198;0.557;0.073;0.022;0.09;0.054;0.044;0.024
29598;0.251;0.107;4.998;0.227;0.215;0.283;0.198;0.557;0.073;0.02;0.093;0.051;0.044;0.027
29599;0.254;0.107;4.998;0.227;0.215;0.283;0.2;0.554;0.073;0.02;0.095;0.051;0.044;0.027
29600;0.254;0.105;4.998;0.227;0.212;0.286;0.2;0.557;0.073;0.022;0.1;0.054;0.046;0.027
29601;0.254;0.105;4.998;0.229;0.212;0.286;0.2;0.554;0.073;0.02;0.1;0.049;0.049;0.032
29602;0.249;0.107;4.998;0.229;0.212;0.283;0.195;0.557;0.073;0.02;0.103;0.049;0.046;0.024
29603;0.251;0.105;4.998;0.227;0.21;0.286;0.2;0.557;0.071;0.02;0.107;0.049;0.046;0.027
29604;0.251;0.105;4.998;0.229;0.212;0.286;0.198;0.557;0.076;0.02;0.112;0.051;0.044;0.024
29605;0.254;0.105;4.998;0.229;0.21;0.286;0.2;0.559;0.073;0.02;0.115;0.051;0.046;0.029
29606;0.251;0.103;4.998;0.229;0.21;0.283;0.198;0.557;0.073;0.02;0.12;0.051;0.044;0.024
29607;0.254;0.103;4.583;0.229;0.212;0.283;0.2;0.557;0.076;0.022;0.12;0.051;0.049;0.027
29608;0.254;0.103;2.395;0.229;0.215;0.283;0.2;0.557;0.073;0.02;0.125;0.051;0.046;0.027
29609;0.254;0.105;1.194;0.229;0.215;0.286;0.2;0.557;0.071;0.02;0.125;0.049;0.046;0.024
29610;0.254;0.105;0.701;0.232;0.215;0.288;0.2;0.557;0.071;0.02;0.132;0.051;0.051;0.027
29611;0.254;0.103;0.449;0.232;0.212;0.286;0.203;0.557;0.076;0.022;0.134;0.051;0.044;0.024
29612;0.254;0.103;0.359;0.229;0.215;0.286;0.2;0.557;0.073;0.02;0.137;0.049;0.046;0.024
29613;0.256;0.103;0.33;0.229;0.217;0.288;0.203;0.557;0.071;0.017;0.139;0.051;0.046;0.027
29614;0.254;0.103;0.354;0.229;0.215;0.286;0.203;0.557;0.073;0.022;0.139;0.051;0.046;0.024
29615;0.256;0.1;0.366;0.229;0.215;0.288;0.2;0.554;0.071;0.02;0.144;0.051;0.044;0.029
29616;0.254;0.098;0.354;0.229;0.212;0.288;0.203;0.557;0.073;0.022;0.149;0.051;0.046;0.024
29617;0.254;0.1;0.356;0.229;0.212;0.288;0.203;0.557;0.073;0.022;0.151;0.051;0.049;0.027
29618;0.254;0.1;0.571;0.229;0.215;0.288;0.203;0.557;0.071;0.02;0.154;0.051;0.049;0.024
29619;0.254;0.098;0.334;0.229;0.215;0.288;0.203;0.557;0.073;0.02;0.156;0.051;0.049;0.027
29620;0.251;0.1;0.493;0.229;0.212;0.288;0.2;0.557;0.068;0.02;0.156;0.049;0.049;0.024
29621;0.254;0.103;0.371;0.229;0.215;0.286;0.205;0.557;0.068;0.02;0.159;0.049;0.046;0.024
29622;0.251;0.1;0.32;0.229;0.212;0.288;0.203;0.557;0.071;0.022;0.166;0.051;0.046;0.024
29623;0.251;0.098;0.278;0.229;0.212;0.291;0.203;0.557;0.071;0.017;0.166;0.049;0.044;0.024
29624;0.254;0.1;0.269;0.229;0.212;0.286;0.205;0.557;0.068;0.02;0.168;0.049;0.049;0.024
29625;0.251;0.098;0.256;0.229;0.212;0.286;0.208;0.557;0.068;0.017;0.171;0.051;0.049;0.022
29626;0.251;0.098;0.269;0.227;0.212;0.286;0.21;0.554;0.068;0.02;0.171;0.049;0.046;0.024
29627;0.249;0.1;0.251;0.227;0.215;0.283;0.208;0.554;0.066;0.02;0.173;0.051;0.051;0.027
29628;0.251;0.098;0.239;0.227;0.21;0.283;0.208;0.554;0.066;0.02;0.176;0.049;0.046;0.024
29629;0.249;0.1;0.232;0.227;0.212;0.283;0.208;0.552;0.068;0.02;0.181;0.046;0.046;0.022
29630;0.249;0.098;0.22;0.225;0.212;0.281;0.208;0.554;0.066;0.017;0.181;0.049;0.051;0.024
29631;0.251;0.098;0.229;0.227;0.21;0.281;0.208;0.554;0.066;0.017;0.181;0.046;0.051;0.027
29632;0.249;0.1;0.227;0.227;0.21;0.281;0.208;0.554;0.066;0.017;0.183;0.049;0.051;0.024
29633;0.249;0.1;0.229;0.227;0.21;0.283;0.205;0.554;0.068;0.022;0.186;0.051;0.051;0.024
29634;0.251;0.098;0.222;0.229;0.21;0.281;0.205;0.552;0.063;0.017;0.188;0.051;0.046;0.024
29635;0.249;0.1;0.215;0.225;0.208;0.278;0.205;0.552;0.068;0.022;0.188;0.049;0.046;0.022
29636;0.249;0.1;0.215;0.227;0.212;0.283;0.205;0.552;0.063;0.02;0.193;0.049;0.049;0.027
29637;0.251;0.103;0.21;0.229;0.21;0.283;0.203;0.552;0.066;0.02;0.193;0.049;0.049;0.024
29638;0.249;0.1;0.215;0.229;0.212;0.281;0.203;0.554;0.063;0.02;0.193;0.046;0.049;0.029
29639;0.249;0.105;0.208;0.227;0.21;0.283;0.205;0.552;0.068;0.017;0.193;0.049;0.049;0.027
29640;0.249;0.103;0.212;0.229;0.212;0.281;0.203;0.552;0.063;0.02;0.193;0.049;0.049;0.022
29641;0.249;0.105;0.21;0.227;0.212;0.283;0.203;0.549;0.066;0.017;0.195;0.049;0.051;0.024
29642;0.249;0.1;0.205;0.227;0.212;0.283;0.205;0.552;0.066;0.017;0.198;0.049;0.051;0.027
29643;0.251;0.103;0.205;0.229;0.21;0.283;0.205;0.549;0.063;0.02;0.2;0.049;0.051;0.022
29644;0.251;0.1;0.203;0.229;0.212;0.283;0.203;0.547;0.063;0.02;0.2;0.049;0.054;0.027
29645;0.251;0.103;0.205;0.229;0.21;0.283;0.205;0.549;0.066;0.02;0.2;0.051;0.051;0.029
29646;0.251;0.1;0.203;0.227;0.212;0.283;0.205;0.549;0.066;0.02;0.205;0.049;0.049;0.024
29647;0.249;0.1;0.2;0.229;0.212;0.283;0.208;0.549;0.066;0.02;0.205;0.049;0.046;0.02
29648;0.251;0.103;0.195;0.229;0.212;0.281;0.208;0.552;0.068;0.02;0.203;0.046;0.054;0.027
29649;0.251;0.103;0.195;0.229;0.212;0.283;0.203;0.552;0.066;0.017;0.205;0.046;0.051;0.024
29650;0.251;0.103;0.193;0.227;0.212;0.286;0.205;0.552;0.068;0.022;0.205;0.049;0.051;0.024
29651;0.254;0.103;0.198;0.229;0.215;0.283;0.208;0.549;0.068;0.022;0.205;0.049;0.051;0.024
29652;0.254;0.103;0.195;0.227;0.212;0.283;0.208;0.554;0.068;0.02;0.208;0.051;0.054;0.027
29653;0.251;0.103;0.195;0.227;0.212;0.281;0.205;0.552;0.066;0.017;0.208;0.049;0.051;0.022
29654;0.254;0.105;0.2;0.229;0.212;0.281;0.205;0.552;0.071;0.02;0.21;0.049;0.054;0.029
29655;0.254;0.103;0.203;0.227;0.212;0.281;0.203;0.552;0.068;0.02;0.208;0.049;0.054;0.024
29656;0.256;0.103;0.208;0.227;0.212;0.281;0.203;0.552;0.068;0.017;0.21;0.051;0.051;0.027
29657;0.254;0.103;0.208;0.225;0.212;0.278;0.203;0.554;0.068;0.017;0.21;0.049;0.051;0.024
29658;0.254;0.103;0.205;0.225;0.212;0.281;0.203;0.552;0.068;0.02;0.208;0.049;0.054;0.024
29659;0.254;0.103;0.198;0.227;0.208;0.278;0.2;0.552;0.071;0.02;0.21;0.049;0.054;0.027
29660;0.254;0.1;0.205;0.225;0.208;0.278;0.203;0.554;0.073;0.022;0.212;0.051;0.054;0.027
29661;0.254;0.1;0.208;0.227;0.21;0.283;0.2;0.552;0.068;0.017;0.21;0.051;0.054;0.024
29662;0.251;0.1;0.22;0.225;0.21;0.283;0.203;0.554;0.071;0.02;0.212;0.051;0.054;0.027
29663;0.251;0.1;0.215;0.227;0.208;0.281;0.203;0.554;0.071;0.02;0.212;0.049;0.054;0.024
29664;0.256;0.103;0.227;0.225;0.208;0.281;0.203;0.552;0.071;0.02;0.215;0.051;0.054;0.027
29665;0.251;0.1;0.222;0.225;0.208;0.281;0.203;0.554;0.068;0.02;0.217;0.051;0.054;0.024
29666;0.251;0.103;0.217;0.225;0.21;0.281;0.2;0.552;0.071;0.022;0.215;0.051;0.056;0.027
29667;0.251;0.1;0.232;0.225;0.208;0.281;0.2;0.552;0.071;0.015;0.217;0.051;0.054;0.029
29668;0.249;0.1;0.229;0.225;0.203;0.281;0.2;0.554;0.071;0.02;0.217;0.054;0.054;0.024
29669;0.249;0.103;0.21;0.225;0.208;0.281;0.198;0.552;0.068;0.022;0.22;0.051;0.054;0.024
29670;0.251;0.103;0.264;0.225;0.208;0.283;0.195;0.554;0.071;0.017;0.222;0.051;0.054;0.024
29671;0.251;0.1;0.242;0.227;0.208;0.281;0.2;0.554;0.068;0.02;0.225;0.051;0.056;0.027
29672;0.251;0.1;0.244;0.225;0.208;0.281;0.195;0.554;0.068;0.017;0.227;0.049;0.056;0.027
29673;0.249;0.105;0.217;0.225;0.205;0.281;0.198;0.554;0.071;0.02;0.227;0.049;0.059;0.029
29674;0.251;0.103;0.222;0.227;0.208;0.278;0.195;0.557;0.068;0.02;0.232;0.049;0.051;0.024
29675;0.251;0.103;0.212;0.227;0.205;0.281;0.2;0.554;0.068;0.02;0.234;0.051;0.059;0.029
29676;0.251;0.103;0.22;0.227;0.208;0.281;0.198;0.554;0.071;0.02;0.239;0.051;0.056;0.024
29677;0.251;0.105;0.222;0.227;0.205;0.276;0.198;0.554;0.068;0.02;0.242;0.051;0.054;0.027
29678;0.251;0.105;0.239;0.225;0.208;0.283;0.2;0.557;0.071;0.02;0.242;0.051;0.054;0.024
29679;0.251;0.103;0.256;0.227;0.208;0.278;0.2;0.554;0.071;0.02;0.244;0.051;0.059;0.027
29680;0.251;0.105;0.251;0.225;0.208;0.281;0.198;0.557;0.071;0.017;0.249;0.051;0.054;0.027
29681;0.251;0.105;0.239;0.227;0.21;0.281;0.198;0.557;0.068;0.022;0.249;0.051;0.059;0.027
29682;0.251;0.103;0.237;0.229;0.21;0.281;0.2;0.557;0.071;0.02;0.254;0.049;0.054;0.022
29683;0.251;0.105;0.283;0.227;0.205;0.281;0.198;0.557;0.068;0.017;0.256;0.049;0.059;0.027
29684;0.251;0.105;0.3;0.227;0.21;0.283;0.198;0.554;0.068;0.015;0.256;0.051;0.061;0.024
29685;0.249;0.103;0.427;0.227;0.21;0.281;0.198;0.554;0.068;0.017;0.261;0.051;0.063;0.027
29686;0.251;0.105;0.378;0.227;0.208;0.283;0.217;0.554;0.071;0.02;0.266;0.049;0.068;0.027
29687;0.251;0.105;0.398;0.227;0.208;0.281;0.266;0.557;0.071;0.02;0.266;0.049;0.073;0.027
29688;0.254;0.105;0.356;0.227;0.208;0.278;0.269;0.557;0.073;0.02;0.269;0.051;0.071;0.02
29689;0.251;0.105;0.503;0.227;0.205;0.281;0.305;0.557;0.071;0.017;0.269;0.046;0.078;0.027
29690;0.251;0.107;0.508;0.227;0.208;0.278;0.334;0.557;0.071;0.02;0.276;0.051;0.083;0.027
29691;0.251;0.107;0.718;0.225;0.21;0.281;0.281;0.557;0.073;0.017;0.276;0.049;0.09;0.027
29692;0.249;0.105;1.25;0.222;0.205;0.281;0.305;0.557;0.071;0.02;0.276;0.051;0.093;0.027
29693;0.251;0.107;4.998;0.227;0.21;0.281;0.3;0.557;0.068;0.02;0.276;0.049;0.098;0.029
29694;0.251;0.107;4.998;0.227;0.205;0.278;0.278;0.552;0.068;0.017;0.278;0.051;0.098;0.024
29695;0.251;0.105;4.998;0.227;0.205;0.283;0.244;0.557;0.068;0.017;0.281;0.049;0.103;0.027
29696;0.251;0.105;4.998;0.225;0.205;0.281;0.305;0.557;0.071;0.02;0.281;0.049;0.1;0.024
29697;0.251;0.107;4.998;0.225;0.205;0.281;0.247;0.554;0.071;0.02;0.283;0.049;0.11;0.029
29698;0.251;0.107;4.998;0.225;0.203;0.281;0.259;0.554;0.073;0.022;0.286;0.051;0.112;0.027
29699;0.251;0.107;4.998;0.225;0.203;0.283;0.269;0.554;0.071;0.017;0.283;0.049;0.115;0.024
29700;0.251;0.107;4.998;0.225;0.203;0.283;0.259;0.554;0.068;0.017;0.283;0.049;0.115;0.024
29701;0.251;0.107;4.998;0.227;0.203;0.281;0.247;0.554;0.071;0.02;0.286;0.049;0.117;0.024
29702;0.251;0.105;4.998;0.225;0.205;0.281;0.256;0.552;0.071;0.015;0.286;0.049;0.12;0.024
29703;0.251;0.105;4.998;0.225;0.203;0.281;0.251;0.554;0.071;0.017;0.283;0.049;0.122;0.024
29704;0.251;0.103;4.998;0.225;0.203;0.278;0.242;0.554;0.071;0.02;0.286;0.049;0.122;0.022
29705;0.249;0.105;4.998;0.222;0.203;0.281;0.269;0.554;0.071;0.017;0.286;0.049;0.125;0.029
29706;0.247;0.103;4.998;0.225;0.203;0.278;0.249;0.554;0.073;0.02;0.286;0.044;0.127;0.022
29707;0.249;0.103;4.998;0.222;0.2;0.276;0.264;0.557;0.071;0.017;0.283;0.046;0.129;0.024
29708;0.247;0.1;4.998;0.222;0.203;0.278;0.254;0.554;0.071;0.017;0.281;0.049;0.134;0.024
29709;0.247;0.105;4.998;0.225;0.203;0.278;0.266;0.554;0.068;0.02;0.283;0.049;0.137;0.022
29710;0.249;0.105;4.998;0.222;0.203;0.281;0.249;0.557;0.071;0.017;0.283;0.049;0.139;0.027
29711;0.247;0.103;4.998;0.22;0.203;0.276;0.266;0.557;0.073;0.015;0.283;0.049;0.139;0.022
29712;0.244;0.103;4.998;0.222;0.203;0.281;0.256;0.557;0.068;0.015;0.278;0.046;0.142;0.022
29713;0.247;0.103;4.998;0.217;0.2;0.278;0.266;0.554;0.071;0.02;0.281;0.051;0.146;0.024
29714;0.244;0.105;4.998;0.22;0.203;0.278;0.251;0.557;0.068;0.015;0.276;0.049;0.149;0.027
29715;0.244;0.103;4.998;0.22;0.203;0.278;0.261;0.554;0.068;0.02;0.276;0.046;0.146;0.027
29716;0.247;0.1;4.998;0.22;0.198;0.278;0.266;0.557;0.071;0.017;0.276;0.049;0.151;0.024
29717;0.247;0.103;4.998;0.22;0.2;0.278;0.254;0.554;0.071;0.017;0.276;0.051;0.151;0.022
29718;0.244;0.1;4.998;0.217;0.198;0.278;0.264;0.557;0.068;0.017;0.273;0.049;0.154;0.024
29719;0.244;0.1;4.998;0.22;0.198;0.278;0.261;0.557;0.068;0.017;0.271;0.049;0.156;0.027
29720;0.247;0.1;4.998;0.22;0.198;0.278;0.261;0.557;0.071;0.017;0.271;0.049;0.159;0.027
29721;0.247;0.103;4.998;0.22;0.198;0.278;0.261;0.557;0.073;0.017;0.269;0.049;0.156;0.024
29722;0.247;0.1;4.998;0.222;0.2;0.278;0.269;0.557;0.073;0.02;0.269;0.051;0.161;0.027
29723;0.247;0.1;4.998;0.22;0.2;0.278;0.256;0.557;0.073;0.017;0.266;0.049;0.166;0.027
29724;0.249;0.098;4.998;0.22;0.198;0.276;0.259;0.557;0.071;0.017;0.264;0.049;0.161;0.024
29725;0.244;0.098;4.998;0.22;0.198;0.278;0.269;0.552;0.073;0.02;0.264;0.051;0.161;0.022
29726;0.247;0.1;4.998;0.217;0.198;0.276;0.259;0.554;0.076;0.02;0.264;0.049;0.168;0.032
29727;0.244;0.098;4.998;0.22;0.195;0.276;0.261;0.554;0.076;0.02;0.261;0.051;0.164;0.022
29728;0.249;0.098;4.998;0.217;0.198;0.278;0.264;0.554;0.073;0.017;0.254;0.046;0.166;0.024
29729;0.247;0.098;3.135;0.22;0.2;0.278;0.261;0.552;0.078;0.02;0.256;0.049;0.166;0.022
29730;0.244;0.098;1.587;0.217;0.198;0.281;0.259;0.549;0.078;0.02;0.254;0.046;0.168;0.024
29731;0.244;0.098;0.881;0.217;0.198;0.278;0.266;0.552;0.073;0.017;0.251;0.051;0.166;0.022
29732;0.244;0.1;0.547;0.217;0.2;0.281;0.259;0.552;0.078;0.022;0.251;0.051;0.171;0.027
29733;0.247;0.1;0.381;0.217;0.198;0.278;0.256;0.552;0.078;0.02;0.247;0.049;0.168;0.027
29734;0.247;0.1;0.303;0.22;0.2;0.278;0.261;0.554;0.081;0.02;0.249;0.049;0.178;0.032
29735;0.247;0.1;0.269;0.222;0.2;0.278;0.261;0.554;0.081;0.02;0.244;0.051;0.166;0.027
29736;0.247;0.1;0.264;0.22;0.2;0.278;0.254;0.549;0.081;0.02;0.242;0.051;0.168;0.027
29737;0.249;0.1;0.227;0.22;0.198;0.276;0.261;0.554;0.076;0.02;0.242;0.049;0.171;0.024
29738;0.249;0.098;0.215;0.22;0.2;0.276;0.259;0.554;0.078;0.017;0.239;0.049;0.171;0.027
29739;0.247;0.103;0.208;0.22;0.203;0.278;0.261;0.554;0.078;0.017;0.237;0.049;0.171;0.027
29740;0.247;0.103;0.227;0.22;0.2;0.276;0.261;0.552;0.081;0.022;0.237;0.049;0.168;0.024
29741;0.249;0.098;0.356;0.217;0.205;0.278;0.261;0.552;0.083;0.017;0.234;0.051;0.171;0.029
29742;0.249;0.1;0.53;0.22;0.203;0.278;0.259;0.554;0.085;0.02;0.232;0.051;0.171;0.027
29743;0.251;0.103;0.325;0.217;0.203;0.278;0.264;0.557;0.088;0.02;0.229;0.049;0.171;0.024
29744;0.249;0.103;0.22;0.217;0.203;0.278;0.264;0.554;0.083;0.017;0.227;0.051;0.176;0.027
29745;0.249;0.1;0.205;0.217;0.203;0.273;0.256;0.552;0.085;0.022;0.227;0.051;0.176;0.029
29746;0.249;0.1;0.205;0.215;0.203;0.276;0.264;0.554;0.085;0.022;0.222;0.049;0.176;0.029
29747;0.254;0.103;0.203;0.22;0.203;0.276;0.264;0.554;0.085;0.02;0.225;0.049;0.176;0.024
29748;0.249;0.103;0.212;0.217;0.2;0.278;0.264;0.554;0.088;0.022;0.222;0.049;0.176;0.032
29749;0.249;0.1;0.205;0.217;0.2;0.278;0.261;0.552;0.085;0.02;0.22;0.049;0.178;0.027
29750;0.251;0.1;0.21;0.217;0.198;0.278;0.266;0.554;0.085;0.015;0.217;0.049;0.171;0.027
29751;0.251;0.103;0.208;0.217;0.198;0.276;0.266;0.552;0.085;0.02;0.22;0.049;0.176;0.024
29752;0.251;0.103;0.203;0.217;0.2;0.281;0.261;0.554;0.088;0.02;0.215;0.049;0.178;0.027
29753;0.251;0.1;0.186;0.217;0.198;0.278;0.266;0.554;0.088;0.02;0.215;0.049;0.176;0.024
29754;0.249;0.103;0.195;0.22;0.195;0.281;0.264;0.554;0.088;0.022;0.215;0.049;0.178;0.027
29755;0.251;0.103;0.203;0.222;0.195;0.281;0.259;0.552;0.088;0.02;0.212;0.051;0.178;0.024
29756;0.249;0.103;0.198;0.22;0.198;0.281;0.259;0.554;0.09;0.02;0.215;0.049;0.178;0.024
29757;0.249;0.103;0.227;0.222;0.195;0.278;0.269;0.552;0.088;0.02;0.212;0.049;0.183;0.024
29758;0.247;0.103;0.232;0.222;0.198;0.281;0.261;0.557;0.085;0.017;0.21;0.049;0.181;0.027
29759;0.251;0.1;0.208;0.22;0.198;0.281;0.259;0.552;0.09;0.02;0.212;0.049;0.188;0.024
29760;0.249;0.1;0.195;0.222;0.198;0.278;0.259;0.554;0.088;0.017;0.212;0.049;0.186;0.027
29761;0.249;0.1;0.193;0.222;0.195;0.281;0.261;0.554;0.09;0.02;0.215;0.049;0.186;0.022
29762;0.247;0.105;0.183;0.22;0.195;0.278;0.254;0.552;0.09;0.02;0.21;0.049;0.188;0.027
29763;0.247;0.1;0.178;0.222;0.193;0.281;0.254;0.552;0.09;0.02;0.212;0.049;0.19;0.027
29764;0.247;0.103;0.183;0.222;0.198;0.278;0.254;0.554;0.093;0.02;0.21;0.049;0.186;0.024
29765;0.247;0.103;0.181;0.22;0.193;0.278;0.256;0.552;0.09;0.02;0.212;0.049;0.19;0.027
29766;0.244;0.103;0.178;0.22;0.195;0.276;0.256;0.554;0.09;0.022;0.21;0.046;0.19;0.024
29767;0.247;0.103;0.173;0.22;0.195;0.276;0.256;0.552;0.093;0.02;0.208;0.049;0.19;0.027
29768;0.247;0.1;0.171;0.22;0.195;0.276;0.256;0.552;0.09;0.022;0.208;0.049;0.19;0.027
29769;0.247;0.105;0.171;0.222;0.195;0.276;0.254;0.554;0.09;0.022;0.21;0.049;0.19;0.027
29770;0.247;0.105;0.173;0.22;0.195;0.278;0.256;0.554;0.093;0.022;0.21;0.049;0.188;0.027
29771;0.244;0.105;0.168;0.222;0.195;0.276;0.256;0.557;0.093;0.024;0.21;0.049;0.193;0.027
29772;0.244;0.105;0.166;0.22;0.195;0.273;0.254;0.554;0.093;0.02;0.21;0.051;0.188;0.02
29773;0.247;0.105;0.166;0.22;0.195;0.276;0.254;0.554;0.09;0.02;0.208;0.049;0.193;0.027
29774;0.244;0.107;0.161;0.22;0.198;0.276;0.256;0.557;0.085;0.02;0.205;0.049;0.193;0.027
29775;0.244;0.105;0.161;0.22;0.195;0.273;0.251;0.557;0.09;0.02;0.205;0.051;0.193;0.027
29776;0.244;0.107;0.161;0.22;0.195;0.276;0.254;0.557;0.088;0.02;0.203;0.049;0.193;0.024
29777;0.242;0.11;0.164;0.22;0.195;0.278;0.254;0.557;0.093;0.024;0.208;0.046;0.19;0.024
29778;0.242;0.105;0.161;0.22;0.193;0.278;0.254;0.559;0.088;0.02;0.2;0.049;0.19;0.022
29779;0.244;0.11;0.156;0.22;0.195;0.281;0.259;0.559;0.093;0.02;0.203;0.049;0.19;0.024
29780;0.244;0.107;0.159;0.217;0.193;0.278;0.256;0.557;0.09;0.022;0.203;0.049;0.19;0.027
29781;0.244;0.107;0.164;0.22;0.195;0.281;0.259;0.557;0.093;0.024;0.203;0.046;0.195;0.029
29782;0.244;0.107;0.159;0.217;0.193;0.281;0.259;0.554;0.09;0.02;0.2;0.049;0.193;0.027
29783;0.244;0.107;0.161;0.22;0.193;0.278;0.256;0.557;0.09;0.022;0.2;0.049;0.19;0.024
29784;0.242;0.107;0.159;0.22;0.193;0.281;0.261;0.557;0.09;0.022;0.198;0.049;0.19;0.024
29785;0.244;0.107;0.164;0.222;0.193;0.281;0.259;0.557;0.093;0.022;0.2;0.049;0.188;0.027
29786;0.244;0.107;0.161;0.22;0.193;0.283;0.261;0.554;0.093;0.022;0.2;0.049;0.188;0.027
29787;0.244;0.105;0.161;0.22;0.193;0.281;0.261;0.554;0.09;0.024;0.195;0.049;0.188;0.022
29788;0.242;0.105;0.159;0.22;0.193;0.281;0.266;0.559;0.09;0.02;0.195;0.051;0.186;0.027
29789;0.242;0.105;0.159;0.222;0.193;0.278;0.266;0.554;0.093;0.022;0.193;0.049;0.188;0.027
29790;0.242;0.107;0.159;0.217;0.195;0.281;0.269;0.557;0.09;0.022;0.19;0.049;0.178;0.02
29791;0.242;0.105;0.159;0.222;0.193;0.281;0.269;0.557;0.093;0.022;0.195;0.049;0.186;0.027
29792;0.242;0.103;0.159;0.217;0.19;0.281;0.273;0.559;0.093;0.024;0.19;0.049;0.188;0.024
29793;0.239;0.105;0.161;0.22;0.193;0.281;0.266;0.559;0.09;0.022;0.19;0.049;0.188;0.029
29794;0.242;0.105;0.166;0.22;0.19;0.278;0.271;0.557;0.09;0.024;0.188;0.049;0.181;0.02
29795;0.239;0.105;0.161;0.217;0.193;0.278;0.266;0.557;0.088;0.022;0.186;0.049;0.183;0.024
29796;0.242;0.103;0.161;0.22;0.19;0.276;0.269;0.557;0.093;0.024;0.186;0.049;0.183;0.024
29797;0.242;0.105;0.161;0.22;0.193;0.278;0.266;0.557;0.09;0.024;0.183;0.049;0.181;0.024
29798;0.239;0.103;0.159;0.217;0.193;0.276;0.269;0.557;0.093;0.022;0.183;0.049;0.181;0.027
29799;0.239;0.105;0.159;0.217;0.193;0.278;0.269;0.559;0.09;0.02;0.176;0.049;0.181;0.024
29800;0.242;0.103;0.159;0.222;0.193;0.278;0.269;0.557;0.093;0.022;0.178;0.049;0.178;0.027
29801;0.239;0.105;0.159;0.217;0.193;0.278;0.266;0.557;0.093;0.02;0.176;0.051;0.181;0.029
29802;0.242;0.103;0.161;0.22;0.19;0.278;0.264;0.559;0.093;0.022;0.173;0.049;0.178;0.022
29803;0.242;0.105;0.161;0.217;0.193;0.281;0.264;0.559;0.093;0.022;0.173;0.051;0.181;0.027
29804;0.242;0.103;0.161;0.22;0.193;0.278;0.266;0.559;0.09;0.024;0.171;0.049;0.181;0.027
29805;0.242;0.103;0.159;0.22;0.195;0.281;0.264;0.559;0.09;0.022;0.168;0.046;0.178;0.029
29806;0.242;0.103;0.156;0.22;0.193;0.281;0.266;0.559;0.09;0.024;0.168;0.049;0.178;0.024
29807;0.242;0.103;0.161;0.22;0.193;0.283;0.269;0.559;0.088;0.02;0.164;0.049;0.178;0.027
29808;0.242;0.105;0.161;0.22;0.193;0.281;0.266;0.559;0.088;0.022;0.164;0.049;0.178;0.027
29809;0.242;0.105;0.164;0.222;0.195;0.281;0.266;0.557;0.093;0.024;0.168;0.049;0.176;0.022
29810;0.244;0.105;0.166;0.222;0.195;0.281;0.266;0.559;0.085;0.02;0.161;0.046;0.176;0.022
29811;0.242;0.103;0.166;0.222;0.193;0.278;0.266;0.562;0.088;0.017;0.159;0.049;0.178;0.027
29812;0.244;0.105;0.164;0.22;0.193;0.281;0.264;0.557;0.088;0.022;0.159;0.049;0.178;0.027
29813;0.244;0.105;0.166;0.225;0.19;0.281;0.261;0.557;0.085;0.022;0.159;0.049;0.178;0.027
29814;0.244;0.103;0.166;0.222;0.195;0.281;0.264;0.557;0.085;0.022;0.156;0.051;0.178;0.024
29815;0.242;0.107;0.171;0.222;0.193;0.281;0.259;0.557;0.088;0.024;0.156;0.046;0.176;0.027
29816;0.239;0.103;0.168;0.222;0.195;0.281;0.259;0.557;0.085;0.022;0.154;0.049;0.178;0.024
29817;0.242;0.105;0.166;0.225;0.193;0.281;0.261;0.557;0.085;0.024;0.151;0.051;0.176;0.029
29818;0.239;0.103;0.166;0.222;0.193;0.281;0.259;0.559;0.085;0.024;0.151;0.049;0.176;0.024
29819;0.239;0.105;0.168;0.222;0.19;0.278;0.259;0.559;0.088;0.022;0.149;0.049;0.183;0.029
29820;0.239;0.103;0.166;0.222;0.19;0.278;0.259;0.559;0.088;0.024;0.151;0.049;0.178;0.024
29821;0.237;0.103;0.166;0.22;0.193;0.278;0.256;0.557;0.088;0.024;0.149;0.049;0.176;0.027
29822;0.239;0.103;0.168;0.222;0.193;0.278;0.259;0.559;0.088;0.024;0.149;0.049;0.176;0.027
29823;0.239;0.103;0.171;0.22;0.193;0.281;0.261;0.559;0.09;0.022;0.144;0.049;0.176;0.027
29824;0.237;0.103;0.171;0.22;0.195;0.278;0.261;0.557;0.09;0.022;0.146;0.049;0.176;0.024
29825;0.237;0.1;0.166;0.222;0.193;0.281;0.264;0.557;0.09;0.024;0.146;0.049;0.176;0.024
29826;0.239;0.103;0.168;0.222;0.193;0.278;0.264;0.559;0.085;0.02;0.142;0.049;0.176;0.027
29827;0.239;0.1;0.171;0.22;0.193;0.278;0.261;0.559;0.085;0.02;0.142;0.051;0.176;0.029
29828;0.239;0.103;0.171;0.225;0.193;0.281;0.261;0.559;0.09;0.022;0.139;0.049;0.173;0.024
29829;0.239;0.098;0.166;0.222;0.193;0.278;0.261;0.557;0.088;0.024;0.142;0.049;0.176;0.027
29830;0.242;0.1;0.168;0.222;0.193;0.278;0.261;0.559;0.088;0.022;0.142;0.049;0.176;0.024
29831;0.239;0.1;0.168;0.22;0.195;0.281;0.259;0.554;0.088;0.022;0.137;0.049;0.176;0.027
29832;0.242;0.1;0.171;0.22;0.195;0.281;0.261;0.557;0.088;0.024;0.139;0.049;0.176;0.027
29833;0.242;0.1;0.166;0.22;0.195;0.281;0.264;0.557;0.09;0.024;0.137;0.049;0.173;0.027
29834;0.242;0.098;0.168;0.22;0.195;0.281;0.261;0.557;0.09;0.02;0.137;0.046;0.171;0.027
29835;0.242;0.1;0.168;0.22;0.195;0.281;0.259;0.557;0.085;0.022;0.137;0.049;0.173;0.024
29836;0.239;0.098;0.168;0.217;0.198;0.281;0.264;0.557;0.088;0.022;0.134;0.049;0.176;0.029
29837;0.239;0.098;0.168;0.22;0.193;0.281;0.261;0.554;0.088;0.022;0.132;0.046;0.173;0.024
29838;0.242;0.1;0.168;0.222;0.195;0.286;0.261;0.554;0.088;0.024;0.132;0.049;0.173;0.024
29839;0.242;0.098;0.171;0.22;0.193;0.283;0.266;0.557;0.088;0.022;0.132;0.046;0.176;0.024
29840;0.239;0.098;0.171;0.222;0.195;0.283;0.266;0.557;0.085;0.02;0.127;0.049;0.176;0.024
29841;0.237;0.1;0.168;0.22;0.193;0.286;0.264;0.559;0.085;0.02;0.127;0.049;0.173;0.027
29842;0.242;0.1;0.168;0.22;0.193;0.283;0.269;0.557;0.088;0.022;0.127;0.049;0.173;0.027
29843;0.242;0.098;0.168;0.217;0.193;0.286;0.266;0.557;0.088;0.022;0.125;0.049;0.171;0.029
29844;0.239;0.1;0.171;0.22;0.195;0.286;0.266;0.554;0.088;0.022;0.122;0.046;0.176;0.027
29845;0.239;0.1;0.171;0.217;0.193;0.283;0.269;0.554;0.088;0.024;0.125;0.049;0.173;0.027
29846;0.237;0.1;0.171;0.215;0.193;0.283;0.269;0.557;0.09;0.022;0.125;0.049;0.173;0.027
29847;0.239;0.1;0.171;0.217;0.193;0.283;0.264;0.557;0.093;0.022;0.125;0.049;0.176;0.024
29848;0.239;0.098;0.171;0.215;0.193;0.286;0.269;0.554;0.09;0.02;0.122;0.046;0.176;0.024
29849;0.239;0.1;0.171;0.217;0.195;0.283;0.271;0.554;0.093;0.022;0.12;0.049;0.176;0.027
29850;0.239;0.1;0.171;0.217;0.195;0.281;0.266;0.554;0.093;0.022;0.12;0.049;0.176;0.027
29851;0.237;0.098;0.171;0.215;0.195;0.286;0.269;0.552;0.093;0.022;0.12;0.046;0.178;0.027
29852;0.239;0.1;0.173;0.215;0.193;0.281;0.269;0.554;0.093;0.024;0.117;0.049;0.173;0.027
29853;0.242;0.098;0.173;0.215;0.195;0.283;0.269;0.557;0.095;0.024;0.117;0.049;0.181;0.027
29854;0.239;0.1;0.171;0.215;0.193;0.281;0.266;0.557;0.098;0.024;0.112;0.049;0.181;0.024
29855;0.237;0.1;0.178;0.215;0.193;0.281;0.269;0.552;0.098;0.027;0.115;0.049;0.181;0.024
29856;0.242;0.098;0.173;0.215;0.195;0.281;0.269;0.552;0.095;0.022;0.107;0.049;0.178;0.027
29857;0.242;0.1;0.176;0.212;0.193;0.281;0.264;0.554;0.098;0.022;0.107;0.049;0.181;0.024
29858;0.239;0.098;0.171;0.212;0.193;0.281;0.266;0.552;0.095;0.022;0.105;0.049;0.178;0.024
29859;0.239;0.098;0.171;0.212;0.195;0.283;0.269;0.554;0.098;0.02;0.105;0.049;0.181;0.027
29860;0.239;0.098;0.173;0.21;0.195;0.283;0.269;0.554;0.098;0.022;0.103;0.051;0.181;0.022
29861;0.237;0.098;0.168;0.212;0.195;0.278;0.269;0.552;0.098;0.022;0.105;0.049;0.183;0.024
29862;0.242;0.098;0.173;0.21;0.195;0.281;0.271;0.554;0.098;0.022;0.098;0.049;0.178;0.027
29863;0.239;0.095;0.171;0.21;0.195;0.281;0.266;0.554;0.098;0.022;0.1;0.046;0.181;0.024
29864;0.237;0.095;0.173;0.212;0.195;0.281;0.266;0.554;0.098;0.02;0.1;0.046;0.181;0.024
29865;0.239;0.095;0.173;0.212;0.193;0.281;0.266;0.557;0.098;0.022;0.098;0.049;0.183;0.027
29866;0.237;0.095;0.176;0.212;0.195;0.281;0.269;0.554;0.098;0.024;0.093;0.049;0.183;0.027
29867;0.237;0.095;0.178;0.212;0.195;0.281;0.266;0.557;0.095;0.02;0.093;0.054;0.178;0.022
29868;0.237;0.095;0.181;0.212;0.198;0.283;0.266;0.554;0.095;0.022;0.093;0.049;0.181;0.024
29869;0.239;0.095;0.178;0.215;0.193;0.281;0.266;0.557;0.098;0.022;0.09;0.049;0.183;0.027
29870;0.239;0.095;0.178;0.212;0.193;0.283;0.264;0.557;0.098;0.022;0.088;0.051;0.181;0.022
29871;0.237;0.098;0.178;0.215;0.193;0.281;0.264;0.557;0.095;0.022;0.088;0.049;0.183;0.027
29872;0.237;0.095;0.181;0.215;0.193;0.283;0.264;0.554;0.1;0.022;0.085;0.049;0.178;0.024
29873;0.239;0.098;0.178;0.212;0.193;0.283;0.261;0.559;0.098;0.024;0.083;0.049;0.178;0.027
29874;0.237;0.098;0.178;0.215;0.193;0.283;0.266;0.557;0.098;0.022;0.083;0.046;0.178;0.027
29875;0.234;0.098;0.178;0.212;0.195;0.283;0.266;0.559;0.1;0.024;0.081;0.049;0.176;0.024
29876;0.237;0.1;0.178;0.215;0.193;0.286;0.264;0.557;0.103;0.024;0.081;0.049;0.171;0.024
29877;0.237;0.098;0.176;0.215;0.193;0.283;0.264;0.557;0.1;0.024;0.081;0.049;0.173;0.024
29878;0.237;0.1;0.178;0.215;0.195;0.283;0.266;0.559;0.098;0.022;0.076;0.049;0.171;0.024
29879;0.237;0.098;0.178;0.212;0.195;0.283;0.269;0.559;0.098;0.022;0.076;0.049;0.171;0.027
29880;0.234;0.098;0.176;0.215;0.195;0.283;0.269;0.557;0.1;0.022;0.076;0.051;0.168;0.024
29881;0.237;0.1;0.176;0.215;0.195;0.281;0.269;0.559;0.098;0.022;0.073;0.049;0.168;0.024
29882;0.237;0.1;0.176;0.215;0.198;0.283;0.271;0.557;0.103;0.022;0.073;0.049;0.166;0.022
29883;0.237;0.1;0.178;0.215;0.195;0.278;0.271;0.559;0.098;0.024;0.071;0.049;0.166;0.027
29884;0.237;0.098;0.178;0.217;0.2;0.281;0.271;0.557;0.103;0.022;0.071;0.049;0.161;0.024
29885;0.237;0.1;0.173;0.215;0.198;0.278;0.271;0.559;0.105;0.022;0.068;0.049;0.161;0.022
29886;0.234;0.098;0.171;0.215;0.2;0.281;0.273;0.562;0.103;0.024;0.068;0.049;0.164;0.027
29887;0.234;0.1;0.168;0.215;0.198;0.278;0.271;0.557;0.103;0.024;0.068;0.049;0.159;0.024
29888;0.237;0.098;0.173;0.215;0.2;0.278;0.273;0.559;0.103;0.022;0.066;0.049;0.154;0.027
29889;0.237;0.098;0.176;0.215;0.198;0.278;0.271;0.557;0.103;0.024;0.066;0.049;0.156;0.029
29890;0.237;0.098;0.173;0.212;0.203;0.278;0.271;0.559;0.103;0.022;0.063;0.051;0.154;0.024
29891;0.234;0.1;0.176;0.215;0.198;0.281;0.273;0.557;0.105;0.024;0.066;0.049;0.151;0.024
29892;0.234;0.098;0.173;0.212;0.2;0.278;0.273;0.559;0.105;0.02;0.066;0.054;0.154;0.024
29893;0.234;0.098;0.173;0.212;0.2;0.276;0.273;0.562;0.105;0.022;0.061;0.049;0.144;0.022
29894;0.237;0.098;0.176;0.21;0.2;0.278;0.271;0.562;0.105;0.024;0.063;0.049;0.149;0.029
29895;0.237;0.095;0.178;0.212;0.2;0.278;0.273;0.559;0.105;0.022;0.059;0.049;0.146;0.024
29896;0.234;0.095;0.176;0.212;0.203;0.278;0.271;0.562;0.105;0.022;0.061;0.049;0.137;0.024
29897;0.237;0.095;0.178;0.212;0.198;0.278;0.271;0.559;0.105;0.024;0.059;0.049;0.142;0.024
29898;0.234;0.098;0.176;0.212;0.2;0.278;0.271;0.559;0.107;0.024;0.061;0.049;0.132;0.027
29899;0.232;0.095;0.176;0.212;0.2;0.278;0.271;0.562;0.105;0.022;0.059;0.049;0.137;0.022
29900;0.237;0.093;0.176;0.21;0.2;0.278;0.271;0.562;0.107;0.024;0.059;0.049;0.127;0.024
29901;0.234;0.095;0.176;0.21;0.2;0.281;0.271;0.562;0.107;0.022;0.056;0.049;0.129;0.024
29902;0.234;0.095;0.181;0.21;0.2;0.278;0.273;0.564;0.107;0.022;0.059;0.049;0.122;0.022
29903;0.234;0.095;0.178;0.205;0.198;0.278;0.273;0.564;0.11;0.027;0.059;0.051;0.125;0.027
29904;0.234;0.095;0.176;0.21;0.198;0.278;0.271;0.562;0.107;0.022;0.056;0.049;0.117;0.022
29905;0.234;0.095;0.176;0.208;0.2;0.278;0.273;0.564;0.11;0.024;0.056;0.049;0.112;0.022
29906;0.237;0.095;0.178;0.208;0.195;0.278;0.271;0.562;0.112;0.024;0.056;0.049;0.115;0.024
29907;0.234;0.095;0.176;0.208;0.198;0.278;0.271;0.559;0.107;0.02;0.054;0.051;0.115;0.024
29908;0.237;0.095;0.178;0.208;0.2;0.281;0.271;0.562;0.11;0.022;0.056;0.049;0.11;0.027
29909;0.237;0.095;0.176;0.21;0.2;0.281;0.269;0.562;0.107;0.022;0.054;0.049;0.107;0.022
29910;0.237;0.093;0.178;0.208;0.198;0.281;0.269;0.562;0.11;0.02;0.056;0.049;0.105;0.024
29911;0.239;0.098;0.181;0.21;0.2;0.278;0.261;0.564;0.11;0.02;0.051;0.049;0.105;0.029
29912;0.239;0.095;0.181;0.208;0.198;0.281;0.261;0.562;0.112;0.022;0.051;0.049;0.1;0.024
29913;0.239;0.093;0.176;0.208;0.2;0.278;0.264;0.564;0.112;0.022;0.051;0.049;0.098;0.022
29914;0.242;0.095;0.178;0.205;0.2;0.281;0.264;0.562;0.115;0.022;0.054;0.046;0.093;0.024
29915;0.239;0.093;0.181;0.208;0.198;0.281;0.259;0.564;0.115;0.022;0.051;0.049;0.095;0.027
29916;0.242;0.095;0.178;0.208;0.198;0.283;0.261;0.564;0.117;0.024;0.049;0.046;0.09;0.024
29917;0.239;0.098;0.176;0.208;0.2;0.281;0.261;0.562;0.117;0.024;0.051;0.049;0.09;0.022
29918;0.242;0.095;0.178;0.21;0.198;0.281;0.261;0.564;0.12;0.02;0.051;0.049;0.088;0.027
29919;0.242;0.095;0.173;0.21;0.2;0.283;0.261;0.562;0.12;0.02;0.051;0.049;0.085;0.024
29920;0.242;0.095;0.176;0.21;0.2;0.283;0.261;0.562;0.122;0.024;0.054;0.051;0.088;0.027
29921;0.242;0.093;0.171;0.212;0.198;0.283;0.264;0.562;0.117;0.017;0.046;0.051;0.081;0.022
29922;0.242;0.095;0.173;0.21;0.198;0.283;0.264;0.564;0.125;0.022;0.049;0.051;0.083;0.024
29923;0.242;0.095;0.171;0.212;0.2;0.281;0.264;0.562;0.125;0.024;0.049;0.049;0.083;0.027
29924;0.242;0.093;0.173;0.21;0.198;0.281;0.264;0.564;0.125;0.022;0.046;0.049;0.078;0.024
29925;0.242;0.095;0.173;0.212;0.203;0.283;0.264;0.562;0.125;0.022;0.049;0.049;0.078;0.024
29926;0.242;0.095;0.176;0.212;0.195;0.281;0.264;0.562;0.129;0.022;0.049;0.051;0.078;0.024
29927;0.242;0.095;0.173;0.21;0.2;0.281;0.266;0.564;0.127;0.02;0.046;0.046;0.085;0.034
29928;0.242;0.093;0.178;0.21;0.2;0.278;0.266;0.562;0.129;0.022;0.049;0.049;0.073;0.024
29929;0.239;0.095;0.178;0.21;0.2;0.278;0.261;0.564;0.129;0.022;0.044;0.049;0.078;0.029
29930;0.239;0.093;0.178;0.21;0.198;0.278;0.264;0.562;0.132;0.024;0.049;0.051;0.073;0.022
29931;0.239;0.093;0.183;0.21;0.2;0.278;0.266;0.564;0.132;0.022;0.046;0.051;0.078;0.029
29932;0.237;0.09;0.193;0.21;0.2;0.276;0.266;0.564;0.132;0.022;0.046;0.049;0.076;0.024
29933;0.237;0.09;0.212;0.212;0.198;0.276;0.264;0.564;0.137;0.024;0.044;0.049;0.076;0.024
29934;0.239;0.09;0.244;0.212;0.198;0.278;0.266;0.564;0.134;0.022;0.044;0.049;0.073;0.022
29935;0.242;0.09;0.283;0.21;0.198;0.278;0.269;0.566;0.137;0.024;0.046;0.049;0.076;0.027
29936;0.239;0.093;0.544;0.21;0.2;0.278;0.269;0.564;0.137;0.024;0.046;0.049;0.076;0.024
29937;0.239;0.093;0.42;0.21;0.2;0.281;0.264;0.564;0.137;0.02;0.042;0.046;0.076;0.024
29938;0.242;0.093;0.605;0.212;0.198;0.278;0.266;0.564;0.137;0.024;0.044;0.049;0.078;0.027
29939;0.239;0.09;0.808;0.212;0.198;0.278;0.269;0.562;0.139;0.024;0.044;0.049;0.076;0.024
29940;0.239;0.09;0.854;0.21;0.198;0.278;0.271;0.564;0.142;0.022;0.044;0.051;0.078;0.027
29941;0.242;0.093;0.969;0.212;0.2;0.278;0.269;0.562;0.144;0.024;0.042;0.054;0.078;0.024
29942;0.239;0.09;1.011;0.21;0.198;0.278;0.266;0.562;0.142;0.024;0.042;0.049;0.085;0.032
29943;0.239;0.093;0.94;0.21;0.198;0.278;0.264;0.562;0.144;0.022;0.039;0.046;0.085;0.027
29944;0.239;0.093;0.896;0.212;0.2;0.278;0.264;0.562;0.144;0.024;0.042;0.049;0.081;0.027
29945;0.239;0.088;1.057;0.21;0.198;0.281;0.264;0.562;0.146;0.024;0.042;0.049;0.085;0.027
29946;0.239;0.088;0.864;0.21;0.198;0.281;0.264;0.562;0.142;0.022;0.039;0.049;0.085;0.024
29947;0.239;0.09;0.898;0.208;0.198;0.281;0.261;0.562;0.146;0.024;0.042;0.049;0.083;0.024
29948;0.239;0.093;4.998;0.212;0.198;0.278;0.264;0.559;0.154;0.027;0.042;0.049;0.09;0.027
29949;0.239;0.088;4.998;0.208;0.198;0.281;0.264;0.559;0.154;0.027;0.042;0.049;0.088;0.027
29950;0.237;0.09;4.998;0.208;0.2;0.278;0.264;0.562;0.154;0.027;0.039;0.046;0.093;0.024
29951;0.237;0.088;4.998;0.208;0.198;0.281;0.264;0.559;0.151;0.027;0.039;0.049;0.088;0.022
29952;0.239;0.088;4.998;0.203;0.198;0.278;0.264;0.559;0.154;0.027;0.039;0.049;0.095;0.027
29953;0.234;0.085;4.998;0.205;0.198;0.276;0.266;0.559;0.154;0.024;0.039;0.049;0.093;0.024
29954;0.239;0.088;3.032;0.205;0.198;0.281;0.266;0.562;0.159;0.027;0.037;0.049;0.098;0.029
29955;0.239;0.088;1.523;0.203;0.2;0.278;0.264;0.562;0.161;0.024;0.039;0.049;0.098;0.024
29956;0.239;0.088;0.811;0.205;0.198;0.278;0.266;0.562;0.161;0.024;0.039;0.049;0.098;0.024
29957;0.239;0.085;0.479;0.205;0.2;0.276;0.266;0.559;0.159;0.027;0.037;0.051;0.1;0.024
29958;0.239;0.088;0.332;0.203;0.198;0.276;0.266;0.559;0.159;0.024;0.034;0.051;0.1;0.027
29959;0.237;0.088;0.271;0.2;0.198;0.276;0.264;0.562;0.159;0.024;0.037;0.051;0.103;0.027
29960;0.239;0.085;2.651;0.2;0.195;0.273;0.264;0.559;0.164;0.027;0.037;0.049;0.103;0.022
29961;0.239;0.085;4.998;0.203;0.195;0.273;0.266;0.559;0.164;0.024;0.034;0.049;0.107;0.027
29962;0.242;0.085;4.998;0.2;0.195;0.273;0.269;0.562;0.164;0.027;0.037;0.049;0.1;0.022
29963;0.239;0.085;4.998;0.2;0.195;0.273;0.266;0.559;0.166;0.027;0.037;0.049;0.105;0.024
29964;0.239;0.085;4.998;0.2;0.198;0.273;0.266;0.562;0.168;0.027;0.034;0.049;0.105;0.022
29965;0.239;0.085;4.998;0.203;0.195;0.276;0.266;0.559;0.168;0.027;0.037;0.046;0.11;0.027
29966;0.239;0.085;4.998;0.2;0.198;0.273;0.264;0.559;0.168;0.024;0.037;0.046;0.11;0.024
29967;0.239;0.083;4.998;0.203;0.195;0.273;0.264;0.559;0.173;0.024;0.037;0.049;0.107;0.022
29968;0.242;0.088;4.998;0.2;0.198;0.276;0.264;0.562;0.168;0.027;0.037;0.049;0.115;0.027
29969;0.237;0.085;4.998;0.2;0.195;0.273;0.264;0.559;0.171;0.024;0.034;0.049;0.115;0.029
29970;0.239;0.083;4.998;0.2;0.198;0.273;0.261;0.559;0.171;0.024;0.034;0.049;0.117;0.027
29971;0.239;0.083;4.998;0.2;0.198;0.276;0.261;0.562;0.171;0.024;0.034;0.046;0.117;0.027
29972;0.239;0.083;4.998;0.2;0.2;0.276;0.261;0.562;0.171;0.024;0.032;0.049;0.115;0.024
29973;0.239;0.085;4.998;0.198;0.198;0.276;0.261;0.562;0.173;0.022;0.037;0.049;0.117;0.027
29974;0.242;0.085;4.998;0.203;0.195;0.278;0.261;0.562;0.171;0.024;0.034;0.049;0.12;0.024
29975;0.242;0.085;4.998;0.2;0.198;0.276;0.259;0.562;0.173;0.024;0.037;0.046;0.12;0.029
29976;0.239;0.088;4.998;0.203;0.195;0.278;0.261;0.562;0.171;0.027;0.037;0.049;0.12;0.027
29977;0.239;0.085;4.998;0.203;0.195;0.281;0.259;0.562;0.173;0.022;0.032;0.049;0.12;0.027
29978;0.239;0.088;4.998;0.203;0.195;0.276;0.261;0.564;0.173;0.022;0.034;0.049;0.122;0.027
29979;0.239;0.085;4.998;0.203;0.195;0.278;0.261;0.564;0.176;0.027;0.037;0.049;0.122;0.024
29980;0.239;0.088;4.998;0.205;0.195;0.278;0.259;0.564;0.173;0.024;0.037;0.049;0.12;0.024
29981;0.237;0.085;4.998;0.203;0.195;0.278;0.256;0.562;0.173;0.027;0.034;0.049;0.125;0.024
29982;0.242;0.085;4.998;0.203;0.193;0.278;0.256;0.564;0.173;0.024;0.034;0.049;0.125;0.027
29983;0.239;0.088;4.998;0.203;0.195;0.281;0.259;0.564;0.173;0.027;0.034;0.049;0.12;0.022
29984;0.242;0.085;4.998;0.205;0.195;0.278;0.256;0.564;0.173;0.027;0.037;0.049;0.125;0.027
29985;0.242;0.083;4.998;0.203;0.193;0.281;0.259;0.564;0.173;0.024;0.034;0.049;0.125;0.022
29986;0.242;0.088;4.998;0.203;0.193;0.278;0.259;0.564;0.173;0.027;0.034;0.049;0.125;0.02
29987;0.239;0.083;4.998;0.2;0.195;0.278;0.261;0.562;0.173;0.024;0.034;0.049;0.127;0.027
29988;0.239;0.083;4.998;0.2;0.195;0.278;0.264;0.562;0.173;0.024;0.034;0.049;0.127;0.022
29989;0.239;0.085;4.998;0.2;0.193;0.276;0.259;0.564;0.168;0.027;0.032;0.049;0.125;0.024
29990;0.244;0.085;4.998;0.203;0.195;0.278;0.259;0.564;0.173;0.022;0.034;0.049;0.129;0.027
29991;0.242;0.085;4.998;0.2;0.193;0.278;0.261;0.562;0.171;0.027;0.034;0.049;0.129;0.024
29992;0.239;0.085;4.998;0.203;0.195;0.276;0.259;0.564;0.168;0.022;0.032;0.051;0.127;0.022
29993;0.239;0.085;4.998;0.2;0.195;0.278;0.261;0.562;0.171;0.027;0.037;0.049;0.127;0.027
29994;0.239;0.085;4.998;0.2;0.195;0.276;0.261;0.562;0.168;0.024;0.032;0.049;0.129;0.022
29995;0.242;0.085;4.998;0.198;0.198;0.273;0.261;0.562;0.171;0.027;0.034;0.049;0.129;0.029
29996;0.242;0.088;4.998;0.198;0.195;0.276;0.259;0.562;0.171;0.027;0.034;0.049;0.129;0.02
29997;0.242;0.088;3.42;0.2;0.195;0.276;0.259;0.562;0.168;0.027;0.034;0.049;0.129;0.027
29998;0.244;0.088;1.611;0.2;0.195;0.273;0.261;0.559;0.166;0.024;0.032;0.049;0.132;0.024
29999;0.239;0.088;1.069;0.2;0.195;0.276;0.259;0.559;0.166;0.027;0.037;0.049;0.134;0.027
30000;0.242;0.085;0.984;0.2;0.195;0.273;0.259;0.562;0.164;0.027;0.032;0.049;0.129;0.022
30001;0.239;0.09;1.006;0.203;0.198;0.276;0.259;0.562;0.166;0.027;0.037;0.049;0.134;0.027
30002;0.239;0.09;1.44;0.198;0.198;0.273;0.256;0.564;0.166;0.029;0.039;0.049;0.132;0.024
30003;0.239;0.088;0.684;0.203;0.195;0.276;0.259;0.564;0.164;0.027;0.037;0.049;0.132;0.024
30004;0.237;0.085;1.147;0.2;0.195;0.276;0.259;0.564;0.164;0.027;0.034;0.051;0.132;0.022
30005;0.239;0.088;0.842;0.198;0.198;0.276;0.259;0.564;0.161;0.027;0.037;0.049;0.127;0.02
30006;0.239;0.09;0.94;0.2;0.195;0.273;0.259;0.559;0.161;0.027;0.034;0.046;0.137;0.022
30007;0.237;0.088;4.998;0.2;0.195;0.273;0.256;0.562;0.161;0.027;0.037;0.049;0.134;0.024
30008;0.239;0.088;4.998;0.2;0.198;0.273;0.259;0.562;0.156;0.024;0.037;0.049;0.132;0.022
30009;0.237;0.085;4.998;0.198;0.195;0.273;0.259;0.564;0.159;0.027;0.034;0.049;0.134;0.024
30010;0.239;0.085;4.998;0.2;0.195;0.273;0.259;0.562;0.159;0.024;0.037;0.051;0.129;0.022
30011;0.237;0.085;4.998;0.203;0.2;0.273;0.261;0.562;0.156;0.029;0.037;0.049;0.134;0.022
30012;0.242;0.085;4.998;0.203;0.198;0.276;0.264;0.562;0.154;0.024;0.037;0.049;0.134;0.024
30013;0.239;0.083;4.998;0.203;0.2;0.273;0.259;0.559;0.156;0.027;0.034;0.049;0.137;0.027
30014;0.239;0.083;4.998;0.203;0.198;0.273;0.259;0.559;0.154;0.027;0.037;0.051;0.132;0.022
30015;0.239;0.085;4.998;0.203;0.2;0.273;0.261;0.562;0.154;0.027;0.039;0.051;0.132;0.022
30016;0.237;0.085;4.998;0.203;0.198;0.273;0.259;0.562;0.154;0.027;0.037;0.049;0.132;0.029
30017;0.239;0.083;4.998;0.203;0.198;0.273;0.259;0.557;0.151;0.027;0.042;0.051;0.137;0.027
30018;0.237;0.085;4.998;0.205;0.198;0.273;0.256;0.559;0.151;0.024;0.039;0.051;0.132;0.024
30019;0.237;0.083;4.998;0.203;0.198;0.273;0.256;0.559;0.151;0.027;0.044;0.051;0.132;0.024
30020;0.237;0.081;4.998;0.203;0.198;0.271;0.256;0.557;0.146;0.027;0.044;0.051;0.132;0.027
30021;0.239;0.083;4.998;0.2;0.198;0.273;0.256;0.559;0.146;0.027;0.044;0.051;0.132;0.027
30022;0.239;0.081;4.998;0.2;0.198;0.271;0.256;0.559;0.146;0.027;0.042;0.049;0.132;0.024
30023;0.239;0.081;4.998;0.2;0.195;0.271;0.254;0.559;0.149;0.029;0.044;0.051;0.134;0.024
30024;0.239;0.081;4.998;0.2;0.198;0.269;0.256;0.557;0.146;0.027;0.046;0.049;0.134;0.029
30025;0.239;0.081;4.998;0.2;0.198;0.273;0.254;0.557;0.144;0.024;0.044;0.049;0.134;0.027
30026;0.237;0.081;4.998;0.2;0.198;0.269;0.256;0.557;0.146;0.027;0.049;0.049;0.132;0.027
30027;0.239;0.081;4.998;0.2;0.195;0.269;0.254;0.559;0.146;0.027;0.051;0.051;0.132;0.024
30028;0.239;0.081;4.998;0.2;0.198;0.271;0.254;0.557;0.142;0.024;0.049;0.051;0.132;0.029
30029;0.239;0.078;4.998;0.2;0.198;0.271;0.251;0.557;0.142;0.024;0.051;0.051;0.134;0.027
30030;0.237;0.081;4.998;0.2;0.198;0.271;0.251;0.559;0.142;0.027;0.051;0.051;0.132;0.027
30031;0.239;0.081;4.998;0.2;0.198;0.269;0.251;0.557;0.139;0.027;0.054;0.046;0.132;0.027
30032;0.237;0.081;4.998;0.2;0.195;0.271;0.254;0.557;0.139;0.027;0.051;0.049;0.134;0.024
30033;0.239;0.081;4.998;0.203;0.193;0.273;0.256;0.557;0.142;0.029;0.059;0.049;0.129;0.024
30034;0.239;0.081;4.998;0.203;0.195;0.271;0.256;0.554;0.129;0.017;0.044;0.051;0.134;0.029
30035;0.239;0.081;4.998;0.2;0.198;0.271;0.256;0.557;0.134;0.022;0.051;0.049;0.129;0.024
30036;0.242;0.081;4.998;0.203;0.2;0.271;0.259;0.562;0.137;0.024;0.051;0.049;0.134;0.029
30037;0.239;0.081;4.998;0.203;0.198;0.271;0.259;0.557;0.134;0.024;0.051;0.049;0.132;0.027
30038;0.242;0.081;4.998;0.2;0.198;0.269;0.256;0.557;0.139;0.027;0.056;0.051;0.129;0.027
30039;0.242;0.083;4.998;0.205;0.2;0.271;0.259;0.557;0.139;0.027;0.059;0.049;0.129;0.024
30040;0.242;0.083;4.998;0.203;0.198;0.269;0.256;0.554;0.139;0.024;0.056;0.049;0.132;0.027
30041;0.242;0.081;4.998;0.203;0.195;0.271;0.256;0.557;0.139;0.032;0.061;0.051;0.132;0.024
30042;0.242;0.081;4.998;0.203;0.198;0.271;0.256;0.559;0.137;0.029;0.061;0.049;0.129;0.024
30043;0.244;0.083;4.998;0.203;0.198;0.269;0.256;0.554;0.137;0.032;0.059;0.049;0.134;0.029
30044;0.244;0.083;4.998;0.203;0.198;0.266;0.259;0.554;0.134;0.032;0.061;0.049;0.129;0.027
30045;0.239;0.083;4.998;0.203;0.195;0.269;0.256;0.552;0.137;0.037;0.059;0.046;0.129;0.027
30046;0.244;0.083;4.998;0.203;0.198;0.269;0.256;0.554;0.134;0.032;0.061;0.049;0.129;0.027
30047;0.242;0.083;4.998;0.205;0.195;0.269;0.259;0.557;0.134;0.034;0.059;0.049;0.129;0.024
30048;0.242;0.085;4.998;0.203;0.195;0.266;0.254;0.554;0.134;0.029;0.061;0.049;0.132;0.029
30049;0.242;0.088;4.998;0.205;0.195;0.271;0.259;0.559;0.134;0.034;0.061;0.049;0.127;0.024
30050;0.242;0.085;4.998;0.205;0.193;0.269;0.256;0.557;0.134;0.037;0.059;0.051;0.129;0.024
30051;0.239;0.085;4.998;0.205;0.195;0.271;0.256;0.557;0.129;0.034;0.061;0.049;0.125;0.027
30052;0.242;0.083;4.998;0.205;0.195;0.269;0.261;0.559;0.127;0.034;0.056;0.049;0.127;0.027
30053;0.239;0.085;4.998;0.205;0.195;0.269;0.254;0.559;0.129;0.037;0.061;0.049;0.127;0.024
30054;0.239;0.083;4.998;0.203;0.193;0.271;0.256;0.559;0.129;0.037;0.061;0.049;0.125;0.029
30055;0.239;0.085;4.998;0.208;0.193;0.269;0.256;0.554;0.127;0.037;0.061;0.049;0.127;0.024
30056;0.239;0.088;4.998;0.203;0.193;0.269;0.256;0.557;0.125;0.034;0.056;0.049;0.127;0.027
30057;0.239;0.088;4.998;0.203;0.195;0.271;0.254;0.557;0.129;0.034;0.059;0.049;0.125;0.024
30058;0.239;0.085;4.998;0.203;0.195;0.271;0.251;0.552;0.127;0.039;0.063;0.051;0.125;0.024
30059;0.239;0.088;4.998;0.203;0.193;0.271;0.254;0.552;0.125;0.037;0.061;0.051;0.122;0.027
30060;0.239;0.085;4.998;0.203;0.195;0.271;0.254;0.554;0.125;0.037;0.059;0.046;0.122;0.029
30061;0.239;0.085;4.998;0.205;0.193;0.269;0.251;0.61;0.122;0.037;0.059;0.049;0.122;0.024
30062;0.239;0.085;4.998;0.203;0.195;0.271;0.249;0.701;0.125;0.039;0.056;0.049;0.127;0.032
30063;0.239;0.085;4.998;0.203;0.193;0.271;0.249;0.73;0.122;0.039;0.056;0.049;0.12;0.029
30064;0.237;0.085;4.998;0.203;0.195;0.271;0.251;0.72;0.122;0.039;0.056;0.049;0.12;0.024
30065;0.239;0.085;4.998;0.2;0.195;0.271;0.249;0.767;0.125;0.039;0.059;0.049;0.117;0.027
30066;0.237;0.083;4.998;0.2;0.198;0.269;0.249;0.796;0.122;0.042;0.059;0.049;0.115;0.024
30067;0.237;0.085;4.998;0.203;0.193;0.271;0.249;0.776;0.117;0.039;0.056;0.051;0.117;0.029
30068;0.237;0.085;4.998;0.2;0.193;0.269;0.251;0.771;0.12;0.039;0.056;0.049;0.117;0.027
30069;0.239;0.083;4.998;0.198;0.195;0.269;0.254;0.784;0.117;0.039;0.056;0.049;0.112;0.027
30070;0.237;0.083;4.998;0.2;0.195;0.266;0.254;0.776;0.117;0.042;0.059;0.049;0.11;0.024
30071;0.237;0.083;4.998;0.2;0.195;0.271;0.254;0.774;0.12;0.042;0.056;0.049;0.11;0.027
30072;0.242;0.083;4.998;0.198;0.193;0.269;0.256;0.796;0.12;0.039;0.056;0.049;0.112;0.034
30073;0.237;0.083;4.998;0.203;0.193;0.269;0.256;0.781;0.12;0.044;0.056;0.049;0.11;0.024
30074;0.239;0.083;4.998;0.203;0.195;0.269;0.256;0.813;0.12;0.037;0.056;0.046;0.107;0.024
30075;0.239;0.083;4.998;0.2;0.193;0.271;0.254;0.847;0.117;0.042;0.059;0.049;0.103;0.024
30076;0.237;0.085;4.998;0.2;0.195;0.269;0.256;0.874;0.117;0.039;0.061;0.049;0.103;0.027
30077;0.237;0.085;4.998;0.198;0.193;0.269;0.254;0.874;0.117;0.042;0.059;0.049;0.103;0.024
30078;0.239;0.085;4.998;0.2;0.19;0.271;0.254;0.884;0.117;0.042;0.059;0.049;0.103;0.027
30079;0.239;0.085;4.998;0.198;0.193;0.269;0.256;0.884;0.117;0.042;0.061;0.051;0.098;0.027
30080;0.239;0.085;4.998;0.198;0.193;0.269;0.256;0.859;0.117;0.039;0.061;0.049;0.1;0.027
30081;0.239;0.083;4.998;0.198;0.193;0.269;0.259;0.845;0.117;0.042;0.061;0.049;0.098;0.027
30082;0.239;0.085;4.998;0.198;0.193;0.266;0.256;0.842;0.12;0.042;0.063;0.049;0.1;0.027
30083;0.237;0.085;4.998;0.198;0.19;0.271;0.256;0.84;0.12;0.044;0.063;0.049;0.098;0.029
30084;0.237;0.085;4.998;0.198;0.193;0.271;0.259;0.837;0.12;0.042;0.063;0.049;0.098;0.027
30085;0.239;0.083;4.998;0.2;0.193;0.271;0.256;0.83;0.122;0.042;0.066;0.049;0.095;0.027
30086;0.239;0.083;4.998;0.198;0.193;0.273;0.256;0.82;0.122;0.042;0.068;0.049;0.093;0.029
30087;0.239;0.081;4.998;0.2;0.19;0.271;0.251;0.815;0.117;0.039;0.066;0.049;0.093;0.024
30088;0.237;0.085;4.998;0.2;0.19;0.271;0.254;0.813;0.12;0.042;0.068;0.051;0.093;0.027
30089;0.239;0.083;4.998;0.198;0.193;0.271;0.251;0.803;0.122;0.042;0.068;0.049;0.088;0.022
30090;0.237;0.083;4.998;0.198;0.19;0.271;0.251;0.798;0.12;0.039;0.071;0.049;0.093;0.024
30091;0.237;0.081;4.998;0.198;0.19;0.271;0.251;0.781;0.12;0.042;0.071;0.046;0.09;0.029
30092;0.237;0.083;4.998;0.198;0.19;0.271;0.251;0.784;0.122;0.042;0.076;0.049;0.093;0.029
30093;0.237;0.083;4.998;0.2;0.19;0.271;0.251;0.784;0.117;0.042;0.073;0.049;0.09;0.032
30094;0.239;0.083;4.998;0.2;0.19;0.269;0.254;0.779;0.122;0.046;0.081;0.049;0.088;0.029
30095;0.237;0.081;4.998;0.2;0.19;0.273;0.254;0.781;0.12;0.037;0.076;0.049;0.088;0.029
30096;0.239;0.081;4.998;0.198;0.19;0.273;0.251;0.764;0.12;0.042;0.078;0.051;0.085;0.029
30097;0.239;0.083;4.998;0.2;0.193;0.273;0.254;0.764;0.117;0.037;0.078;0.049;0.088;0.029
30098;0.239;0.085;4.998;0.2;0.19;0.273;0.254;0.769;0.117;0.039;0.078;0.049;0.085;0.029
30099;0.242;0.083;4.998;0.205;0.19;0.276;0.251;0.769;0.117;0.042;0.081;0.049;0.085;0.027
30100;0.242;0.081;4.998;0.203;0.188;0.276;0.254;0.779;0.115;0.039;0.081;0.051;0.085;0.029
30101;0.239;0.083;4.998;0.203;0.188;0.273;0.254;0.779;0.11;0.039;0.081;0.049;0.085;0.029
30102;0.242;0.083;4.998;0.203;0.188;0.276;0.254;0.774;0.112;0.039;0.081;0.049;0.085;0.027
30103;0.242;0.085;4.998;0.203;0.19;0.273;0.256;0.764;0.107;0.039;0.083;0.049;0.083;0.029
30104;0.242;0.083;4.998;0.203;0.19;0.276;0.254;0.764;0.127;0.039;0.085;0.049;0.081;0.029
30105;0.242;0.081;4.998;0.203;0.19;0.276;0.254;0.754;0.12;0.039;0.085;0.049;0.081;0.029
30106;0.244;0.083;4.998;0.203;0.188;0.273;0.256;0.73;0.12;0.037;0.085;0.049;0.083;0.029
30107;0.242;0.083;4.998;0.203;0.188;0.273;0.254;0.713;0.12;0.034;0.085;0.049;0.081;0.029
30108;0.242;0.081;4.998;0.2;0.19;0.273;0.251;0.706;0.122;0.037;0.085;0.049;0.081;0.029
30109;0.244;0.083;4.998;0.203;0.188;0.271;0.251;0.706;0.122;0.034;0.088;0.046;0.081;0.029
30110;0.244;0.083;4.998;0.203;0.19;0.273;0.251;0.708;0.12;0.032;0.088;0.049;0.081;0.032
30111;0.244;0.083;4.998;0.2;0.188;0.273;0.251;0.72;0.125;0.037;0.09;0.046;0.081;0.027
30112;0.244;0.081;4.998;0.2;0.186;0.271;0.249;0.723;0.12;0.037;0.09;0.046;0.081;0.029
30113;0.242;0.083;4.998;0.198;0.188;0.273;0.247;0.72;0.125;0.037;0.095;0.049;0.081;0.032
30114;0.244;0.081;4.998;0.203;0.188;0.271;0.249;0.723;0.122;0.032;0.095;0.046;0.081;0.029
30115;0.242;0.083;4.998;0.203;0.188;0.271;0.251;0.72;0.122;0.034;0.098;0.049;0.078;0.032
30116;0.242;0.083;4.998;0.203;0.186;0.273;0.249;0.708;0.122;0.032;0.095;0.051;0.081;0.029
30117;0.244;0.083;4.998;0.203;0.19;0.273;0.249;0.693;0.122;0.037;0.103;0.049;0.081;0.029
30118;0.242;0.083;4.998;0.203;0.19;0.273;0.249;0.693;0.122;0.037;0.103;0.051;0.078;0.029
30119;0.242;0.083;4.998;0.2;0.19;0.273;0.251;0.686;0.122;0.032;0.103;0.051;0.081;0.032
30120;0.242;0.083;4.998;0.203;0.19;0.276;0.249;0.676;0.125;0.034;0.107;0.051;0.085;0.037
30121;0.242;0.083;4.998;0.203;0.19;0.273;0.251;0.681;0.122;0.034;0.11;0.049;0.083;0.032
30122;0.244;0.085;4.998;0.203;0.19;0.273;0.251;0.686;0.122;0.034;0.112;0.051;0.083;0.032
30123;0.242;0.083;4.998;0.2;0.19;0.273;0.251;0.688;0.122;0.032;0.112;0.051;0.081;0.032
30124;0.242;0.083;4.998;0.203;0.19;0.271;0.251;0.691;0.122;0.034;0.117;0.051;0.078;0.032
30125;0.239;0.085;4.998;0.203;0.188;0.271;0.251;0.701;0.122;0.034;0.122;0.049;0.081;0.032
30126;0.242;0.083;4.998;0.205;0.188;0.273;0.251;0.718;0.12;0.034;0.122;0.051;0.081;0.032
30127;0.242;0.083;4.998;0.203;0.188;0.273;0.251;0.71;0.122;0.034;0.122;0.049;0.081;0.029
30128;0.242;0.085;4.998;0.2;0.19;0.269;0.251;0.701;0.12;0.032;0.127;0.049;0.081;0.032
30129;0.242;0.085;4.998;0.203;0.19;0.271;0.251;0.701;0.122;0.032;0.129;0.049;0.078;0.032
30130;0.244;0.088;4.998;0.2;0.19;0.269;0.256;0.693;0.122;0.032;0.129;0.049;0.078;0.034
30131;0.242;0.085;4.998;0.203;0.188;0.269;0.254;0.686;0.12;0.034;0.132;0.051;0.081;0.032
30132;0.242;0.085;4.998;0.2;0.188;0.269;0.254;0.688;0.122;0.034;0.132;0.049;0.081;0.034
30133;0.239;0.088;4.998;0.2;0.19;0.269;0.254;0.688;0.125;0.034;0.132;0.049;0.081;0.037
30134;0.239;0.085;4.998;0.2;0.19;0.269;0.256;0.688;0.122;0.034;0.134;0.049;0.081;0.032
30135;0.239;0.088;4.998;0.203;0.19;0.271;0.254;0.688;0.122;0.034;0.137;0.049;0.078;0.032
30136;0.242;0.085;4.998;0.203;0.19;0.266;0.254;0.698;0.125;0.034;0.137;0.051;0.076;0.029
30137;0.239;0.088;4.998;0.2;0.193;0.266;0.254;0.698;0.125;0.029;0.137;0.051;0.078;0.032
30138;0.237;0.088;4.998;0.2;0.193;0.266;0.254;0.693;0.122;0.034;0.137;0.051;0.073;0.032
30139;0.242;0.085;4.998;0.2;0.193;0.269;0.251;0.696;0.122;0.032;0.134;0.051;0.073;0.029
30140;0.242;0.088;4.998;0.203;0.193;0.266;0.254;0.701;0.125;0.032;0.139;0.051;0.073;0.029
30141;0.239;0.085;4.998;0.203;0.193;0.266;0.254;0.691;0.122;0.032;0.139;0.051;0.076;0.032
30142;0.239;0.088;4.998;0.203;0.193;0.266;0.251;0.688;0.125;0.034;0.142;0.051;0.071;0.032
30143;0.239;0.088;4.998;0.2;0.193;0.269;0.251;0.684;0.125;0.032;0.144;0.049;0.071;0.032
30144;0.237;0.088;4.998;0.2;0.188;0.266;0.251;0.679;0.125;0.034;0.144;0.049;0.068;0.029
30145;0.239;0.088;4.998;0.203;0.19;0.266;0.254;0.679;0.125;0.032;0.142;0.049;0.073;0.032
30146;0.237;0.085;4.998;0.2;0.188;0.266;0.251;0.679;0.125;0.032;0.146;0.051;0.068;0.032
30147;0.237;0.088;4.998;0.203;0.188;0.266;0.251;0.688;0.125;0.032;0.146;0.049;0.066;0.032
30148;0.237;0.09;4.998;0.2;0.19;0.266;0.251;0.691;0.125;0.032;0.146;0.049;0.066;0.032
30149;0.234;0.088;4.998;0.2;0.186;0.264;0.251;0.691;0.125;0.032;0.149;0.051;0.066;0.027
30150;0.237;0.085;4.998;0.2;0.188;0.269;0.251;0.703;0.125;0.034;0.151;0.049;0.066;0.029
30151;0.237;0.09;4.998;0.203;0.188;0.266;0.254;0.701;0.125;0.029;0.154;0.051;0.063;0.029
30152;0.234;0.088;4.998;0.203;0.186;0.266;0.254;0.696;0.125;0.032;0.154;0.049;0.066;0.032
30153;0.234;0.09;4.998;0.2;0.19;0.266;0.254;0.693;0.125;0.029;0.156;0.051;0.061;0.032
30154;0.234;0.088;4.998;0.2;0.188;0.264;0.256;0.688;0.122;0.029;0.156;0.049;0.063;0.029
30155;0.234;0.09;4.998;0.2;0.19;0.266;0.254;0.688;0.122;0.032;0.159;0.051;0.061;0.032
30156;0.234;0.09;4.998;0.203;0.188;0.266;0.254;0.681;0.125;0.029;0.161;0.049;0.061;0.029
30157;0.234;0.093;4.998;0.2;0.19;0.266;0.256;0.686;0.125;0.032;0.164;0.051;0.059;0.027
30158;0.234;0.09;4.998;0.2;0.19;0.264;0.256;0.686;0.125;0.029;0.166;0.049;0.059;0.027
30159;0.234;0.088;4.998;0.203;0.19;0.266;0.256;0.681;0.125;0.029;0.166;0.049;0.059;0.024
30160;0.234;0.09;4.998;0.203;0.193;0.269;0.256;0.681;0.122;0.029;0.166;0.049;0.059;0.029
30161;0.237;0.09;4.998;0.203;0.19;0.266;0.254;0.686;0.125;0.027;0.168;0.051;0.056;0.027
30162;0.237;0.09;4.998;0.205;0.19;0.264;0.254;0.686;0.122;0.029;0.171;0.049;0.051;0.024
30163;0.237;0.088;4.998;0.205;0.19;0.266;0.254;0.686;0.125;0.032;0.173;0.049;0.056;0.029
30164;0.237;0.09;4.998;0.205;0.19;0.266;0.254;0.681;0.125;0.029;0.173;0.049;0.056;0.027
30165;0.239;0.09;4.998;0.208;0.19;0.264;0.256;0.681;0.125;0.027;0.176;0.049;0.056;0.027
30166;0.237;0.088;4.998;0.208;0.19;0.264;0.256;0.674;0.127;0.024;0.176;0.049;0.056;0.024
30167;0.237;0.09;4.998;0.208;0.19;0.264;0.254;0.669;0.125;0.029;0.176;0.049;0.054;0.024
30168;0.237;0.09;4.998;0.208;0.19;0.266;0.259;0.674;0.125;0.029;0.178;0.049;0.054;0.029
30169;0.237;0.09;4.998;0.208;0.193;0.264;0.256;0.674;0.125;0.027;0.178;0.049;0.051;0.024
30170;0.237;0.09;4.998;0.208;0.193;0.266;0.259;0.667;0.125;0.027;0.186;0.051;0.051;0.024
30171;0.237;0.088;4.998;0.21;0.193;0.264;0.259;0.669;0.127;0.029;0.183;0.049;0.054;0.027
30172;0.237;0.09;4.998;0.21;0.19;0.264;0.256;0.671;0.127;0.027;0.186;0.049;0.051;0.027
30173;0.237;0.088;4.998;0.205;0.193;0.264;0.256;0.667;0.127;0.027;0.188;0.049;0.054;0.027
30174;0.237;0.088;4.998;0.208;0.19;0.264;0.256;0.662;0.127;0.027;0.188;0.049;0.051;0.024
30175;0.237;0.088;4.998;0.208;0.193;0.264;0.256;0.664;0.127;0.029;0.188;0.049;0.049;0.024
30176;0.237;0.088;4.998;0.205;0.193;0.266;0.261;0.664;0.129;0.024;0.19;0.049;0.054;0.027
30177;0.239;0.088;4.998;0.208;0.193;0.264;0.259;0.659;0.129;0.027;0.19;0.049;0.051;0.024
30178;0.237;0.09;4.998;0.208;0.19;0.264;0.259;0.657;0.129;0.027;0.193;0.049;0.051;0.029
30179;0.239;0.088;4.998;0.208;0.19;0.266;0.261;0.662;0.132;0.027;0.193;0.049;0.049;0.024
30180;0.239;0.088;4.998;0.205;0.188;0.266;0.261;0.664;0.129;0.027;0.193;0.049;0.049;0.027
30181;0.237;0.088;4.998;0.205;0.188;0.266;0.259;0.669;0.132;0.027;0.193;0.049;0.049;0.027
30182;0.237;0.09;4.998;0.208;0.186;0.266;0.261;0.671;0.132;0.027;0.19;0.049;0.049;0.027
30183;0.237;0.09;4.998;0.208;0.188;0.266;0.261;0.671;0.134;0.027;0.195;0.049;0.049;0.029
30184;0.237;0.088;4.998;0.208;0.188;0.269;0.264;0.674;0.132;0.027;0.193;0.049;0.049;0.029
30185;0.239;0.09;4.998;0.21;0.186;0.269;0.264;0.674;0.134;0.027;0.193;0.046;0.046;0.024
30186;0.237;0.09;4.998;0.21;0.188;0.269;0.261;0.671;0.137;0.027;0.195;0.046;0.046;0.027
30187;0.239;0.09;4.998;0.208;0.188;0.266;0.264;0.671;0.132;0.024;0.193;0.049;0.046;0.024
30188;0.237;0.088;4.998;0.208;0.186;0.269;0.261;0.671;0.134;0.029;0.193;0.049;0.046;0.024
30189;0.237;0.093;4.998;0.21;0.186;0.269;0.261;0.676;0.139;0.027;0.193;0.049;0.044;0.027
30190;0.237;0.093;4.998;0.208;0.188;0.269;0.259;0.676;0.134;0.027;0.19;0.049;0.046;0.027
30191;0.237;0.09;2.917;0.208;0.186;0.269;0.261;0.679;0.137;0.024;0.188;0.049;0.044;0.024
30192;0.237;0.09;1.436;0.21;0.186;0.269;0.259;0.676;0.137;0.027;0.188;0.049;0.042;0.024
30193;0.234;0.088;0.757;0.21;0.186;0.269;0.256;0.684;0.137;0.022;0.186;0.049;0.042;0.027
30194;0.237;0.09;0.444;0.208;0.186;0.271;0.256;0.686;0.137;0.027;0.186;0.049;0.044;0.027
30195;0.232;0.093;0.3;0.21;0.186;0.269;0.256;0.686;0.139;0.027;0.186;0.051;0.044;0.027
30196;0.234;0.093;0.239;0.21;0.186;0.269;0.256;0.684;0.137;0.029;0.181;0.049;0.044;0.027
30197;0.234;0.09;0.212;0.208;0.186;0.269;0.256;0.684;0.134;0.027;0.183;0.049;0.039;0.022
30198;0.234;0.093;0.205;0.21;0.186;0.271;0.256;0.686;0.139;0.027;0.178;0.051;0.039;0.024
30199;0.234;0.093;0.181;0.21;0.188;0.271;0.259;0.686;0.137;0.027;0.176;0.049;0.042;0.029
30200;0.232;0.093;0.159;0.208;0.188;0.269;0.259;0.684;0.139;0.027;0.173;0.049;0.039;0.024
30201;0.232;0.093;0.159;0.21;0.188;0.273;0.261;0.686;0.137;0.027;0.173;0.049;0.037;0.024
30202;0.232;0.093;0.166;0.208;0.188;0.271;0.264;0.686;0.139;0.027;0.171;0.049;0.039;0.024
30203;0.234;0.09;0.261;0.21;0.19;0.269;0.261;0.681;0.139;0.027;0.171;0.049;0.039;0.027
30204;0.234;0.093;0.254;0.212;0.19;0.269;0.264;0.684;0.142;0.027;0.168;0.051;0.039;0.027
30205;0.234;0.093;0.144;0.21;0.19;0.266;0.264;0.688;0.139;0.027;0.168;0.049;0.039;0.024
30206;0.234;0.09;0.142;0.208;0.19;0.269;0.261;0.691;0.137;0.024;0.166;0.049;0.034;0.024
30207;0.234;0.093;0.142;0.212;0.19;0.271;0.259;0.693;0.137;0.024;0.164;0.049;0.039;0.029
30208;0.237;0.093;0.144;0.212;0.193;0.266;0.261;0.696;0.134;0.024;0.164;0.051;0.037;0.027
30209;0.234;0.093;0.144;0.212;0.19;0.269;0.259;0.693;0.137;0.022;0.161;0.051;0.037;0.027
30210;0.234;0.095;0.144;0.21;0.19;0.269;0.259;0.691;0.137;0.024;0.161;0.049;0.037;0.024
30211;0.234;0.095;0.146;0.212;0.188;0.271;0.259;0.686;0.137;0.027;0.159;0.049;0.034;0.024
30212;0.234;0.095;0.144;0.21;0.193;0.269;0.259;0.688;0.137;0.024;0.159;0.049;0.037;0.029
30213;0.234;0.093;0.146;0.212;0.188;0.271;0.259;0.688;0.137;0.027;0.156;0.051;0.037;0.027
30214;0.234;0.093;0.142;0.212;0.19;0.271;0.259;0.681;0.137;0.027;0.156;0.049;0.037;0.027
30215;0.232;0.093;0.142;0.212;0.188;0.273;0.256;0.684;0.134;0.024;0.156;0.051;0.034;0.027
30216;0.232;0.093;0.139;0.21;0.19;0.273;0.261;0.681;0.132;0.024;0.154;0.049;0.034;0.027
30217;0.234;0.095;0.142;0.212;0.193;0.273;0.259;0.681;0.134;0.027;0.151;0.049;0.034;0.027
30218;0.232;0.093;0.142;0.215;0.193;0.271;0.256;0.679;0.134;0.024;0.151;0.049;0.034;0.029
30219;0.232;0.095;0.142;0.212;0.193;0.273;0.256;0.679;0.132;0.024;0.151;0.049;0.034;0.027
30220;0.232;0.095;0.144;0.215;0.19;0.271;0.256;0.676;0.132;0.022;0.151;0.049;0.032;0.027
30221;0.234;0.095;0.139;0.212;0.193;0.271;0.256;0.674;0.132;0.024;0.149;0.049;0.032;0.024
30222;0.232;0.098;0.142;0.215;0.19;0.271;0.256;0.674;0.129;0.022;0.146;0.049;0.032;0.027
30223;0.234;0.098;0.144;0.215;0.19;0.269;0.256;0.671;0.129;0.024;0.144;0.049;0.032;0.027
30224;0.232;0.1;0.144;0.212;0.19;0.271;0.259;0.671;0.129;0.027;0.142;0.049;0.032;0.027
30225;0.234;0.098;0.142;0.215;0.188;0.273;0.256;0.671;0.127;0.024;0.139;0.049;0.034;0.029
30226;0.234;0.098;0.144;0.212;0.188;0.269;0.259;0.671;0.125;0.024;0.139;0.049;0.032;0.029
30227;0.234;0.098;0.139;0.215;0.188;0.273;0.261;0.674;0.125;0.024;0.137;0.049;0.027;0.024
30228;0.234;0.098;0.142;0.212;0.188;0.273;0.259;0.674;0.122;0.022;0.137;0.049;0.032;0.029
30229;0.234;0.098;0.142;0.212;0.186;0.271;0.259;0.674;0.125;0.024;0.134;0.049;0.027;0.024
30230;0.232;0.095;0.142;0.215;0.186;0.271;0.259;0.671;0.122;0.024;0.132;0.049;0.032;0.029
30231;0.232;0.098;0.142;0.212;0.188;0.271;0.261;0.671;0.125;0.024;0.132;0.051;0.029;0.027
30232;0.229;0.098;0.142;0.215;0.186;0.273;0.261;0.674;0.122;0.027;0.132;0.049;0.029;0.024
30233;0.232;0.098;0.142;0.212;0.186;0.271;0.261;0.676;0.117;0.022;0.125;0.051;0.029;0.027
30234;0.232;0.098;0.142;0.215;0.188;0.273;0.261;0.684;0.12;0.024;0.125;0.049;0.029;0.024
30235;0.232;0.098;0.142;0.212;0.188;0.271;0.256;0.684;0.117;0.02;0.122;0.051;0.029;0.029
30236;0.232;0.098;0.142;0.215;0.186;0.269;0.259;0.684;0.117;0.027;0.122;0.049;0.027;0.027
30237;0.232;0.095;0.139;0.215;0.186;0.271;0.256;0.686;0.117;0.024;0.117;0.049;0.029;0.029
30238;0.232;0.098;0.142;0.215;0.186;0.271;0.256;0.684;0.112;0.024;0.117;0.049;0.024;0.024
30239;0.232;0.095;0.142;0.212;0.188;0.271;0.256;0.684;0.117;0.027;0.117;0.049;0.027;0.029
30240;0.232;0.093;0.142;0.212;0.19;0.273;0.256;0.681;0.117;0.024;0.12;0.046;0.027;0.024
30241;0.232;0.093;0.142;0.215;0.188;0.271;0.256;0.681;0.112;0.027;0.117;0.051;0.024;0.024
30242;0.229;0.095;0.142;0.215;0.188;0.273;0.256;0.679;0.112;0.024;0.115;0.049;0.024;0.024
30243;0.232;0.093;0.139;0.215;0.188;0.271;0.256;0.684;0.11;0.024;0.112;0.051;0.024;0.024
30244;0.232;0.093;0.139;0.215;0.188;0.273;0.256;0.691;0.112;0.022;0.112;0.049;0.027;0.027
30245;0.234;0.093;0.139;0.215;0.19;0.271;0.256;0.698;0.112;0.024;0.11;0.049;0.024;0.029
30246;0.232;0.093;0.142;0.215;0.188;0.273;0.259;0.698;0.11;0.024;0.11;0.049;0.027;0.024
30247;0.229;0.09;0.142;0.215;0.188;0.273;0.259;0.703;0.11;0.029;0.107;0.049;0.024;0.027
30248;0.229;0.093;0.142;0.21;0.19;0.273;0.259;0.708;0.107;0.024;0.107;0.051;0.029;0.029
30249;0.232;0.09;0.142;0.215;0.19;0.273;0.261;0.703;0.107;0.027;0.107;0.049;0.024;0.029
30250;0.229;0.09;0.142;0.212;0.19;0.276;0.261;0.703;0.107;0.027;0.11;0.051;0.024;0.029
30251;0.232;0.09;0.142;0.212;0.188;0.273;0.259;0.701;0.11;0.032;0.11;0.049;0.027;0.029
30252;0.229;0.09;0.142;0.212;0.188;0.271;0.259;0.701;0.105;0.024;0.105;0.049;0.024;0.027
30253;0.232;0.093;0.142;0.215;0.19;0.271;0.256;0.696;0.105;0.024;0.103;0.051;0.024;0.024
30254;0.229;0.09;0.146;0.212;0.188;0.273;0.261;0.696;0.105;0.024;0.105;0.049;0.022;0.024
30255;0.229;0.09;0.146;0.212;0.188;0.271;0.259;0.696;0.105;0.024;0.105;0.049;0.024;0.027
30256;0.229;0.088;0.144;0.212;0.19;0.271;0.256;0.693;0.107;0.027;0.105;0.051;0.024;0.029
30257;0.229;0.09;0.146;0.212;0.188;0.271;0.256;0.691;0.103;0.024;0.107;0.049;0.022;0.024
30258;0.229;0.093;0.146;0.212;0.188;0.269;0.259;0.696;0.1;0.027;0.103;0.049;0.022;0.029
30259;0.229;0.09;0.146;0.212;0.188;0.269;0.256;0.701;0.103;0.029;0.105;0.049;0.024;0.029
30260;0.229;0.093;0.146;0.215;0.19;0.269;0.256;0.701;0.103;0.027;0.103;0.051;0.024;0.029
30261;0.227;0.088;0.149;0.21;0.188;0.269;0.259;0.696;0.1;0.027;0.103;0.049;0.022;0.027
30262;0.229;0.093;0.144;0.21;0.188;0.266;0.259;0.698;0.103;0.027;0.103;0.051;0.022;0.027
30263;0.227;0.09;0.144;0.212;0.188;0.269;0.259;0.696;0.1;0.027;0.105;0.051;0.024;0.029
30264;0.229;0.093;0.146;0.215;0.188;0.269;0.259;0.701;0.098;0.024;0.105;0.049;0.02;0.027
30265;0.229;0.093;0.144;0.215;0.186;0.269;0.259;0.701;0.1;0.024;0.105;0.049;0.024;0.029
30266;0.229;0.09;0.146;0.212;0.186;0.269;0.259;0.701;0.098;0.024;0.105;0.051;0.022;0.027
30267;0.232;0.093;0.149;0.212;0.188;0.269;0.256;0.701;0.098;0.027;0.105;0.049;0.022;0.029
30268;0.229;0.095;0.146;0.212;0.188;0.266;0.259;0.701;0.1;0.027;0.105;0.049;0.022;0.027
30269;0.232;0.093;0.144;0.212;0.188;0.269;0.259;0.701;0.098;0.024;0.105;0.051;0.024;0.027
30270;0.232;0.095;0.144;0.215;0.188;0.269;0.259;0.701;0.098;0.024;0.105;0.051;0.022;0.027
30271;0.229;0.093;0.144;0.215;0.188;0.271;0.261;0.698;0.1;0.027;0.107;0.049;0.024;0.029
30272;0.232;0.095;0.149;0.215;0.188;0.269;0.261;0.701;0.098;0.024;0.11;0.049;0.022;0.027
30273;0.229;0.093;0.144;0.212;0.19;0.269;0.261;0.701;0.098;0.024;0.107;0.049;0.02;0.027
30274;0.229;0.093;0.149;0.215;0.19;0.266;0.259;0.696;0.098;0.022;0.107;0.049;0.022;0.027
30275;0.227;0.093;0.146;0.215;0.188;0.269;0.259;0.693;0.1;0.024;0.107;0.049;0.022;0.024
30276;0.229;0.095;0.146;0.215;0.188;0.266;0.259;0.691;0.098;0.027;0.11;0.051;0.024;0.032
30277;0.229;0.095;0.151;0.215;0.188;0.269;0.259;0.688;0.103;0.027;0.112;0.049;0.022;0.027
30278;0.227;0.093;0.146;0.215;0.188;0.266;0.256;0.688;0.098;0.024;0.11;0.049;0.024;0.032
30279;0.229;0.09;0.149;0.212;0.186;0.269;0.256;0.688;0.1;0.024;0.105;0.049;0.024;0.027
30280;0.227;0.095;0.149;0.217;0.186;0.269;0.256;0.691;0.098;0.027;0.107;0.049;0.022;0.027
30281;0.229;0.093;0.149;0.215;0.186;0.269;0.256;0.686;0.1;0.027;0.107;0.049;0.024;0.024
30282;0.227;0.093;0.149;0.215;0.188;0.269;0.256;0.686;0.1;0.024;0.107;0.049;0.02;0.024
30283;0.225;0.095;0.151;0.215;0.186;0.266;0.251;0.686;0.1;0.024;0.107;0.046;0.024;0.027
30284;0.227;0.093;0.151;0.215;0.186;0.269;0.254;0.686;0.103;0.024;0.107;0.051;0.024;0.029
30285;0.225;0.095;0.149;0.215;0.186;0.271;0.254;0.691;0.1;0.027;0.107;0.049;0.024;0.029
30286;0.227;0.093;0.149;0.212;0.183;0.269;0.254;0.691;0.1;0.027;0.107;0.049;0.024;0.024
30287;0.225;0.098;0.151;0.212;0.188;0.271;0.251;0.688;0.098;0.027;0.105;0.049;0.022;0.027
30288;0.227;0.093;0.149;0.215;0.186;0.269;0.251;0.686;0.103;0.027;0.107;0.049;0.022;0.027
30289;0.227;0.093;0.151;0.212;0.186;0.269;0.254;0.681;0.1;0.024;0.105;0.046;0.02;0.024
30290;0.227;0.095;0.154;0.215;0.186;0.269;0.251;0.674;0.1;0.024;0.105;0.049;0.027;0.027
30291;0.225;0.095;0.154;0.212;0.186;0.269;0.254;0.671;0.1;0.027;0.103;0.051;0.022;0.024
30292;0.225;0.093;0.151;0.212;0.186;0.269;0.251;0.674;0.098;0.027;0.105;0.049;0.027;0.024
30293;0.222;0.093;0.154;0.212;0.186;0.271;0.254;0.674;0.1;0.024;0.1;0.051;0.024;0.029
30294;0.225;0.095;0.156;0.212;0.186;0.266;0.256;0.674;0.1;0.027;0.103;0.049;0.022;0.024
30295;0.222;0.093;0.156;0.212;0.186;0.269;0.256;0.684;0.098;0.024;0.1;0.049;0.024;0.029
30296;0.225;0.095;0.154;0.212;0.183;0.269;0.254;0.681;0.1;0.024;0.103;0.049;0.024;0.027
30297;0.225;0.093;0.154;0.212;0.188;0.266;0.256;0.679;0.1;0.027;0.1;0.049;0.022;0.029
30298;0.227;0.093;0.156;0.212;0.186;0.266;0.256;0.679;0.1;0.027;0.1;0.049;0.022;0.029
30299;0.225;0.095;0.156;0.215;0.183;0.269;0.259;0.676;0.103;0.027;0.1;0.049;0.02;0.024
30300;0.225;0.095;0.156;0.215;0.186;0.266;0.256;0.681;0.103;0.027;0.098;0.049;0.024;0.024
30301;0.225;0.093;0.154;0.212;0.188;0.269;0.259;0.679;0.1;0.027;0.1;0.049;0.024;0.027
30302;0.225;0.093;0.156;0.215;0.188;0.269;0.259;0.679;0.103;0.027;0.098;0.049;0.027;0.027
30303;0.225;0.093;0.156;0.212;0.186;0.271;0.256;0.679;0.103;0.027;0.1;0.049;0.022;0.029
30304;0.227;0.09;0.151;0.212;0.188;0.271;0.256;0.676;0.105;0.027;0.1;0.049;0.02;0.024
30305;0.225;0.093;0.159;0.212;0.188;0.271;0.259;0.676;0.103;0.027;0.098;0.049;0.027;0.032
30306;0.225;0.093;0.156;0.215;0.186;0.273;0.254;0.684;0.105;0.029;0.098;0.049;0.024;0.029
30307;0.222;0.09;0.154;0.212;0.186;0.273;0.256;0.684;0.1;0.024;0.093;0.049;0.024;0.027
30308;0.222;0.09;0.159;0.215;0.188;0.276;0.254;0.684;0.105;0.029;0.095;0.049;0.024;0.029
30309;0.225;0.088;0.156;0.212;0.188;0.276;0.254;0.684;0.107;0.027;0.098;0.049;0.027;0.029
30310;0.222;0.09;0.154;0.212;0.188;0.276;0.251;0.681;0.11;0.027;0.1;0.049;0.022;0.027
30311;0.222;0.088;0.156;0.21;0.188;0.276;0.254;0.679;0.107;0.029;0.098;0.049;0.029;0.032
30312;0.225;0.088;0.156;0.21;0.186;0.276;0.251;0.679;0.105;0.027;0.098;0.046;0.024;0.024
30313;0.225;0.085;0.154;0.212;0.188;0.276;0.251;0.676;0.105;0.029;0.098;0.049;0.027;0.027
30314;0.222;0.088;0.159;0.212;0.188;0.278;0.251;0.674;0.105;0.029;0.098;0.049;0.029;0.032
30315;0.222;0.085;0.151;0.21;0.186;0.276;0.254;0.676;0.11;0.034;0.098;0.049;0.027;0.027
30316;0.222;0.088;0.159;0.217;0.188;0.278;0.254;0.676;0.107;0.032;0.1;0.049;0.02;0.024
30317;0.222;0.085;0.159;0.212;0.186;0.278;0.251;0.679;0.11;0.029;0.098;0.046;0.027;0.027
30318;0.222;0.085;0.159;0.212;0.188;0.276;0.254;0.681;0.11;0.029;0.098;0.051;0.027;0.027
30319;0.222;0.085;0.159;0.212;0.186;0.276;0.254;0.679;0.107;0.029;0.1;0.049;0.027;0.029
30320;0.22;0.088;0.159;0.215;0.186;0.276;0.251;0.681;0.107;0.027;0.1;0.049;0.024;0.027
30321;0.222;0.088;0.159;0.212;0.188;0.273;0.251;0.681;0.107;0.029;0.1;0.049;0.024;0.027
30322;0.225;0.085;0.159;0.215;0.188;0.276;0.251;0.681;0.107;0.029;0.098;0.049;0.02;0.022
30323;0.225;0.088;0.161;0.215;0.188;0.276;0.254;0.684;0.107;0.029;0.103;0.049;0.029;0.027
30324;0.222;0.085;0.159;0.212;0.186;0.276;0.251;0.686;0.11;0.029;0.1;0.046;0.027;0.027
30325;0.222;0.088;0.159;0.215;0.186;0.276;0.254;0.684;0.11;0.029;0.103;0.051;0.027;0.027
30326;0.222;0.09;0.161;0.215;0.186;0.273;0.254;0.681;0.107;0.029;0.103;0.049;0.024;0.032
30327;0.222;0.088;0.161;0.212;0.188;0.276;0.256;0.681;0.11;0.029;0.103;0.049;0.024;0.024
30328;0.222;0.09;0.161;0.21;0.186;0.276;0.256;0.679;0.11;0.032;0.103;0.049;0.024;0.029
30329;0.222;0.088;0.159;0.212;0.186;0.276;0.256;0.679;0.105;0.024;0.1;0.049;0.024;0.027
30330;0.222;0.09;0.161;0.212;0.188;0.276;0.256;0.679;0.11;0.029;0.1;0.049;0.02;0.024
30331;0.225;0.09;0.156;0.212;0.188;0.273;0.256;0.676;0.11;0.027;0.103;0.046;0.024;0.027
30332;0.225;0.088;0.156;0.212;0.186;0.276;0.254;0.679;0.105;0.027;0.1;0.049;0.022;0.027
30333;0.225;0.09;0.161;0.212;0.188;0.276;0.256;0.674;0.11;0.029;0.103;0.049;0.024;0.027
30334;0.225;0.09;0.159;0.21;0.188;0.276;0.254;0.674;0.11;0.029;0.105;0.049;0.027;0.027
30335;0.222;0.09;0.159;0.21;0.188;0.278;0.254;0.674;0.11;0.027;0.103;0.051;0.027;0.029
30336;0.222;0.088;0.159;0.21;0.188;0.278;0.251;0.671;0.11;0.032;0.105;0.049;0.022;0.027
30337;0.222;0.088;0.159;0.212;0.188;0.278;0.254;0.674;0.107;0.027;0.103;0.051;0.027;0.029
30338;0.22;0.088;0.159;0.21;0.188;0.278;0.254;0.676;0.107;0.027;0.103;0.049;0.022;0.029
30339;0.217;0.088;0.161;0.212;0.188;0.281;0.254;0.674;0.105;0.027;0.103;0.046;0.02;0.02
30340;0.222;0.09;0.159;0.21;0.188;0.278;0.251;0.676;0.105;0.027;0.105;0.049;0.022;0.029
30341;0.222;0.088;0.161;0.212;0.188;0.278;0.249;0.674;0.107;0.032;0.103;0.046;0.017;0.022
30342;0.22;0.088;0.161;0.21;0.186;0.278;0.249;0.676;0.105;0.029;0.103;0.051;0.022;0.024
30343;0.22;0.088;0.159;0.21;0.186;0.281;0.254;0.674;0.107;0.032;0.105;0.049;0.022;0.024
30344;0.222;0.088;0.161;0.21;0.188;0.281;0.254;0.671;0.105;0.027;0.103;0.049;0.02;0.027
30345;0.222;0.085;0.159;0.208;0.19;0.281;0.251;0.674;0.103;0.027;0.105;0.049;0.022;0.029
30346;0.222;0.088;0.164;0.21;0.186;0.278;0.254;0.674;0.103;0.027;0.103;0.049;0.02;0.027
30347;0.22;0.088;0.164;0.21;0.186;0.278;0.251;0.674;0.103;0.029;0.1;0.051;0.02;0.027
30348;0.222;0.088;0.161;0.21;0.188;0.278;0.254;0.674;0.103;0.029;0.1;0.049;0.02;0.024
30349;0.222;0.088;0.161;0.21;0.186;0.276;0.254;0.676;0.103;0.029;0.1;0.051;0.022;0.027
30350;0.222;0.085;0.164;0.208;0.183;0.278;0.254;0.676;0.107;0.032;0.105;0.051;0.017;0.024
30351;0.22;0.085;0.164;0.21;0.188;0.278;0.254;0.681;0.103;0.032;0.103;0.049;0.017;0.027
30352;0.222;0.088;0.164;0.208;0.186;0.276;0.254;0.681;0.1;0.032;0.1;0.049;0.02;0.024
30353;0.222;0.088;0.161;0.21;0.188;0.276;0.254;0.679;0.103;0.029;0.1;0.051;0.017;0.027
30354;0.22;0.088;0.166;0.212;0.186;0.278;0.259;0.679;0.1;0.029;0.098;0.049;0.02;0.027
30355;0.222;0.088;0.161;0.21;0.186;0.273;0.256;0.676;0.1;0.029;0.098;0.049;0.02;0.027
30356;0.222;0.088;0.164;0.212;0.186;0.276;0.259;0.674;0.103;0.032;0.103;0.051;0.02;0.027
30357;0.22;0.088;0.164;0.21;0.183;0.276;0.261;0.676;0.1;0.029;0.098;0.049;0.02;0.027
30358;0.222;0.09;0.164;0.212;0.183;0.273;0.256;0.674;0.103;0.032;0.1;0.046;0.02;0.027
30359;0.225;0.088;0.164;0.21;0.183;0.273;0.261;0.674;0.103;0.029;0.098;0.049;0.017;0.024
30360;0.222;0.085;0.166;0.212;0.183;0.278;0.259;0.671;0.105;0.032;0.1;0.051;0.024;0.029
30361;0.222;0.085;0.164;0.212;0.183;0.273;0.261;0.676;0.105;0.034;0.098;0.049;0.017;0.024
30362;0.222;0.088;0.164;0.21;0.183;0.276;0.259;0.679;0.105;0.034;0.098;0.049;0.02;0.024
30363;0.222;0.085;0.161;0.21;0.183;0.273;0.259;0.681;0.105;0.029;0.098;0.049;0.017;0.022
30364;0.22;0.088;0.166;0.208;0.183;0.276;0.259;0.681;0.107;0.032;0.098;0.049;0.015;0.024
30365;0.222;0.085;0.164;0.208;0.186;0.276;0.259;0.686;0.11;0.032;0.098;0.049;0.02;0.027
30366;0.222;0.088;0.166;0.208;0.188;0.278;0.254;0.686;0.11;0.032;0.098;0.051;0.02;0.024
30367;0.22;0.085;0.164;0.208;0.19;0.278;0.256;0.684;0.105;0.029;0.095;0.049;0.02;0.024
30368;0.222;0.085;0.164;0.205;0.188;0.273;0.256;0.679;0.112;0.032;0.098;0.049;0.02;0.027
30369;0.22;0.085;0.166;0.205;0.188;0.273;0.256;0.676;0.115;0.034;0.1;0.049;0.024;0.029
30370;0.222;0.088;0.166;0.205;0.188;0.276;0.259;0.676;0.115;0.029;0.098;0.051;0.02;0.027
30371;0.22;0.085;0.161;0.205;0.188;0.276;0.259;0.679;0.117;0.032;0.098;0.051;0.017;0.024
30372;0.217;0.083;0.164;0.208;0.188;0.276;0.259;0.679;0.117;0.032;0.1;0.049;0.022;0.027
30373;0.22;0.083;0.166;0.205;0.19;0.276;0.256;0.681;0.115;0.029;0.098;0.049;0.022;0.027
30374;0.22;0.083;0.166;0.205;0.188;0.276;0.259;0.684;0.117;0.032;0.095;0.049;0.022;0.024
30375;0.22;0.083;0.164;0.205;0.188;0.276;0.259;0.686;0.117;0.032;0.098;0.049;0.02;0.024
30376;0.22;0.081;0.166;0.208;0.188;0.276;0.259;0.686;0.12;0.032;0.098;0.051;0.022;0.022
30377;0.22;0.083;0.168;0.208;0.188;0.276;0.259;0.686;0.12;0.032;0.095;0.049;0.024;0.029
30378;0.217;0.081;0.164;0.208;0.188;0.276;0.261;0.686;0.12;0.032;0.098;0.049;0.022;0.024
30379;0.217;0.081;0.164;0.208;0.186;0.273;0.259;0.686;0.122;0.034;0.1;0.051;0.027;0.027
30380;0.22;0.078;0.166;0.208;0.186;0.273;0.264;0.688;0.125;0.034;0.098;0.049;0.027;0.027
30381;0.22;0.081;0.171;0.205;0.186;0.276;0.259;0.684;0.127;0.034;0.1;0.051;0.027;0.027
30382;0.217;0.081;0.166;0.203;0.183;0.273;0.259;0.684;0.127;0.034;0.1;0.049;0.029;0.024
30383;0.217;0.081;0.166;0.208;0.183;0.276;0.259;0.681;0.125;0.034;0.1;0.049;0.029;0.027
30384;0.22;0.081;0.166;0.205;0.181;0.276;0.259;0.679;0.129;0.032;0.098;0.054;0.029;0.027
30385;0.22;0.081;0.168;0.205;0.183;0.273;0.259;0.681;0.129;0.032;0.098;0.049;0.029;0.024
30386;0.217;0.078;0.166;0.205;0.181;0.273;0.259;0.679;0.129;0.034;0.1;0.051;0.032;0.024
30387;0.22;0.081;0.168;0.203;0.181;0.273;0.256;0.679;0.129;0.032;0.098;0.049;0.034;0.027
30388;0.22;0.081;0.168;0.205;0.178;0.273;0.256;0.676;0.132;0.037;0.105;0.049;0.034;0.027
30389;0.217;0.078;0.168;0.2;0.183;0.276;0.256;0.679;0.134;0.037;0.1;0.049;0.037;0.027
30390;0.22;0.076;0.168;0.203;0.181;0.273;0.256;0.681;0.132;0.037;0.1;0.049;0.034;0.024
30391;0.217;0.081;0.168;0.203;0.181;0.273;0.256;0.679;0.134;0.034;0.103;0.049;0.037;0.027
30392;0.217;0.078;0.171;0.203;0.178;0.273;0.256;0.681;0.132;0.032;0.098;0.049;0.039;0.024
30393;0.22;0.078;0.168;0.2;0.181;0.276;0.256;0.679;0.137;0.037;0.103;0.051;0.037;0.024
30394;0.217;0.081;0.168;0.203;0.183;0.276;0.254;0.676;0.139;0.034;0.103;0.049;0.039;0.024
30395;0.22;0.081;0.168;0.203;0.183;0.276;0.254;0.679;0.139;0.034;0.103;0.049;0.044;0.027
30396;0.22;0.081;0.168;0.203;0.183;0.271;0.256;0.679;0.134;0.034;0.105;0.049;0.044;0.027
30397;0.217;0.081;0.168;0.2;0.186;0.273;0.254;0.679;0.137;0.037;0.103;0.049;0.044;0.027
30398;0.217;0.081;0.171;0.2;0.183;0.273;0.254;0.679;0.139;0.037;0.105;0.049;0.046;0.024
30399;0.217;0.081;0.171;0.203;0.186;0.273;0.256;0.681;0.139;0.037;0.105;0.051;0.051;0.029
30400;0.217;0.081;0.173;0.2;0.186;0.273;0.256;0.681;0.142;0.034;0.103;0.046;0.051;0.029
30401;0.22;0.081;0.171;0.2;0.183;0.276;0.256;0.684;0.139;0.037;0.105;0.049;0.049;0.027
30402;0.217;0.081;0.173;0.2;0.183;0.276;0.256;0.679;0.139;0.037;0.107;0.051;0.049;0.027
30403;0.22;0.078;0.173;0.2;0.181;0.276;0.256;0.681;0.142;0.034;0.105;0.049;0.051;0.027
30404;0.217;0.081;0.173;0.2;0.183;0.273;0.256;0.679;0.139;0.034;0.105;0.049;0.054;0.029
30405;0.22;0.078;0.173;0.2;0.186;0.276;0.256;0.679;0.142;0.037;0.107;0.049;0.054;0.027
30406;0.217;0.081;0.173;0.198;0.183;0.276;0.259;0.679;0.139;0.034;0.105;0.049;0.054;0.027
30407;0.22;0.078;0.176;0.198;0.183;0.278;0.259;0.676;0.144;0.034;0.11;0.049;0.059;0.029
30408;0.22;0.078;0.178;0.195;0.181;0.271;0.259;0.679;0.142;0.034;0.107;0.049;0.056;0.027
30409;0.217;0.078;0.186;0.2;0.183;0.273;0.264;0.681;0.144;0.034;0.107;0.049;0.059;0.029
30410;0.22;0.076;0.2;0.198;0.186;0.276;0.261;0.684;0.142;0.034;0.105;0.051;0.061;0.027
30411;0.22;0.078;0.259;0.198;0.183;0.276;0.259;0.681;0.142;0.039;0.11;0.049;0.056;0.027
30412;0.22;0.076;0.393;0.198;0.183;0.273;0.261;0.679;0.142;0.037;0.107;0.049;0.059;0.027
30413;0.222;0.078;0.417;0.2;0.186;0.273;0.259;0.679;0.142;0.039;0.11;0.049;0.056;0.027
30414;0.22;0.078;0.474;0.2;0.188;0.273;0.256;0.679;0.137;0.032;0.103;0.049;0.061;0.029
30415;0.222;0.076;0.491;0.198;0.188;0.273;0.256;0.681;0.137;0.034;0.105;0.049;0.061;0.027
30416;0.222;0.078;0.5;0.198;0.186;0.273;0.256;0.679;0.134;0.034;0.105;0.049;0.061;0.027
30417;0.22;0.078;0.454;0.198;0.188;0.273;0.256;0.681;0.134;0.034;0.103;0.049;0.063;0.027
30418;0.22;0.076;0.339;0.198;0.188;0.273;0.256;0.679;0.134;0.029;0.103;0.051;0.063;0.024
30419;0.22;0.078;0.251;0.198;0.188;0.271;0.256;0.679;0.137;0.034;0.105;0.051;0.063;0.029
30420;0.22;0.078;0.303;0.198;0.19;0.273;0.254;0.679;0.129;0.029;0.1;0.049;0.063;0.029
30421;0.217;0.081;0.422;0.198;0.19;0.271;0.256;0.674;0.132;0.034;0.103;0.049;0.061;0.027
30422;0.217;0.081;0.449;0.195;0.193;0.273;0.256;0.671;0.129;0.032;0.098;0.049;0.063;0.027
30423;0.215;0.078;0.535;0.198;0.19;0.271;0.256;0.671;0.129;0.032;0.1;0.049;0.061;0.032
30424;0.217;0.078;0.564;0.198;0.188;0.273;0.256;0.669;0.127;0.034;0.1;0.051;0.061;0.024
30425;0.217;0.078;0.635;0.2;0.188;0.273;0.261;0.667;0.125;0.032;0.098;0.049;0.061;0.027
30426;0.22;0.081;0.894;0.2;0.188;0.276;0.266;0.669;0.125;0.032;0.1;0.049;0.063;0.024
30427;0.22;0.078;0.566;0.198;0.188;0.273;0.271;0.669;0.125;0.029;0.095;0.049;0.063;0.029
30428;0.217;0.078;0.757;0.203;0.186;0.276;0.273;0.667;0.125;0.034;0.095;0.051;0.068;0.029
30429;0.22;0.078;0.5;0.203;0.186;0.273;0.278;0.669;0.125;0.029;0.095;0.049;0.061;0.024
30430;0.22;0.078;0.518;0.2;0.183;0.273;0.283;0.669;0.125;0.034;0.093;0.049;0.066;0.029
30431;0.22;0.081;0.588;0.2;0.186;0.276;0.283;0.669;0.122;0.034;0.095;0.049;0.061;0.027
30432;0.22;0.081;0.752;0.203;0.186;0.273;0.283;0.667;0.122;0.032;0.093;0.049;0.063;0.027
30433;0.22;0.078;0.679;0.2;0.183;0.273;0.286;0.667;0.122;0.032;0.09;0.049;0.061;0.029
30434;0.22;0.078;0.735;0.203;0.183;0.276;0.281;0.667;0.12;0.029;0.093;0.049;0.059;0.024
30435;0.22;0.078;0.757;0.203;0.186;0.276;0.281;0.664;0.12;0.032;0.093;0.051;0.061;0.024
30436;0.22;0.078;0.757;0.203;0.183;0.271;0.278;0.662;0.117;0.029;0.09;0.051;0.063;0.027
30437;0.222;0.078;0.728;0.203;0.181;0.273;0.276;0.662;0.12;0.029;0.088;0.049;0.059;0.027
30438;0.222;0.078;0.696;0.2;0.183;0.271;0.276;0.664;0.117;0.032;0.085;0.051;0.061;0.029
30439;0.22;0.073;0.569;0.203;0.181;0.273;0.278;0.667;0.117;0.034;0.083;0.049;0.061;0.024
30440;0.22;0.078;0.532;0.2;0.181;0.271;0.276;0.667;0.117;0.032;0.085;0.051;0.059;0.029
30441;0.225;0.078;0.554;0.203;0.178;0.273;0.273;0.669;0.117;0.032;0.085;0.049;0.059;0.027
30442;0.225;0.076;0.349;0.203;0.181;0.271;0.271;0.669;0.115;0.029;0.083;0.049;0.056;0.027
30443;0.22;0.076;0.664;0.2;0.181;0.271;0.271;0.671;0.115;0.032;0.081;0.051;0.059;0.024
30444;0.225;0.076;0.793;0.2;0.181;0.273;0.269;0.671;0.12;0.034;0.088;0.051;0.054;0.027
30445;0.222;0.076;0.989;0.203;0.183;0.276;0.271;0.671;0.11;0.029;0.081;0.051;0.054;0.022
30446;0.222;0.073;1.421;0.198;0.181;0.273;0.266;0.667;0.112;0.032;0.081;0.049;0.059;0.027
30447;0.22;0.073;1.072;0.198;0.183;0.273;0.266;0.669;0.115;0.032;0.078;0.049;0.054;0.027
30448;0.222;0.073;2.034;0.2;0.181;0.273;0.264;0.669;0.112;0.029;0.078;0.049;0.056;0.024
30449;0.222;0.073;1.196;0.198;0.183;0.273;0.266;0.664;0.11;0.032;0.078;0.049;0.059;0.032
30450;0.22;0.076;0.659;0.2;0.183;0.273;0.269;0.667;0.11;0.032;0.081;0.049;0.054;0.024
30451;0.222;0.073;0.908;0.198;0.181;0.273;0.271;0.671;0.11;0.032;0.078;0.051;0.054;0.027
30452;0.22;0.073;1.272;0.2;0.181;0.271;0.269;0.674;0.105;0.027;0.073;0.051;0.054;0.024
30453;0.22;0.076;0.671;0.198;0.181;0.276;0.271;0.671;0.105;0.029;0.076;0.049;0.059;0.029
30454;0.222;0.073;0.422;0.198;0.181;0.271;0.273;0.669;0.105;0.029;0.073;0.049;0.054;0.027
30455;0.222;0.076;2.346;0.198;0.181;0.271;0.276;0.669;0.103;0.029;0.068;0.051;0.056;0.027
30456;0.222;0.076;0.977;0.2;0.178;0.273;0.276;0.671;0.105;0.029;0.071;0.049;0.054;0.024
30457;0.225;0.073;0.586;0.198;0.178;0.273;0.283;0.669;0.103;0.029;0.068;0.049;0.054;0.029
30458;0.222;0.073;0.564;0.198;0.178;0.271;0.283;0.671;0.107;0.034;0.071;0.049;0.054;0.024
30459;0.222;0.073;0.513;0.198;0.178;0.276;0.288;0.669;0.105;0.032;0.071;0.049;0.051;0.027
30460;0.225;0.076;0.481;0.2;0.178;0.276;0.293;0.676;0.105;0.034;0.068;0.049;0.054;0.027
30461;0.225;0.073;0.471;0.2;0.181;0.273;0.295;0.676;0.103;0.032;0.068;0.049;0.051;0.027
30462;0.225;0.076;0.464;0.2;0.181;0.276;0.298;0.676;0.103;0.029;0.066;0.049;0.054;0.029
30463;0.222;0.076;0.483;0.203;0.181;0.276;0.3;0.676;0.1;0.029;0.068;0.049;0.051;0.027
30464;0.225;0.076;0.437;0.198;0.181;0.273;0.3;0.676;0.1;0.032;0.066;0.049;0.051;0.024
30465;0.222;0.073;0.403;0.2;0.181;0.273;0.303;0.681;0.103;0.032;0.068;0.049;0.049;0.027
30466;0.222;0.076;0.332;0.2;0.178;0.276;0.305;0.679;0.1;0.034;0.066;0.046;0.049;0.024
30467;0.225;0.076;0.327;0.2;0.181;0.273;0.315;0.679;0.1;0.034;0.063;0.049;0.051;0.029
30468;0.222;0.076;0.398;0.2;0.181;0.273;0.325;0.684;0.098;0.032;0.063;0.049;0.046;0.024
30469;0.22;0.076;0.491;0.2;0.181;0.276;0.332;0.684;0.098;0.032;0.063;0.049;0.051;0.027
30470;0.222;0.076;0.542;0.198;0.183;0.276;0.347;0.684;0.098;0.034;0.061;0.049;0.049;0.029
30471;0.222;0.076;0.449;0.198;0.183;0.273;0.352;0.684;0.095;0.032;0.063;0.051;0.044;0.024
30472;0.222;0.073;0.43;0.2;0.181;0.273;0.352;0.684;0.095;0.034;0.061;0.049;0.046;0.024
30473;0.225;0.073;0.469;0.198;0.181;0.276;0.349;0.684;0.095;0.032;0.063;0.051;0.042;0.024
30474;0.222;0.073;0.447;0.198;0.181;0.276;0.354;0.684;0.095;0.032;0.059;0.051;0.044;0.024
30475;0.222;0.073;0.557;0.198;0.181;0.278;0.344;0.686;0.093;0.029;0.061;0.051;0.042;0.027
30476;0.222;0.073;0.496;0.2;0.186;0.273;0.334;0.686;0.093;0.032;0.059;0.049;0.044;0.024
30477;0.222;0.071;0.525;0.198;0.181;0.276;0.349;0.686;0.093;0.034;0.059;0.049;0.039;0.024
30478;0.222;0.071;0.566;0.198;0.183;0.278;0.334;0.684;0.093;0.034;0.059;0.049;0.044;0.027
30479;0.222;0.071;0.466;0.198;0.183;0.276;0.33;0.681;0.095;0.032;0.059;0.049;0.044;0.027
30480;0.222;0.071;0.61;0.198;0.183;0.273;0.334;0.684;0.088;0.029;0.059;0.049;0.044;0.024
30481;0.222;0.071;0.645;0.198;0.186;0.273;0.332;0.684;0.09;0.032;0.059;0.049;0.044;0.029
30482;0.222;0.071;0.649;0.198;0.183;0.273;0.322;0.681;0.09;0.032;0.061;0.049;0.042;0.022
30483;0.222;0.068;0.652;0.198;0.181;0.276;0.327;0.684;0.09;0.032;0.056;0.049;0.044;0.027
30484;0.222;0.071;0.571;0.198;0.181;0.273;0.327;0.684;0.088;0.034;0.056;0.049;0.046;0.027
30485;0.22;0.071;0.542;0.2;0.183;0.273;0.317;0.686;0.083;0.034;0.059;0.049;0.044;0.024
30486;0.222;0.071;0.649;0.2;0.183;0.273;0.325;0.684;0.088;0.034;0.059;0.049;0.044;0.024
30487;0.22;0.068;0.613;0.2;0.181;0.273;0.325;0.684;0.083;0.032;0.056;0.051;0.044;0.029
30488;0.22;0.071;0.488;0.2;0.181;0.271;0.327;0.684;0.078;0.029;0.054;0.049;0.046;0.027
30489;0.222;0.068;0.547;0.2;0.181;0.273;0.322;0.681;0.078;0.029;0.054;0.049;0.046;0.027
30490;0.22;0.071;0.479;0.203;0.181;0.269;0.332;0.681;0.081;0.032;0.056;0.049;0.044;0.022
30491;0.222;0.071;0.449;0.203;0.186;0.271;0.32;0.681;0.076;0.032;0.054;0.049;0.046;0.027
30492;0.22;0.071;0.471;0.2;0.183;0.271;0.32;0.684;0.076;0.034;0.054;0.046;0.044;0.024
30493;0.222;0.071;0.437;0.2;0.183;0.271;0.322;0.684;0.076;0.032;0.056;0.049;0.044;0.024
30494;0.222;0.071;0.422;0.203;0.181;0.271;0.32;0.681;0.078;0.037;0.059;0.049;0.044;0.022
30495;0.222;0.073;0.469;0.203;0.183;0.271;0.317;0.684;0.076;0.037;0.054;0.049;0.046;0.027
30496;0.222;0.073;0.522;0.203;0.183;0.271;0.32;0.686;0.073;0.034;0.056;0.051;0.046;0.027
30497;0.222;0.071;0.5;0.2;0.178;0.269;0.32;0.686;0.073;0.032;0.054;0.051;0.044;0.024
30498;0.22;0.073;0.398;0.203;0.181;0.269;0.32;0.684;0.071;0.034;0.056;0.049;0.049;0.027
30499;0.225;0.073;0.437;0.2;0.186;0.271;0.325;0.681;0.071;0.034;0.056;0.049;0.044;0.022
30500;0.222;0.073;0.505;0.203;0.183;0.269;0.322;0.681;0.068;0.029;0.051;0.049;0.044;0.024
30501;0.222;0.076;0.42;0.2;0.181;0.271;0.325;0.679;0.068;0.032;0.056;0.051;0.046;0.027
30502;0.222;0.073;0.54;0.2;0.183;0.269;0.325;0.679;0.071;0.034;0.056;0.051;0.046;0.022
30503;0.22;0.071;0.5;0.198;0.183;0.269;0.327;0.676;0.068;0.034;0.056;0.049;0.044;0.024
30504;0.222;0.073;0.505;0.198;0.183;0.269;0.325;0.674;0.071;0.034;0.054;0.049;0.046;0.027
30505;0.222;0.071;0.466;0.198;0.183;0.269;0.327;0.674;0.068;0.034;0.054;0.049;0.044;0.024
30506;0.222;0.071;0.439;0.198;0.183;0.269;0.325;0.674;0.068;0.032;0.054;0.049;0.054;0.032
30507;0.225;0.071;0.483;0.198;0.186;0.271;0.33;0.674;0.066;0.032;0.051;0.049;0.046;0.027
30508;0.225;0.071;0.435;0.198;0.183;0.271;0.327;0.674;0.066;0.034;0.056;0.049;0.044;0.024
30509;0.227;0.076;0.442;0.195;0.181;0.271;0.332;0.671;0.066;0.032;0.056;0.051;0.046;0.024
30510;0.225;0.071;0.459;0.198;0.183;0.269;0.332;0.671;0.095;0.034;0.054;0.049;0.046;0.027
30511;0.225;0.071;0.51;0.195;0.186;0.271;0.327;0.674;0.098;0.037;0.056;0.051;0.046;0.027
30512;0.227;0.068;0.598;0.198;0.183;0.271;0.33;0.674;0.098;0.034;0.056;0.051;0.042;0.027
30513;0.225;0.068;0.498;0.198;0.181;0.269;0.327;0.671;0.098;0.034;0.054;0.051;0.046;0.027
30514;0.227;0.071;0.391;0.198;0.183;0.271;0.325;0.671;0.098;0.037;0.054;0.049;0.046;0.027
30515;0.227;0.068;0.232;0.198;0.181;0.269;0.325;0.667;0.1;0.034;0.054;0.049;0.042;0.022
30516;0.227;0.068;0.239;0.195;0.183;0.269;0.322;0.667;0.098;0.032;0.054;0.051;0.049;0.029
30517;0.225;0.068;0.383;0.198;0.181;0.269;0.32;0.671;0.098;0.034;0.054;0.051;0.044;0.024
30518;0.227;0.071;0.342;0.195;0.181;0.269;0.322;0.674;0.095;0.034;0.054;0.049;0.042;0.024
30519;0.229;0.071;0.315;0.195;0.181;0.269;0.32;0.674;0.095;0.037;0.051;0.051;0.042;0.027
30520;0.227;0.071;0.305;0.195;0.183;0.269;0.32;0.671;0.095;0.034;0.054;0.049;0.044;0.024
30521;0.227;0.068;0.288;0.195;0.181;0.269;0.32;0.674;0.095;0.034;0.051;0.049;0.044;0.032
30522;0.227;0.071;0.305;0.195;0.181;0.269;0.322;0.674;0.095;0.037;0.051;0.049;0.044;0.024
30523;0.225;0.068;0.261;0.198;0.183;0.269;0.32;0.674;0.09;0.034;0.054;0.049;0.042;0.024
30524;0.227;0.071;0.332;0.198;0.183;0.266;0.32;0.674;0.093;0.037;0.051;0.049;0.042;0.027
30525;0.225;0.071;0.291;0.198;0.181;0.271;0.32;0.671;0.09;0.029;0.051;0.049;0.044;0.029
30526;0.225;0.071;0.288;0.198;0.181;0.269;0.322;0.674;0.09;0.032;0.051;0.049;0.044;0.024
30527;0.227;0.068;0.388;0.198;0.181;0.269;0.317;0.676;0.088;0.034;0.049;0.051;0.044;0.029
30528;0.225;0.068;0.305;0.198;0.181;0.271;0.32;0.676;0.085;0.032;0.049;0.049;0.042;0.024
30529;0.227;0.068;0.386;0.195;0.181;0.271;0.317;0.676;0.088;0.034;0.051;0.051;0.042;0.029
30530;0.225;0.066;0.244;0.198;0.178;0.266;0.317;0.681;0.088;0.034;0.049;0.049;0.039;0.024
30531;0.227;0.071;0.254;0.203;0.183;0.271;0.317;0.679;0.085;0.032;0.049;0.049;0.044;0.029
30532;0.227;0.068;0.339;0.195;0.181;0.271;0.317;0.681;0.083;0.034;0.046;0.049;0.044;0.029
30533;0.227;0.066;0.288;0.198;0.181;0.271;0.32;0.676;0.085;0.032;0.046;0.049;0.044;0.029
30534;0.227;0.068;0.273;0.198;0.181;0.271;0.32;0.676;0.088;0.034;0.049;0.049;0.042;0.027
30535;0.227;0.068;0.303;0.198;0.181;0.271;0.32;0.679;0.088;0.032;0.049;0.049;0.042;0.029
30536;0.227;0.068;0.315;0.195;0.183;0.271;0.32;0.679;0.085;0.032;0.046;0.054;0.037;0.029
30537;0.227;0.068;0.444;0.2;0.178;0.271;0.315;0.679;0.083;0.034;0.049;0.054;0.042;0.029
30538;0.227;0.071;0.432;0.2;0.181;0.271;0.315;0.679;0.085;0.032;0.044;0.051;0.039;0.024
30539;0.229;0.068;0.286;0.198;0.183;0.271;0.322;0.681;0.085;0.034;0.046;0.049;0.044;0.029
30540;0.229;0.068;0.3;0.2;0.183;0.271;0.32;0.681;0.083;0.032;0.046;0.049;0.037;0.027
30541;0.227;0.066;0.496;0.198;0.181;0.271;0.32;0.681;0.083;0.037;0.044;0.049;0.039;0.027
30542;0.227;0.066;0.503;0.198;0.183;0.271;0.322;0.684;0.083;0.037;0.044;0.049;0.039;0.024
30543;0.227;0.068;0.513;0.2;0.183;0.271;0.32;0.686;0.083;0.037;0.046;0.049;0.039;0.027
30544;0.227;0.066;0.457;0.198;0.181;0.269;0.32;0.684;0.081;0.032;0.044;0.051;0.037;0.024
30545;0.227;0.066;0.466;0.2;0.186;0.273;0.32;0.688;0.115;0.051;0.059;0.051;0.037;0.029
30546;0.225;0.068;0.518;0.198;0.181;0.271;0.32;0.686;0.125;0.037;0.046;0.051;0.039;0.029
30547;0.227;0.071;0.437;0.198;0.183;0.269;0.32;0.688;0.122;0.034;0.046;0.049;0.037;0.027
30548;0.227;0.068;0.442;0.198;0.183;0.271;0.322;0.686;0.122;0.034;0.046;0.051;0.037;0.027
30549;0.225;0.068;0.381;0.198;0.186;0.273;0.32;0.686;0.125;0.037;0.046;0.049;0.039;0.029
30550;0.225;0.068;0.439;0.198;0.186;0.271;0.322;0.688;0.125;0.037;0.044;0.049;0.034;0.027
30551;0.225;0.068;0.596;0.198;0.181;0.271;0.32;0.691;0.127;0.037;0.049;0.049;0.037;0.027
30552;0.225;0.071;0.5;0.198;0.183;0.269;0.317;0.691;0.127;0.037;0.046;0.051;0.037;0.027
30553;0.225;0.071;0.503;0.198;0.183;0.271;0.317;0.688;0.125;0.034;0.049;0.046;0.039;0.032
30554;0.222;0.071;0.452;0.195;0.183;0.271;0.317;0.688;0.127;0.039;0.046;0.051;0.037;0.024
30555;0.222;0.071;0.503;0.195;0.181;0.269;0.315;0.688;0.127;0.039;0.049;0.051;0.034;0.029
30556;0.225;0.071;0.549;0.198;0.186;0.271;0.312;0.686;0.125;0.037;0.049;0.051;0.034;0.027
30557;0.222;0.073;0.403;0.195;0.183;0.271;0.312;0.686;0.129;0.042;0.051;0.051;0.034;0.027
30558;0.222;0.071;0.469;0.193;0.183;0.271;0.31;0.686;0.125;0.039;0.049;0.051;0.037;0.027
30559;0.222;0.073;0.51;0.193;0.183;0.271;0.312;0.684;0.127;0.037;0.046;0.049;0.034;0.027
30560;0.222;0.073;0.569;0.195;0.183;0.273;0.31;0.681;0.127;0.039;0.049;0.049;0.032;0.027
30561;0.225;0.073;0.696;0.198;0.183;0.273;0.308;0.681;0.125;0.037;0.051;0.049;0.037;0.024
30562;0.225;0.071;0.615;0.198;0.186;0.273;0.308;0.681;0.127;0.037;0.051;0.046;0.034;0.032
30563;0.222;0.071;0.525;0.198;0.181;0.273;0.308;0.684;0.127;0.039;0.049;0.051;0.034;0.027
30564;0.225;0.073;0.891;0.198;0.181;0.269;0.31;0.681;0.125;0.039;0.051;0.051;0.032;0.027
30565;0.225;0.073;0.75;0.198;0.181;0.271;0.312;0.684;0.127;0.039;0.051;0.049;0.032;0.029
30566;0.225;0.073;1.243;0.198;0.181;0.273;0.312;0.684;0.125;0.039;0.054;0.049;0.029;0.029
30567;0.227;0.071;2.917;0.2;0.183;0.271;0.31;0.681;0.125;0.037;0.049;0.049;0.037;0.027
30568;0.227;0.071;4.998;0.198;0.181;0.273;0.312;0.679;0.122;0.037;0.054;0.049;0.032;0.034
30569;0.227;0.073;4.998;0.195;0.183;0.271;0.315;0.679;0.122;0.037;0.049;0.049;0.029;0.027
30570;0.225;0.071;4.998;0.2;0.183;0.273;0.312;0.676;0.125;0.039;0.051;0.049;0.034;0.022
30571;0.225;0.073;4.998;0.195;0.183;0.271;0.315;0.676;0.122;0.037;0.051;0.049;0.029;0.032
30572;0.227;0.073;4.998;0.203;0.181;0.271;0.312;0.674;0.125;0.037;0.051;0.049;0.032;0.027
30573;0.225;0.071;4.998;0.198;0.183;0.271;0.312;0.671;0.122;0.037;0.054;0.051;0.032;0.029
30574;0.225;0.071;4.998;0.2;0.183;0.273;0.312;0.676;0.12;0.037;0.051;0.051;0.029;0.024
30575;0.227;0.071;4.998;0.2;0.183;0.273;0.315;0.676;0.122;0.037;0.054;0.049;0.029;0.029
30576;0.227;0.071;4.998;0.203;0.183;0.273;0.312;0.674;0.122;0.037;0.051;0.049;0.034;0.029
30577;0.227;0.068;4.998;0.203;0.183;0.271;0.315;0.674;0.122;0.037;0.051;0.049;0.029;0.029
30578;0.227;0.071;4.998;0.203;0.181;0.273;0.312;0.674;0.122;0.037;0.054;0.049;0.029;0.027
30579;0.225;0.071;4.998;0.2;0.183;0.273;0.317;0.674;0.12;0.039;0.051;0.046;0.029;0.029
30580;0.225;0.071;4.998;0.203;0.183;0.273;0.315;0.674;0.122;0.034;0.051;0.051;0.029;0.024
30581;0.225;0.071;4.998;0.205;0.181;0.271;0.317;0.674;0.127;0.037;0.054;0.051;0.027;0.027
30582;0.225;0.073;4.998;0.208;0.181;0.276;0.312;0.674;0.122;0.034;0.051;0.051;0.032;0.029
30583;0.227;0.071;4.998;0.203;0.181;0.273;0.312;0.676;0.122;0.034;0.051;0.049;0.027;0.029
30584;0.227;0.068;4.998;0.203;0.183;0.273;0.312;0.676;0.125;0.034;0.054;0.049;0.027;0.027
30585;0.227;0.071;4.998;0.205;0.181;0.271;0.312;0.681;0.122;0.037;0.051;0.049;0.027;0.029
30586;0.227;0.073;4.998;0.205;0.181;0.273;0.31;0.679;0.125;0.037;0.051;0.049;0.027;0.029
30587;0.227;0.071;4.998;0.203;0.181;0.276;0.31;0.681;0.122;0.034;0.051;0.051;0.024;0.024
30588;0.227;0.068;4.998;0.203;0.181;0.273;0.31;0.681;0.125;0.037;0.051;0.051;0.029;0.027
30589;0.229;0.071;4.998;0.203;0.183;0.278;0.312;0.684;0.122;0.034;0.054;0.049;0.024;0.027
30590;0.227;0.071;4.998;0.203;0.181;0.273;0.312;0.679;0.125;0.034;0.051;0.051;0.024;0.027
30591;0.229;0.073;4.998;0.2;0.181;0.273;0.315;0.679;0.122;0.034;0.051;0.049;0.029;0.029
30592;0.229;0.073;4.998;0.2;0.181;0.273;0.312;0.676;0.122;0.034;0.049;0.049;0.027;0.032
30593;0.227;0.071;4.998;0.203;0.181;0.276;0.312;0.676;0.125;0.032;0.051;0.049;0.024;0.029
30594;0.227;0.071;4.998;0.203;0.181;0.276;0.312;0.674;0.122;0.032;0.051;0.049;0.027;0.027
30595;0.227;0.068;4.998;0.2;0.183;0.276;0.312;0.674;0.12;0.032;0.051;0.049;0.027;0.032
30596;0.227;0.071;4.998;0.203;0.183;0.276;0.312;0.674;0.122;0.034;0.051;0.049;0.027;0.027
30597;0.227;0.071;4.998;0.203;0.186;0.276;0.31;0.674;0.122;0.034;0.051;0.046;0.027;0.029
30598;0.227;0.071;4.998;0.2;0.183;0.273;0.308;0.674;0.12;0.032;0.051;0.049;0.024;0.024
30599;0.227;0.071;4.998;0.203;0.183;0.276;0.308;0.676;0.122;0.032;0.054;0.049;0.027;0.024
30600;0.227;0.068;4.998;0.203;0.183;0.273;0.308;0.671;0.12;0.034;0.054;0.051;0.027;0.027
30601;0.227;0.068;4.998;0.203;0.186;0.276;0.308;0.674;0.12;0.032;0.051;0.049;0.024;0.027
30602;0.225;0.068;4.998;0.203;0.183;0.276;0.308;0.674;0.12;0.032;0.051;0.049;0.024;0.029
30603;0.225;0.071;4.998;0.2;0.186;0.273;0.31;0.671;0.117;0.032;0.051;0.046;0.027;0.029
30604;0.225;0.068;4.998;0.203;0.183;0.273;0.312;0.669;0.12;0.034;0.054;0.051;0.024;0.029
30605;0.227;0.068;4.998;0.205;0.186;0.273;0.315;0.671;0.12;0.034;0.051;0.046;0.024;0.027
30606;0.222;0.068;4.998;0.2;0.183;0.273;0.315;0.669;0.117;0.032;0.051;0.049;0.027;0.027
30607;0.227;0.068;4.998;0.2;0.186;0.273;0.317;0.669;0.117;0.032;0.051;0.049;0.024;0.034
30608;0.225;0.068;4.998;0.2;0.183;0.271;0.315;0.671;0.117;0.032;0.054;0.049;0.027;0.027
30609;0.225;0.063;4.998;0.2;0.186;0.273;0.317;0.669;0.115;0.034;0.051;0.049;0.027;0.027
30610;0.225;0.066;4.998;0.2;0.183;0.273;0.32;0.669;0.115;0.032;0.051;0.049;0.024;0.029
30611;0.225;0.066;4.998;0.2;0.183;0.271;0.317;0.667;0.117;0.034;0.054;0.049;0.024;0.022
30612;0.225;0.066;4.998;0.198;0.183;0.271;0.315;0.667;0.115;0.029;0.051;0.046;0.027;0.032
30613;0.225;0.066;4.998;0.198;0.186;0.273;0.317;0.667;0.115;0.034;0.051;0.051;0.024;0.027
30614;0.227;0.068;4.998;0.195;0.183;0.273;0.315;0.662;0.115;0.034;0.054;0.049;0.022;0.024
30615;0.227;0.066;4.998;0.2;0.186;0.271;0.317;0.664;0.115;0.034;0.054;0.049;0.024;0.024
30616;0.225;0.066;4.998;0.2;0.186;0.271;0.317;0.664;0.112;0.034;0.054;0.049;0.027;0.029
30617;0.225;0.066;4.998;0.198;0.183;0.269;0.315;0.664;0.112;0.032;0.051;0.049;0.024;0.024
30618;0.225;0.066;4.998;0.198;0.183;0.271;0.317;0.669;0.115;0.034;0.054;0.049;0.022;0.027
30619;0.222;0.066;4.998;0.2;0.183;0.271;0.315;0.667;0.11;0.032;0.054;0.049;0.024;0.029
30620;0.225;0.063;4.998;0.198;0.181;0.269;0.322;0.671;0.112;0.032;0.049;0.049;0.022;0.024
30621;0.222;0.063;4.998;0.2;0.183;0.269;0.322;0.669;0.112;0.034;0.054;0.046;0.022;0.024
30622;0.222;0.063;4.998;0.2;0.181;0.269;0.32;0.671;0.11;0.029;0.051;0.049;0.024;0.027
30623;0.222;0.066;4.998;0.2;0.183;0.271;0.32;0.671;0.115;0.034;0.054;0.051;0.024;0.029
30624;0.222;0.068;4.998;0.203;0.183;0.271;0.322;0.669;0.11;0.034;0.051;0.046;0.024;0.029
30625;0.225;0.066;4.998;0.2;0.183;0.276;0.317;0.669;0.11;0.034;0.054;0.049;0.022;0.024
30626;0.225;0.063;4.998;0.203;0.183;0.271;0.322;0.671;0.11;0.037;0.051;0.049;0.027;0.024
30627;0.225;0.066;4.998;0.2;0.183;0.271;0.32;0.671;0.112;0.034;0.051;0.049;0.024;0.027
30628;0.227;0.066;4.998;0.203;0.181;0.271;0.317;0.669;0.11;0.034;0.051;0.051;0.027;0.027
30629;0.227;0.066;4.998;0.205;0.183;0.271;0.317;0.674;0.11;0.032;0.051;0.049;0.024;0.027
30630;0.225;0.066;4.998;0.203;0.183;0.271;0.315;0.671;0.105;0.034;0.051;0.049;0.022;0.024
30631;0.227;0.068;4.998;0.205;0.183;0.273;0.315;0.674;0.11;0.032;0.054;0.051;0.024;0.029
30632;0.227;0.068;4.998;0.203;0.183;0.269;0.31;0.674;0.107;0.032;0.051;0.049;0.024;0.024
30633;0.227;0.068;4.998;0.203;0.183;0.271;0.312;0.674;0.11;0.034;0.049;0.049;0.024;0.024
30634;0.229;0.071;4.998;0.203;0.183;0.271;0.315;0.676;0.105;0.032;0.049;0.049;0.024;0.027
30635;0.227;0.071;4.998;0.203;0.183;0.269;0.31;0.674;0.107;0.034;0.051;0.049;0.022;0.024
30636;0.227;0.071;4.998;0.203;0.183;0.271;0.312;0.674;0.107;0.032;0.049;0.051;0.024;0.032
30637;0.227;0.071;4.998;0.203;0.183;0.269;0.312;0.674;0.11;0.037;0.054;0.049;0.027;0.024
30638;0.227;0.071;4.998;0.203;0.183;0.269;0.312;0.674;0.105;0.032;0.051;0.049;0.027;0.022
30639;0.227;0.071;4.998;0.2;0.186;0.269;0.317;0.676;0.105;0.032;0.051;0.049;0.02;0.024
30640;0.227;0.073;4.998;0.203;0.183;0.269;0.315;0.674;0.105;0.029;0.051;0.049;0.027;0.027
30641;0.227;0.071;4.998;0.203;0.183;0.269;0.315;0.674;0.105;0.032;0.049;0.049;0.024;0.027
30642;0.229;0.076;4.998;0.203;0.181;0.269;0.315;0.676;0.105;0.029;0.051;0.049;0.027;0.024
30643;0.225;0.073;4.998;0.203;0.181;0.271;0.315;0.676;0.107;0.032;0.049;0.049;0.022;0.022
30644;0.227;0.073;4.998;0.2;0.183;0.269;0.315;0.676;0.107;0.032;0.051;0.049;0.024;0.027
30645;0.227;0.073;4.998;0.198;0.181;0.269;0.312;0.674;0.107;0.032;0.049;0.049;0.024;0.027
30646;0.227;0.076;4.998;0.198;0.181;0.266;0.312;0.671;0.105;0.032;0.051;0.049;0.027;0.029
30647;0.225;0.073;4.998;0.2;0.183;0.269;0.315;0.674;0.107;0.032;0.051;0.051;0.027;0.024
30648;0.229;0.076;4.998;0.198;0.183;0.271;0.312;0.671;0.105;0.029;0.051;0.049;0.024;0.032
30649;0.229;0.073;4.998;0.2;0.183;0.269;0.31;0.674;0.11;0.032;0.051;0.051;0.027;0.024
30650;0.225;0.071;4.998;0.2;0.183;0.269;0.312;0.674;0.107;0.032;0.049;0.049;0.027;0.027
30651;0.227;0.073;4.998;0.2;0.181;0.271;0.315;0.674;0.11;0.034;0.051;0.049;0.022;0.027
30652;0.225;0.073;3.604;0.203;0.183;0.271;0.315;0.676;0.107;0.032;0.049;0.046;0.027;0.024
30653;0.229;0.073;1.792;0.2;0.183;0.273;0.312;0.676;0.107;0.032;0.051;0.049;0.024;0.032
30654;0.227;0.073;0.974;0.203;0.183;0.271;0.315;0.679;0.11;0.032;0.051;0.051;0.027;0.024
30655;0.225;0.073;0.583;0.2;0.183;0.273;0.317;0.679;0.11;0.032;0.051;0.051;0.029;0.027
30656;0.225;0.073;0.393;0.2;0.186;0.271;0.315;0.674;0.103;0.027;0.049;0.051;0.024;0.029
30657;0.227;0.076;0.31;0.203;0.183;0.273;0.317;0.674;0.107;0.029;0.049;0.051;0.027;0.024
30658;0.225;0.071;0.266;0.203;0.183;0.271;0.317;0.674;0.107;0.032;0.046;0.051;0.022;0.024
30659;0.225;0.071;0.188;0.2;0.183;0.271;0.32;0.674;0.11;0.032;0.049;0.049;0.027;0.027
30660;0.225;0.073;0.159;0.198;0.183;0.269;0.322;0.674;0.107;0.032;0.049;0.049;0.022;0.024
30661;0.222;0.073;0.168;0.2;0.183;0.271;0.325;0.674;0.107;0.029;0.049;0.049;0.027;0.029
30662;0.222;0.071;0.237;0.2;0.183;0.269;0.322;0.674;0.107;0.032;0.046;0.051;0.027;0.029
30663;0.222;0.073;0.723;0.2;0.178;0.271;0.325;0.674;0.11;0.029;0.044;0.051;0.027;0.029
30664;0.222;0.073;0.884;0.2;0.181;0.266;0.322;0.676;0.11;0.032;0.046;0.049;0.022;0.024
30665;0.225;0.073;0.632;0.198;0.181;0.271;0.325;0.679;0.107;0.029;0.046;0.051;0.024;0.029
30666;0.222;0.076;0.161;0.2;0.178;0.269;0.325;0.676;0.11;0.029;0.044;0.049;0.027;0.029
30667;0.222;0.073;0.144;0.198;0.178;0.271;0.327;0.676;0.107;0.032;0.046;0.049;0.024;0.027
30668;0.222;0.073;0.149;0.2;0.176;0.271;0.325;0.676;0.11;0.032;0.046;0.051;0.024;0.027
30669;0.222;0.073;0.146;0.198;0.178;0.269;0.32;0.674;0.107;0.029;0.044;0.051;0.027;0.027
30670;0.222;0.073;0.146;0.198;0.176;0.271;0.322;0.679;0.107;0.032;0.046;0.049;0.024;0.024
30671;0.22;0.071;0.146;0.195;0.178;0.271;0.32;0.676;0.107;0.029;0.044;0.049;0.027;0.027
30672;0.22;0.073;0.146;0.198;0.178;0.271;0.317;0.679;0.11;0.029;0.046;0.049;0.027;0.029
30673;0.222;0.073;0.139;0.195;0.176;0.271;0.32;0.679;0.107;0.032;0.044;0.049;0.027;0.029
30674;0.22;0.073;0.137;0.198;0.178;0.269;0.315;0.679;0.11;0.032;0.044;0.049;0.027;0.029
30675;0.22;0.076;0.134;0.195;0.178;0.269;0.317;0.679;0.107;0.029;0.044;0.051;0.024;0.027
30676;0.222;0.073;0.142;0.198;0.181;0.269;0.315;0.681;0.112;0.032;0.044;0.051;0.027;0.027
30677;0.22;0.071;0.137;0.195;0.178;0.269;0.317;0.679;0.107;0.032;0.042;0.051;0.032;0.034
30678;0.22;0.071;0.139;0.198;0.176;0.266;0.315;0.679;0.105;0.029;0.044;0.051;0.029;0.029
30679;0.22;0.073;0.139;0.198;0.178;0.269;0.317;0.674;0.105;0.029;0.044;0.049;0.027;0.027
30680;0.222;0.071;0.139;0.198;0.178;0.266;0.315;0.679;0.107;0.032;0.042;0.049;0.029;0.029
30681;0.222;0.073;0.137;0.198;0.178;0.269;0.315;0.676;0.107;0.029;0.042;0.049;0.027;0.027
30682;0.222;0.073;0.134;0.198;0.178;0.269;0.312;0.676;0.107;0.029;0.042;0.049;0.029;0.027
30683;0.22;0.073;0.134;0.198;0.178;0.266;0.312;0.674;0.107;0.029;0.042;0.049;0.027;0.027
30684;0.22;0.073;0.137;0.198;0.178;0.266;0.312;0.674;0.105;0.032;0.042;0.049;0.029;0.027
30685;0.22;0.071;0.132;0.198;0.176;0.271;0.312;0.674;0.105;0.029;0.042;0.049;0.027;0.027
30686;0.217;0.071;0.134;0.195;0.178;0.266;0.315;0.676;0.107;0.029;0.042;0.049;0.029;0.027
30687;0.22;0.073;0.129;0.195;0.178;0.266;0.315;0.674;0.103;0.027;0.039;0.049;0.029;0.027
30688;0.22;0.073;0.127;0.195;0.176;0.269;0.315;0.676;0.105;0.032;0.039;0.049;0.029;0.029
30689;0.22;0.073;0.132;0.198;0.176;0.269;0.317;0.674;0.103;0.032;0.042;0.051;0.027;0.024
30690;0.217;0.073;0.132;0.198;0.178;0.269;0.325;0.674;0.103;0.027;0.037;0.049;0.029;0.029
30691;0.22;0.071;0.129;0.195;0.176;0.269;0.322;0.669;0.107;0.032;0.042;0.049;0.029;0.027
30692;0.22;0.073;0.132;0.195;0.178;0.269;0.322;0.667;0.103;0.032;0.039;0.051;0.029;0.029
30693;0.217;0.073;0.127;0.198;0.181;0.271;0.325;0.669;0.1;0.029;0.037;0.049;0.032;0.027
30694;0.217;0.076;0.127;0.195;0.181;0.271;0.32;0.669;0.105;0.032;0.042;0.046;0.029;0.029
30695;0.217;0.073;0.125;0.198;0.183;0.271;0.325;0.667;0.105;0.032;0.039;0.049;0.029;0.027
30696;0.217;0.076;0.125;0.195;0.181;0.271;0.322;0.669;0.105;0.029;0.037;0.049;0.034;0.027
30697;0.22;0.073;0.12;0.195;0.181;0.271;0.325;0.669;0.103;0.029;0.039;0.049;0.032;0.029
30698;0.22;0.071;0.122;0.195;0.181;0.271;0.322;0.671;0.103;0.029;0.037;0.049;0.029;0.024
30699;0.222;0.073;0.122;0.195;0.181;0.271;0.32;0.669;0.105;0.032;0.037;0.049;0.034;0.029
30700;0.222;0.073;0.122;0.198;0.181;0.271;0.317;0.667;0.105;0.032;0.039;0.051;0.032;0.027
30701;0.222;0.076;0.122;0.195;0.181;0.271;0.32;0.669;0.105;0.029;0.039;0.049;0.032;0.027
30702;0.222;0.076;0.122;0.195;0.181;0.271;0.32;0.667;0.105;0.032;0.037;0.051;0.034;0.027
30703;0.222;0.076;0.122;0.2;0.181;0.269;0.32;0.667;0.107;0.032;0.042;0.049;0.034;0.029
30704;0.222;0.073;0.125;0.198;0.181;0.271;0.317;0.667;0.103;0.029;0.037;0.051;0.032;0.027
30705;0.222;0.073;0.12;0.198;0.181;0.269;0.317;0.667;0.105;0.027;0.039;0.051;0.034;0.029
30706;0.22;0.076;0.122;0.198;0.181;0.269;0.32;0.667;0.103;0.029;0.037;0.049;0.032;0.027
30707;0.222;0.076;0.127;0.198;0.183;0.269;0.322;0.667;0.105;0.029;0.037;0.049;0.032;0.027
30708;0.22;0.073;0.125;0.198;0.181;0.271;0.32;0.667;0.107;0.029;0.037;0.051;0.032;0.029
30709;0.22;0.076;0.127;0.2;0.181;0.271;0.325;0.664;0.103;0.029;0.037;0.054;0.032;0.027
30710;0.222;0.073;0.122;0.2;0.181;0.273;0.325;0.667;0.105;0.029;0.039;0.051;0.032;0.027
30711;0.22;0.076;0.122;0.2;0.178;0.273;0.325;0.667;0.105;0.029;0.037;0.049;0.032;0.024
30712;0.217;0.073;0.122;0.198;0.181;0.271;0.322;0.669;0.105;0.032;0.037;0.049;0.034;0.027
30713;0.217;0.076;0.122;0.2;0.181;0.273;0.325;0.667;0.105;0.029;0.037;0.051;0.032;0.027
30714;0.215;0.073;0.122;0.198;0.178;0.276;0.325;0.667;0.105;0.032;0.039;0.051;0.032;0.024
30715;0.215;0.071;0.122;0.198;0.181;0.273;0.325;0.669;0.1;0.029;0.037;0.051;0.034;0.027
30716;0.215;0.076;0.122;0.2;0.183;0.273;0.327;0.669;0.103;0.029;0.037;0.049;0.032;0.027
30717;0.215;0.073;0.127;0.2;0.181;0.273;0.325;0.667;0.103;0.029;0.037;0.049;0.034;0.027
30718;0.215;0.073;0.12;0.198;0.181;0.273;0.325;0.671;0.1;0.029;0.032;0.051;0.032;0.024
30719;0.215;0.071;0.12;0.195;0.181;0.271;0.325;0.671;0.103;0.029;0.037;0.049;0.034;0.024
30720;0.212;0.071;0.122;0.198;0.183;0.271;0.325;0.671;0.103;0.029;0.034;0.051;0.034;0.029
30721;0.215;0.073;0.125;0.198;0.183;0.271;0.325;0.669;0.103;0.029;0.037;0.049;0.034;0.024
30722;0.215;0.073;0.12;0.198;0.183;0.276;0.325;0.671;0.103;0.029;0.034;0.051;0.034;0.024
30723;0.212;0.076;0.122;0.198;0.186;0.271;0.322;0.671;0.103;0.029;0.037;0.049;0.029;0.024
30724;0.21;0.068;0.122;0.195;0.186;0.273;0.32;0.671;0.103;0.027;0.037;0.049;0.034;0.027
30725;0.212;0.073;0.125;0.195;0.183;0.273;0.317;0.671;0.1;0.027;0.034;0.049;0.037;0.027
30726;0.212;0.073;0.122;0.195;0.186;0.273;0.317;0.671;0.1;0.027;0.037;0.049;0.034;0.027
30727;0.212;0.073;0.125;0.193;0.186;0.273;0.315;0.669;0.105;0.029;0.037;0.051;0.037;0.027
30728;0.212;0.071;0.125;0.193;0.183;0.276;0.31;0.669;0.105;0.032;0.037;0.049;0.032;0.024
30729;0.212;0.073;0.125;0.195;0.183;0.276;0.312;0.671;0.103;0.027;0.034;0.049;0.037;0.029
30730;0.212;0.073;0.127;0.195;0.186;0.276;0.312;0.674;0.103;0.029;0.034;0.051;0.032;0.027
30731;0.212;0.071;0.125;0.195;0.183;0.276;0.312;0.674;0.103;0.029;0.034;0.049;0.037;0.022
30732;0.212;0.073;0.127;0.193;0.181;0.276;0.31;0.669;0.1;0.029;0.034;0.051;0.032;0.027
30733;0.212;0.073;0.127;0.193;0.186;0.273;0.312;0.671;0.1;0.027;0.037;0.051;0.037;0.029
30734;0.212;0.076;0.127;0.193;0.181;0.273;0.308;0.671;0.1;0.029;0.037;0.051;0.037;0.027
30735;0.212;0.073;0.125;0.195;0.186;0.273;0.31;0.669;0.1;0.027;0.037;0.051;0.032;0.024
30736;0.212;0.073;0.122;0.193;0.183;0.273;0.31;0.667;0.098;0.029;0.037;0.051;0.034;0.027
30737;0.21;0.071;0.117;0.193;0.186;0.273;0.308;0.664;0.1;0.029;0.037;0.051;0.034;0.022
30738;0.212;0.073;0.125;0.195;0.183;0.271;0.308;0.659;0.1;0.029;0.034;0.049;0.039;0.029
30739;0.212;0.073;0.122;0.195;0.186;0.273;0.308;0.662;0.095;0.029;0.032;0.051;0.034;0.024
30740;0.215;0.073;0.122;0.193;0.186;0.273;0.305;0.662;0.095;0.027;0.032;0.049;0.037;0.029
30741;0.215;0.073;0.122;0.195;0.186;0.276;0.308;0.662;0.098;0.029;0.034;0.051;0.037;0.024
30742;0.215;0.073;0.125;0.193;0.186;0.273;0.308;0.659;0.098;0.029;0.034;0.049;0.037;0.027
30743;0.215;0.073;0.122;0.193;0.186;0.273;0.31;0.659;0.095;0.027;0.034;0.049;0.037;0.029
30744;0.212;0.073;0.122;0.193;0.186;0.273;0.308;0.659;0.095;0.032;0.034;0.051;0.034;0.024
30745;0.215;0.071;0.12;0.193;0.183;0.276;0.308;0.662;0.095;0.029;0.034;0.049;0.034;0.029
30746;0.215;0.076;0.122;0.193;0.183;0.273;0.31;0.664;0.095;0.029;0.037;0.051;0.037;0.027
30747;0.215;0.073;0.122;0.193;0.186;0.276;0.31;0.662;0.098;0.032;0.037;0.051;0.037;0.027
30748;0.215;0.073;0.125;0.193;0.183;0.276;0.312;0.659;0.093;0.029;0.037;0.049;0.039;0.027
30749;0.215;0.073;0.125;0.195;0.186;0.273;0.312;0.659;0.093;0.029;0.034;0.051;0.034;0.027
30750;0.212;0.071;0.122;0.193;0.183;0.276;0.312;0.659;0.09;0.027;0.037;0.049;0.037;0.024
30751;0.215;0.071;0.122;0.19;0.188;0.276;0.312;0.659;0.09;0.032;0.039;0.051;0.037;0.032
30752;0.215;0.071;0.127;0.195;0.183;0.273;0.312;0.662;0.093;0.029;0.034;0.049;0.039;0.027
30753;0.212;0.068;0.125;0.195;0.186;0.276;0.312;0.662;0.09;0.029;0.034;0.054;0.032;0.022
30754;0.215;0.073;0.127;0.193;0.183;0.273;0.312;0.662;0.09;0.027;0.034;0.051;0.037;0.027
30755;0.215;0.068;0.125;0.193;0.186;0.276;0.31;0.659;0.09;0.024;0.034;0.049;0.042;0.029
30756;0.215;0.068;0.129;0.19;0.183;0.271;0.31;0.664;0.09;0.027;0.037;0.049;0.039;0.027
30757;0.212;0.068;0.125;0.193;0.188;0.276;0.308;0.664;0.09;0.032;0.037;0.051;0.037;0.027
30758;0.215;0.071;0.127;0.193;0.186;0.273;0.308;0.662;0.088;0.024;0.037;0.051;0.034;0.022
30759;0.215;0.073;0.127;0.193;0.188;0.273;0.308;0.662;0.088;0.027;0.037;0.051;0.042;0.024
30760;0.212;0.071;0.129;0.193;0.186;0.273;0.308;0.662;0.088;0.027;0.034;0.051;0.034;0.027
30761;0.212;0.071;0.129;0.193;0.19;0.273;0.305;0.662;0.09;0.027;0.034;0.049;0.039;0.027
30762;0.215;0.071;0.122;0.19;0.188;0.271;0.303;0.662;0.093;0.029;0.037;0.049;0.037;0.022
30763;0.215;0.071;0.129;0.19;0.186;0.271;0.305;0.664;0.088;0.022;0.034;0.049;0.034;0.022
30764;0.212;0.068;0.127;0.19;0.188;0.271;0.303;0.667;0.093;0.027;0.037;0.051;0.037;0.024
30765;0.212;0.073;0.127;0.19;0.188;0.271;0.305;0.664;0.09;0.027;0.039;0.049;0.042;0.029
30766;0.215;0.073;0.125;0.19;0.186;0.271;0.305;0.664;0.09;0.027;0.037;0.049;0.034;0.027
30767;0.21;0.071;0.125;0.19;0.188;0.273;0.308;0.664;0.088;0.027;0.037;0.051;0.039;0.027
30768;0.212;0.071;0.125;0.19;0.183;0.271;0.305;0.662;0.088;0.027;0.037;0.049;0.039;0.027
30769;0.21;0.073;0.125;0.19;0.188;0.273;0.305;0.664;0.09;0.029;0.037;0.049;0.039;0.024
30770;0.212;0.073;0.125;0.19;0.186;0.271;0.308;0.664;0.09;0.027;0.037;0.051;0.037;0.027
30771;0.21;0.073;0.127;0.19;0.186;0.273;0.305;0.662;0.09;0.027;0.037;0.051;0.037;0.022
30772;0.21;0.073;0.127;0.19;0.188;0.271;0.31;0.662;0.09;0.027;0.037;0.049;0.039;0.029
30773;0.21;0.073;0.125;0.19;0.188;0.273;0.308;0.659;0.088;0.024;0.034;0.049;0.039;0.027
30774;0.208;0.071;0.127;0.19;0.186;0.271;0.31;0.662;0.093;0.027;0.037;0.051;0.039;0.024
30775;0.21;0.073;0.127;0.19;0.186;0.273;0.31;0.664;0.09;0.027;0.037;0.049;0.039;0.027
30776;0.208;0.073;0.127;0.188;0.188;0.273;0.308;0.667;0.09;0.024;0.039;0.051;0.039;0.029
30777;0.21;0.073;0.127;0.188;0.188;0.273;0.308;0.664;0.09;0.027;0.037;0.049;0.039;0.027
30778;0.208;0.076;0.127;0.188;0.188;0.276;0.308;0.667;0.093;0.027;0.039;0.051;0.037;0.027
30779;0.208;0.073;0.129;0.19;0.188;0.273;0.308;0.664;0.09;0.027;0.034;0.051;0.037;0.027
30780;0.21;0.073;0.125;0.188;0.188;0.273;0.31;0.664;0.09;0.024;0.034;0.051;0.037;0.024
30781;0.205;0.073;0.127;0.188;0.186;0.273;0.308;0.664;0.09;0.027;0.037;0.049;0.039;0.027
30782;0.21;0.076;0.127;0.188;0.186;0.273;0.308;0.662;0.09;0.024;0.034;0.049;0.039;0.029
30783;0.208;0.071;0.125;0.186;0.186;0.273;0.308;0.662;0.09;0.029;0.037;0.051;0.039;0.024
30784;0.208;0.076;0.122;0.186;0.186;0.273;0.308;0.662;0.088;0.027;0.037;0.051;0.042;0.029
30785;0.208;0.073;0.125;0.188;0.188;0.273;0.308;0.667;0.088;0.027;0.034;0.049;0.037;0.024
30786;0.21;0.073;0.127;0.183;0.188;0.273;0.305;0.667;0.088;0.024;0.034;0.049;0.042;0.029
30787;0.21;0.073;0.122;0.183;0.186;0.271;0.305;0.667;0.088;0.024;0.034;0.051;0.037;0.027
30788;0.208;0.073;0.127;0.186;0.186;0.273;0.305;0.667;0.09;0.027;0.037;0.054;0.039;0.029
30789;0.208;0.076;0.122;0.186;0.188;0.273;0.303;0.667;0.09;0.027;0.037;0.051;0.039;0.027
30790;0.208;0.071;0.125;0.188;0.186;0.271;0.303;0.664;0.09;0.027;0.037;0.049;0.039;0.027
30791;0.208;0.073;0.127;0.188;0.186;0.271;0.305;0.662;0.088;0.024;0.034;0.049;0.039;0.027
30792;0.21;0.073;0.125;0.188;0.186;0.271;0.303;0.664;0.088;0.024;0.039;0.051;0.039;0.027
30793;0.21;0.071;0.122;0.186;0.186;0.273;0.303;0.664;0.09;0.027;0.037;0.049;0.039;0.027
30794;0.21;0.071;0.127;0.188;0.186;0.273;0.305;0.662;0.09;0.024;0.037;0.049;0.039;0.027
30795;0.21;0.073;0.127;0.186;0.186;0.269;0.305;0.667;0.088;0.022;0.032;0.046;0.039;0.029
30796;0.21;0.071;0.125;0.188;0.186;0.271;0.305;0.667;0.09;0.022;0.037;0.049;0.044;0.029
30797;0.21;0.071;0.125;0.188;0.186;0.271;0.305;0.667;0.09;0.029;0.034;0.046;0.042;0.024
30798;0.21;0.073;0.125;0.186;0.186;0.269;0.305;0.667;0.088;0.029;0.037;0.049;0.039;0.027
30799;0.21;0.073;0.125;0.186;0.186;0.273;0.308;0.669;0.093;0.027;0.037;0.051;0.039;0.022
30800;0.21;0.071;0.127;0.188;0.188;0.271;0.305;0.671;0.09;0.024;0.034;0.049;0.042;0.022
30801;0.21;0.068;0.122;0.188;0.186;0.269;0.305;0.669;0.09;0.024;0.034;0.049;0.044;0.029
30802;0.21;0.073;0.125;0.188;0.183;0.269;0.308;0.669;0.09;0.022;0.034;0.049;0.044;0.027
30803;0.21;0.073;0.122;0.183;0.188;0.271;0.31;0.667;0.09;0.024;0.034;0.051;0.044;0.027
30804;0.21;0.071;0.129;0.183;0.188;0.271;0.312;0.669;0.088;0.024;0.034;0.049;0.046;0.029
30805;0.208;0.071;0.127;0.183;0.188;0.273;0.315;0.669;0.085;0.022;0.034;0.049;0.044;0.027
30806;0.208;0.068;0.129;0.188;0.188;0.271;0.315;0.669;0.088;0.027;0.032;0.051;0.044;0.027
30807;0.21;0.071;0.132;0.183;0.188;0.271;0.315;0.669;0.088;0.024;0.034;0.049;0.046;0.029
30808;0.208;0.068;0.129;0.186;0.188;0.273;0.317;0.669;0.088;0.024;0.034;0.049;0.049;0.029
30809;0.21;0.068;0.129;0.181;0.19;0.273;0.317;0.667;0.09;0.027;0.034;0.051;0.046;0.024
30810;0.208;0.068;0.134;0.183;0.19;0.276;0.317;0.669;0.085;0.024;0.034;0.051;0.044;0.022
30811;0.21;0.068;0.134;0.183;0.188;0.273;0.315;0.667;0.083;0.024;0.034;0.049;0.044;0.024
30812;0.21;0.068;0.134;0.186;0.19;0.271;0.32;0.667;0.083;0.024;0.032;0.049;0.051;0.027
30813;0.212;0.066;0.134;0.183;0.186;0.271;0.312;0.667;0.085;0.024;0.034;0.051;0.046;0.024
30814;0.21;0.068;0.139;0.183;0.188;0.273;0.312;0.667;0.085;0.027;0.037;0.049;0.049;0.029
30815;0.21;0.068;0.137;0.183;0.186;0.273;0.312;0.664;0.085;0.024;0.034;0.049;0.051;0.024
30816;0.21;0.066;0.137;0.183;0.188;0.271;0.317;0.667;0.081;0.024;0.034;0.049;0.054;0.029
30817;0.21;0.068;0.137;0.183;0.188;0.273;0.315;0.664;0.085;0.027;0.034;0.049;0.051;0.024
30818;0.212;0.068;0.139;0.186;0.188;0.276;0.317;0.667;0.085;0.027;0.037;0.051;0.054;0.027
30819;0.21;0.068;0.139;0.186;0.186;0.273;0.315;0.662;0.081;0.027;0.032;0.051;0.051;0.027
30820;0.21;0.068;0.139;0.181;0.186;0.271;0.32;0.662;0.081;0.024;0.037;0.049;0.054;0.029
30821;0.208;0.068;0.139;0.183;0.188;0.276;0.322;0.662;0.083;0.024;0.034;0.049;0.056;0.029
30822;0.21;0.068;0.142;0.183;0.186;0.273;0.32;0.662;0.081;0.022;0.034;0.046;0.059;0.027
30823;0.21;0.066;0.139;0.183;0.186;0.273;0.32;0.662;0.081;0.022;0.032;0.049;0.056;0.027
30824;0.212;0.066;0.139;0.183;0.186;0.276;0.317;0.659;0.078;0.024;0.034;0.046;0.054;0.027
30825;0.21;0.066;0.142;0.186;0.188;0.273;0.32;0.662;0.078;0.024;0.032;0.049;0.056;0.027
30826;0.21;0.066;0.142;0.181;0.186;0.271;0.32;0.662;0.081;0.027;0.037;0.051;0.056;0.029
30827;0.21;0.068;0.139;0.178;0.186;0.273;0.32;0.659;0.078;0.027;0.032;0.049;0.056;0.024
30828;0.21;0.066;0.142;0.183;0.186;0.273;0.32;0.662;0.078;0.022;0.034;0.049;0.061;0.027
30829;0.21;0.063;0.142;0.183;0.183;0.273;0.317;0.659;0.081;0.022;0.034;0.049;0.061;0.024
30830;0.208;0.063;0.139;0.181;0.183;0.271;0.317;0.659;0.083;0.029;0.039;0.049;0.061;0.029
30831;0.208;0.066;0.142;0.186;0.183;0.273;0.317;0.659;0.076;0.022;0.034;0.049;0.061;0.027
30832;0.208;0.066;0.144;0.181;0.183;0.271;0.317;0.659;0.078;0.024;0.034;0.049;0.059;0.024
30833;0.21;0.066;0.142;0.183;0.183;0.269;0.315;0.659;0.078;0.022;0.034;0.049;0.063;0.027
30834;0.208;0.063;0.142;0.181;0.183;0.269;0.315;0.662;0.076;0.024;0.034;0.049;0.066;0.027
30835;0.21;0.063;0.144;0.181;0.181;0.271;0.312;0.662;0.076;0.024;0.037;0.049;0.063;0.024
30836;0.21;0.063;0.144;0.178;0.183;0.271;0.31;0.662;0.073;0.024;0.032;0.049;0.066;0.027
30837;0.208;0.063;0.142;0.183;0.183;0.273;0.31;0.662;0.073;0.024;0.034;0.049;0.068;0.024
30838;0.21;0.066;0.146;0.181;0.183;0.273;0.308;0.659;0.073;0.022;0.034;0.051;0.068;0.024
30839;0.21;0.061;0.144;0.183;0.181;0.276;0.31;0.659;0.073;0.024;0.034;0.049;0.071;0.024
30840;0.21;0.063;0.146;0.183;0.186;0.273;0.31;0.659;0.078;0.027;0.037;0.049;0.068;0.027
30841;0.21;0.066;0.144;0.181;0.186;0.276;0.303;0.659;0.076;0.024;0.034;0.049;0.068;0.024
30842;0.21;0.063;0.146;0.183;0.183;0.291;0.308;0.659;0.076;0.024;0.034;0.049;0.063;0.02
30843;0.212;0.063;0.144;0.183;0.186;0.315;0.305;0.662;0.073;0.024;0.032;0.049;0.073;0.027
30844;0.21;0.063;0.146;0.183;0.183;0.342;0.303;0.659;0.073;0.022;0.037;0.049;0.068;0.024
30845;0.208;0.066;0.144;0.188;0.186;0.354;0.305;0.659;0.073;0.024;0.032;0.049;0.071;0.024
30846;0.21;0.066;0.144;0.186;0.186;0.388;0.305;0.659;0.076;0.024;0.037;0.049;0.068;0.024
30847;0.208;0.063;0.142;0.186;0.188;0.369;0.308;0.662;0.071;0.022;0.034;0.049;0.073;0.024
30848;0.21;0.063;0.142;0.186;0.186;0.378;0.305;0.662;0.071;0.022;0.032;0.049;0.071;0.024
30849;0.208;0.063;0.144;0.19;0.186;0.374;0.305;0.659;0.071;0.024;0.034;0.049;0.073;0.024
30850;0.21;0.063;0.144;0.186;0.186;0.361;0.305;0.659;0.073;0.022;0.034;0.046;0.073;0.029
30851;0.21;0.063;0.146;0.19;0.186;0.371;0.308;0.657;0.076;0.024;0.034;0.049;0.076;0.027
30852;0.21;0.061;0.142;0.186;0.186;0.364;0.308;0.657;0.073;0.022;0.034;0.049;0.071;0.027
30853;0.21;0.061;0.144;0.186;0.186;0.366;0.31;0.657;0.071;0.02;0.032;0.049;0.076;0.024
30854;0.21;0.063;0.144;0.186;0.186;0.374;0.308;0.657;0.073;0.02;0.034;0.049;0.076;0.024
30855;0.21;0.063;0.142;0.188;0.186;0.364;0.312;0.662;0.073;0.022;0.034;0.049;0.076;0.024
30856;0.21;0.061;0.144;0.186;0.186;0.369;0.308;0.662;0.073;0.022;0.032;0.051;0.073;0.022
30857;0.21;0.061;0.146;0.188;0.188;0.361;0.305;0.659;0.071;0.022;0.034;0.049;0.071;0.024
30858;0.21;0.063;0.151;0.188;0.186;0.347;0.31;0.664;0.071;0.02;0.034;0.049;0.076;0.027
30859;0.21;0.061;0.149;0.188;0.186;0.354;0.308;0.662;0.073;0.022;0.034;0.046;0.073;0.022
30860;0.21;0.061;0.151;0.188;0.19;0.342;0.31;0.662;0.071;0.022;0.034;0.049;0.073;0.024
30861;0.21;0.063;0.151;0.186;0.186;0.347;0.305;0.662;0.071;0.02;0.032;0.046;0.071;0.022
30862;0.21;0.061;0.154;0.188;0.188;0.339;0.308;0.662;0.073;0.024;0.034;0.049;0.076;0.024
30863;0.21;0.063;0.156;0.188;0.186;0.334;0.305;0.662;0.073;0.02;0.034;0.051;0.076;0.024
30864;0.21;0.063;0.159;0.188;0.186;0.344;0.308;0.662;0.073;0.02;0.034;0.049;0.076;0.024
30865;0.208;0.061;0.156;0.186;0.183;0.339;0.308;0.659;0.068;0.022;0.032;0.049;0.073;0.024
30866;0.212;0.063;0.164;0.186;0.186;0.344;0.31;0.657;0.073;0.022;0.034;0.049;0.078;0.029
30867;0.21;0.063;0.164;0.183;0.186;0.354;0.308;0.662;0.073;0.02;0.032;0.051;0.073;0.024
30868;0.212;0.061;0.164;0.186;0.188;0.347;0.308;0.659;0.071;0.024;0.034;0.049;0.071;0.024
30869;0.21;0.063;0.171;0.183;0.186;0.354;0.308;0.662;0.073;0.022;0.034;0.049;0.071;0.024
30870;0.212;0.063;0.171;0.183;0.186;0.347;0.305;0.662;0.073;0.024;0.032;0.049;0.073;0.027
30871;0.21;0.061;0.178;0.186;0.188;0.352;0.308;0.662;0.071;0.022;0.034;0.051;0.076;0.027
30872;0.21;0.061;0.178;0.183;0.186;0.344;0.303;0.659;0.073;0.022;0.032;0.046;0.073;0.024
30873;0.212;0.061;0.188;0.186;0.186;0.339;0.305;0.657;0.076;0.024;0.034;0.051;0.071;0.024
30874;0.212;0.063;0.188;0.183;0.186;0.344;0.305;0.659;0.073;0.022;0.034;0.049;0.076;0.027
30875;0.212;0.063;0.215;0.183;0.186;0.349;0.3;0.662;0.071;0.024;0.032;0.049;0.073;0.027
30876;0.21;0.063;0.222;0.181;0.186;0.344;0.303;0.662;0.073;0.022;0.034;0.046;0.073;0.024
30877;0.212;0.063;0.239;0.181;0.183;0.344;0.305;0.659;0.073;0.022;0.032;0.051;0.066;0.022
30878;0.212;0.061;0.242;0.183;0.186;0.342;0.303;0.657;0.073;0.022;0.032;0.049;0.073;0.027
30879;0.212;0.063;0.242;0.181;0.186;0.344;0.303;0.657;0.073;0.022;0.032;0.051;0.073;0.027
30880;0.21;0.063;0.256;0.183;0.186;0.339;0.303;0.662;0.073;0.022;0.032;0.049;0.071;0.024
30881;0.212;0.063;0.256;0.181;0.186;0.344;0.3;0.659;0.073;0.022;0.034;0.049;0.071;0.027
30882;0.215;0.066;0.256;0.183;0.186;0.339;0.3;0.657;0.071;0.022;0.032;0.049;0.073;0.027
30883;0.212;0.063;0.264;0.183;0.188;0.337;0.3;0.659;0.073;0.022;0.032;0.049;0.071;0.024
30884;0.212;0.063;0.278;0.181;0.186;0.339;0.298;0.657;0.073;0.024;0.032;0.049;0.071;0.024
30885;0.212;0.066;0.261;0.181;0.186;0.337;0.295;0.659;0.071;0.024;0.032;0.049;0.071;0.024
30886;0.212;0.063;0.266;0.181;0.186;0.332;0.295;0.654;0.071;0.02;0.029;0.049;0.071;0.024
30887;0.21;0.066;0.249;0.181;0.186;0.339;0.295;0.654;0.073;0.024;0.032;0.051;0.068;0.024
30888;0.212;0.066;0.259;0.183;0.188;0.334;0.298;0.657;0.071;0.024;0.032;0.049;0.071;0.027
30889;0.212;0.063;0.256;0.181;0.188;0.342;0.298;0.654;0.071;0.022;0.032;0.049;0.068;0.027
30890;0.215;0.061;0.251;0.183;0.188;0.334;0.3;0.657;0.073;0.024;0.029;0.046;0.071;0.024
30891;0.212;0.063;0.322;0.181;0.188;0.334;0.3;0.657;0.073;0.024;0.032;0.049;0.066;0.022
30892;0.21;0.063;0.3;0.178;0.186;0.334;0.298;0.657;0.073;0.024;0.029;0.049;0.073;0.027
30893;0.215;0.063;0.259;0.181;0.186;0.33;0.3;0.657;0.071;0.022;0.032;0.051;0.071;0.024
30894;0.215;0.063;0.269;0.181;0.186;0.339;0.3;0.654;0.076;0.027;0.032;0.049;0.068;0.027
30895;0.21;0.061;0.247;0.181;0.183;0.337;0.3;0.657;0.071;0.022;0.034;0.051;0.066;0.024
30896;0.21;0.063;0.225;0.178;0.181;0.334;0.3;0.654;0.073;0.024;0.032;0.049;0.071;0.024
30897;0.21;0.061;0.215;0.178;0.181;0.339;0.298;0.654;0.073;0.024;0.029;0.049;0.066;0.024
30898;0.212;0.061;0.251;0.181;0.183;0.339;0.3;0.657;0.073;0.027;0.032;0.049;0.068;0.024
30899;0.212;0.061;0.293;0.178;0.183;0.337;0.3;0.654;0.076;0.027;0.032;0.049;0.068;0.024
30900;0.212;0.061;0.276;0.176;0.181;0.337;0.3;0.652;0.076;0.024;0.029;0.049;0.068;0.024
30901;0.212;0.059;0.242;0.178;0.181;0.339;0.303;0.654;0.076;0.024;0.032;0.051;0.066;0.024
30902;0.212;0.061;0.322;0.181;0.181;0.339;0.3;0.657;0.078;0.024;0.032;0.049;0.066;0.027
30903;0.212;0.059;0.356;0.178;0.183;0.337;0.305;0.654;0.076;0.027;0.032;0.049;0.066;0.024
30904;0.215;0.059;0.344;0.178;0.183;0.339;0.305;0.654;0.078;0.027;0.032;0.049;0.066;0.024
30905;0.212;0.059;0.347;0.178;0.181;0.337;0.303;0.654;0.078;0.024;0.029;0.051;0.068;0.024
30906;0.215;0.059;0.413;0.181;0.183;0.332;0.305;0.654;0.076;0.024;0.029;0.051;0.066;0.024
30907;0.212;0.061;0.461;0.181;0.181;0.334;0.305;0.654;0.078;0.027;0.029;0.049;0.066;0.024
30908;0.212;0.059;0.405;0.183;0.181;0.33;0.305;0.654;0.078;0.022;0.029;0.049;0.063;0.024
30909;0.212;0.059;0.32;0.178;0.181;0.332;0.308;0.654;0.078;0.024;0.027;0.049;0.063;0.022
30910;0.212;0.059;0.444;0.181;0.178;0.33;0.305;0.652;0.078;0.024;0.032;0.049;0.061;0.024
30911;0.212;0.061;0.483;0.178;0.178;0.332;0.31;0.654;0.078;0.024;0.027;0.049;0.066;0.024
30912;0.215;0.059;0.413;0.178;0.178;0.33;0.31;0.654;0.081;0.024;0.029;0.049;0.063;0.024
30913;0.217;0.059;0.452;0.178;0.178;0.327;0.308;0.657;0.083;0.027;0.032;0.046;0.061;0.02
30914;0.215;0.059;0.42;0.178;0.178;0.33;0.308;0.654;0.078;0.027;0.027;0.051;0.063;0.027
30915;0.215;0.059;0.425;0.178;0.178;0.33;0.308;0.657;0.081;0.022;0.027;0.046;0.063;0.024
30916;0.215;0.056;0.447;0.178;0.181;0.33;0.308;0.657;0.083;0.024;0.032;0.049;0.063;0.024
30917;0.215;0.059;0.527;0.178;0.178;0.33;0.31;0.657;0.081;0.024;0.029;0.049;0.066;0.027
30918;0.215;0.061;0.564;0.178;0.176;0.327;0.308;0.652;0.081;0.024;0.029;0.049;0.061;0.022
30919;0.215;0.059;0.5;0.176;0.178;0.327;0.308;0.657;0.085;0.024;0.027;0.051;0.061;0.024
30920;0.217;0.059;0.435;0.176;0.181;0.327;0.31;0.659;0.083;0.024;0.029;0.049;0.063;0.022
30921;0.217;0.061;0.513;0.176;0.178;0.327;0.31;0.659;0.083;0.024;0.027;0.049;0.063;0.024
30922;0.215;0.059;0.522;0.178;0.178;0.325;0.308;0.659;0.083;0.024;0.024;0.051;0.066;0.027
30923;0.217;0.059;0.828;0.178;0.181;0.33;0.305;0.662;0.081;0.024;0.027;0.049;0.059;0.02
30924;0.217;0.061;0.884;0.181;0.181;0.327;0.308;0.657;0.083;0.022;0.027;0.049;0.061;0.022
30925;0.217;0.061;0.793;0.178;0.178;0.325;0.305;0.659;0.088;0.024;0.027;0.051;0.063;0.024
30926;0.22;0.061;0.791;0.178;0.181;0.327;0.308;0.662;0.085;0.022;0.029;0.051;0.061;0.024
30927;0.22;0.061;1.079;0.181;0.181;0.325;0.303;0.659;0.088;0.024;0.027;0.051;0.061;0.027
30928;0.22;0.059;0.925;0.181;0.183;0.325;0.305;0.659;0.085;0.022;0.027;0.051;0.061;0.024
30929;0.217;0.059;0.791;0.183;0.181;0.325;0.303;0.659;0.085;0.022;0.027;0.049;0.063;0.024
30930;0.22;0.059;0.745;0.181;0.183;0.327;0.303;0.659;0.088;0.024;0.027;0.051;0.061;0.022
30931;0.217;0.061;0.764;0.181;0.183;0.327;0.305;0.659;0.088;0.022;0.027;0.049;0.063;0.022
30932;0.215;0.059;0.723;0.181;0.183;0.325;0.305;0.659;0.088;0.024;0.027;0.046;0.066;0.029
30933;0.215;0.061;1.038;0.183;0.181;0.327;0.305;0.659;0.085;0.022;0.027;0.049;0.063;0.022
30934;0.217;0.061;0.872;0.181;0.183;0.327;0.308;0.659;0.088;0.022;0.027;0.049;0.063;0.022
30935;0.215;0.059;0.662;0.183;0.183;0.327;0.312;0.659;0.088;0.024;0.027;0.049;0.066;0.024
30936;0.217;0.059;0.408;0.183;0.178;0.327;0.31;0.659;0.088;0.017;0.024;0.049;0.063;0.027
30937;0.217;0.061;0.378;0.183;0.183;0.332;0.312;0.657;0.09;0.022;0.027;0.051;0.061;0.022
30938;0.215;0.059;0.381;0.181;0.181;0.33;0.31;0.657;0.09;0.024;0.027;0.049;0.063;0.024
30939;0.217;0.056;0.298;0.183;0.181;0.332;0.315;0.654;0.09;0.027;0.029;0.049;0.063;0.022
30940;0.217;0.056;0.266;0.181;0.183;0.332;0.315;0.659;0.093;0.022;0.027;0.049;0.066;0.027
30941;0.215;0.056;0.232;0.183;0.183;0.332;0.317;0.659;0.093;0.024;0.029;0.049;0.066;0.022
30942;0.217;0.059;0.22;0.181;0.181;0.33;0.32;0.659;0.093;0.02;0.024;0.049;0.059;0.027
30943;0.215;0.059;0.215;0.181;0.183;0.332;0.32;0.659;0.095;0.024;0.027;0.049;0.063;0.022
30944;0.217;0.056;0.183;0.181;0.181;0.33;0.32;0.659;0.098;0.024;0.027;0.051;0.063;0.024
30945;0.215;0.056;0.193;0.183;0.183;0.334;0.325;0.659;0.095;0.022;0.027;0.049;0.066;0.024
30946;0.22;0.059;0.2;0.176;0.181;0.332;0.322;0.657;0.095;0.022;0.027;0.049;0.066;0.022
30947;0.215;0.056;0.159;0.178;0.181;0.33;0.32;0.657;0.098;0.022;0.024;0.049;0.061;0.022
30948;0.217;0.059;0.181;0.178;0.181;0.334;0.32;0.657;0.098;0.022;0.027;0.049;0.061;0.022
30949;0.217;0.056;0.208;0.178;0.181;0.332;0.322;0.657;0.098;0.024;0.027;0.049;0.066;0.024
30950;0.217;0.059;0.229;0.178;0.178;0.334;0.317;0.657;0.1;0.024;0.029;0.049;0.061;0.02
30951;0.217;0.059;0.347;0.176;0.183;0.33;0.32;0.654;0.098;0.024;0.024;0.049;0.063;0.024
30952;0.22;0.059;0.381;0.176;0.183;0.332;0.315;0.657;0.098;0.022;0.024;0.049;0.063;0.022
30953;0.215;0.059;0.415;0.176;0.181;0.332;0.315;0.657;0.103;0.024;0.027;0.049;0.061;0.022
30954;0.217;0.059;0.623;0.176;0.183;0.332;0.315;0.654;0.098;0.024;0.027;0.049;0.066;0.024
30955;0.217;0.056;0.867;0.173;0.183;0.332;0.312;0.654;0.1;0.022;0.024;0.049;0.066;0.024
30956;0.217;0.056;0.706;0.176;0.183;0.332;0.315;0.659;0.1;0.022;0.027;0.049;0.066;0.024
30957;0.217;0.056;0.479;0.173;0.183;0.33;0.312;0.657;0.1;0.022;0.029;0.049;0.059;0.022
30958;0.215;0.059;0.491;0.176;0.183;0.33;0.315;0.652;0.1;0.024;0.027;0.049;0.063;0.022
30959;0.215;0.056;0.515;0.173;0.186;0.332;0.315;0.654;0.1;0.022;0.027;0.049;0.068;0.024
30960;0.215;0.059;0.747;0.173;0.183;0.33;0.312;0.654;0.1;0.022;0.024;0.049;0.063;0.024
30961;0.217;0.056;0.686;0.176;0.183;0.33;0.312;0.654;0.105;0.027;0.032;0.049;0.066;0.024
30962;0.215;0.056;0.767;0.176;0.186;0.33;0.315;0.657;0.103;0.022;0.027;0.049;0.061;0.024
30963;0.212;0.059;0.742;0.176;0.186;0.332;0.312;0.659;0.103;0.022;0.027;0.046;0.066;0.024
30964;0.212;0.059;0.837;0.176;0.186;0.33;0.315;0.657;0.103;0.022;0.027;0.049;0.071;0.027
30965;0.215;0.059;0.786;0.176;0.186;0.332;0.312;0.657;0.105;0.024;0.027;0.049;0.063;0.022
30966;0.215;0.059;0.776;0.176;0.186;0.332;0.312;0.659;0.1;0.02;0.024;0.049;0.066;0.024
30967;0.212;0.059;0.771;0.176;0.186;0.332;0.31;0.657;0.103;0.022;0.027;0.049;0.063;0.022
30968;0.215;0.059;0.835;0.178;0.186;0.33;0.31;0.654;0.1;0.024;0.027;0.049;0.068;0.024
30969;0.215;0.059;0.684;0.176;0.183;0.327;0.31;0.654;0.105;0.022;0.027;0.051;0.063;0.022
30970;0.215;0.056;0.513;0.178;0.188;0.327;0.31;0.654;0.103;0.022;0.024;0.049;0.066;0.022
30971;0.215;0.059;0.706;0.178;0.188;0.327;0.31;0.654;0.105;0.024;0.024;0.049;0.068;0.027
30972;0.215;0.059;0.61;0.178;0.186;0.33;0.312;0.652;0.105;0.024;0.029;0.049;0.068;0.027
30973;0.212;0.059;0.64;0.176;0.186;0.33;0.312;0.654;0.103;0.024;0.024;0.049;0.063;0.022
30974;0.215;0.059;0.791;0.178;0.186;0.332;0.312;0.657;0.105;0.022;0.024;0.049;0.068;0.027
30975;0.215;0.059;0.491;0.178;0.183;0.332;0.312;0.654;0.105;0.022;0.024;0.049;0.061;0.022
30976;0.212;0.059;1.013;0.178;0.186;0.332;0.312;0.657;0.103;0.024;0.027;0.051;0.068;0.024
30977;0.215;0.061;0.598;0.181;0.186;0.334;0.317;0.657;0.105;0.022;0.029;0.049;0.068;0.024
30978;0.215;0.061;0.857;0.181;0.186;0.337;0.312;0.657;0.103;0.022;0.027;0.049;0.066;0.027
30979;0.212;0.059;0.669;0.178;0.186;0.334;0.315;0.654;0.103;0.022;0.027;0.049;0.063;0.022
30980;0.21;0.059;0.503;0.178;0.183;0.332;0.315;0.657;0.105;0.022;0.027;0.049;0.071;0.027
30981;0.212;0.061;0.537;0.181;0.186;0.334;0.317;0.654;0.103;0.02;0.024;0.049;0.068;0.027
30982;0.21;0.061;0.583;0.183;0.183;0.334;0.312;0.654;0.103;0.02;0.027;0.049;0.071;0.027
30983;0.212;0.061;0.54;0.183;0.186;0.334;0.312;0.657;0.105;0.02;0.024;0.049;0.066;0.024
30984;0.212;0.061;0.615;0.186;0.183;0.339;0.312;0.657;0.103;0.022;0.027;0.049;0.068;0.027
30985;0.21;0.059;0.53;0.186;0.183;0.339;0.312;0.662;0.105;0.02;0.027;0.049;0.066;0.022
30986;0.21;0.063;0.508;0.186;0.186;0.342;0.312;0.659;0.105;0.02;0.029;0.049;0.066;0.024
30987;0.212;0.059;0.469;0.183;0.186;0.342;0.312;0.659;0.105;0.02;0.027;0.049;0.071;0.027
30988;0.21;0.059;0.449;0.186;0.186;0.342;0.31;0.662;0.105;0.02;0.027;0.049;0.068;0.024
30989;0.212;0.061;0.413;0.186;0.186;0.344;0.31;0.659;0.103;0.022;0.027;0.049;0.066;0.024
30990;0.212;0.063;0.415;0.186;0.183;0.344;0.308;0.659;0.103;0.017;0.024;0.049;0.066;0.024
30991;0.21;0.061;0.295;0.183;0.183;0.344;0.31;0.662;0.103;0.02;0.029;0.049;0.066;0.02
30992;0.21;0.061;0.398;0.186;0.186;0.347;0.308;0.662;0.105;0.022;0.032;0.046;0.063;0.024
30993;0.21;0.059;0.369;0.186;0.186;0.347;0.31;0.662;0.103;0.022;0.027;0.049;0.068;0.027
30994;0.21;0.061;0.439;0.186;0.186;0.344;0.31;0.659;0.105;0.02;0.027;0.051;0.068;0.027
30995;0.208;0.061;0.4;0.183;0.183;0.344;0.308;0.662;0.105;0.02;0.029;0.051;0.071;0.027
30996;0.21;0.059;0.32;0.186;0.183;0.344;0.31;0.662;0.105;0.02;0.029;0.051;0.066;0.024
30997;0.208;0.059;0.474;0.183;0.183;0.344;0.308;0.659;0.103;0.02;0.029;0.049;0.066;0.024
30998;0.208;0.059;0.32;0.183;0.183;0.342;0.308;0.659;0.105;0.02;0.029;0.049;0.068;0.024
30999;0.21;0.061;0.303;0.183;0.183;0.342;0.308;0.662;0.103;0.017;0.027;0.051;0.068;0.024
31000;0.21;0.059;0.261;0.183;0.186;0.339;0.303;0.662;0.105;0.022;0.029;0.049;0.063;0.027
31001;0.21;0.059;0.251;0.183;0.186;0.337;0.308;0.662;0.103;0.022;0.029;0.051;0.066;0.024
31002;0.208;0.059;0.259;0.183;0.186;0.337;0.305;0.659;0.103;0.02;0.029;0.049;0.063;0.024
31003;0.208;0.061;0.217;0.183;0.186;0.334;0.305;0.662;0.105;0.022;0.029;0.054;0.068;0.029
31004;0.205;0.059;0.234;0.181;0.186;0.334;0.305;0.662;0.105;0.02;0.032;0.049;0.061;0.022
31005;0.21;0.059;0.227;0.183;0.186;0.334;0.305;0.662;0.105;0.022;0.032;0.049;0.068;0.027
31006;0.208;0.061;0.215;0.183;0.186;0.334;0.305;0.664;0.105;0.02;0.029;0.051;0.063;0.024
31007;0.21;0.061;0.215;0.183;0.186;0.334;0.305;0.664;0.098;0.017;0.027;0.051;0.066;0.024
31008;0.208;0.061;0.244;0.181;0.186;0.332;0.305;0.662;0.103;0.02;0.029;0.049;0.066;0.027
31009;0.208;0.061;0.305;0.183;0.186;0.332;0.303;0.664;0.103;0.022;0.032;0.049;0.063;0.024
31010;0.21;0.063;0.234;0.183;0.186;0.332;0.303;0.662;0.105;0.022;0.032;0.051;0.066;0.027
31011;0.208;0.063;0.225;0.183;0.183;0.332;0.303;0.662;0.105;0.024;0.032;0.046;0.066;0.022
31012;0.21;0.059;0.249;0.183;0.183;0.332;0.303;0.659;0.1;0.022;0.032;0.049;0.061;0.024
31013;0.208;0.061;0.283;0.186;0.183;0.332;0.303;0.662;0.1;0.022;0.034;0.051;0.071;0.029
31014;0.21;0.061;0.251;0.186;0.183;0.332;0.303;0.659;0.1;0.02;0.032;0.049;0.061;0.024
31015;0.21;0.061;0.344;0.183;0.183;0.332;0.303;0.659;0.1;0.022;0.029;0.051;0.061;0.024
31016;0.208;0.061;0.295;0.186;0.183;0.332;0.305;0.662;0.1;0.02;0.032;0.049;0.061;0.024
31017;0.208;0.061;0.291;0.183;0.183;0.332;0.305;0.662;0.103;0.022;0.032;0.051;0.063;0.024
31018;0.208;0.059;0.547;0.186;0.183;0.33;0.305;0.659;0.103;0.024;0.034;0.049;0.063;0.022
31019;0.208;0.059;0.334;0.186;0.183;0.334;0.305;0.659;0.1;0.024;0.029;0.051;0.063;0.022
31020;0.208;0.059;0.444;0.186;0.183;0.334;0.31;0.659;0.1;0.022;0.032;0.049;0.061;0.024
31021;0.208;0.061;0.359;0.188;0.183;0.334;0.31;0.659;0.1;0.024;0.032;0.051;0.066;0.024
31022;0.208;0.061;0.398;0.183;0.181;0.334;0.31;0.657;0.1;0.027;0.034;0.049;0.063;0.024
31023;0.21;0.059;0.488;0.183;0.181;0.334;0.308;0.659;0.105;0.029;0.034;0.049;0.061;0.022
31024;0.208;0.059;0.752;0.186;0.183;0.337;0.308;0.659;0.098;0.022;0.032;0.051;0.061;0.024
31025;0.208;0.059;0.693;0.183;0.183;0.337;0.308;0.659;0.098;0.024;0.032;0.051;0.063;0.024
31026;0.21;0.059;2.407;0.186;0.183;0.337;0.308;0.659;0.095;0.022;0.027;0.049;0.061;0.024
31027;0.21;0.061;4.998;0.186;0.186;0.337;0.305;0.662;0.098;0.022;0.032;0.049;0.061;0.024
31028;0.212;0.059;4.998;0.186;0.183;0.337;0.308;0.659;0.1;0.024;0.032;0.049;0.061;0.024
31029;0.21;0.054;4.998;0.186;0.183;0.339;0.303;0.657;0.098;0.022;0.032;0.051;0.059;0.022
31030;0.21;0.059;4.998;0.186;0.181;0.337;0.303;0.659;0.1;0.024;0.032;0.049;0.061;0.022
31031;0.21;0.059;4.998;0.183;0.183;0.337;0.305;0.659;0.103;0.029;0.032;0.051;0.061;0.024
31032;0.21;0.056;4.998;0.183;0.183;0.337;0.308;0.654;0.1;0.024;0.032;0.049;0.061;0.024
31033;0.212;0.056;4.998;0.183;0.181;0.339;0.308;0.657;0.098;0.024;0.032;0.049;0.061;0.024
31034;0.21;0.056;4.998;0.188;0.183;0.337;0.308;0.657;0.098;0.027;0.029;0.049;0.061;0.024
31035;0.212;0.056;4.998;0.186;0.183;0.339;0.308;0.657;0.1;0.024;0.032;0.051;0.063;0.024
31036;0.21;0.056;4.998;0.188;0.183;0.332;0.308;0.654;0.098;0.024;0.029;0.051;0.061;0.024
31037;0.212;0.061;4.998;0.188;0.183;0.332;0.308;0.652;0.103;0.024;0.029;0.051;0.061;0.022
31038;0.215;0.059;4.998;0.188;0.183;0.332;0.31;0.654;0.1;0.027;0.029;0.049;0.063;0.022
31039;0.212;0.059;4.998;0.186;0.181;0.334;0.31;0.649;0.1;0.027;0.029;0.049;0.063;0.027
31040;0.212;0.059;4.998;0.188;0.186;0.334;0.308;0.652;0.1;0.024;0.029;0.051;0.061;0.024
31041;0.212;0.059;4.998;0.188;0.183;0.332;0.31;0.654;0.103;0.027;0.027;0.051;0.063;0.024
31042;0.212;0.059;4.998;0.188;0.183;0.334;0.31;0.654;0.1;0.024;0.027;0.051;0.063;0.022
31043;0.215;0.061;4.998;0.186;0.186;0.337;0.312;0.652;0.1;0.024;0.024;0.049;0.061;0.022
31044;0.21;0.061;4.998;0.188;0.183;0.332;0.312;0.649;0.1;0.022;0.024;0.051;0.063;0.024
31045;0.212;0.061;4.998;0.188;0.183;0.334;0.312;0.649;0.1;0.024;0.027;0.051;0.061;0.022
31046;0.212;0.061;4.998;0.186;0.183;0.332;0.312;0.649;0.095;0.022;0.022;0.049;0.063;0.027
31047;0.212;0.061;4.998;0.188;0.183;0.337;0.315;0.654;0.103;0.022;0.027;0.049;0.061;0.024
31048;0.212;0.061;4.998;0.188;0.181;0.337;0.315;0.652;0.1;0.024;0.024;0.049;0.068;0.027
31049;0.212;0.059;4.998;0.188;0.181;0.334;0.315;0.649;0.098;0.024;0.027;0.049;0.063;0.024
31050;0.21;0.061;4.998;0.188;0.183;0.337;0.315;0.649;0.1;0.022;0.024;0.051;0.066;0.024
31051;0.212;0.063;4.998;0.188;0.181;0.334;0.312;0.649;0.098;0.024;0.024;0.049;0.061;0.02
31052;0.212;0.063;4.998;0.19;0.181;0.337;0.312;0.652;0.098;0.022;0.024;0.049;0.066;0.027
31053;0.212;0.063;4.998;0.19;0.181;0.337;0.312;0.652;0.1;0.024;0.022;0.051;0.063;0.024
31054;0.215;0.061;4.998;0.19;0.181;0.337;0.312;0.652;0.095;0.022;0.022;0.051;0.066;0.029
31055;0.212;0.061;4.998;0.19;0.181;0.339;0.312;0.652;0.098;0.022;0.024;0.049;0.061;0.022
31056;0.212;0.066;4.998;0.19;0.181;0.337;0.312;0.652;0.1;0.022;0.027;0.051;0.063;0.022
31057;0.212;0.063;4.998;0.188;0.183;0.337;0.312;0.654;0.098;0.022;0.024;0.049;0.063;0.024
31058;0.212;0.063;4.998;0.19;0.181;0.337;0.312;0.652;0.1;0.024;0.024;0.049;0.063;0.024
31059;0.212;0.063;4.998;0.19;0.181;0.337;0.315;0.652;0.098;0.027;0.024;0.051;0.063;0.024
31060;0.215;0.063;4.998;0.188;0.181;0.337;0.315;0.652;0.1;0.022;0.022;0.049;0.061;0.022
31061;0.215;0.063;4.998;0.186;0.181;0.337;0.315;0.654;0.098;0.022;0.022;0.049;0.063;0.024
31062;0.212;0.063;4.998;0.188;0.183;0.334;0.315;0.654;0.103;0.022;0.022;0.049;0.066;0.024
31063;0.212;0.061;4.998;0.188;0.183;0.334;0.312;0.654;0.098;0.024;0.022;0.049;0.063;0.024
31064;0.212;0.061;4.998;0.188;0.183;0.337;0.315;0.654;0.103;0.029;0.027;0.054;0.063;0.024
31065;0.212;0.061;4.998;0.188;0.181;0.334;0.31;0.654;0.1;0.022;0.022;0.049;0.061;0.022
31066;0.21;0.063;4.998;0.186;0.183;0.334;0.312;0.649;0.1;0.022;0.022;0.051;0.063;0.027
31067;0.21;0.063;4.998;0.183;0.181;0.334;0.312;0.652;0.1;0.022;0.02;0.046;0.066;0.022
31068;0.212;0.061;4.998;0.188;0.181;0.332;0.31;0.652;0.1;0.024;0.022;0.051;0.063;0.022
31069;0.212;0.063;4.998;0.186;0.181;0.332;0.31;0.652;0.098;0.022;0.022;0.049;0.063;0.024
31070;0.212;0.061;4.998;0.188;0.183;0.332;0.31;0.652;0.1;0.022;0.022;0.049;0.066;0.024
31071;0.21;0.063;4.998;0.188;0.183;0.332;0.312;0.652;0.098;0.022;0.024;0.049;0.066;0.02
31072;0.212;0.061;4.998;0.188;0.183;0.332;0.31;0.654;0.103;0.022;0.022;0.051;0.063;0.027
31073;0.21;0.061;4.998;0.186;0.183;0.332;0.31;0.654;0.105;0.022;0.022;0.051;0.063;0.024
31074;0.215;0.061;4.998;0.188;0.181;0.334;0.312;0.654;0.103;0.022;0.024;0.049;0.063;0.027
31075;0.21;0.061;4.998;0.188;0.183;0.334;0.315;0.654;0.105;0.027;0.024;0.049;0.063;0.022
31076;0.212;0.063;4.998;0.188;0.183;0.334;0.312;0.654;0.105;0.022;0.022;0.049;0.063;0.022
31077;0.21;0.061;4.998;0.188;0.183;0.337;0.31;0.654;0.103;0.02;0.02;0.051;0.063;0.029
31078;0.21;0.061;4.998;0.19;0.183;0.339;0.315;0.657;0.103;0.024;0.022;0.051;0.066;0.024
31079;0.21;0.059;4.998;0.19;0.186;0.339;0.31;0.654;0.105;0.022;0.022;0.049;0.063;0.024
31080;0.21;0.061;4.998;0.19;0.186;0.337;0.31;0.657;0.107;0.024;0.022;0.049;0.066;0.022
31081;0.212;0.063;4.998;0.188;0.186;0.339;0.31;0.657;0.105;0.024;0.022;0.049;0.061;0.024
31082;0.208;0.059;4.998;0.188;0.186;0.337;0.308;0.659;0.105;0.024;0.022;0.049;0.066;0.022
31083;0.212;0.063;4.998;0.19;0.186;0.339;0.308;0.657;0.11;0.029;0.024;0.049;0.063;0.022
31084;0.212;0.061;4.998;0.188;0.186;0.337;0.308;0.659;0.107;0.024;0.022;0.051;0.066;0.027
31085;0.212;0.061;4.998;0.188;0.186;0.334;0.308;0.662;0.107;0.027;0.022;0.049;0.068;0.024
31086;0.21;0.061;4.998;0.188;0.188;0.334;0.305;0.662;0.105;0.024;0.022;0.046;0.068;0.027
31087;0.212;0.061;4.998;0.188;0.188;0.332;0.305;0.662;0.105;0.024;0.022;0.049;0.063;0.024
31088;0.21;0.059;4.998;0.188;0.188;0.332;0.305;0.662;0.105;0.024;0.022;0.049;0.066;0.024
31089;0.212;0.059;4.998;0.186;0.186;0.332;0.308;0.659;0.11;0.024;0.022;0.049;0.066;0.024
31090;0.21;0.059;4.998;0.188;0.188;0.33;0.31;0.662;0.107;0.024;0.024;0.049;0.063;0.022
31091;0.212;0.059;4.998;0.19;0.186;0.33;0.31;0.662;0.105;0.024;0.022;0.049;0.066;0.02
31092;0.212;0.061;4.998;0.188;0.186;0.332;0.31;0.662;0.107;0.024;0.022;0.049;0.068;0.027
31093;0.212;0.059;4.998;0.188;0.186;0.332;0.312;0.659;0.105;0.022;0.022;0.049;0.063;0.02
31094;0.212;0.061;4.998;0.193;0.181;0.332;0.315;0.662;0.11;0.027;0.024;0.051;0.066;0.022
31095;0.21;0.059;4.998;0.188;0.181;0.332;0.31;0.659;0.107;0.024;0.022;0.049;0.063;0.024
31096;0.212;0.059;4.998;0.19;0.181;0.332;0.315;0.659;0.107;0.022;0.02;0.049;0.063;0.027
31097;0.212;0.056;4.998;0.19;0.181;0.334;0.315;0.662;0.11;0.024;0.022;0.049;0.063;0.022
31098;0.215;0.056;4.998;0.19;0.178;0.33;0.315;0.659;0.112;0.027;0.022;0.051;0.068;0.022
31099;0.212;0.054;4.998;0.19;0.178;0.332;0.315;0.659;0.112;0.024;0.02;0.051;0.066;0.024
31100;0.212;0.056;4.998;0.19;0.176;0.332;0.317;0.659;0.112;0.024;0.02;0.049;0.066;0.022
31101;0.212;0.056;4.998;0.19;0.176;0.33;0.315;0.659;0.11;0.024;0.022;0.049;0.066;0.024
31102;0.215;0.051;4.998;0.19;0.176;0.33;0.315;0.659;0.112;0.024;0.02;0.049;0.066;0.024
31103;0.212;0.056;4.998;0.188;0.178;0.33;0.315;0.659;0.112;0.027;0.02;0.049;0.063;0.027
31104;0.212;0.054;4.998;0.188;0.178;0.332;0.317;0.662;0.11;0.022;0.02;0.051;0.066;0.022
31105;0.21;0.054;4.998;0.186;0.181;0.33;0.315;0.659;0.112;0.027;0.02;0.049;0.068;0.024
31106;0.212;0.054;4.998;0.186;0.181;0.332;0.312;0.659;0.112;0.027;0.022;0.051;0.066;0.022
31107;0.212;0.054;4.998;0.186;0.181;0.332;0.312;0.662;0.115;0.027;0.02;0.049;0.068;0.022
31108;0.215;0.054;4.998;0.186;0.178;0.332;0.31;0.659;0.11;0.027;0.02;0.049;0.068;0.024
31109;0.215;0.056;4.998;0.186;0.181;0.334;0.308;0.659;0.117;0.029;0.022;0.049;0.066;0.027
31110;0.21;0.056;4.998;0.186;0.181;0.332;0.305;0.662;0.112;0.029;0.02;0.049;0.068;0.024
31111;0.21;0.054;4.998;0.186;0.181;0.334;0.305;0.659;0.117;0.029;0.022;0.051;0.066;0.02
31112;0.212;0.056;4.998;0.186;0.181;0.332;0.305;0.657;0.117;0.029;0.022;0.051;0.063;0.022
31113;0.21;0.056;4.998;0.186;0.181;0.334;0.305;0.662;0.115;0.027;0.02;0.051;0.068;0.024
31114;0.212;0.059;4.998;0.186;0.183;0.332;0.303;0.662;0.117;0.027;0.022;0.051;0.068;0.024
31115;0.212;0.056;4.998;0.186;0.181;0.334;0.305;0.659;0.12;0.027;0.024;0.049;0.066;0.024
31116;0.21;0.056;4.998;0.183;0.181;0.332;0.303;0.662;0.12;0.029;0.022;0.046;0.068;0.022
31117;0.21;0.059;4.998;0.186;0.178;0.334;0.303;0.662;0.12;0.027;0.022;0.049;0.071;0.024
31118;0.21;0.056;4.998;0.186;0.178;0.334;0.303;0.662;0.122;0.027;0.022;0.049;0.068;0.022
31119;0.21;0.056;4.998;0.186;0.178;0.33;0.305;0.662;0.12;0.027;0.022;0.051;0.071;0.024
31120;0.212;0.056;4.998;0.186;0.181;0.33;0.305;0.662;0.122;0.029;0.022;0.049;0.071;0.024
31121;0.212;0.059;4.998;0.186;0.178;0.332;0.305;0.662;0.122;0.029;0.022;0.049;0.068;0.022
31122;0.21;0.059;4.998;0.183;0.178;0.33;0.305;0.662;0.125;0.027;0.022;0.049;0.068;0.022
31123;0.212;0.056;4.998;0.186;0.178;0.334;0.303;0.662;0.127;0.029;0.022;0.049;0.068;0.022
31124;0.212;0.059;4.998;0.186;0.178;0.332;0.303;0.662;0.127;0.027;0.02;0.051;0.071;0.027
31125;0.21;0.061;4.998;0.188;0.181;0.332;0.305;0.662;0.125;0.027;0.02;0.051;0.068;0.024
31126;0.21;0.059;4.998;0.186;0.183;0.332;0.303;0.664;0.129;0.029;0.022;0.049;0.066;0.022
31127;0.21;0.059;4.998;0.188;0.183;0.332;0.303;0.664;0.127;0.029;0.022;0.051;0.071;0.024
31128;0.21;0.059;4.998;0.188;0.181;0.332;0.3;0.664;0.129;0.027;0.022;0.049;0.071;0.022
31129;0.21;0.059;4.998;0.186;0.183;0.332;0.303;0.664;0.129;0.029;0.022;0.049;0.071;0.024
31130;0.21;0.056;4.998;0.186;0.183;0.332;0.3;0.662;0.132;0.032;0.022;0.051;0.071;0.024
31131;0.212;0.061;4.998;0.188;0.186;0.332;0.303;0.662;0.132;0.027;0.022;0.049;0.068;0.024
31132;0.208;0.059;4.998;0.188;0.183;0.33;0.303;0.662;0.129;0.029;0.02;0.049;0.073;0.024
31133;0.21;0.059;4.998;0.188;0.186;0.332;0.305;0.662;0.132;0.029;0.022;0.049;0.073;0.02
31134;0.208;0.061;4.998;0.19;0.186;0.33;0.305;0.662;0.132;0.029;0.024;0.049;0.068;0.022
31135;0.21;0.056;4.998;0.19;0.186;0.33;0.303;0.662;0.132;0.024;0.02;0.049;0.071;0.022
31136;0.208;0.059;4.998;0.188;0.183;0.33;0.305;0.664;0.134;0.029;0.022;0.049;0.073;0.024
31137;0.208;0.059;4.998;0.188;0.183;0.33;0.308;0.664;0.134;0.027;0.022;0.049;0.073;0.022
31138;0.208;0.059;4.998;0.188;0.183;0.33;0.305;0.662;0.134;0.027;0.022;0.049;0.071;0.027
31139;0.208;0.059;4.998;0.186;0.181;0.327;0.308;0.662;0.134;0.029;0.022;0.049;0.073;0.027
31140;0.205;0.061;4.998;0.186;0.178;0.332;0.31;0.662;0.137;0.027;0.022;0.049;0.076;0.024
31141;0.208;0.061;4.998;0.186;0.181;0.332;0.308;0.659;0.137;0.027;0.022;0.046;0.078;0.024
31142;0.208;0.059;4.998;0.183;0.183;0.332;0.308;0.662;0.137;0.027;0.022;0.051;0.076;0.024
31143;0.208;0.061;4.998;0.186;0.178;0.332;0.305;0.662;0.137;0.029;0.024;0.049;0.073;0.024
31144;0.208;0.061;4.998;0.183;0.181;0.332;0.308;0.662;0.137;0.024;0.022;0.049;0.071;0.027
31145;0.205;0.061;4.998;0.186;0.181;0.332;0.308;0.662;0.137;0.024;0.022;0.051;0.076;0.024
31146;0.208;0.059;4.998;0.183;0.181;0.332;0.31;0.662;0.139;0.027;0.022;0.049;0.073;0.027
31147;0.205;0.059;4.998;0.186;0.181;0.332;0.31;0.662;0.137;0.024;0.022;0.049;0.076;0.024
31148;0.205;0.063;4.998;0.186;0.181;0.332;0.312;0.659;0.137;0.027;0.022;0.049;0.076;0.024
31149;0.205;0.061;4.998;0.186;0.178;0.33;0.312;0.659;0.142;0.024;0.022;0.046;0.073;0.022
31150;0.205;0.061;3.44;0.183;0.181;0.33;0.312;0.662;0.137;0.024;0.02;0.049;0.078;0.024
31151;0.205;0.063;1.692;0.186;0.183;0.332;0.31;0.662;0.139;0.022;0.022;0.049;0.076;0.027
31152;0.208;0.061;0.869;0.186;0.181;0.334;0.312;0.662;0.142;0.027;0.024;0.049;0.073;0.024
31153;0.205;0.061;0.491;0.186;0.181;0.334;0.31;0.659;0.139;0.029;0.022;0.049;0.078;0.024
31154;0.203;0.061;0.32;0.188;0.181;0.332;0.312;0.659;0.142;0.027;0.022;0.049;0.073;0.022
31155;0.205;0.061;0.261;0.186;0.183;0.332;0.312;0.657;0.139;0.022;0.022;0.049;0.073;0.027
31156;0.203;0.061;0.222;0.186;0.181;0.332;0.31;0.657;0.142;0.024;0.024;0.049;0.076;0.02
31157;0.205;0.061;0.208;0.181;0.181;0.332;0.315;0.659;0.142;0.024;0.02;0.049;0.076;0.027
31158;0.205;0.061;0.171;0.183;0.183;0.332;0.312;0.657;0.142;0.024;0.022;0.049;0.078;0.022
31159;0.205;0.061;0.159;0.186;0.181;0.332;0.312;0.657;0.139;0.024;0.022;0.049;0.076;0.022
31160;0.205;0.059;0.205;0.183;0.181;0.332;0.315;0.657;0.144;0.027;0.024;0.051;0.076;0.029
31161;0.2;0.059;0.369;0.183;0.183;0.332;0.312;0.657;0.142;0.027;0.024;0.051;0.078;0.022
31162;0.203;0.059;0.73;0.181;0.183;0.33;0.312;0.654;0.139;0.027;0.024;0.051;0.076;0.022
31163;0.203;0.059;0.432;0.181;0.181;0.332;0.312;0.654;0.142;0.024;0.022;0.049;0.076;0.02
31164;0.205;0.059;0.229;0.183;0.181;0.33;0.31;0.652;0.144;0.027;0.024;0.049;0.076;0.024
31165;0.203;0.056;0.183;0.181;0.181;0.33;0.312;0.652;0.144;0.027;0.022;0.049;0.078;0.022
31166;0.203;0.056;0.21;0.181;0.183;0.33;0.31;0.654;0.144;0.024;0.024;0.049;0.078;0.022
31167;0.203;0.054;0.249;0.183;0.183;0.33;0.312;0.654;0.142;0.022;0.022;0.051;0.076;0.02
31168;0.203;0.059;0.247;0.178;0.181;0.33;0.31;0.652;0.142;0.024;0.024;0.049;0.078;0.027
31169;0.203;0.056;0.227;0.181;0.181;0.33;0.31;0.654;0.142;0.027;0.024;0.051;0.078;0.02
31170;0.203;0.056;0.339;0.181;0.183;0.33;0.31;0.654;0.144;0.027;0.024;0.051;0.076;0.024
31171;0.2;0.056;0.442;0.181;0.181;0.33;0.31;0.654;0.142;0.024;0.022;0.049;0.078;0.02
31172;0.2;0.059;0.247;0.181;0.183;0.33;0.31;0.654;0.142;0.027;0.024;0.049;0.078;0.022
31173;0.2;0.054;0.168;0.178;0.186;0.332;0.31;0.652;0.142;0.024;0.024;0.049;0.078;0.022
31174;0.203;0.056;0.161;0.176;0.183;0.332;0.312;0.654;0.144;0.024;0.022;0.049;0.076;0.022
31175;0.203;0.059;0.171;0.178;0.186;0.33;0.308;0.654;0.142;0.027;0.022;0.051;0.078;0.024
31176;0.203;0.059;0.173;0.176;0.183;0.33;0.31;0.654;0.139;0.024;0.022;0.049;0.078;0.024
31177;0.203;0.059;0.181;0.176;0.186;0.33;0.312;0.657;0.142;0.029;0.024;0.049;0.081;0.027
31178;0.203;0.056;0.178;0.178;0.186;0.33;0.31;0.657;0.139;0.027;0.022;0.049;0.081;0.017
31179;0.2;0.059;0.188;0.178;0.183;0.327;0.31;0.659;0.142;0.024;0.024;0.051;0.081;0.024
31180;0.203;0.059;0.176;0.181;0.183;0.327;0.31;0.654;0.134;0.024;0.022;0.051;0.081;0.029
31181;0.2;0.059;0.171;0.183;0.183;0.327;0.31;0.654;0.142;0.024;0.022;0.051;0.078;0.02
31182;0.2;0.061;0.166;0.178;0.181;0.327;0.31;0.657;0.137;0.024;0.022;0.049;0.081;0.027
31183;0.203;0.059;0.166;0.181;0.181;0.327;0.308;0.654;0.134;0.024;0.024;0.049;0.081;0.024
31184;0.2;0.059;0.166;0.183;0.181;0.327;0.308;0.657;0.137;0.027;0.022;0.049;0.078;0.02
31185;0.198;0.059;0.173;0.181;0.181;0.327;0.305;0.659;0.142;0.029;0.022;0.049;0.076;0.022
31186;0.198;0.059;0.205;0.181;0.181;0.327;0.308;0.659;0.134;0.024;0.02;0.049;0.083;0.024
31187;0.198;0.056;0.181;0.181;0.181;0.325;0.305;0.659;0.137;0.027;0.022;0.051;0.081;0.024
31188;0.198;0.056;0.159;0.181;0.181;0.325;0.308;0.659;0.134;0.024;0.024;0.049;0.081;0.024
31189;0.198;0.054;0.146;0.178;0.183;0.325;0.308;0.657;0.137;0.024;0.022;0.051;0.081;0.024
31190;0.195;0.056;0.146;0.178;0.183;0.322;0.308;0.659;0.132;0.024;0.02;0.049;0.081;0.024
31191;0.198;0.059;0.146;0.178;0.181;0.322;0.305;0.657;0.134;0.027;0.024;0.049;0.081;0.027
31192;0.198;0.056;0.149;0.181;0.181;0.322;0.308;0.659;0.132;0.024;0.022;0.049;0.078;0.022
31193;0.2;0.056;0.149;0.181;0.183;0.322;0.308;0.659;0.132;0.024;0.022;0.046;0.081;0.022
31194;0.198;0.056;0.144;0.178;0.183;0.322;0.308;0.659;0.132;0.027;0.02;0.049;0.081;0.024
31195;0.198;0.054;0.139;0.178;0.183;0.322;0.308;0.657;0.132;0.024;0.022;0.049;0.078;0.022
31196;0.195;0.054;0.134;0.178;0.181;0.32;0.308;0.657;0.132;0.024;0.024;0.049;0.081;0.024
31197;0.195;0.054;0.132;0.178;0.181;0.32;0.308;0.657;0.129;0.027;0.022;0.051;0.073;0.02
31198;0.198;0.054;0.132;0.181;0.181;0.322;0.308;0.659;0.129;0.022;0.02;0.049;0.081;0.027
31199;0.198;0.056;0.132;0.178;0.181;0.32;0.305;0.659;0.129;0.027;0.022;0.049;0.078;0.022
31200;0.198;0.054;0.134;0.178;0.181;0.32;0.308;0.657;0.129;0.024;0.02;0.051;0.081;0.022
31201;0.198;0.051;0.132;0.181;0.178;0.322;0.308;0.657;0.127;0.027;0.022;0.049;0.081;0.027
31202;0.198;0.056;0.132;0.181;0.178;0.32;0.305;0.659;0.127;0.027;0.022;0.051;0.081;0.022
31203;0.198;0.054;0.137;0.178;0.176;0.322;0.308;0.657;0.129;0.027;0.024;0.051;0.081;0.024
31204;0.198;0.051;0.134;0.178;0.178;0.32;0.303;0.659;0.129;0.027;0.024;0.049;0.078;0.022
31205;0.198;0.051;0.129;0.178;0.178;0.322;0.308;0.659;0.127;0.024;0.022;0.051;0.081;0.024
31206;0.195;0.051;0.129;0.181;0.176;0.322;0.308;0.662;0.125;0.024;0.022;0.051;0.081;0.027
31207;0.198;0.056;0.134;0.181;0.178;0.32;0.305;0.664;0.129;0.027;0.024;0.049;0.078;0.027
31208;0.198;0.056;0.132;0.181;0.176;0.322;0.305;0.662;0.125;0.027;0.022;0.051;0.083;0.027
31209;0.198;0.054;0.134;0.183;0.176;0.322;0.305;0.662;0.125;0.027;0.024;0.049;0.083;0.024
31210;0.2;0.056;0.129;0.181;0.173;0.322;0.305;0.659;0.125;0.027;0.024;0.049;0.078;0.024
31211;0.198;0.054;0.129;0.183;0.176;0.322;0.305;0.662;0.127;0.029;0.024;0.046;0.081;0.024
31212;0.198;0.056;0.132;0.183;0.173;0.325;0.308;0.662;0.125;0.024;0.024;0.051;0.081;0.022
31213;0.198;0.054;0.129;0.183;0.173;0.322;0.305;0.659;0.127;0.027;0.022;0.046;0.081;0.027
31214;0.198;0.059;0.129;0.181;0.173;0.327;0.305;0.662;0.127;0.024;0.024;0.051;0.081;0.027
31215;0.195;0.059;0.129;0.178;0.171;0.322;0.305;0.659;0.127;0.024;0.027;0.051;0.078;0.024
31216;0.198;0.059;0.129;0.178;0.171;0.322;0.305;0.659;0.127;0.029;0.027;0.051;0.083;0.032
31217;0.198;0.056;0.127;0.178;0.171;0.322;0.303;0.659;0.122;0.027;0.022;0.049;0.078;0.022
31218;0.195;0.056;0.129;0.178;0.171;0.325;0.305;0.659;0.122;0.027;0.024;0.049;0.076;0.024
31219;0.195;0.056;0.129;0.178;0.173;0.325;0.305;0.659;0.125;0.027;0.022;0.049;0.078;0.024
31220;0.198;0.059;0.129;0.181;0.173;0.325;0.303;0.657;0.122;0.024;0.022;0.049;0.081;0.024
31221;0.198;0.059;0.127;0.176;0.173;0.327;0.308;0.662;0.127;0.024;0.024;0.049;0.081;0.027
31222;0.195;0.056;0.125;0.178;0.171;0.322;0.303;0.659;0.122;0.027;0.024;0.049;0.076;0.022
31223;0.198;0.056;0.125;0.178;0.171;0.325;0.303;0.659;0.125;0.027;0.024;0.049;0.081;0.027
31224;0.198;0.059;0.125;0.181;0.171;0.327;0.3;0.659;0.122;0.024;0.024;0.051;0.076;0.024
31225;0.2;0.059;0.125;0.178;0.173;0.327;0.298;0.659;0.122;0.024;0.024;0.049;0.073;0.024
31226;0.2;0.059;0.129;0.178;0.171;0.33;0.3;0.659;0.125;0.024;0.024;0.049;0.076;0.022
31227;0.2;0.056;0.125;0.178;0.173;0.327;0.295;0.659;0.122;0.024;0.022;0.049;0.076;0.024
31228;0.195;0.056;0.127;0.178;0.173;0.325;0.3;0.662;0.122;0.027;0.024;0.049;0.076;0.024
31229;0.2;0.056;0.129;0.178;0.171;0.33;0.295;0.662;0.122;0.027;0.022;0.049;0.078;0.027
31230;0.198;0.056;0.127;0.178;0.173;0.325;0.295;0.662;0.122;0.027;0.024;0.049;0.076;0.024
31231;0.198;0.054;0.127;0.178;0.176;0.327;0.295;0.659;0.122;0.024;0.024;0.049;0.078;0.027
31232;0.195;0.056;0.129;0.178;0.176;0.327;0.295;0.659;0.122;0.024;0.022;0.049;0.073;0.022
31233;0.195;0.056;0.127;0.178;0.2;0.325;0.295;0.659;0.122;0.024;0.024;0.049;0.078;0.027
31234;0.198;0.056;0.129;0.178;0.229;0.327;0.293;0.659;0.122;0.027;0.027;0.051;0.076;0.029
31235;0.198;0.056;0.129;0.183;0.237;0.327;0.293;0.659;0.122;0.024;0.024;0.049;0.076;0.027
31236;0.198;0.059;0.129;0.183;0.254;0.327;0.295;0.657;0.12;0.024;0.027;0.051;0.076;0.024
31237;0.195;0.056;0.129;0.181;0.256;0.33;0.295;0.659;0.122;0.024;0.024;0.049;0.073;0.024
31238;0.198;0.056;0.129;0.183;0.264;0.332;0.293;0.659;0.122;0.024;0.022;0.049;0.073;0.024
31239;0.198;0.056;0.132;0.181;0.261;0.33;0.295;0.659;0.12;0.024;0.022;0.049;0.076;0.022
31240;0.193;0.054;0.132;0.183;0.259;0.33;0.293;0.659;0.122;0.024;0.02;0.049;0.073;0.024
31241;0.193;0.051;0.129;0.181;0.256;0.33;0.293;0.657;0.12;0.022;0.02;0.049;0.073;0.027
31242;0.193;0.054;0.129;0.183;0.261;0.332;0.291;0.659;0.12;0.024;0.02;0.046;0.076;0.024
31243;0.195;0.054;0.129;0.183;0.264;0.332;0.293;0.659;0.12;0.022;0.02;0.049;0.073;0.024
31244;0.193;0.054;0.132;0.183;0.259;0.33;0.288;0.662;0.12;0.024;0.02;0.049;0.073;0.024
31245;0.193;0.054;0.132;0.186;0.259;0.332;0.291;0.657;0.122;0.027;0.022;0.046;0.073;0.024
31246;0.195;0.056;0.129;0.186;0.266;0.332;0.291;0.659;0.12;0.022;0.02;0.049;0.078;0.029
31247;0.193;0.054;0.127;0.186;0.259;0.332;0.293;0.657;0.122;0.027;0.022;0.049;0.068;0.02
31248;0.195;0.056;0.129;0.183;0.254;0.332;0.293;0.657;0.12;0.024;0.017;0.049;0.073;0.027
31249;0.195;0.051;0.132;0.186;0.254;0.332;0.291;0.659;0.12;0.024;0.017;0.046;0.073;0.024
31250;0.195;0.054;0.134;0.186;0.249;0.332;0.295;0.659;0.122;0.024;0.02;0.049;0.073;0.029
31251;0.195;0.054;0.134;0.186;0.247;0.332;0.291;0.657;0.122;0.027;0.017;0.051;0.071;0.024
31252;0.195;0.054;0.134;0.183;0.247;0.332;0.293;0.662;0.12;0.024;0.02;0.049;0.076;0.024
31253;0.195;0.054;0.137;0.183;0.239;0.332;0.293;0.657;0.117;0.024;0.02;0.051;0.073;0.024
31254;0.193;0.054;0.134;0.186;0.239;0.332;0.293;0.662;0.12;0.027;0.02;0.049;0.071;0.022
31255;0.19;0.054;0.139;0.183;0.239;0.33;0.291;0.662;0.12;0.027;0.017;0.049;0.071;0.024
31256;0.193;0.051;0.142;0.186;0.237;0.332;0.291;0.659;0.12;0.024;0.017;0.049;0.076;0.027
31257;0.193;0.051;0.137;0.183;0.239;0.332;0.293;0.659;0.117;0.024;0.02;0.049;0.073;0.022
31258;0.193;0.054;0.142;0.183;0.232;0.33;0.293;0.657;0.117;0.027;0.02;0.049;0.073;0.022
31259;0.195;0.054;0.142;0.186;0.237;0.332;0.291;0.654;0.117;0.024;0.02;0.049;0.073;0.027
31260;0.195;0.051;0.139;0.183;0.232;0.332;0.291;0.659;0.115;0.024;0.017;0.049;0.076;0.027
31261;0.193;0.051;0.142;0.186;0.237;0.332;0.293;0.657;0.117;0.024;0.017;0.049;0.076;0.024
31262;0.193;0.054;0.142;0.183;0.234;0.332;0.295;0.657;0.117;0.024;0.02;0.049;0.076;0.027
31263;0.193;0.051;0.137;0.186;0.232;0.332;0.295;0.657;0.115;0.022;0.02;0.049;0.076;0.022
31264;0.195;0.051;0.142;0.183;0.237;0.332;0.293;0.659;0.115;0.022;0.02;0.051;0.076;0.024
31265;0.195;0.051;0.139;0.183;0.239;0.334;0.293;0.659;0.115;0.027;0.015;0.049;0.071;0.022
31266;0.193;0.051;0.137;0.186;0.234;0.332;0.295;0.659;0.117;0.027;0.02;0.049;0.076;0.02
31267;0.195;0.051;0.137;0.183;0.242;0.332;0.295;0.662;0.115;0.027;0.017;0.049;0.073;0.024
31268;0.195;0.051;0.139;0.181;0.244;0.33;0.295;0.659;0.115;0.027;0.02;0.046;0.076;0.024
31269;0.195;0.051;0.137;0.183;0.242;0.33;0.293;0.657;0.115;0.024;0.017;0.051;0.073;0.027
31270;0.193;0.054;0.134;0.183;0.239;0.33;0.293;0.659;0.112;0.024;0.017;0.049;0.076;0.024
31271;0.195;0.051;0.134;0.181;0.237;0.327;0.293;0.657;0.115;0.024;0.017;0.051;0.078;0.027
31272;0.195;0.051;0.134;0.181;0.239;0.33;0.293;0.657;0.11;0.022;0.015;0.049;0.078;0.024
31273;0.195;0.051;0.137;0.186;0.237;0.327;0.293;0.657;0.115;0.022;0.02;0.049;0.076;0.022
31274;0.193;0.051;0.132;0.183;0.242;0.327;0.293;0.657;0.112;0.027;0.017;0.049;0.081;0.024
31275;0.195;0.051;0.134;0.181;0.239;0.327;0.293;0.657;0.115;0.027;0.017;0.049;0.081;0.024
31276;0.195;0.054;0.132;0.183;0.242;0.325;0.293;0.657;0.112;0.024;0.02;0.049;0.083;0.027
31277;0.193;0.054;0.137;0.183;0.239;0.325;0.295;0.657;0.115;0.024;0.017;0.051;0.078;0.022
31278;0.193;0.051;0.137;0.183;0.237;0.327;0.295;0.657;0.112;0.024;0.017;0.049;0.081;0.024
31279;0.195;0.054;0.137;0.183;0.239;0.325;0.298;0.659;0.115;0.029;0.02;0.049;0.081;0.024
31280;0.193;0.054;0.134;0.186;0.242;0.33;0.3;0.657;0.112;0.024;0.017;0.051;0.081;0.024
31281;0.195;0.054;0.139;0.183;0.239;0.325;0.298;0.657;0.112;0.027;0.02;0.049;0.081;0.022
31282;0.193;0.054;0.134;0.186;0.237;0.325;0.3;0.657;0.112;0.024;0.017;0.046;0.085;0.024
31283;0.193;0.054;0.139;0.183;0.242;0.325;0.303;0.657;0.112;0.022;0.017;0.051;0.081;0.022
31284;0.193;0.054;0.137;0.186;0.237;0.325;0.298;0.657;0.11;0.024;0.017;0.051;0.083;0.027
31285;0.193;0.054;0.142;0.186;0.237;0.327;0.3;0.659;0.112;0.022;0.017;0.049;0.083;0.022
31286;0.193;0.054;0.137;0.186;0.239;0.322;0.3;0.659;0.112;0.024;0.02;0.051;0.085;0.024
31287;0.19;0.054;0.142;0.188;0.242;0.322;0.298;0.659;0.112;0.022;0.015;0.046;0.085;0.022
31288;0.19;0.054;0.137;0.186;0.239;0.322;0.3;0.659;0.115;0.027;0.017;0.051;0.085;0.022
31289;0.193;0.054;0.139;0.188;0.242;0.322;0.3;0.657;0.112;0.027;0.02;0.049;0.085;0.024
31290;0.193;0.054;0.142;0.188;0.239;0.32;0.3;0.657;0.115;0.024;0.017;0.049;0.088;0.022
31291;0.195;0.054;0.142;0.188;0.244;0.322;0.3;0.659;0.115;0.024;0.017;0.051;0.085;0.022
31292;0.193;0.054;0.144;0.188;0.237;0.322;0.3;0.659;0.112;0.024;0.015;0.049;0.081;0.02
31293;0.193;0.051;0.144;0.188;0.242;0.322;0.3;0.657;0.115;0.024;0.017;0.051;0.085;0.022
31294;0.193;0.051;0.139;0.186;0.244;0.325;0.3;0.659;0.115;0.024;0.017;0.051;0.09;0.024
31295;0.193;0.051;0.144;0.186;0.244;0.32;0.298;0.657;0.112;0.024;0.015;0.051;0.083;0.022
31296;0.193;0.051;0.144;0.186;0.242;0.325;0.3;0.654;0.115;0.024;0.017;0.049;0.085;0.022
31297;0.193;0.054;0.146;0.186;0.244;0.325;0.298;0.654;0.11;0.02;0.015;0.049;0.088;0.022
31298;0.193;0.049;0.146;0.186;0.247;0.325;0.3;0.657;0.115;0.024;0.022;0.051;0.085;0.024
31299;0.193;0.049;0.154;0.186;0.247;0.327;0.3;0.659;0.112;0.022;0.017;0.049;0.085;0.022
31300;0.19;0.049;0.146;0.183;0.244;0.327;0.298;0.654;0.112;0.024;0.017;0.049;0.088;0.024
31301;0.19;0.049;0.149;0.183;0.247;0.325;0.3;0.654;0.112;0.024;0.015;0.046;0.088;0.022
31302;0.193;0.049;0.149;0.183;0.247;0.325;0.298;0.654;0.115;0.024;0.015;0.049;0.085;0.02
31303;0.193;0.049;0.154;0.181;0.249;0.322;0.298;0.657;0.115;0.024;0.015;0.049;0.088;0.027
31304;0.193;0.049;0.151;0.181;0.244;0.325;0.298;0.654;0.115;0.024;0.015;0.049;0.085;0.02
31305;0.193;0.049;0.161;0.183;0.247;0.322;0.3;0.657;0.11;0.022;0.015;0.049;0.088;0.024
31306;0.193;0.049;0.156;0.183;0.247;0.322;0.3;0.654;0.115;0.024;0.015;0.049;0.085;0.022
31307;0.193;0.046;0.161;0.181;0.249;0.322;0.298;0.654;0.117;0.027;0.017;0.049;0.09;0.027
31308;0.195;0.046;0.164;0.181;0.247;0.32;0.298;0.654;0.117;0.027;0.017;0.051;0.09;0.024
31309;0.193;0.046;0.159;0.183;0.247;0.322;0.295;0.654;0.115;0.024;0.015;0.049;0.085;0.022
31310;0.193;0.046;0.164;0.181;0.247;0.32;0.295;0.654;0.115;0.027;0.017;0.049;0.085;0.024
31311;0.195;0.049;0.173;0.181;0.244;0.322;0.295;0.657;0.117;0.027;0.017;0.051;0.088;0.024
31312;0.193;0.046;0.173;0.181;0.244;0.32;0.295;0.657;0.115;0.027;0.017;0.049;0.083;0.02
31313;0.195;0.044;0.166;0.181;0.244;0.322;0.295;0.654;0.115;0.027;0.017;0.049;0.085;0.022
31314;0.195;0.046;0.168;0.181;0.242;0.322;0.293;0.654;0.117;0.024;0.017;0.049;0.085;0.024
31315;0.195;0.046;0.171;0.181;0.242;0.322;0.295;0.654;0.115;0.027;0.017;0.049;0.085;0.022
31316;0.195;0.046;0.171;0.178;0.242;0.325;0.295;0.652;0.115;0.024;0.015;0.049;0.09;0.024
31317;0.198;0.046;0.166;0.181;0.237;0.325;0.293;0.654;0.115;0.024;0.017;0.049;0.083;0.02
31318;0.195;0.046;0.164;0.181;0.242;0.325;0.295;0.654;0.115;0.022;0.017;0.051;0.085;0.02
31319;0.195;0.044;0.161;0.178;0.239;0.325;0.293;0.654;0.117;0.024;0.015;0.049;0.085;0.022
31320;0.195;0.046;0.166;0.181;0.239;0.325;0.293;0.654;0.117;0.024;0.017;0.051;0.085;0.024
31321;0.195;0.044;0.159;0.183;0.239;0.33;0.293;0.654;0.117;0.027;0.017;0.049;0.085;0.02
31322;0.198;0.046;0.168;0.183;0.239;0.33;0.291;0.654;0.117;0.024;0.017;0.049;0.088;0.027
31323;0.198;0.046;0.176;0.183;0.239;0.332;0.291;0.657;0.117;0.027;0.015;0.049;0.083;0.02
31324;0.195;0.044;0.171;0.181;0.234;0.33;0.291;0.657;0.115;0.02;0.015;0.049;0.085;0.024
31325;0.195;0.044;0.171;0.183;0.237;0.332;0.291;0.657;0.12;0.027;0.017;0.049;0.085;0.022
31326;0.198;0.044;0.161;0.181;0.239;0.334;0.288;0.657;0.12;0.024;0.015;0.049;0.085;0.024
31327;0.195;0.044;0.171;0.181;0.239;0.337;0.288;0.657;0.117;0.024;0.015;0.051;0.085;0.022
31328;0.198;0.042;0.171;0.181;0.237;0.337;0.291;0.657;0.12;0.027;0.017;0.051;0.081;0.02
31329;0.198;0.044;0.168;0.181;0.234;0.337;0.291;0.657;0.117;0.027;0.015;0.049;0.088;0.024
31330;0.198;0.039;0.186;0.178;0.237;0.337;0.293;0.657;0.12;0.024;0.017;0.051;0.085;0.027
31331;0.198;0.042;0.193;0.183;0.239;0.334;0.291;0.657;0.117;0.027;0.017;0.049;0.083;0.022
31332;0.198;0.042;0.203;0.183;0.237;0.337;0.291;0.659;0.12;0.024;0.015;0.051;0.083;0.022
31333;0.198;0.042;0.205;0.183;0.239;0.337;0.293;0.657;0.12;0.024;0.017;0.049;0.085;0.024
31334;0.198;0.039;0.215;0.183;0.237;0.337;0.293;0.657;0.117;0.024;0.017;0.049;0.083;0.024
31335;0.198;0.042;0.222;0.183;0.239;0.337;0.293;0.659;0.122;0.027;0.017;0.049;0.083;0.022
31336;0.2;0.039;0.283;0.181;0.237;0.334;0.293;0.657;0.12;0.024;0.015;0.051;0.085;0.024
31337;0.198;0.037;0.308;0.183;0.239;0.334;0.293;0.659;0.122;0.029;0.017;0.049;0.081;0.024
31338;0.195;0.039;0.327;0.183;0.237;0.334;0.293;0.659;0.12;0.027;0.017;0.046;0.081;0.022
31339;0.2;0.039;0.298;0.183;0.239;0.334;0.293;0.657;0.12;0.027;0.015;0.049;0.085;0.022
31340;0.198;0.039;0.334;0.183;0.237;0.332;0.288;0.657;0.12;0.027;0.015;0.046;0.078;0.02
31341;0.198;0.039;0.271;0.183;0.239;0.332;0.291;0.659;0.12;0.027;0.017;0.051;0.085;0.022
31342;0.198;0.039;0.288;0.183;0.237;0.332;0.291;0.659;0.122;0.024;0.017;0.051;0.081;0.02
31343;0.198;0.039;0.361;0.183;0.239;0.332;0.293;0.659;0.12;0.027;0.015;0.049;0.076;0.015
31344;0.198;0.042;0.4;0.183;0.239;0.332;0.293;0.659;0.122;0.027;0.017;0.049;0.078;0.022
31345;0.2;0.037;0.396;0.183;0.239;0.334;0.293;0.659;0.12;0.029;0.017;0.051;0.083;0.024
31346;0.2;0.039;0.359;0.183;0.234;0.332;0.293;0.659;0.12;0.027;0.017;0.049;0.081;0.024
31347;0.2;0.044;0.466;0.181;0.234;0.332;0.295;0.657;0.125;0.029;0.02;0.049;0.081;0.024
31348;0.198;0.039;0.417;0.183;0.237;0.334;0.295;0.657;0.12;0.029;0.02;0.051;0.081;0.022
31349;0.198;0.039;0.256;0.183;0.234;0.332;0.293;0.657;0.122;0.027;0.017;0.051;0.081;0.022
31350;0.2;0.042;0.271;0.183;0.234;0.332;0.293;0.657;0.122;0.029;0.02;0.049;0.081;0.022
31351;0.198;0.042;0.461;0.181;0.234;0.332;0.298;0.657;0.12;0.032;0.017;0.049;0.081;0.022
31352;0.2;0.042;0.698;0.183;0.234;0.332;0.295;0.657;0.122;0.027;0.017;0.049;0.081;0.024
31353;0.2;0.042;0.43;0.183;0.232;0.332;0.295;0.654;0.122;0.027;0.02;0.049;0.076;0.02
31354;0.198;0.044;0.564;0.183;0.232;0.334;0.295;0.654;0.117;0.029;0.015;0.051;0.081;0.02
31355;0.2;0.042;0.447;0.186;0.232;0.33;0.298;0.654;0.12;0.029;0.017;0.049;0.081;0.024
31356;0.2;0.042;0.496;0.186;0.229;0.33;0.293;0.654;0.12;0.027;0.017;0.049;0.083;0.024
31357;0.2;0.044;0.518;0.186;0.232;0.33;0.295;0.652;0.122;0.027;0.017;0.049;0.078;0.02
31358;0.2;0.044;0.916;0.186;0.234;0.332;0.291;0.654;0.12;0.029;0.015;0.049;0.078;0.022
31359;0.203;0.042;0.903;0.186;0.232;0.332;0.291;0.654;0.117;0.029;0.015;0.051;0.078;0.022
31360;0.2;0.042;1.113;0.186;0.234;0.332;0.291;0.652;0.12;0.029;0.015;0.049;0.078;0.022
31361;0.198;0.044;1.331;0.183;0.232;0.332;0.288;0.652;0.117;0.032;0.017;0.049;0.078;0.024
31362;0.2;0.042;0.696;0.183;0.234;0.334;0.288;0.654;0.12;0.032;0.02;0.051;0.076;0.02
31363;0.2;0.042;0.706;0.186;0.234;0.332;0.291;0.652;0.117;0.029;0.017;0.049;0.081;0.024
31364;0.198;0.042;0.759;0.183;0.237;0.332;0.288;0.649;0.12;0.029;0.017;0.046;0.081;0.022
31365;0.2;0.042;0.757;0.183;0.234;0.332;0.291;0.649;0.12;0.027;0.015;0.046;0.076;0.024
31366;0.198;0.042;0.664;0.186;0.237;0.332;0.291;0.652;0.117;0.029;0.017;0.049;0.081;0.022
31367;0.2;0.042;0.564;0.186;0.234;0.332;0.293;0.649;0.117;0.027;0.017;0.049;0.076;0.024
31368;0.2;0.042;0.491;0.186;0.234;0.33;0.291;0.652;0.12;0.029;0.015;0.051;0.076;0.024
31369;0.2;0.042;0.425;0.183;0.237;0.332;0.291;0.649;0.117;0.027;0.012;0.049;0.081;0.024
31370;0.2;0.042;0.364;0.183;0.237;0.33;0.291;0.652;0.117;0.029;0.017;0.049;0.076;0.027
31371;0.198;0.039;0.43;0.186;0.237;0.33;0.291;0.652;0.117;0.029;0.017;0.051;0.078;0.024
31372;0.2;0.042;0.457;0.186;0.239;0.33;0.293;0.652;0.115;0.027;0.017;0.049;0.078;0.024
31373;0.198;0.042;0.439;0.186;0.239;0.33;0.291;0.652;0.117;0.029;0.017;0.049;0.078;0.022
31374;0.195;0.039;0.332;0.186;0.237;0.327;0.295;0.649;0.112;0.029;0.015;0.046;0.078;0.022
31375;0.198;0.039;0.354;0.183;0.239;0.33;0.293;0.652;0.117;0.027;0.017;0.049;0.076;0.022
31376;0.198;0.039;0.31;0.186;0.239;0.33;0.293;0.649;0.117;0.029;0.017;0.051;0.078;0.024
31377;0.195;0.039;0.291;0.188;0.242;0.33;0.295;0.652;0.117;0.029;0.017;0.051;0.081;0.024
31378;0.198;0.039;0.286;0.186;0.242;0.327;0.293;0.649;0.117;0.029;0.02;0.049;0.071;0.02
31379;0.198;0.037;0.298;0.186;0.242;0.33;0.298;0.649;0.115;0.029;0.017;0.049;0.076;0.022
31380;0.198;0.039;0.308;0.188;0.244;0.33;0.295;0.652;0.115;0.029;0.017;0.049;0.078;0.022
31381;0.198;0.039;0.237;0.188;0.242;0.327;0.293;0.652;0.117;0.029;0.02;0.049;0.078;0.027
31382;0.195;0.037;0.298;0.188;0.244;0.33;0.295;0.652;0.117;0.029;0.02;0.049;0.076;0.024
31383;0.198;0.037;0.281;0.186;0.244;0.33;0.293;0.649;0.12;0.029;0.017;0.046;0.073;0.02
31384;0.198;0.039;0.293;0.186;0.244;0.33;0.295;0.652;0.117;0.027;0.017;0.049;0.076;0.027
31385;0.195;0.037;0.376;0.188;0.244;0.334;0.298;0.654;0.117;0.027;0.017;0.051;0.073;0.022
31386;0.198;0.037;0.476;0.183;0.244;0.33;0.298;0.654;0.117;0.029;0.017;0.049;0.076;0.027
31387;0.198;0.037;0.31;0.186;0.244;0.33;0.295;0.654;0.117;0.032;0.017;0.049;0.076;0.022
31388;0.198;0.037;0.427;0.183;0.242;0.327;0.295;0.652;0.12;0.029;0.022;0.051;0.076;0.024
31389;0.2;0.039;0.386;0.186;0.242;0.325;0.293;0.654;0.115;0.029;0.02;0.049;0.076;0.024
31390;0.198;0.037;0.342;0.186;0.244;0.33;0.293;0.652;0.117;0.029;0.02;0.051;0.068;0.02
31391;0.2;0.039;0.425;0.183;0.244;0.325;0.293;0.654;0.117;0.029;0.02;0.049;0.076;0.022
31392;0.198;0.037;0.417;0.183;0.244;0.325;0.293;0.654;0.115;0.032;0.022;0.049;0.078;0.027
31393;0.2;0.037;0.317;0.186;0.244;0.327;0.293;0.654;0.117;0.029;0.022;0.051;0.076;0.022
31394;0.2;0.039;0.31;0.183;0.247;0.325;0.293;0.652;0.117;0.029;0.022;0.051;0.076;0.027
31395;0.198;0.039;0.291;0.186;0.244;0.325;0.295;0.654;0.12;0.029;0.022;0.049;0.073;0.022
31396;0.198;0.039;0.344;0.183;0.244;0.327;0.293;0.657;0.115;0.029;0.022;0.051;0.076;0.027
31397;0.198;0.039;0.64;0.183;0.244;0.327;0.293;0.654;0.117;0.029;0.02;0.049;0.073;0.022
31398;0.2;0.039;0.73;0.183;0.247;0.325;0.298;0.654;0.117;0.032;0.02;0.046;0.076;0.024
31399;0.2;0.039;0.576;0.186;0.247;0.325;0.295;0.654;0.117;0.029;0.02;0.051;0.078;0.027
31400;0.198;0.039;0.557;0.181;0.244;0.322;0.295;0.657;0.117;0.032;0.022;0.049;0.073;0.024
31401;0.198;0.039;1.213;0.183;0.247;0.327;0.298;0.654;0.112;0.029;0.022;0.049;0.073;0.022
31402;0.198;0.039;0.74;0.183;0.247;0.322;0.298;0.654;0.112;0.032;0.022;0.049;0.073;0.024
31403;0.2;0.039;0.532;0.183;0.247;0.325;0.3;0.654;0.112;0.029;0.022;0.051;0.076;0.024
31404;0.2;0.039;0.908;0.186;0.247;0.322;0.3;0.654;0.117;0.027;0.02;0.049;0.073;0.022
31405;0.2;0.037;0.542;0.183;0.247;0.322;0.3;0.654;0.115;0.029;0.022;0.049;0.073;0.022
31406;0.2;0.037;0.5;0.183;0.244;0.325;0.298;0.654;0.115;0.029;0.022;0.049;0.073;0.022
31407;0.2;0.034;0.4;0.186;0.242;0.322;0.298;0.652;0.115;0.027;0.022;0.049;0.073;0.024
31408;0.2;0.037;0.61;0.186;0.244;0.322;0.298;0.654;0.112;0.027;0.017;0.049;0.071;0.024
31409;0.2;0.039;0.442;0.186;0.244;0.322;0.298;0.652;0.117;0.034;0.029;0.051;0.076;0.022
31410;0.198;0.039;0.535;0.186;0.247;0.325;0.298;0.654;0.115;0.029;0.022;0.049;0.076;0.022
31411;0.2;0.039;0.518;0.186;0.244;0.322;0.3;0.654;0.112;0.027;0.024;0.049;0.071;0.022
31412;0.2;0.037;0.432;0.186;0.242;0.322;0.298;0.654;0.115;0.027;0.022;0.051;0.076;0.022
31413;0.198;0.037;0.688;0.186;0.244;0.322;0.3;0.654;0.112;0.024;0.02;0.051;0.073;0.022
31414;0.2;0.034;0.491;0.186;0.239;0.322;0.303;0.657;0.115;0.029;0.024;0.051;0.076;0.022
31415;0.198;0.037;0.271;0.188;0.242;0.322;0.3;0.654;0.112;0.024;0.022;0.049;0.071;0.022
31416;0.198;0.037;0.354;0.188;0.239;0.322;0.3;0.657;0.112;0.027;0.024;0.051;0.073;0.022
31417;0.2;0.037;1.174;0.186;0.239;0.322;0.3;0.657;0.112;0.027;0.022;0.051;0.076;0.022
31418;0.2;0.034;1.143;0.186;0.239;0.325;0.303;0.654;0.11;0.029;0.022;0.051;0.073;0.02
31419;0.2;0.037;1.187;0.186;0.242;0.322;0.303;0.654;0.115;0.029;0.024;0.051;0.078;0.027
31420;0.203;0.039;1.616;0.188;0.239;0.325;0.3;0.654;0.112;0.027;0.024;0.049;0.076;0.024
31421;0.203;0.037;4.998;0.186;0.242;0.325;0.3;0.654;0.112;0.027;0.022;0.051;0.073;0.022
31422;0.2;0.039;2.405;0.186;0.244;0.325;0.3;0.654;0.107;0.027;0.02;0.049;0.076;0.022
31423;0.2;0.037;4.998;0.188;0.239;0.322;0.3;0.654;0.112;0.027;0.022;0.051;0.078;0.024
31424;0.2;0.037;1.545;0.188;0.244;0.327;0.303;0.657;0.11;0.024;0.022;0.049;0.071;0.02
31425;0.2;0.034;2.102;0.186;0.242;0.322;0.3;0.657;0.11;0.024;0.022;0.049;0.081;0.027
31426;0.203;0.037;4.998;0.188;0.244;0.325;0.303;0.657;0.11;0.027;0.022;0.049;0.071;0.022
31427;0.203;0.037;4.998;0.188;0.244;0.325;0.3;0.657;0.107;0.024;0.022;0.049;0.076;0.022
31428;0.2;0.037;4.998;0.188;0.242;0.325;0.3;0.654;0.105;0.027;0.02;0.049;0.073;0.022
31429;0.203;0.037;4.998;0.186;0.244;0.325;0.303;0.654;0.11;0.024;0.022;0.051;0.073;0.022
31430;0.2;0.034;4.998;0.186;0.244;0.325;0.303;0.654;0.11;0.024;0.022;0.049;0.078;0.024
31431;0.2;0.039;4.998;0.186;0.244;0.325;0.303;0.654;0.11;0.027;0.024;0.049;0.076;0.022
31432;0.2;0.037;4.998;0.186;0.247;0.325;0.303;0.654;0.107;0.027;0.022;0.049;0.076;0.022
31433;0.203;0.034;4.998;0.186;0.247;0.327;0.303;0.652;0.105;0.027;0.024;0.051;0.078;0.024
31434;0.203;0.037;4.998;0.186;0.249;0.327;0.303;0.654;0.107;0.027;0.022;0.049;0.078;0.027
31435;0.2;0.034;4.998;0.186;0.249;0.325;0.303;0.657;0.107;0.027;0.022;0.049;0.073;0.02
31436;0.203;0.034;4.998;0.186;0.247;0.327;0.303;0.657;0.107;0.027;0.022;0.049;0.073;0.022
31437;0.2;0.034;4.998;0.188;0.247;0.33;0.303;0.657;0.107;0.029;0.024;0.049;0.071;0.022
31438;0.203;0.032;4.998;0.186;0.247;0.33;0.3;0.654;0.105;0.027;0.024;0.049;0.076;0.022
31439;0.2;0.037;4.998;0.186;0.247;0.33;0.305;0.652;0.107;0.027;0.024;0.049;0.073;0.02
31440;0.2;0.034;4.998;0.188;0.247;0.33;0.303;0.652;0.105;0.024;0.024;0.049;0.071;0.017
31441;0.2;0.032;4.998;0.188;0.247;0.33;0.303;0.652;0.105;0.024;0.022;0.051;0.076;0.022
31442;0.203;0.034;4.998;0.188;0.247;0.33;0.308;0.654;0.107;0.027;0.024;0.046;0.076;0.022
31443;0.203;0.034;4.998;0.188;0.247;0.332;0.308;0.652;0.103;0.027;0.022;0.049;0.076;0.024
31444;0.2;0.034;4.998;0.188;0.247;0.332;0.308;0.654;0.105;0.024;0.024;0.049;0.076;0.024
31445;0.203;0.032;4.998;0.188;0.247;0.334;0.308;0.654;0.105;0.027;0.024;0.051;0.073;0.022
31446;0.2;0.034;4.998;0.188;0.247;0.334;0.308;0.654;0.11;0.032;0.024;0.049;0.071;0.022
31447;0.2;0.032;4.998;0.19;0.249;0.334;0.305;0.652;0.105;0.029;0.027;0.051;0.071;0.024
31448;0.203;0.034;4.998;0.188;0.247;0.334;0.305;0.652;0.103;0.029;0.024;0.049;0.073;0.024
31449;0.2;0.034;4.998;0.186;0.244;0.332;0.308;0.649;0.105;0.027;0.024;0.049;0.071;0.024
31450;0.2;0.034;4.998;0.186;0.247;0.332;0.303;0.649;0.105;0.032;0.024;0.049;0.073;0.024
31451;0.203;0.034;4.998;0.186;0.244;0.332;0.3;0.649;0.105;0.029;0.024;0.049;0.071;0.022
31452;0.203;0.037;4.998;0.186;0.247;0.332;0.303;0.649;0.103;0.024;0.022;0.049;0.073;0.024
31453;0.203;0.034;4.998;0.186;0.247;0.33;0.3;0.652;0.105;0.024;0.022;0.049;0.071;0.022
31454;0.203;0.034;4.998;0.183;0.244;0.33;0.3;0.652;0.105;0.027;0.027;0.049;0.071;0.022
31455;0.203;0.037;4.998;0.183;0.247;0.33;0.298;0.649;0.105;0.029;0.024;0.051;0.071;0.022
31456;0.205;0.037;4.998;0.188;0.244;0.327;0.3;0.649;0.103;0.027;0.024;0.051;0.071;0.022
31457;0.205;0.037;4.998;0.186;0.244;0.327;0.303;0.649;0.105;0.022;0.022;0.049;0.073;0.027
31458;0.205;0.037;4.998;0.183;0.244;0.325;0.3;0.649;0.107;0.027;0.024;0.049;0.071;0.024
31459;0.205;0.034;4.998;0.183;0.244;0.327;0.303;0.649;0.103;0.024;0.024;0.049;0.073;0.027
31460;0.205;0.037;4.998;0.186;0.244;0.325;0.3;0.649;0.103;0.024;0.024;0.054;0.071;0.027
31461;0.205;0.037;4.998;0.183;0.244;0.327;0.303;0.649;0.1;0.024;0.024;0.049;0.071;0.024
31462;0.205;0.037;4.998;0.183;0.242;0.325;0.303;0.647;0.103;0.024;0.022;0.049;0.071;0.024
31463;0.203;0.037;4.998;0.183;0.242;0.327;0.303;0.649;0.103;0.029;0.024;0.049;0.071;0.024
31464;0.205;0.034;4.998;0.186;0.242;0.327;0.303;0.649;0.103;0.024;0.024;0.049;0.068;0.022
31465;0.205;0.037;4.998;0.188;0.242;0.325;0.3;0.649;0.098;0.022;0.02;0.049;0.071;0.022
31466;0.203;0.037;4.998;0.186;0.242;0.327;0.303;0.645;0.103;0.027;0.024;0.051;0.068;0.027
31467;0.203;0.037;4.998;0.186;0.242;0.322;0.3;0.647;0.1;0.024;0.024;0.049;0.068;0.024
31468;0.203;0.034;4.998;0.188;0.239;0.322;0.3;0.645;0.103;0.024;0.027;0.051;0.063;0.02
31469;0.203;0.037;4.998;0.188;0.244;0.33;0.303;0.649;0.1;0.022;0.022;0.051;0.068;0.024
31470;0.203;0.039;4.998;0.188;0.242;0.327;0.303;0.649;0.1;0.027;0.022;0.051;0.066;0.022
31471;0.205;0.037;4.998;0.188;0.244;0.325;0.303;0.647;0.103;0.024;0.024;0.051;0.066;0.027
31472;0.203;0.034;4.998;0.188;0.242;0.325;0.3;0.647;0.1;0.024;0.024;0.049;0.066;0.022
31473;0.2;0.037;4.998;0.188;0.242;0.325;0.303;0.647;0.103;0.027;0.024;0.051;0.071;0.027
31474;0.203;0.037;4.998;0.188;0.244;0.325;0.3;0.647;0.1;0.027;0.024;0.049;0.066;0.022
31475;0.203;0.037;4.998;0.19;0.244;0.325;0.298;0.645;0.1;0.027;0.022;0.049;0.063;0.024
31476;0.203;0.034;4.998;0.186;0.247;0.327;0.3;0.649;0.1;0.024;0.024;0.051;0.066;0.027
31477;0.205;0.037;4.998;0.188;0.244;0.327;0.3;0.647;0.1;0.024;0.024;0.049;0.066;0.024
31478;0.203;0.034;4.998;0.19;0.247;0.327;0.298;0.647;0.1;0.024;0.024;0.049;0.066;0.024
31479;0.203;0.037;4.998;0.188;0.247;0.327;0.3;0.649;0.103;0.027;0.024;0.049;0.066;0.022
31480;0.203;0.037;4.998;0.188;0.247;0.327;0.3;0.649;0.1;0.024;0.022;0.049;0.066;0.024
31481;0.205;0.037;4.998;0.188;0.247;0.33;0.298;0.647;0.1;0.027;0.024;0.049;0.063;0.022
31482;0.203;0.034;4.998;0.188;0.247;0.327;0.3;0.649;0.103;0.024;0.022;0.049;0.063;0.022
31483;0.205;0.032;4.998;0.186;0.251;0.327;0.3;0.649;0.1;0.024;0.024;0.051;0.063;0.024
31484;0.205;0.037;4.998;0.188;0.249;0.327;0.303;0.649;0.103;0.022;0.022;0.051;0.066;0.024
31485;0.203;0.034;4.998;0.186;0.249;0.325;0.305;0.649;0.1;0.022;0.024;0.051;0.063;0.024
31486;0.205;0.034;4.998;0.186;0.251;0.327;0.303;0.647;0.1;0.027;0.024;0.049;0.066;0.024
31487;0.203;0.037;4.998;0.186;0.249;0.327;0.303;0.649;0.1;0.024;0.024;0.049;0.061;0.024
31488;0.203;0.034;4.998;0.186;0.251;0.327;0.3;0.649;0.1;0.024;0.027;0.049;0.063;0.022
31489;0.2;0.037;4.998;0.183;0.251;0.322;0.303;0.647;0.1;0.024;0.024;0.051;0.063;0.024
31490;0.2;0.034;4.998;0.186;0.251;0.327;0.3;0.649;0.095;0.022;0.024;0.049;0.066;0.024
31491;0.203;0.034;4.998;0.186;0.254;0.325;0.3;0.649;0.098;0.022;0.024;0.051;0.066;0.024
31492;0.203;0.037;4.998;0.188;0.254;0.325;0.298;0.652;0.1;0.024;0.024;0.051;0.063;0.027
31493;0.203;0.034;4.998;0.186;0.254;0.325;0.298;0.649;0.098;0.024;0.027;0.049;0.063;0.024
31494;0.198;0.034;4.998;0.186;0.254;0.325;0.3;0.652;0.1;0.024;0.024;0.051;0.061;0.022
31495;0.2;0.034;4.998;0.188;0.254;0.325;0.298;0.649;0.095;0.022;0.024;0.049;0.061;0.027
31496;0.203;0.037;4.998;0.188;0.256;0.325;0.298;0.649;0.098;0.024;0.024;0.051;0.063;0.024
31497;0.2;0.037;4.998;0.19;0.254;0.327;0.298;0.652;0.098;0.024;0.024;0.051;0.061;0.022
31498;0.198;0.034;4.998;0.188;0.254;0.325;0.298;0.652;0.1;0.024;0.024;0.049;0.063;0.022
31499;0.2;0.034;4.998;0.188;0.254;0.325;0.3;0.649;0.098;0.024;0.027;0.051;0.061;0.022
31500;0.203;0.037;4.998;0.188;0.251;0.325;0.3;0.652;0.1;0.027;0.024;0.049;0.061;0.022
31501;0.2;0.037;4.998;0.19;0.254;0.325;0.303;0.652;0.098;0.027;0.024;0.049;0.061;0.022
31502;0.2;0.034;4.998;0.19;0.256;0.327;0.303;0.654;0.098;0.027;0.024;0.051;0.061;0.027
31503;0.2;0.034;4.998;0.188;0.251;0.325;0.303;0.652;0.095;0.027;0.024;0.051;0.061;0.02
31504;0.2;0.037;4.998;0.188;0.254;0.322;0.303;0.652;0.098;0.027;0.027;0.049;0.061;0.024
31505;0.203;0.037;4.998;0.188;0.251;0.325;0.305;0.654;0.095;0.027;0.024;0.049;0.063;0.024
31506;0.2;0.034;4.998;0.19;0.249;0.325;0.303;0.654;0.098;0.027;0.024;0.051;0.063;0.022
31507;0.2;0.037;4.998;0.188;0.254;0.325;0.303;0.654;0.095;0.024;0.024;0.049;0.059;0.024
31508;0.2;0.037;4.998;0.193;0.251;0.322;0.305;0.652;0.098;0.024;0.024;0.049;0.059;0.017
31509;0.198;0.034;4.998;0.19;0.251;0.325;0.305;0.654;0.098;0.024;0.024;0.049;0.063;0.024
31510;0.2;0.034;4.998;0.188;0.251;0.322;0.303;0.652;0.095;0.024;0.024;0.049;0.059;0.024
31511;0.2;0.037;4.998;0.19;0.249;0.322;0.303;0.654;0.098;0.027;0.027;0.049;0.063;0.02
31512;0.2;0.034;4.998;0.19;0.249;0.322;0.303;0.654;0.095;0.024;0.024;0.049;0.063;0.027
31513;0.2;0.039;4.998;0.193;0.251;0.32;0.303;0.652;0.093;0.024;0.024;0.049;0.061;0.024
31514;0.2;0.037;4.998;0.19;0.251;0.317;0.3;0.654;0.098;0.024;0.027;0.049;0.061;0.024
31515;0.198;0.039;4.998;0.193;0.249;0.32;0.303;0.657;0.093;0.027;0.024;0.054;0.063;0.027
31516;0.2;0.034;4.998;0.19;0.251;0.317;0.303;0.652;0.095;0.027;0.027;0.049;0.061;0.022
31517;0.2;0.037;4.998;0.19;0.249;0.317;0.305;0.654;0.093;0.029;0.027;0.051;0.061;0.027
31518;0.198;0.037;4.998;0.193;0.249;0.32;0.305;0.654;0.095;0.024;0.027;0.046;0.063;0.024
31519;0.2;0.037;4.998;0.19;0.251;0.317;0.303;0.652;0.093;0.024;0.024;0.051;0.063;0.022
31520;0.2;0.037;4.998;0.19;0.251;0.317;0.303;0.654;0.093;0.024;0.024;0.049;0.059;0.024
31521;0.2;0.037;4.998;0.19;0.247;0.315;0.303;0.654;0.095;0.027;0.029;0.046;0.061;0.024
31522;0.203;0.037;4.998;0.19;0.247;0.315;0.303;0.654;0.093;0.027;0.027;0.049;0.059;0.022
31523;0.2;0.037;4.998;0.19;0.249;0.317;0.303;0.654;0.095;0.024;0.027;0.049;0.061;0.024
31524;0.203;0.037;4.998;0.19;0.249;0.315;0.303;0.654;0.09;0.027;0.027;0.049;0.061;0.027
31525;0.203;0.034;4.998;0.19;0.247;0.317;0.305;0.652;0.095;0.024;0.027;0.051;0.061;0.027
31526;0.2;0.037;4.998;0.19;0.249;0.317;0.305;0.654;0.093;0.029;0.027;0.049;0.061;0.024
31527;0.203;0.034;4.998;0.19;0.247;0.317;0.3;0.654;0.095;0.029;0.029;0.049;0.068;0.034
31528;0.2;0.034;4.998;0.188;0.249;0.315;0.303;0.654;0.095;0.024;0.027;0.049;0.061;0.024
31529;0.2;0.037;4.998;0.188;0.247;0.317;0.3;0.652;0.095;0.027;0.024;0.051;0.061;0.024
31530;0.203;0.034;4.998;0.188;0.249;0.32;0.3;0.652;0.093;0.027;0.024;0.049;0.061;0.022
31531;0.2;0.039;4.998;0.188;0.249;0.317;0.305;0.652;0.093;0.024;0.029;0.051;0.061;0.027
31532;0.2;0.039;4.998;0.19;0.247;0.322;0.303;0.657;0.095;0.027;0.029;0.049;0.061;0.022
31533;0.198;0.034;4.998;0.188;0.247;0.32;0.303;0.654;0.093;0.027;0.027;0.049;0.063;0.024
31534;0.198;0.037;4.998;0.186;0.247;0.32;0.305;0.657;0.09;0.029;0.029;0.049;0.061;0.022
31535;0.2;0.037;4.998;0.188;0.249;0.32;0.305;0.654;0.093;0.027;0.027;0.051;0.061;0.024
31536;0.203;0.039;2.622;0.188;0.247;0.32;0.305;0.654;0.093;0.029;0.029;0.049;0.059;0.024
31537;0.198;0.039;1.34;0.19;0.247;0.32;0.303;0.652;0.093;0.032;0.029;0.049;0.059;0.022
31538;0.198;0.037;0.713;0.188;0.249;0.32;0.308;0.654;0.095;0.032;0.027;0.046;0.059;0.024
31539;0.2;0.039;0.415;0.188;0.247;0.317;0.308;0.654;0.09;0.029;0.024;0.049;0.066;0.027
31540;0.2;0.037;0.295;0.19;0.249;0.32;0.308;0.652;0.09;0.029;0.029;0.049;0.063;0.024
31541;0.198;0.039;0.266;0.19;0.251;0.317;0.308;0.652;0.09;0.032;0.027;0.051;0.061;0.024
31542;0.203;0.039;0.264;0.193;0.249;0.317;0.305;0.652;0.09;0.032;0.029;0.049;0.061;0.024
31543;0.2;0.037;0.264;0.188;0.251;0.32;0.308;0.654;0.09;0.032;0.029;0.049;0.061;0.022
31544;0.2;0.039;0.374;0.193;0.251;0.317;0.308;0.654;0.09;0.032;0.027;0.049;0.063;0.022
31545;0.2;0.037;0.359;0.19;0.251;0.315;0.308;0.652;0.09;0.034;0.027;0.051;0.061;0.024
31546;0.2;0.039;0.547;0.19;0.254;0.317;0.308;0.654;0.09;0.032;0.024;0.049;0.063;0.027
31547;0.2;0.037;0.608;0.193;0.254;0.317;0.308;0.652;0.093;0.034;0.027;0.051;0.063;0.027
31548;0.2;0.037;0.703;0.19;0.254;0.317;0.308;0.652;0.09;0.032;0.027;0.049;0.061;0.022
31549;0.2;0.039;4.998;0.193;0.251;0.317;0.305;0.652;0.093;0.034;0.027;0.049;0.061;0.027
31550;0.2;0.039;4.998;0.193;0.254;0.32;0.308;0.652;0.09;0.032;0.024;0.049;0.059;0.022
31551;0.2;0.037;4.998;0.193;0.254;0.32;0.31;0.652;0.093;0.034;0.029;0.049;0.063;0.024
31552;0.2;0.039;4.998;0.193;0.249;0.32;0.308;0.652;0.093;0.034;0.029;0.051;0.061;0.022
31553;0.198;0.039;4.998;0.193;0.249;0.32;0.308;0.649;0.093;0.034;0.027;0.049;0.059;0.022
31554;0.198;0.039;4.998;0.193;0.249;0.32;0.308;0.649;0.09;0.034;0.024;0.049;0.061;0.024
31555;0.198;0.039;4.998;0.193;0.249;0.317;0.305;0.649;0.088;0.032;0.027;0.049;0.063;0.029
31556;0.198;0.037;4.998;0.19;0.249;0.317;0.308;0.649;0.093;0.034;0.027;0.049;0.061;0.022
31557;0.2;0.039;4.998;0.193;0.247;0.317;0.303;0.649;0.093;0.037;0.032;0.049;0.061;0.024
31558;0.198;0.037;4.998;0.193;0.247;0.317;0.303;0.647;0.09;0.032;0.029;0.049;0.059;0.024
31559;0.198;0.037;2.898;0.19;0.247;0.317;0.303;0.649;0.093;0.032;0.027;0.049;0.061;0.024
31560;0.198;0.039;1.421;0.193;0.249;0.315;0.308;0.652;0.095;0.034;0.027;0.046;0.061;0.027
31561;0.198;0.037;0.723;0.19;0.247;0.315;0.305;0.647;0.093;0.032;0.032;0.051;0.059;0.024
31562;0.198;0.037;0.398;0.193;0.251;0.317;0.308;0.649;0.09;0.034;0.029;0.051;0.063;0.024
31563;0.2;0.037;0.249;0.19;0.251;0.315;0.308;0.649;0.09;0.032;0.027;0.049;0.061;0.024
31564;0.2;0.037;0.186;0.193;0.249;0.315;0.308;0.649;0.093;0.039;0.029;0.051;0.059;0.024
31565;0.198;0.037;0.154;0.19;0.249;0.317;0.308;0.649;0.093;0.037;0.029;0.049;0.059;0.024
31566;0.2;0.039;0.142;0.19;0.251;0.317;0.31;0.649;0.09;0.032;0.027;0.049;0.061;0.022
31567;0.2;0.039;0.129;0.188;0.251;0.315;0.31;0.649;0.093;0.034;0.027;0.049;0.061;0.027
31568;0.2;0.039;0.127;0.186;0.249;0.317;0.305;0.649;0.095;0.032;0.029;0.051;0.059;0.022
31569;0.2;0.042;0.125;0.19;0.249;0.317;0.308;0.647;0.093;0.032;0.029;0.049;0.063;0.024
31570;0.2;0.039;0.125;0.188;0.251;0.317;0.308;0.647;0.09;0.032;0.027;0.049;0.061;0.022
31571;0.198;0.042;0.125;0.186;0.249;0.32;0.308;0.649;0.09;0.032;0.024;0.051;0.059;0.022
31572;0.198;0.039;0.125;0.188;0.249;0.317;0.305;0.647;0.09;0.034;0.027;0.049;0.059;0.024
31573;0.198;0.042;0.127;0.186;0.249;0.32;0.308;0.647;0.093;0.032;0.027;0.049;0.061;0.022
31574;0.2;0.042;0.129;0.188;0.251;0.32;0.31;0.647;0.095;0.032;0.027;0.049;0.059;0.022
31575;0.2;0.042;0.154;0.188;0.249;0.32;0.31;0.647;0.093;0.032;0.027;0.049;0.059;0.024
31576;0.198;0.042;0.181;0.186;0.249;0.32;0.31;0.649;0.093;0.032;0.027;0.049;0.059;0.024
31577;0.198;0.042;0.2;0.186;0.251;0.32;0.31;0.649;0.093;0.032;0.027;0.049;0.059;0.022
31578;0.195;0.042;0.547;0.186;0.249;0.32;0.308;0.647;0.093;0.032;0.024;0.051;0.059;0.024
31579;0.198;0.042;1.702;0.183;0.251;0.32;0.308;0.649;0.093;0.032;0.027;0.051;0.061;0.024
31580;0.198;0.042;4.998;0.188;0.251;0.322;0.308;0.649;0.093;0.032;0.027;0.049;0.061;0.024
31581;0.2;0.042;4.998;0.188;0.251;0.32;0.308;0.649;0.093;0.029;0.024;0.049;0.061;0.024
31582;0.198;0.039;4.998;0.188;0.251;0.32;0.308;0.649;0.093;0.029;0.027;0.051;0.056;0.022
31583;0.198;0.039;4.998;0.188;0.251;0.322;0.305;0.652;0.095;0.032;0.027;0.051;0.054;0.02
31584;0.195;0.039;4.998;0.188;0.249;0.325;0.308;0.652;0.093;0.029;0.024;0.049;0.059;0.02
31585;0.2;0.039;4.998;0.186;0.254;0.322;0.308;0.649;0.093;0.032;0.027;0.049;0.059;0.022
31586;0.198;0.042;4.998;0.19;0.249;0.325;0.303;0.652;0.095;0.032;0.027;0.049;0.061;0.022
31587;0.195;0.039;4.998;0.19;0.249;0.322;0.305;0.649;0.095;0.032;0.024;0.051;0.061;0.027
31588;0.198;0.042;4.998;0.188;0.249;0.32;0.305;0.649;0.095;0.034;0.027;0.051;0.059;0.022
31589;0.195;0.039;4.998;0.19;0.249;0.325;0.303;0.652;0.093;0.029;0.027;0.049;0.059;0.02
31590;0.198;0.039;4.998;0.19;0.247;0.322;0.303;0.649;0.093;0.032;0.024;0.049;0.056;0.022
31591;0.198;0.039;4.998;0.188;0.247;0.322;0.305;0.649;0.093;0.029;0.027;0.049;0.061;0.024
31592;0.198;0.039;4.998;0.188;0.247;0.322;0.3;0.649;0.093;0.029;0.024;0.049;0.061;0.024
31593;0.198;0.039;4.998;0.193;0.244;0.32;0.305;0.652;0.093;0.032;0.024;0.051;0.061;0.024
31594;0.198;0.042;4.998;0.193;0.244;0.322;0.303;0.649;0.093;0.032;0.027;0.051;0.063;0.022
31595;0.198;0.039;4.998;0.19;0.244;0.322;0.303;0.647;0.093;0.032;0.022;0.049;0.061;0.024
31596;0.198;0.037;4.998;0.193;0.249;0.322;0.305;0.649;0.093;0.029;0.027;0.049;0.061;0.022
31597;0.195;0.039;4.998;0.193;0.247;0.322;0.3;0.647;0.093;0.032;0.024;0.049;0.061;0.022
31598;0.195;0.039;4.998;0.19;0.247;0.317;0.3;0.647;0.093;0.029;0.027;0.051;0.061;0.024
31599;0.195;0.037;4.998;0.19;0.247;0.32;0.3;0.649;0.093;0.029;0.022;0.051;0.061;0.022
31600;0.198;0.042;4.998;0.19;0.249;0.32;0.3;0.647;0.093;0.032;0.024;0.049;0.063;0.022
31601;0.195;0.037;4.998;0.188;0.247;0.317;0.303;0.647;0.093;0.032;0.022;0.049;0.063;0.022
31602;0.195;0.039;4.998;0.188;0.244;0.317;0.303;0.647;0.095;0.037;0.027;0.049;0.061;0.022
31603;0.198;0.042;4.998;0.188;0.247;0.315;0.3;0.647;0.098;0.037;0.024;0.051;0.063;0.022
31604;0.198;0.039;4.998;0.19;0.247;0.315;0.3;0.647;0.093;0.032;0.024;0.049;0.061;0.022
31605;0.195;0.037;4.998;0.186;0.247;0.315;0.3;0.647;0.093;0.032;0.022;0.049;0.063;0.024
31606;0.195;0.039;2.913;0.186;0.247;0.312;0.3;0.647;0.095;0.032;0.022;0.049;0.063;0.02
31607;0.198;0.037;1.504;0.188;0.247;0.31;0.298;0.647;0.093;0.032;0.022;0.051;0.063;0.024
31608;0.195;0.039;0.842;0.188;0.244;0.312;0.303;0.649;0.093;0.032;0.024;0.049;0.061;0.022
31609;0.195;0.037;0.403;0.186;0.244;0.312;0.3;0.649;0.093;0.032;0.024;0.049;0.061;0.02
31610;0.193;0.037;0.251;0.186;0.247;0.312;0.3;0.652;0.095;0.029;0.022;0.051;0.063;0.024
31611;0.198;0.039;0.19;0.183;0.244;0.31;0.3;0.647;0.095;0.029;0.022;0.051;0.066;0.024
31612;0.193;0.039;0.161;0.183;0.247;0.312;0.303;0.649;0.093;0.029;0.022;0.049;0.063;0.022
31613;0.193;0.039;0.156;0.186;0.244;0.312;0.3;0.647;0.095;0.032;0.022;0.049;0.061;0.022
31614;0.193;0.039;0.176;0.183;0.244;0.312;0.303;0.647;0.095;0.032;0.022;0.049;0.066;0.024
31615;0.193;0.039;0.183;0.183;0.244;0.315;0.303;0.652;0.095;0.029;0.024;0.049;0.063;0.024
31616;0.193;0.037;0.176;0.181;0.247;0.315;0.3;0.652;0.093;0.029;0.02;0.049;0.068;0.024
31617;0.193;0.039;0.132;0.183;0.244;0.315;0.3;0.649;0.093;0.029;0.022;0.051;0.066;0.024
31618;0.19;0.037;0.127;0.183;0.244;0.315;0.3;0.649;0.095;0.029;0.022;0.051;0.066;0.024
31619;0.193;0.037;0.127;0.183;0.244;0.312;0.3;0.649;0.098;0.029;0.022;0.049;0.066;0.022
31620;0.19;0.039;0.132;0.183;0.244;0.312;0.3;0.649;0.093;0.029;0.022;0.046;0.063;0.024
31621;0.19;0.039;0.142;0.186;0.244;0.315;0.298;0.647;0.095;0.029;0.02;0.049;0.066;0.022
31622;0.19;0.039;0.173;0.183;0.244;0.312;0.298;0.652;0.093;0.027;0.02;0.049;0.068;0.022
31623;0.19;0.037;0.19;0.183;0.247;0.315;0.3;0.652;0.098;0.032;0.022;0.049;0.068;0.024
31624;0.19;0.039;0.154;0.183;0.244;0.312;0.298;0.649;0.095;0.032;0.022;0.051;0.068;0.024
31625;0.19;0.042;0.183;0.186;0.249;0.31;0.298;0.652;0.095;0.027;0.022;0.051;0.068;0.022
31626;0.19;0.039;0.156;0.183;0.247;0.312;0.298;0.649;0.098;0.029;0.02;0.051;0.068;0.024
31627;0.193;0.042;0.146;0.183;0.247;0.312;0.298;0.649;0.095;0.032;0.024;0.049;0.066;0.024
31628;0.188;0.039;0.137;0.186;0.247;0.312;0.298;0.652;0.093;0.029;0.022;0.049;0.066;0.017
31629;0.188;0.037;0.139;0.183;0.247;0.31;0.295;0.652;0.093;0.029;0.022;0.049;0.068;0.027
31630;0.19;0.039;0.146;0.186;0.249;0.312;0.298;0.652;0.095;0.029;0.022;0.051;0.066;0.017
31631;0.188;0.042;0.151;0.186;0.247;0.312;0.295;0.652;0.098;0.034;0.024;0.049;0.068;0.022
31632;0.19;0.042;0.149;0.186;0.247;0.312;0.295;0.652;0.095;0.029;0.022;0.049;0.066;0.02
31633;0.188;0.042;0.134;0.183;0.247;0.312;0.298;0.652;0.093;0.032;0.024;0.051;0.066;0.022
31634;0.188;0.042;0.132;0.183;0.242;0.312;0.293;0.652;0.095;0.029;0.022;0.051;0.066;0.02
31635;0.188;0.042;0.137;0.188;0.244;0.312;0.295;0.654;0.093;0.029;0.02;0.049;0.068;0.02
31636;0.188;0.042;0.132;0.186;0.244;0.312;0.295;0.654;0.095;0.032;0.022;0.051;0.068;0.02
31637;0.188;0.042;0.129;0.186;0.242;0.312;0.293;0.654;0.095;0.029;0.024;0.049;0.068;0.022
31638;0.188;0.044;0.137;0.183;0.239;0.312;0.295;0.654;0.095;0.029;0.022;0.049;0.068;0.024
31639;0.186;0.042;0.134;0.183;0.242;0.31;0.295;0.654;0.093;0.029;0.022;0.049;0.066;0.02
31640;0.186;0.042;0.129;0.181;0.234;0.31;0.293;0.654;0.093;0.029;0.024;0.049;0.068;0.022
31641;0.186;0.044;0.127;0.183;0.237;0.308;0.295;0.654;0.09;0.027;0.02;0.051;0.071;0.024
31642;0.188;0.042;0.125;0.181;0.237;0.308;0.295;0.652;0.095;0.029;0.024;0.051;0.071;0.02
31643;0.188;0.042;0.12;0.181;0.234;0.31;0.295;0.654;0.095;0.032;0.024;0.049;0.068;0.024
31644;0.188;0.044;0.117;0.183;0.237;0.308;0.293;0.654;0.093;0.032;0.024;0.054;0.073;0.024
31645;0.188;0.042;0.12;0.183;0.237;0.31;0.298;0.654;0.095;0.034;0.027;0.049;0.068;0.02
31646;0.188;0.042;0.117;0.181;0.234;0.305;0.298;0.652;0.093;0.029;0.024;0.051;0.073;0.022
31647;0.188;0.044;0.117;0.183;0.234;0.308;0.298;0.652;0.093;0.037;0.027;0.049;0.073;0.027
31648;0.188;0.042;0.112;0.178;0.234;0.308;0.3;0.654;0.095;0.034;0.024;0.049;0.071;0.024
31649;0.186;0.042;0.112;0.183;0.237;0.308;0.3;0.654;0.095;0.034;0.029;0.049;0.071;0.022
31650;0.188;0.044;0.112;0.183;0.237;0.305;0.3;0.652;0.093;0.037;0.027;0.049;0.071;0.022
31651;0.188;0.042;0.11;0.183;0.237;0.308;0.3;0.654;0.09;0.034;0.024;0.051;0.068;0.022
31652;0.186;0.042;0.117;0.183;0.234;0.308;0.303;0.654;0.09;0.034;0.024;0.049;0.068;0.022
31653;0.188;0.042;0.112;0.181;0.234;0.31;0.3;0.654;0.09;0.037;0.024;0.049;0.071;0.022
31654;0.186;0.042;0.112;0.181;0.234;0.308;0.3;0.652;0.09;0.034;0.024;0.049;0.071;0.02
31655;0.186;0.044;0.117;0.178;0.237;0.31;0.3;0.652;0.088;0.037;0.024;0.049;0.073;0.022
31656;0.186;0.042;0.115;0.178;0.237;0.308;0.3;0.652;0.09;0.037;0.024;0.049;0.071;0.02
31657;0.186;0.042;0.117;0.181;0.234;0.308;0.3;0.652;0.09;0.039;0.027;0.049;0.076;0.024
31658;0.186;0.039;0.117;0.181;0.234;0.31;0.298;0.649;0.088;0.039;0.027;0.049;0.076;0.024
31659;0.186;0.044;0.117;0.178;0.234;0.31;0.298;0.654;0.093;0.039;0.027;0.049;0.066;0.02
31660;0.186;0.042;0.117;0.181;0.234;0.312;0.3;0.652;0.085;0.034;0.022;0.051;0.071;0.024
31661;0.186;0.044;0.117;0.178;0.234;0.308;0.298;0.652;0.09;0.039;0.027;0.049;0.073;0.024
31662;0.188;0.042;0.12;0.181;0.234;0.31;0.298;0.652;0.088;0.042;0.027;0.046;0.071;0.02
31663;0.186;0.042;0.117;0.178;0.237;0.308;0.3;0.652;0.09;0.042;0.024;0.049;0.071;0.022
31664;0.186;0.042;0.117;0.178;0.232;0.31;0.298;0.654;0.088;0.044;0.029;0.051;0.071;0.02
31665;0.188;0.039;0.117;0.178;0.237;0.31;0.298;0.652;0.09;0.039;0.027;0.049;0.071;0.022
31666;0.186;0.039;0.12;0.181;0.234;0.31;0.3;0.654;0.09;0.044;0.027;0.049;0.076;0.027
31667;0.188;0.042;0.117;0.178;0.237;0.31;0.3;0.654;0.09;0.044;0.029;0.049;0.073;0.022
31668;0.186;0.044;0.12;0.178;0.237;0.31;0.3;0.654;0.09;0.042;0.024;0.049;0.071;0.022
31669;0.186;0.042;0.117;0.178;0.234;0.312;0.3;0.654;0.09;0.046;0.027;0.049;0.071;0.024
31670;0.188;0.042;0.115;0.181;0.234;0.31;0.3;0.654;0.088;0.044;0.027;0.049;0.071;0.022
31671;0.186;0.039;0.117;0.178;0.237;0.312;0.298;0.652;0.088;0.044;0.027;0.049;0.071;0.024
31672;0.186;0.042;0.115;0.181;0.234;0.31;0.298;0.652;0.088;0.044;0.027;0.051;0.076;0.027
31673;0.186;0.042;0.112;0.181;0.232;0.312;0.295;0.649;0.088;0.046;0.027;0.046;0.073;0.022
31674;0.186;0.039;0.117;0.181;0.234;0.312;0.295;0.652;0.088;0.049;0.029;0.051;0.073;0.027
31675;0.183;0.042;0.115;0.181;0.232;0.315;0.298;0.652;0.088;0.046;0.027;0.049;0.071;0.022
31676;0.181;0.039;0.117;0.181;0.234;0.315;0.298;0.652;0.088;0.049;0.027;0.051;0.071;0.024
31677;0.181;0.042;0.115;0.181;0.234;0.315;0.298;0.654;0.088;0.046;0.027;0.049;0.068;0.02
31678;0.183;0.037;0.115;0.181;0.234;0.315;0.298;0.652;0.088;0.046;0.027;0.049;0.071;0.022
31679;0.183;0.039;0.112;0.181;0.237;0.315;0.3;0.652;0.09;0.049;0.029;0.049;0.073;0.027
31680;0.183;0.039;0.112;0.181;0.234;0.315;0.298;0.654;0.088;0.046;0.027;0.049;0.068;0.022
31681;0.181;0.039;0.115;0.181;0.237;0.317;0.298;0.652;0.088;0.046;0.029;0.051;0.071;0.022
31682;0.183;0.042;0.112;0.178;0.234;0.315;0.295;0.652;0.085;0.049;0.027;0.049;0.071;0.022
31683;0.181;0.039;0.115;0.178;0.234;0.312;0.298;0.652;0.085;0.046;0.029;0.049;0.071;0.027
31684;0.183;0.039;0.117;0.178;0.234;0.315;0.298;0.649;0.09;0.046;0.029;0.051;0.073;0.022
31685;0.181;0.042;0.115;0.178;0.234;0.312;0.298;0.652;0.088;0.046;0.029;0.049;0.071;0.024
31686;0.178;0.039;0.115;0.178;0.234;0.315;0.298;0.654;0.085;0.049;0.027;0.049;0.071;0.024
31687;0.178;0.039;0.115;0.181;0.234;0.312;0.295;0.654;0.085;0.046;0.027;0.049;0.071;0.022
31688;0.181;0.039;0.117;0.178;0.234;0.312;0.295;0.654;0.085;0.046;0.029;0.049;0.068;0.024
31689;0.181;0.039;0.117;0.178;0.234;0.315;0.295;0.652;0.088;0.046;0.029;0.049;0.066;0.02
31690;0.183;0.039;0.117;0.173;0.234;0.312;0.298;0.652;0.085;0.044;0.032;0.049;0.071;0.022
31691;0.183;0.042;0.12;0.178;0.232;0.312;0.295;0.652;0.085;0.046;0.032;0.051;0.071;0.027
31692;0.183;0.042;0.115;0.176;0.234;0.315;0.3;0.652;0.088;0.046;0.029;0.046;0.071;0.022
31693;0.181;0.042;0.12;0.178;0.237;0.312;0.298;0.652;0.088;0.044;0.029;0.049;0.068;0.022
31694;0.186;0.042;0.12;0.178;0.232;0.312;0.298;0.649;0.088;0.044;0.029;0.049;0.071;0.02
31695;0.186;0.039;0.117;0.176;0.232;0.315;0.298;0.649;0.088;0.042;0.029;0.049;0.071;0.022
31696;0.183;0.039;0.117;0.173;0.232;0.315;0.298;0.649;0.085;0.042;0.029;0.049;0.068;0.024
31697;0.186;0.039;0.125;0.176;0.232;0.315;0.295;0.649;0.085;0.042;0.032;0.049;0.071;0.022
31698;0.186;0.042;0.122;0.173;0.229;0.315;0.298;0.652;0.09;0.042;0.032;0.049;0.068;0.022
31699;0.183;0.039;0.125;0.173;0.229;0.315;0.298;0.649;0.085;0.042;0.027;0.049;0.066;0.022
31700;0.186;0.042;0.125;0.173;0.229;0.317;0.3;0.652;0.085;0.042;0.032;0.049;0.068;0.022
31701;0.186;0.042;0.122;0.173;0.229;0.315;0.3;0.649;0.088;0.039;0.029;0.049;0.068;0.022
31702;0.183;0.042;0.125;0.171;0.229;0.317;0.303;0.649;0.085;0.039;0.029;0.049;0.066;0.024
31703;0.183;0.042;0.122;0.171;0.234;0.317;0.298;0.649;0.085;0.037;0.029;0.049;0.068;0.022
31704;0.186;0.042;0.12;0.168;0.229;0.317;0.295;0.649;0.088;0.039;0.029;0.046;0.068;0.022
31705;0.186;0.044;0.127;0.171;0.229;0.317;0.295;0.647;0.088;0.037;0.029;0.054;0.066;0.024
31706;0.183;0.039;0.122;0.171;0.232;0.317;0.295;0.649;0.09;0.037;0.029;0.049;0.068;0.027
31707;0.183;0.039;0.122;0.168;0.229;0.32;0.295;0.649;0.09;0.039;0.032;0.051;0.066;0.022
31708;0.186;0.039;0.12;0.173;0.232;0.317;0.295;0.649;0.088;0.037;0.029;0.049;0.066;0.024
31709;0.183;0.039;0.122;0.168;0.229;0.317;0.293;0.649;0.09;0.037;0.027;0.049;0.068;0.024
31710;0.186;0.039;0.125;0.173;0.229;0.315;0.293;0.649;0.093;0.037;0.029;0.049;0.066;0.024
31711;0.181;0.039;0.12;0.171;0.229;0.317;0.291;0.649;0.09;0.034;0.029;0.049;0.068;0.022
31712;0.183;0.039;0.122;0.171;0.229;0.317;0.291;0.652;0.09;0.034;0.029;0.049;0.068;0.024
31713;0.183;0.039;0.12;0.171;0.227;0.315;0.291;0.652;0.093;0.034;0.029;0.049;0.066;0.024
31714;0.181;0.037;0.117;0.173;0.229;0.315;0.291;0.652;0.09;0.032;0.024;0.049;0.066;0.024
31715;0.183;0.039;0.12;0.173;0.227;0.315;0.291;0.649;0.095;0.032;0.029;0.049;0.066;0.022
31716;0.181;0.039;0.12;0.173;0.227;0.312;0.291;0.652;0.093;0.037;0.027;0.049;0.066;0.024
31717;0.178;0.037;0.122;0.171;0.227;0.312;0.291;0.649;0.098;0.037;0.032;0.049;0.066;0.024
31718;0.181;0.037;0.122;0.171;0.229;0.315;0.291;0.652;0.093;0.032;0.027;0.051;0.066;0.024
31719;0.181;0.039;0.117;0.173;0.227;0.315;0.288;0.652;0.098;0.032;0.027;0.046;0.066;0.024
31720;0.183;0.039;0.12;0.171;0.227;0.315;0.286;0.652;0.098;0.034;0.027;0.049;0.071;0.032
31721;0.183;0.039;0.122;0.171;0.229;0.315;0.286;0.652;0.098;0.032;0.027;0.049;0.066;0.024
31722;0.183;0.037;0.12;0.171;0.227;0.317;0.286;0.652;0.103;0.032;0.027;0.049;0.063;0.024
31723;0.183;0.037;0.122;0.171;0.227;0.315;0.286;0.649;0.1;0.034;0.029;0.051;0.066;0.024
31724;0.181;0.034;0.122;0.171;0.227;0.315;0.283;0.652;0.103;0.034;0.027;0.049;0.066;0.024
31725;0.183;0.037;0.12;0.171;0.227;0.317;0.286;0.649;0.103;0.034;0.029;0.049;0.063;0.024
31726;0.183;0.039;0.12;0.173;0.225;0.315;0.283;0.652;0.103;0.032;0.024;0.049;0.066;0.024
31727;0.183;0.039;0.122;0.173;0.225;0.315;0.286;0.652;0.103;0.032;0.027;0.049;0.068;0.027
31728;0.181;0.039;0.122;0.173;0.227;0.315;0.283;0.652;0.107;0.032;0.029;0.049;0.061;0.022
31729;0.181;0.037;0.125;0.171;0.225;0.315;0.286;0.649;0.107;0.032;0.027;0.051;0.061;0.022
31730;0.181;0.039;0.122;0.171;0.225;0.315;0.286;0.652;0.107;0.029;0.027;0.051;0.063;0.024
31731;0.181;0.037;0.122;0.171;0.222;0.312;0.286;0.652;0.11;0.032;0.024;0.051;0.066;0.027
31732;0.181;0.037;0.125;0.171;0.225;0.312;0.286;0.649;0.112;0.032;0.029;0.051;0.061;0.024
31733;0.183;0.037;0.125;0.173;0.222;0.315;0.288;0.649;0.112;0.032;0.029;0.051;0.066;0.024
31734;0.181;0.037;0.122;0.176;0.222;0.315;0.288;0.649;0.115;0.032;0.027;0.049;0.063;0.022
31735;0.181;0.039;0.125;0.171;0.22;0.312;0.286;0.649;0.112;0.029;0.024;0.051;0.066;0.024
31736;0.178;0.034;0.122;0.171;0.222;0.315;0.291;0.652;0.115;0.032;0.027;0.049;0.063;0.027
31737;0.181;0.037;0.125;0.171;0.222;0.315;0.286;0.652;0.115;0.032;0.027;0.049;0.066;0.024
31738;0.178;0.039;0.125;0.168;0.22;0.315;0.286;0.649;0.117;0.029;0.027;0.049;0.063;0.027
31739;0.181;0.037;0.12;0.173;0.222;0.315;0.288;0.649;0.117;0.032;0.027;0.051;0.063;0.022
31740;0.181;0.034;0.125;0.173;0.225;0.315;0.286;0.652;0.12;0.034;0.029;0.049;0.061;0.022
31741;0.181;0.034;0.122;0.173;0.225;0.312;0.283;0.649;0.125;0.034;0.029;0.051;0.068;0.027
31742;0.178;0.034;0.125;0.168;0.225;0.31;0.288;0.652;0.122;0.034;0.027;0.049;0.063;0.022
31743;0.181;0.034;0.122;0.173;0.222;0.312;0.286;0.652;0.125;0.034;0.027;0.049;0.063;0.022
31744;0.178;0.034;0.125;0.173;0.222;0.312;0.286;0.649;0.125;0.034;0.027;0.049;0.066;0.024
31745;0.181;0.034;0.125;0.173;0.222;0.312;0.283;0.652;0.127;0.032;0.027;0.051;0.068;0.022
31746;0.181;0.034;0.125;0.168;0.225;0.315;0.283;0.652;0.125;0.034;0.024;0.051;0.063;0.024
31747;0.181;0.034;0.125;0.168;0.225;0.312;0.288;0.649;0.129;0.034;0.027;0.051;0.063;0.022
31748;0.181;0.037;0.122;0.168;0.225;0.315;0.286;0.649;0.132;0.037;0.032;0.049;0.066;0.024
31749;0.181;0.034;0.127;0.168;0.222;0.315;0.283;0.652;0.129;0.032;0.027;0.051;0.061;0.02
31750;0.183;0.034;0.125;0.168;0.225;0.317;0.286;0.649;0.132;0.032;0.027;0.049;0.066;0.024
31751;0.181;0.034;0.125;0.166;0.225;0.315;0.286;0.652;0.132;0.032;0.027;0.049;0.063;0.02
31752;0.181;0.037;0.125;0.168;0.225;0.312;0.283;0.649;0.129;0.034;0.029;0.051;0.066;0.022
31753;0.181;0.034;0.125;0.168;0.225;0.315;0.286;0.652;0.132;0.034;0.029;0.051;0.063;0.022
31754;0.183;0.037;0.125;0.171;0.225;0.312;0.283;0.649;0.129;0.037;0.027;0.049;0.066;0.024
31755;0.183;0.037;0.122;0.168;0.225;0.312;0.283;0.649;0.134;0.034;0.027;0.049;0.066;0.024
31756;0.181;0.037;0.125;0.173;0.222;0.312;0.283;0.652;0.132;0.037;0.029;0.051;0.063;0.022
31757;0.178;0.034;0.122;0.171;0.225;0.312;0.286;0.652;0.132;0.034;0.027;0.049;0.059;0.022
31758;0.181;0.034;0.125;0.168;0.225;0.312;0.283;0.649;0.132;0.034;0.027;0.051;0.061;0.022
31759;0.181;0.034;0.122;0.173;0.222;0.312;0.286;0.652;0.134;0.039;0.027;0.049;0.063;0.022
31760;0.181;0.034;0.122;0.171;0.222;0.315;0.283;0.647;0.134;0.037;0.027;0.049;0.068;0.027
31761;0.178;0.037;0.125;0.171;0.222;0.312;0.286;0.652;0.132;0.034;0.027;0.049;0.063;0.027
31762;0.181;0.039;0.125;0.173;0.22;0.312;0.288;0.649;0.132;0.034;0.029;0.049;0.063;0.02
31763;0.178;0.037;0.122;0.171;0.222;0.315;0.291;0.647;0.132;0.037;0.027;0.051;0.063;0.022
31764;0.181;0.037;0.125;0.173;0.222;0.312;0.288;0.647;0.132;0.032;0.024;0.049;0.063;0.02
31765;0.183;0.034;0.122;0.171;0.222;0.312;0.291;0.652;0.132;0.037;0.029;0.049;0.063;0.024
31766;0.181;0.039;0.125;0.173;0.225;0.312;0.291;0.647;0.129;0.034;0.029;0.049;0.063;0.022
31767;0.181;0.039;0.122;0.171;0.22;0.312;0.288;0.647;0.132;0.037;0.027;0.051;0.068;0.027
31768;0.181;0.037;0.122;0.176;0.225;0.312;0.288;0.647;0.129;0.039;0.027;0.049;0.063;0.022
31769;0.181;0.037;0.122;0.173;0.22;0.312;0.288;0.647;0.129;0.037;0.027;0.051;0.063;0.024
31770;0.181;0.037;0.122;0.176;0.222;0.312;0.288;0.647;0.129;0.034;0.027;0.051;0.066;0.027
31771;0.181;0.037;0.122;0.176;0.225;0.312;0.286;0.645;0.127;0.039;0.029;0.049;0.061;0.024
31772;0.181;0.034;0.127;0.173;0.227;0.31;0.288;0.647;0.127;0.034;0.027;0.049;0.061;0.022
31773;0.181;0.037;0.125;0.176;0.225;0.315;0.288;0.647;0.127;0.039;0.029;0.049;0.066;0.024
31774;0.183;0.034;0.125;0.173;0.225;0.312;0.283;0.647;0.125;0.037;0.029;0.049;0.066;0.024
31775;0.181;0.034;0.125;0.176;0.229;0.317;0.291;0.645;0.122;0.034;0.027;0.049;0.066;0.022
31776;0.183;0.037;0.127;0.173;0.229;0.317;0.288;0.647;0.125;0.037;0.027;0.049;0.063;0.022
31777;0.186;0.034;0.127;0.176;0.229;0.317;0.288;0.647;0.125;0.037;0.029;0.049;0.061;0.027
31778;0.183;0.034;0.127;0.176;0.234;0.32;0.291;0.649;0.125;0.039;0.027;0.049;0.061;0.022
31779;0.183;0.034;0.129;0.176;0.229;0.315;0.291;0.647;0.12;0.037;0.027;0.049;0.061;0.027
31780;0.183;0.034;0.129;0.176;0.232;0.317;0.288;0.647;0.122;0.039;0.029;0.049;0.066;0.024
31781;0.183;0.034;0.137;0.176;0.232;0.317;0.288;0.647;0.117;0.034;0.029;0.049;0.061;0.022
31782;0.183;0.034;0.134;0.176;0.234;0.317;0.286;0.649;0.117;0.037;0.027;0.049;0.061;0.024
31783;0.178;0.032;0.134;0.173;0.232;0.317;0.286;0.647;0.117;0.039;0.029;0.049;0.061;0.022
31784;0.178;0.034;0.132;0.173;0.232;0.317;0.288;0.649;0.117;0.037;0.027;0.046;0.063;0.024
31785;0.181;0.032;0.137;0.171;0.232;0.32;0.288;0.649;0.115;0.037;0.027;0.049;0.063;0.024
31786;0.178;0.032;0.137;0.168;0.227;0.32;0.286;0.649;0.117;0.037;0.027;0.049;0.063;0.024
31787;0.178;0.032;0.132;0.168;0.232;0.322;0.288;0.649;0.115;0.037;0.027;0.046;0.063;0.027
31788;0.178;0.032;0.132;0.168;0.232;0.32;0.288;0.649;0.115;0.039;0.029;0.049;0.063;0.022
31789;0.178;0.032;0.134;0.171;0.229;0.32;0.286;0.649;0.112;0.037;0.027;0.049;0.061;0.024
31790;0.178;0.032;0.132;0.168;0.232;0.322;0.288;0.649;0.112;0.037;0.027;0.049;0.063;0.022
31791;0.181;0.032;0.132;0.168;0.229;0.322;0.286;0.649;0.112;0.037;0.027;0.049;0.063;0.024
31792;0.181;0.032;0.132;0.171;0.232;0.32;0.288;0.649;0.11;0.037;0.029;0.049;0.061;0.024
31793;0.181;0.032;0.134;0.171;0.229;0.322;0.288;0.647;0.11;0.037;0.029;0.049;0.061;0.024
31794;0.178;0.034;0.129;0.168;0.229;0.32;0.291;0.649;0.107;0.034;0.027;0.049;0.061;0.024
31795;0.178;0.032;0.132;0.171;0.227;0.32;0.288;0.649;0.11;0.039;0.029;0.049;0.063;0.024
31796;0.178;0.032;0.132;0.173;0.229;0.322;0.288;0.647;0.107;0.034;0.029;0.049;0.061;0.022
31797;0.178;0.032;0.129;0.171;0.227;0.32;0.288;0.652;0.107;0.037;0.027;0.049;0.063;0.024
31798;0.178;0.032;0.137;0.171;0.229;0.317;0.291;0.649;0.107;0.037;0.029;0.049;0.063;0.024
31799;0.178;0.032;0.132;0.168;0.229;0.315;0.291;0.652;0.105;0.039;0.029;0.049;0.061;0.027
31800;0.178;0.032;0.139;0.171;0.227;0.32;0.291;0.649;0.105;0.034;0.027;0.049;0.059;0.024
31801;0.178;0.032;0.142;0.168;0.227;0.315;0.291;0.647;0.105;0.034;0.027;0.049;0.059;0.02
31802;0.181;0.032;0.144;0.171;0.229;0.317;0.291;0.645;0.105;0.034;0.027;0.049;0.063;0.02
31803;0.181;0.029;0.149;0.171;0.229;0.317;0.293;0.647;0.105;0.037;0.027;0.049;0.063;0.024
31804;0.181;0.029;0.144;0.168;0.229;0.317;0.291;0.647;0.103;0.034;0.029;0.049;0.061;0.022
31805;0.181;0.034;0.139;0.168;0.229;0.32;0.293;0.647;0.105;0.034;0.027;0.046;0.061;0.024
31806;0.181;0.029;0.144;0.166;0.232;0.317;0.291;0.649;0.1;0.032;0.027;0.051;0.061;0.024
31807;0.178;0.029;0.144;0.168;0.229;0.317;0.288;0.647;0.103;0.034;0.027;0.049;0.059;0.024
31808;0.178;0.029;0.142;0.168;0.232;0.32;0.291;0.647;0.103;0.034;0.029;0.051;0.061;0.024
31809;0.178;0.029;0.139;0.166;0.232;0.32;0.291;0.649;0.1;0.032;0.029;0.049;0.061;0.022
31810;0.178;0.029;0.144;0.168;0.229;0.315;0.288;0.645;0.1;0.034;0.027;0.051;0.061;0.024
31811;0.181;0.027;0.142;0.171;0.232;0.32;0.291;0.647;0.1;0.034;0.029;0.049;0.061;0.022
31812;0.181;0.027;0.142;0.168;0.229;0.32;0.288;0.647;0.098;0.034;0.027;0.049;0.061;0.024
31813;0.181;0.029;0.144;0.168;0.229;0.322;0.288;0.647;0.098;0.032;0.027;0.049;0.061;0.024
31814;0.181;0.027;0.142;0.168;0.229;0.32;0.288;0.645;0.1;0.034;0.024;0.049;0.061;0.022
31815;0.181;0.029;0.142;0.166;0.234;0.317;0.291;0.645;0.1;0.032;0.032;0.049;0.059;0.024
31816;0.181;0.027;0.137;0.168;0.232;0.32;0.288;0.647;0.098;0.034;0.027;0.049;0.059;0.022
31817;0.178;0.027;0.144;0.166;0.234;0.32;0.288;0.647;0.098;0.032;0.027;0.049;0.059;0.022
31818;0.183;0.027;0.154;0.168;0.234;0.317;0.288;0.647;0.095;0.032;0.027;0.049;0.059;0.027
31819;0.181;0.027;0.159;0.171;0.237;0.32;0.288;0.642;0.095;0.034;0.027;0.049;0.061;0.024
31820;0.183;0.029;0.146;0.171;0.237;0.32;0.291;0.645;0.095;0.032;0.027;0.051;0.059;0.024
31821;0.181;0.024;0.142;0.171;0.237;0.32;0.291;0.645;0.09;0.032;0.024;0.049;0.056;0.024
31822;0.183;0.027;0.156;0.171;0.234;0.32;0.291;0.647;0.093;0.032;0.029;0.049;0.068;0.029
31823;0.181;0.027;0.159;0.173;0.237;0.32;0.288;0.645;0.095;0.032;0.027;0.051;0.059;0.022
31824;0.183;0.027;0.161;0.173;0.234;0.32;0.291;0.647;0.093;0.032;0.027;0.051;0.061;0.022
31825;0.183;0.024;0.168;0.176;0.237;0.32;0.291;0.647;0.093;0.032;0.027;0.046;0.059;0.022
31826;0.183;0.024;0.193;0.171;0.237;0.317;0.291;0.647;0.09;0.032;0.029;0.051;0.054;0.022
31827;0.181;0.027;0.203;0.173;0.234;0.315;0.293;0.647;0.09;0.032;0.029;0.051;0.059;0.022
31828;0.183;0.027;0.237;0.173;0.237;0.32;0.291;0.649;0.088;0.032;0.029;0.049;0.061;0.024
31829;0.186;0.027;0.356;0.173;0.232;0.32;0.291;0.647;0.09;0.034;0.029;0.051;0.056;0.022
31830;0.186;0.027;0.449;0.178;0.232;0.32;0.291;0.647;0.088;0.032;0.029;0.046;0.061;0.029
31831;0.183;0.027;0.493;0.176;0.232;0.32;0.291;0.649;0.088;0.032;0.029;0.049;0.059;0.02
31832;0.186;0.024;0.53;0.176;0.237;0.32;0.293;0.647;0.088;0.029;0.027;0.049;0.059;0.022
31833;0.183;0.024;0.593;0.176;0.237;0.317;0.291;0.647;0.088;0.032;0.029;0.049;0.059;0.024
31834;0.183;0.022;0.623;0.176;0.234;0.325;0.291;0.647;0.088;0.029;0.027;0.051;0.061;0.024
31835;0.183;0.027;1.409;0.176;0.237;0.317;0.291;0.649;0.085;0.032;0.027;0.049;0.059;0.027
31836;0.183;0.022;1.201;0.193;0.237;0.317;0.291;0.647;0.083;0.032;0.029;0.049;0.059;0.022
31837;0.183;0.024;1.174;0.237;0.239;0.322;0.291;0.652;0.085;0.029;0.029;0.049;0.056;0.024
31838;0.183;0.024;1.008;0.259;0.237;0.32;0.288;0.649;0.083;0.032;0.029;0.049;0.061;0.024
31839;0.183;0.024;2.942;0.276;0.237;0.317;0.286;0.649;0.085;0.029;0.029;0.049;0.056;0.02
31840;0.181;0.024;4.998;0.286;0.242;0.317;0.288;0.652;0.083;0.027;0.029;0.049;0.056;0.024
31841;0.183;0.022;4.998;0.278;0.242;0.317;0.286;0.647;0.083;0.029;0.029;0.049;0.059;0.024
31842;0.181;0.024;4.998;0.276;0.242;0.317;0.286;0.652;0.083;0.029;0.029;0.049;0.059;0.024
31843;0.183;0.027;4.998;0.264;0.239;0.315;0.286;0.649;0.083;0.029;0.029;0.049;0.054;0.022
31844;0.181;0.024;4.998;0.254;0.239;0.317;0.286;0.649;0.083;0.032;0.032;0.049;0.054;0.02
31845;0.181;0.022;4.998;0.254;0.242;0.312;0.286;0.649;0.081;0.027;0.032;0.049;0.059;0.022
31846;0.181;0.022;4.998;0.242;0.239;0.315;0.286;0.649;0.083;0.027;0.029;0.049;0.059;0.024
31847;0.183;0.022;4.998;0.254;0.242;0.317;0.286;0.652;0.081;0.024;0.032;0.049;0.059;0.024
31848;0.181;0.024;4.998;0.247;0.239;0.317;0.288;0.649;0.081;0.024;0.032;0.049;0.056;0.022
31849;0.181;0.022;4.998;0.254;0.239;0.315;0.288;0.649;0.081;0.024;0.029;0.049;0.056;0.022
31850;0.183;0.02;4.998;0.242;0.242;0.312;0.288;0.649;0.083;0.024;0.029;0.049;0.059;0.024
31851;0.183;0.02;4.998;0.249;0.239;0.315;0.286;0.649;0.076;0.022;0.027;0.049;0.061;0.024
31852;0.181;0.022;4.998;0.242;0.239;0.317;0.288;0.652;0.078;0.024;0.029;0.049;0.059;0.024
31853;0.181;0.02;4.998;0.232;0.242;0.312;0.288;0.652;0.078;0.024;0.029;0.051;0.056;0.02
31854;0.181;0.022;4.998;0.232;0.242;0.317;0.291;0.652;0.078;0.027;0.032;0.049;0.059;0.022
31855;0.183;0.02;4.998;0.225;0.239;0.317;0.288;0.652;0.076;0.024;0.029;0.046;0.056;0.022
31856;0.181;0.022;4.998;0.217;0.242;0.315;0.286;0.652;0.076;0.027;0.032;0.051;0.059;0.024
31857;0.183;0.02;4.998;0.229;0.242;0.315;0.288;0.654;0.078;0.032;0.032;0.049;0.059;0.024
31858;0.181;0.022;4.998;0.22;0.242;0.315;0.288;0.652;0.078;0.029;0.032;0.051;0.056;0.024
31859;0.181;0.02;4.998;0.225;0.242;0.315;0.288;0.652;0.076;0.029;0.029;0.049;0.056;0.024
31860;0.183;0.02;4.998;0.225;0.242;0.315;0.288;0.652;0.076;0.029;0.029;0.049;0.056;0.022
31861;0.181;0.017;4.998;0.225;0.244;0.315;0.286;0.652;0.076;0.027;0.027;0.051;0.059;0.022
31862;0.181;0.017;4.998;0.222;0.244;0.315;0.283;0.652;0.076;0.029;0.029;0.051;0.056;0.024
31863;0.183;0.017;4.998;0.229;0.244;0.317;0.286;0.649;0.073;0.027;0.027;0.049;0.056;0.027
31864;0.183;0.017;4.998;0.227;0.249;0.317;0.288;0.649;0.078;0.029;0.032;0.051;0.056;0.02
31865;0.181;0.02;4.998;0.234;0.244;0.317;0.283;0.649;0.073;0.027;0.029;0.051;0.059;0.024
31866;0.181;0.017;4.998;0.225;0.247;0.317;0.286;0.649;0.073;0.029;0.029;0.049;0.056;0.024
31867;0.181;0.02;4.998;0.229;0.244;0.317;0.286;0.652;0.071;0.027;0.029;0.049;0.056;0.02
31868;0.181;0.02;4.998;0.237;0.247;0.32;0.286;0.649;0.073;0.029;0.027;0.051;0.056;0.027
31869;0.183;0.02;4.998;0.234;0.244;0.32;0.283;0.649;0.073;0.032;0.029;0.049;0.054;0.022
31870;0.181;0.017;4.998;0.232;0.247;0.317;0.286;0.649;0.073;0.027;0.027;0.049;0.059;0.024
31871;0.183;0.02;4.998;0.242;0.247;0.32;0.286;0.649;0.073;0.029;0.032;0.049;0.056;0.024
31872;0.186;0.017;4.998;0.242;0.247;0.317;0.288;0.649;0.073;0.027;0.027;0.049;0.059;0.024
31873;0.183;0.02;4.998;0.244;0.247;0.32;0.288;0.649;0.076;0.029;0.032;0.046;0.056;0.02
31874;0.183;0.02;4.998;0.239;0.244;0.317;0.286;0.649;0.073;0.029;0.029;0.051;0.056;0.022
31875;0.183;0.02;4.346;0.234;0.247;0.32;0.288;0.652;0.071;0.029;0.029;0.049;0.056;0.027
31876;0.186;0.017;2.104;0.234;0.247;0.32;0.291;0.649;0.071;0.029;0.029;0.051;0.056;0.022
31877;0.186;0.02;1.045;0.227;0.244;0.32;0.288;0.649;0.071;0.029;0.029;0.051;0.056;0.024
31878;0.186;0.02;0.552;0.227;0.244;0.32;0.293;0.652;0.071;0.029;0.032;0.049;0.059;0.024
31879;0.186;0.017;0.322;0.22;0.247;0.32;0.293;0.649;0.071;0.029;0.032;0.049;0.059;0.027
31880;0.186;0.015;0.217;0.222;0.247;0.32;0.293;0.649;0.073;0.029;0.029;0.049;0.056;0.024
31881;0.186;0.02;0.171;0.22;0.244;0.32;0.293;0.649;0.071;0.032;0.029;0.051;0.056;0.024
31882;0.186;0.02;0.149;0.22;0.247;0.32;0.295;0.652;0.073;0.032;0.029;0.049;0.056;0.024
31883;0.186;0.02;0.142;0.217;0.247;0.322;0.293;0.652;0.071;0.032;0.032;0.051;0.054;0.024
31884;0.188;0.02;0.149;0.222;0.247;0.322;0.293;0.652;0.071;0.029;0.032;0.051;0.054;0.024
31885;0.186;0.02;0.149;0.225;0.244;0.322;0.291;0.654;0.068;0.029;0.027;0.049;0.054;0.024
31886;0.186;0.022;0.156;0.222;0.244;0.32;0.295;0.649;0.071;0.032;0.032;0.051;0.056;0.024
31887;0.186;0.022;0.159;0.225;0.247;0.322;0.293;0.649;0.066;0.027;0.032;0.049;0.051;0.022
31888;0.188;0.02;0.149;0.225;0.244;0.32;0.291;0.654;0.071;0.029;0.032;0.049;0.056;0.024
31889;0.186;0.02;0.188;0.229;0.251;0.322;0.293;0.652;0.068;0.032;0.032;0.049;0.054;0.022
31890;0.188;0.022;0.242;0.227;0.247;0.32;0.293;0.649;0.071;0.029;0.032;0.049;0.054;0.027
31891;0.186;0.022;0.181;0.227;0.249;0.32;0.293;0.652;0.068;0.029;0.032;0.051;0.051;0.02
31892;0.188;0.02;0.193;0.234;0.249;0.32;0.293;0.652;0.068;0.027;0.032;0.049;0.056;0.029
31893;0.186;0.022;0.193;0.234;0.249;0.322;0.293;0.649;0.068;0.029;0.029;0.051;0.054;0.027
31894;0.183;0.017;0.21;0.232;0.254;0.322;0.295;0.649;0.071;0.027;0.034;0.049;0.054;0.022
31895;0.183;0.017;0.212;0.234;0.251;0.32;0.295;0.652;0.066;0.029;0.032;0.049;0.054;0.024
31896;0.183;0.02;0.222;0.234;0.254;0.32;0.295;0.649;0.066;0.027;0.032;0.049;0.056;0.027
31897;0.183;0.02;0.286;0.229;0.251;0.322;0.295;0.649;0.068;0.029;0.032;0.049;0.049;0.027
31898;0.186;0.02;0.286;0.229;0.249;0.32;0.295;0.649;0.066;0.027;0.032;0.049;0.054;0.022
31899;0.183;0.017;0.227;0.229;0.251;0.32;0.295;0.649;0.068;0.029;0.032;0.051;0.051;0.029
31900;0.183;0.02;0.215;0.229;0.249;0.322;0.293;0.649;0.071;0.027;0.029;0.049;0.051;0.022
31901;0.181;0.02;0.21;0.227;0.249;0.32;0.293;0.649;0.068;0.027;0.034;0.051;0.051;0.027
31902;0.183;0.02;0.205;0.227;0.251;0.32;0.293;0.649;0.066;0.027;0.032;0.049;0.051;0.024
31903;0.186;0.017;0.205;0.229;0.249;0.322;0.293;0.649;0.068;0.027;0.034;0.049;0.054;0.024
31904;0.186;0.02;0.212;0.229;0.249;0.322;0.293;0.649;0.068;0.027;0.032;0.051;0.054;0.024
31905;0.183;0.02;0.215;0.229;0.247;0.322;0.295;0.649;0.068;0.029;0.032;0.049;0.051;0.024
31906;0.186;0.02;0.212;0.229;0.247;0.32;0.293;0.649;0.071;0.027;0.034;0.049;0.051;0.029
31907;0.186;0.017;0.22;0.229;0.247;0.322;0.293;0.647;0.068;0.027;0.032;0.049;0.049;0.024
31908;0.186;0.02;0.21;0.227;0.247;0.322;0.295;0.649;0.071;0.029;0.032;0.046;0.051;0.024
31909;0.186;0.017;0.227;0.229;0.244;0.32;0.293;0.647;0.068;0.029;0.032;0.049;0.046;0.02
31910;0.186;0.02;0.2;0.229;0.247;0.322;0.295;0.652;0.068;0.027;0.029;0.051;0.051;0.024
31911;0.188;0.017;0.22;0.225;0.244;0.322;0.295;0.647;0.068;0.027;0.034;0.051;0.054;0.024
31912;0.186;0.02;0.334;0.232;0.244;0.325;0.295;0.649;0.068;0.027;0.032;0.051;0.049;0.02
31913;0.188;0.017;0.237;0.229;0.247;0.322;0.293;0.647;0.071;0.029;0.034;0.051;0.059;0.029
31914;0.186;0.017;0.161;0.229;0.247;0.32;0.295;0.649;0.068;0.029;0.032;0.049;0.049;0.027
31915;0.186;0.017;0.149;0.232;0.244;0.322;0.295;0.647;0.068;0.027;0.032;0.046;0.051;0.027
31916;0.186;0.017;0.154;0.234;0.244;0.32;0.295;0.647;0.068;0.027;0.029;0.051;0.049;0.024
31917;0.186;0.017;0.146;0.234;0.247;0.32;0.295;0.647;0.068;0.024;0.032;0.049;0.049;0.022
31918;0.186;0.022;0.149;0.234;0.249;0.32;0.298;0.647;0.068;0.027;0.029;0.049;0.046;0.022
31919;0.186;0.02;0.149;0.237;0.247;0.32;0.298;0.647;0.068;0.024;0.029;0.049;0.049;0.022
31920;0.188;0.017;0.149;0.234;0.247;0.317;0.298;0.645;0.071;0.027;0.032;0.051;0.051;0.022
31921;0.188;0.017;0.144;0.239;0.247;0.317;0.298;0.647;0.066;0.027;0.034;0.049;0.049;0.022
31922;0.186;0.017;0.156;0.237;0.247;0.32;0.3;0.647;0.066;0.027;0.029;0.049;0.046;0.024
31923;0.183;0.017;0.146;0.237;0.247;0.317;0.3;0.647;0.063;0.024;0.029;0.049;0.049;0.024
31924;0.186;0.02;0.156;0.239;0.244;0.317;0.3;0.647;0.071;0.027;0.032;0.049;0.049;0.024
31925;0.186;0.02;0.166;0.239;0.247;0.32;0.303;0.647;0.071;0.029;0.032;0.049;0.051;0.022
31926;0.188;0.02;0.215;0.239;0.242;0.317;0.303;0.649;0.068;0.024;0.032;0.049;0.042;0.017
31927;0.186;0.017;0.276;0.242;0.247;0.32;0.303;0.645;0.066;0.027;0.027;0.049;0.054;0.027
31928;0.186;0.02;0.344;0.239;0.244;0.317;0.303;0.647;0.071;0.029;0.032;0.049;0.051;0.024
31929;0.186;0.022;0.317;0.242;0.244;0.32;0.303;0.647;0.068;0.027;0.029;0.049;0.046;0.027
31930;0.188;0.02;0.339;0.242;0.244;0.32;0.303;0.647;0.071;0.029;0.029;0.049;0.049;0.022
31931;0.188;0.02;0.391;0.239;0.247;0.317;0.298;0.647;0.068;0.029;0.029;0.049;0.049;0.024
31932;0.186;0.02;0.53;0.244;0.244;0.317;0.3;0.649;0.071;0.029;0.029;0.049;0.049;0.027
31933;0.186;0.02;0.364;0.242;0.244;0.317;0.3;0.647;0.068;0.029;0.029;0.051;0.046;0.024
31934;0.188;0.02;0.371;0.242;0.247;0.32;0.3;0.647;0.068;0.027;0.029;0.049;0.049;0.029
31935;0.188;0.017;0.369;0.239;0.247;0.32;0.298;0.647;0.068;0.029;0.027;0.049;0.046;0.024
31936;0.186;0.015;0.364;0.239;0.244;0.317;0.3;0.647;0.071;0.029;0.029;0.049;0.046;0.024
31937;0.186;0.015;0.286;0.242;0.247;0.32;0.298;0.647;0.068;0.029;0.029;0.049;0.049;0.024
31938;0.188;0.017;0.195;0.242;0.247;0.32;0.298;0.647;0.071;0.029;0.029;0.049;0.046;0.022
31939;0.186;0.015;0.186;0.242;0.244;0.32;0.298;0.649;0.071;0.029;0.027;0.049;0.049;0.024
31940;0.186;0.02;0.186;0.242;0.247;0.32;0.3;0.647;0.068;0.029;0.024;0.049;0.046;0.024
31941;0.186;0.015;0.171;0.242;0.247;0.317;0.3;0.649;0.068;0.029;0.027;0.049;0.051;0.027
31942;0.186;0.015;0.171;0.244;0.244;0.32;0.3;0.647;0.071;0.029;0.027;0.049;0.046;0.027
31943;0.186;0.017;0.166;0.244;0.244;0.317;0.295;0.647;0.073;0.027;0.027;0.051;0.044;0.022
31944;0.186;0.017;0.154;0.239;0.242;0.317;0.298;0.649;0.068;0.027;0.024;0.049;0.046;0.027
31945;0.186;0.02;0.142;0.242;0.242;0.315;0.293;0.647;0.068;0.027;0.024;0.049;0.046;0.022
31946;0.188;0.017;0.146;0.242;0.244;0.32;0.295;0.647;0.073;0.027;0.024;0.051;0.046;0.024
31947;0.186;0.017;0.181;0.242;0.242;0.317;0.295;0.647;0.071;0.032;0.029;0.051;0.044;0.022
31948;0.188;0.017;0.195;0.242;0.239;0.317;0.295;0.649;0.073;0.029;0.027;0.049;0.046;0.027
31949;0.188;0.015;0.229;0.239;0.239;0.315;0.295;0.647;0.073;0.027;0.027;0.049;0.044;0.022
31950;0.186;0.017;0.388;0.242;0.239;0.315;0.295;0.649;0.073;0.029;0.024;0.049;0.049;0.027
31951;0.186;0.017;0.535;0.242;0.237;0.317;0.298;0.647;0.073;0.027;0.027;0.049;0.042;0.02
31952;0.186;0.017;0.862;0.242;0.237;0.315;0.298;0.647;0.073;0.027;0.024;0.051;0.044;0.024
31953;0.188;0.017;0.92;0.242;0.234;0.317;0.3;0.649;0.073;0.029;0.024;0.051;0.044;0.024
31954;0.188;0.015;1.096;0.242;0.239;0.315;0.3;0.649;0.073;0.027;0.027;0.054;0.044;0.024
31955;0.188;0.015;0.842;0.242;0.239;0.317;0.303;0.647;0.073;0.027;0.027;0.051;0.044;0.024
31956;0.188;0.012;0.833;0.242;0.239;0.317;0.303;0.649;0.073;0.029;0.027;0.049;0.042;0.022
31957;0.186;0.017;0.767;0.242;0.237;0.317;0.3;0.649;0.073;0.029;0.027;0.049;0.046;0.024
31958;0.186;0.015;0.769;0.242;0.239;0.315;0.303;0.647;0.071;0.024;0.022;0.049;0.044;0.024
31959;0.188;0.015;0.735;0.244;0.237;0.312;0.3;0.647;0.076;0.027;0.022;0.049;0.044;0.024
31960;0.188;0.017;0.659;0.244;0.242;0.315;0.303;0.649;0.076;0.027;0.024;0.049;0.044;0.022
31961;0.188;0.015;0.747;0.244;0.239;0.317;0.3;0.652;0.073;0.032;0.024;0.054;0.044;0.022
31962;0.188;0.017;0.82;0.244;0.242;0.315;0.3;0.647;0.076;0.027;0.024;0.051;0.044;0.024
31963;0.188;0.017;0.676;0.239;0.242;0.315;0.298;0.652;0.076;0.029;0.024;0.049;0.044;0.022
31964;0.19;0.017;0.657;0.242;0.239;0.315;0.3;0.649;0.078;0.029;0.027;0.049;0.046;0.024
31965;0.188;0.015;0.544;0.242;0.239;0.315;0.298;0.649;0.078;0.034;0.024;0.049;0.044;0.022
31966;0.188;0.015;4.69;0.239;0.237;0.315;0.298;0.647;0.076;0.029;0.024;0.049;0.044;0.027
31967;0.188;0.017;4.998;0.239;0.237;0.312;0.298;0.652;0.076;0.032;0.024;0.051;0.044;0.022
31968;0.19;0.017;4.998;0.239;0.234;0.312;0.298;0.652;0.073;0.029;0.024;0.049;0.042;0.022
31969;0.188;0.017;4.998;0.239;0.237;0.312;0.298;0.654;0.076;0.032;0.024;0.049;0.044;0.024
31970;0.186;0.017;4.998;0.242;0.234;0.31;0.295;0.649;0.073;0.032;0.024;0.049;0.034;0.022
31971;0.188;0.017;4.998;0.239;0.234;0.31;0.298;0.649;0.076;0.029;0.024;0.051;0.039;0.022
31972;0.188;0.017;4.998;0.239;0.237;0.31;0.298;0.649;0.076;0.032;0.024;0.049;0.039;0.022
31973;0.186;0.015;4.998;0.239;0.234;0.312;0.295;0.649;0.076;0.032;0.024;0.051;0.039;0.02
31974;0.188;0.015;4.998;0.239;0.237;0.312;0.3;0.649;0.076;0.029;0.024;0.051;0.042;0.022
31975;0.188;0.015;4.998;0.242;0.234;0.315;0.298;0.649;0.076;0.032;0.027;0.051;0.042;0.022
31976;0.188;0.015;4.998;0.244;0.237;0.312;0.298;0.654;0.073;0.032;0.024;0.049;0.042;0.027
31977;0.183;0.015;4.998;0.242;0.234;0.315;0.298;0.652;0.071;0.027;0.02;0.049;0.042;0.02
31978;0.186;0.015;4.998;0.242;0.234;0.312;0.295;0.649;0.073;0.029;0.024;0.049;0.039;0.024
31979;0.188;0.012;4.998;0.242;0.234;0.312;0.295;0.652;0.078;0.029;0.024;0.051;0.039;0.02
31980;0.186;0.012;4.998;0.242;0.232;0.31;0.295;0.649;0.076;0.029;0.027;0.049;0.039;0.02
31981;0.186;0.015;4.998;0.244;0.234;0.31;0.295;0.652;0.076;0.029;0.024;0.049;0.039;0.027
31982;0.186;0.012;4.998;0.244;0.237;0.312;0.293;0.652;0.078;0.032;0.029;0.049;0.039;0.022
31983;0.186;0.012;4.998;0.247;0.239;0.312;0.295;0.649;0.076;0.032;0.027;0.051;0.042;0.024
31984;0.186;0.012;4.998;0.247;0.234;0.31;0.291;0.649;0.078;0.032;0.029;0.051;0.044;0.024
31985;0.186;0.012;4.998;0.247;0.234;0.31;0.291;0.649;0.076;0.032;0.024;0.051;0.042;0.027
31986;0.186;0.015;4.998;0.249;0.239;0.312;0.293;0.654;0.076;0.032;0.027;0.049;0.037;0.022
31987;0.186;0.012;4.998;0.247;0.234;0.31;0.291;0.652;0.076;0.032;0.024;0.049;0.042;0.022
31988;0.186;0.017;4.998;0.244;0.237;0.315;0.293;0.652;0.081;0.037;0.032;0.049;0.037;0.024
31989;0.188;0.015;4.998;0.244;0.234;0.312;0.295;0.652;0.076;0.032;0.027;0.051;0.039;0.027
31990;0.186;0.017;4.998;0.244;0.234;0.312;0.293;0.652;0.078;0.034;0.027;0.051;0.039;0.022
31991;0.186;0.015;4.998;0.242;0.237;0.312;0.291;0.652;0.076;0.034;0.024;0.051;0.039;0.027
31992;0.186;0.012;4.998;0.242;0.234;0.315;0.293;0.649;0.076;0.032;0.024;0.049;0.037;0.024
31993;0.186;0.015;4.998;0.242;0.234;0.315;0.293;0.652;0.076;0.034;0.027;0.049;0.039;0.024
31994;0.186;0.015;4.998;0.239;0.234;0.315;0.295;0.652;0.076;0.034;0.027;0.051;0.032;0.017
31995;0.186;0.015;4.998;0.242;0.232;0.315;0.293;0.654;0.076;0.034;0.027;0.051;0.042;0.027
31996;0.186;0.015;4.998;0.239;0.232;0.315;0.295;0.652;0.078;0.037;0.029;0.051;0.039;0.022
31997;0.186;0.015;4.998;0.239;0.234;0.315;0.293;0.654;0.076;0.034;0.024;0.051;0.037;0.022
31998;0.183;0.015;4.998;0.239;0.232;0.312;0.295;0.652;0.076;0.037;0.027;0.049;0.039;0.022
31999;0.183;0.015;4.998;0.242;0.229;0.31;0.293;0.649;0.076;0.037;0.027;0.049;0.042;0.027
